Students	1000
1	100 89 83 93
2	7 61 5 85
3	59 84 9 76
4	22 4 83 86
5	66 44 37 59
6	60 47 42 99
7	88 57 77 24
8	5 74 59 34
9	87 15 74 5
10	50 96 35 56
11	73 2 66 59
12	1 89 24 35
13	25 21 76 84
14	72 54 50 40
15	73 59 43 65
16	34 72 47 77
17	77 4 94 55
18	3 50 21 22
19	76 44 82 29
20	77 23 72 27
21	63 95 38 11
22	72 65 2 53
23	33 88 31 29
24	94 24 84 50
25	9 41 27 26
26	4 41 49 79
27	83 4 3 100
28	59 1 12 14
29	21 85 89 67
30	72 32 27 24
31	84 11 67 90
32	50 1 75 54
33	78 8 36 65
34	41 18 62 87
35	93 59 5 90
36	10 79 95 2
37	59 54 19 73
38	16 84 58 92
39	32 11 78 17
40	90 85 81 37
41	49 60 15 80
42	10 65 59 56
43	10 71 47 92
44	72 67 46 11
45	97 94 93 18
46	16 1 69 74
47	23 86 12 44
48	56 83 37 73
49	31 1 29 63
50	40 37 28 90
51	31 8 37 68
52	54 23 4 78
53	40 67 12 32
54	4 77 32 75
55	68 26 98 6
56	74 29 28 6
57	66 61 91 24
58	29 10 100 81
59	66 46 35 72
60	80 31 63 50
61	74 69 60 65
62	64 2 34 36
63	22 27 18 89
64	73 22 19 46
65	35 88 41 95
66	73 19 15 90
67	17 49 24 58
68	74 24 9 64
69	22 14 54 80
70	55 66 11 44
71	85 5 62 18
72	16 25 18 81
73	18 75 54 14
74	78 52 1 25
75	37 66 26 82
76	30 50 17 53
77	98 46 4 18
78	80 68 64 25
79	68 61 21 18
80	57 67 12 61
81	77 9 94 6
82	18 15 61 34
83	98 76 31 41
84	37 19 16 38
85	63 90 70 82
86	29 34 79 70
87	18 91 99 44
88	91 55 93 100
89	15 66 92 55
90	37 85 19 74
91	66 1 65 75
92	51 43 45 22
93	93 38 21 82
94	22 21 83 60
95	35 91 50 66
96	78 73 36 27
97	67 35 23 4
98	84 26 88 58
99	83 75 90 6
100	97 82 77 61
101	93 95 22 17
102	78 24 28 79
103	95 17 67 91
104	47 67 3 77
105	7 16 50 89
106	9 56 45 98
107	15 96 95 6
108	50 56 28 55
109	79 100 69 26
110	94 3 83 30
111	49 85 55 23
112	10 55 60 28
113	24 20 61 50
114	49 95 43 51
115	7 44 77 9
116	16 5 2 95
117	71 72 24 28
118	47 20 67 81
119	35 63 28 88
120	15 97 72 33
121	37 21 9 74
122	54 48 96 32
123	66 100 50 5
124	60 41 32 43
125	44 25 87 21
126	55 20 1 99
127	62 92 49 68
128	68 88 97 98
129	93 5 36 13
130	100 63 89 28
131	56 41 83 32
132	43 58 71 77
133	10 77 84 56
134	34 99 10 8
135	4 92 3 78
136	20 61 56 89
137	65 16 23 35
138	20 77 68 21
139	36 24 52 51
140	40 99 28 69
141	32 53 24 37
142	20 74 47 95
143	64 60 4 85
144	53 38 85 86
145	99 72 90 20
146	3 6 14 13
147	1 36 14 83
148	44 61 78 58
149	89 33 30 94
150	20 88 35 78
151	9 40 8 62
152	5 26 45 55
153	10 73 4 99
154	8 93 59 81
155	24 14 72 68
156	43 57 89 87
157	63 81 39 69
158	14 46 3 15
159	37 26 67 99
160	7 42 51 73
161	31 36 88 78
162	34 51 24 72
163	87 43 72 93
164	81 96 3 72
165	81 49 29 8
166	46 3 86 58
167	82 85 36 21
168	90 73 64 83
169	62 91 25 2
170	63 61 19 71
171	39 15 24 22
172	78 75 71 45
173	30 60 54 53
174	15 58 61 3
175	77 20 66 37
176	46 44 57 87
177	62 33 11 19
178	31 32 99 80
179	73 96 46 83
180	85 36 41 98
181	65 57 41 70
182	54 2 48 89
183	17 55 37 23
184	37 57 82 12
185	47 93 12 78
186	50 90 9 23
187	41 20 56 17
188	65 29 36 18
189	12 7 18 3
190	77 65 82 41
191	85 84 55 16
192	35 18 37 90
193	71 80 36 50
194	54 24 23 38
195	36 11 16 100
196	18 65 22 20
197	23 91 9 99
198	46 79 72 85
199	89 51 4 30
200	67 48 89 41
201	97 4 80 2
202	81 32 91 7
203	58 85 46 92
204	12 84 65 63
205	25 84 46 66
206	20 50 26 45
207	73 8 59 32
208	88 28 27 21
209	65 52 46 61
210	8 12 78 31
211	40 58 21 98
212	67 73 66 38
213	12 98 69 39
214	91 50 99 14
215	54 15 7 56
216	59 72 80 39
217	98 52 55 2
218	62 51 38 67
219	55 44 63 67
220	13 58 14 10
221	82 22 78 83
222	19 86 3 34
223	75 44 39 17
224	99 33 76 77
225	89 54 34 73
226	77 67 48 59
227	2 29 6 8
228	38 49 97 57
229	53 63 74 99
230	78 55 11 10
231	80 34 17 70
232	2 6 31 4
233	66 39 68 30
234	61 63 46 82
235	7 52 96 11
236	30 1 56 41
237	41 68 75 8
238	36 43 47 2
239	16 62 87 7
240	19 30 53 40
241	11 30 2 79
242	85 23 81 62
243	95 27 58 61
244	57 37 74 32
245	93 94 80 89
246	19 38 95 18
247	71 11 98 62
248	49 57 32 72
249	26 43 32 95
250	15 35 37 61
251	11 78 5 84
252	12 39 3 16
253	42 82 61 5
254	86 56 52 15
255	54 85 53 32
256	29 23 97 25
257	8 19 52 16
258	68 69 17 59
259	67 85 31 19
260	64 89 87 12
261	74 28 3 41
262	23 74 78 25
263	56 37 46 6
264	76 50 52 36
265	13 32 23 98
266	26 21 67 39
267	26 11 59 42
268	88 12 7 54
269	89 31 82 55
270	97 18 70 26
271	99 55 45 7
272	42 22 72 65
273	70 25 60 71
274	42 80 5 32
275	53 61 39 87
276	96 55 73 50
277	21 77 98 51
278	72 45 73 33
279	19 51 31 88
280	17 45 4 42
281	13 2 58 55
282	88 5 73 51
283	48 22 88 76
284	90 55 38 10
285	52 85 2 70
286	36 82 88 92
287	93 18 57 60
288	29 39 68 44
289	97 56 61 73
290	33 41 94 6
291	17 36 23 67
292	19 90 87 39
293	98 86 11 69
294	62 76 84 22
295	84 46 17 98
296	42 90 46 4
297	4 3 94 75
298	95 59 73 64
299	4 1 8 15
300	75 63 22 2
301	19 93 38 28
302	54 55 78 45
303	32 38 54 6
304	12 23 81 36
305	71 79 69 25
306	15 25 24 53
307	45 91 67 39
308	70 3 67 31
309	5 81 25 1
310	90 87 8 18
311	56 8 29 73
312	31 81 92 13
313	66 46 81 100
314	2 17 58 89
315	54 75 72 65
316	7 85 78 88
317	72 4 32 97
318	41 82 42 61
319	57 28 23 41
320	54 39 56 73
321	41 91 87 71
322	56 45 23 32
323	57 93 95 82
324	72 34 27 42
325	46 77 41 10
326	3 56 40 15
327	17 45 30 78
328	27 63 100 35
329	99 28 11 6
330	63 65 71 62
331	91 79 48 71
332	10 43 19 16
333	91 25 38 44
334	46 98 14 72
335	51 35 32 74
336	99 93 86 53
337	23 52 89 67
338	84 85 96 92
339	23 43 31 77
340	89 96 36 6
341	99 39 25 54
342	55 53 11 12
343	54 7 46 23
344	77 32 80 23
345	81 68 83 94
346	1 59 32 43
347	94 23 26 74
348	89 67 95 47
349	56 72 71 8
350	90 17 11 86
351	34 53 30 77
352	18 60 16 38
353	13 44 78 98
354	75 9 80 83
355	70 60 80 94
356	93 23 62 10
357	57 1 71 60
358	57 79 48 25
359	88 96 92 34
360	34 49 2 39
361	61 83 39 13
362	21 91 85 37
363	31 76 41 10
364	1 9 56 49
365	24 73 85 25
366	65 62 83 33
367	83 79 58 75
368	93 46 56 40
369	59 82 31 92
370	31 79 46 96
371	18 86 3 55
372	32 9 7 93
373	59 37 77 85
374	81 30 92 48
375	56 58 90 59
376	54 51 83 78
377	4 79 85 40
378	57 59 94 81
379	85 55 47 44
380	65 53 24 7
381	80 73 66 95
382	11 99 62 85
383	52 28 39 59
384	18 91 98 73
385	27 68 90 4
386	72 5 30 14
387	29 84 77 96
388	66 19 62 55
389	92 36 100 25
390	93 52 43 24
391	33 71 8 35
392	41 32 24 93
393	49 57 67 4
394	61 50 64 68
395	7 93 56 9
396	88 62 33 61
397	48 14 29 31
398	90 84 54 94
399	55 98 68 97
400	40 8 59 42
401	49 44 94 21
402	66 24 91 94
403	29 14 47 22
404	28 29 81 75
405	17 60 54 97
406	16 77 14 64
407	71 35 34 74
408	99 24 46 44
409	97 36 54 86
410	90 16 11 41
411	39 51 19 72
412	70 21 76 42
413	19 96 69 21
414	97 89 99 74
415	61 76 56 99
416	91 52 100 68
417	76 99 36 34
418	40 73 25 94
419	47 34 68 79
420	29 44 91 83
421	49 8 20 19
422	22 96 56 68
423	10 17 41 38
424	81 4 32 54
425	74 100 16 96
426	93 20 59 73
427	98 72 1 48
428	11 27 3 1
429	24 10 39 76
430	20 13 41 90
431	65 31 54 5
432	82 37 59 80
433	21 55 66 20
434	90 34 61 26
435	95 31 26 87
436	52 95 93 7
437	34 52 41 65
438	5 51 64 68
439	25 93 10 38
440	28 46 44 82
441	68 64 76 7
442	66 79 20 7
443	52 41 9 98
444	55 97 11 93
445	78 39 77 16
446	77 58 3 95
447	35 59 18 67
448	25 87 47 90
449	2 55 18 70
450	57 32 11 49
451	5 47 88 2
452	33 97 5 75
453	79 9 43 35
454	4 10 95 17
455	86 60 44 100
456	62 99 11 60
457	46 49 50 11
458	50 48 35 83
459	36 89 99 23
460	53 59 14 12
461	3 13 47 81
462	97 22 40 90
463	91 27 3 4
464	72 43 56 80
465	25 40 59 84
466	69 10 14 55
467	91 86 11 90
468	98 28 20 29
469	24 67 86 19
470	62 87 18 75
471	75 27 28 4
472	62 35 57 71
473	8 59 90 85
474	86 83 54 63
475	38 8 45 55
476	64 2 26 9
477	1 19 85 45
478	65 67 89 76
479	49 94 28 20
480	19 68 49 70
481	95 48 30 51
482	61 20 64 98
483	33 46 95 74
484	94 60 63 29
485	43 42 55 12
486	12 96 90 36
487	7 90 54 20
488	3 56 80 55
489	16 90 21 24
490	15 30 77 70
491	64 87 56 3
492	70 69 31 100
493	39 96 6 91
494	24 29 55 40
495	42 31 14 24
496	86 68 64 16
497	18 75 47 63
498	75 4 41 31
499	54 100 21 85
500	19 81 84 73
501	60 64 30 34
502	99 93 92 86
503	50 47 81 30
504	19 62 12 54
505	38 10 72 90
506	72 25 52 17
507	18 30 67 32
508	20 51 60 36
509	6 82 43 54
510	17 28 70 21
511	30 79 15 72
512	72 22 28 88
513	22 80 32 10
514	86 59 76 38
515	52 8 89 74
516	9 12 75 71
517	15 13 72 73
518	15 36 2 94
519	13 83 73 44
520	58 77 73 41
521	35 36 4 15
522	1 59 28 20
523	92 60 23 55
524	21 100 96 90
525	22 94 88 86
526	44 50 26 10
527	59 50 76 66
528	29 23 49 20
529	89 84 14 65
530	27 18 90 63
531	72 37 19 67
532	60 17 35 49
533	62 35 32 27
534	70 76 72 61
535	5 17 3 93
536	37 46 95 82
537	34 96 79 50
538	20 62 27 18
539	41 84 31 30
540	84 23 32 8
541	32 52 64 90
542	31 72 5 63
543	86 50 3 32
544	42 31 9 96
545	81 50 6 86
546	85 46 40 96
547	25 44 87 56
548	3 5 99 10
549	58 28 63 13
550	4 47 70 62
551	22 58 3 87
552	44 24 37 42
553	39 58 3 6
554	16 79 4 15
555	8 29 14 11
556	17 39 72 66
557	39 26 7 5
558	38 16 62 96
559	17 49 54 9
560	73 88 72 49
561	59 9 100 1
562	64 97 18 39
563	56 83 17 66
564	13 27 36 4
565	16 80 82 27
566	40 7 94 57
567	5 49 51 78
568	45 83 96 13
569	2 56 43 100
570	92 57 3 94
571	67 2 64 80
572	50 57 43 44
573	86 13 40 87
574	21 34 7 32
575	49 12 17 75
576	18 4 39 29
577	40 60 5 82
578	38 67 27 80
579	29 93 43 89
580	20 82 99 3
581	14 50 5 80
582	80 5 68 96
583	85 8 75 69
584	50 93 57 21
585	37 78 83 27
586	25 98 46 75
587	42 54 48 86
588	66 57 79 47
589	52 19 98 74
590	81 72 50 59
591	7 45 52 28
592	67 40 72 94
593	63 29 25 57
594	66 72 100 51
595	83 88 78 12
596	71 85 97 98
597	82 39 91 99
598	66 89 11 74
599	40 80 33 7
600	100 51 1 33
601	59 7 20 78
602	55 19 17 49
603	63 42 20 73
604	50 31 36 93
605	22 10 3 36
606	24 15 100 82
607	91 24 6 31
608	26 14 34 17
609	64 96 26 4
610	43 33 38 82
611	26 80 25 21
612	68 16 45 22
613	55 17 13 61
614	56 82 70 65
615	64 86 87 32
616	75 83 73 58
617	62 28 76 83
618	93 18 29 2
619	86 50 88 91
620	43 53 46 21
621	6 9 74 12
622	30 67 5 8
623	20 41 55 56
624	39 24 15 88
625	95 48 17 75
626	52 44 30 8
627	35 23 55 50
628	86 69 84 38
629	3 2 85 34
630	84 12 2 5
631	54 90 60 19
632	47 81 88 87
633	90 11 28 24
634	97 88 33 84
635	30 42 16 15
636	66 86 58 80
637	42 76 44 23
638	51 73 87 9
639	49 51 39 48
640	94 35 56 49
641	82 76 79 2
642	41 39 54 80
643	63 86 74 18
644	77 63 13 75
645	3 38 77 74
646	83 9 87 17
647	71 13 53 50
648	56 29 66 82
649	47 17 79 70
650	67 92 54 84
651	96 66 92 56
652	18 34 66 40
653	73 40 25 54
654	54 26 36 84
655	73 87 78 85
656	32 96 26 9
657	13 42 78 3
658	31 45 87 44
659	86 18 56 95
660	2 96 77 86
661	62 22 81 44
662	40 11 19 3
663	85 3 78 38
664	78 52 13 64
665	6 37 17 31
666	54 74 55 38
667	25 55 43 32
668	47 58 99 48
669	53 91 56 25
670	35 93 4 29
671	2 98 88 17
672	59 1 23 6
673	25 43 54 76
674	87 39 4 79
675	62 18 59 93
676	19 7 17 93
677	1 29 27 23
678	83 87 18 13
679	36 19 7 29
680	41 67 88 11
681	86 94 88 60
682	49 15 75 72
683	71 90 60 6
684	31 54 63 30
685	4 81 42 5
686	9 27 2 89
687	1 94 56 95
688	37 94 88 98
689	14 86 50 60
690	81 93 28 92
691	99 72 45 67
692	54 89 52 8
693	8 72 19 56
694	17 13 53 95
695	15 78 99 8
696	10 62 71 93
697	18 95 53 7
698	79 54 10 37
699	16 50 88 37
700	29 61 24 76
701	83 80 60 30
702	56 84 64 47
703	91 18 49 71
704	3 59 35 2
705	70 9 79 26
706	2 20 50 88
707	49 21 57 42
708	93 42 12 16
709	21 10 39 93
710	90 23 32 77
711	97 91 23 29
712	60 5 20 24
713	51 6 26 77
714	1 99 71 96
715	50 77 85 4
716	53 47 12 78
717	60 100 87 38
718	85 54 12 46
719	96 37 93 69
720	36 66 9 58
721	16 24 75 22
722	29 39 86 75
723	64 8 59 71
724	12 94 1 62
725	67 38 65 12
726	1 24 45 42
727	75 83 62 66
728	31 27 2 60
729	22 26 58 25
730	3 93 44 10
731	52 27 66 42
732	70 34 63 58
733	39 37 64 7
734	17 27 71 41
735	72 83 49 90
736	21 58 34 32
737	46 32 26 44
738	69 80 48 51
739	55 46 47 20
740	96 1 36 31
741	21 57 39 83
742	95 26 21 20
743	30 28 96 1
744	62 61 54 89
745	90 46 99 56
746	13 60 81 43
747	20 15 83 90
748	17 34 70 54
749	19 100 91 81
750	36 13 9 31
751	2 34 18 25
752	78 7 58 60
753	70 97 93 8
754	97 40 6 13
755	11 82 57 18
756	41 53 35 89
757	46 63 27 88
758	93 24 26 53
759	59 92 36 52
760	58 68 34 94
761	30 93 28 79
762	85 75 87 80
763	58 11 66 65
764	99 91 45 81
765	86 10 77 66
766	46 79 47 17
767	60 92 41 11
768	40 20 72 79
769	68 69 38 94
770	95 85 17 27
771	51 78 84 97
772	11 52 19 80
773	90 86 19 96
774	90 27 80 73
775	60 89 11 42
776	1 33 14 84
777	26 78 32 2
778	13 23 18 56
779	93 32 90 69
780	97 68 31 93
781	3 95 15 88
782	11 91 49 40
783	39 32 91 60
784	65 80 2 17
785	2 69 9 28
786	61 10 86 82
787	13 25 36 89
788	96 63 29 79
789	38 30 42 96
790	98 6 11 80
791	46 77 99 34
792	65 79 68 24
793	77 72 63 43
794	83 30 40 52
795	98 41 92 100
796	100 68 81 60
797	5 77 99 90
798	24 27 17 21
799	33 52 26 63
800	40 66 87 75
801	28 77 52 37
802	49 47 89 44
803	37 65 67 91
804	37 17 86 26
805	81 13 48 88
806	6 46 57 98
807	73 91 26 4
808	32 15 62 75
809	65 14 8 22
810	13 76 5 7
811	10 95 42 75
812	23 13 75 24
813	51 4 100 79
814	8 56 49 97
815	63 43 72 94
816	83 74 98 85
817	2 22 1 31
818	60 85 56 75
819	29 20 65 28
820	17 80 73 74
821	21 5 70 59
822	44 42 26 5
823	12 65 7 64
824	56 94 70 11
825	15 60 6 57
826	93 58 45 6
827	70 84 61 24
828	25 51 90 84
829	33 43 60 36
830	66 84 41 100
831	34 36 26 69
832	39 33 42 95
833	29 6 10 90
834	18 82 7 92
835	58 11 5 39
836	12 37 77 92
837	41 96 18 57
838	50 96 67 47
839	31 46 47 8
840	77 56 73 97
841	95 34 88 61
842	6 10 3 44
843	32 5 41 65
844	26 94 97 96
845	52 19 95 59
846	60 13 39 86
847	24 71 80 100
848	68 46 8 93
849	50 80 21 16
850	86 33 59 52
851	55 64 71 60
852	28 98 70 29
853	60 23 11 40
854	37 32 27 42
855	65 61 42 31
856	6 83 33 63
857	26 19 6 46
858	9 8 66 80
859	19 97 9 14
860	96 49 15 82
861	75 74 19 88
862	61 43 68 57
863	70 53 30 48
864	78 6 36 98
865	18 53 100 99
866	63 2 19 86
867	98 90 62 44
868	89 65 1 46
869	67 10 7 5
870	77 2 14 13
871	78 54 20 79
872	23 37 46 44
873	27 69 44 86
874	96 65 9 75
875	13 81 72 43
876	41 11 2 6
877	32 15 74 94
878	37 82 15 13
879	61 52 72 84
880	52 61 41 6
881	97 48 40 15
882	15 82 36 48
883	6 4 17 24
884	51 77 75 22
885	11 5 61 43
886	11 4 9 59
887	16 74 50 46
888	99 24 19 15
889	87 75 84 79
890	23 84 98 26
891	30 25 67 64
892	82 79 50 18
893	38 28 10 95
894	75 24 51 47
895	43 17 89 41
896	7 99 9 46
897	55 54 20 11
898	11 10 25 17
899	81 77 15 8
900	93 13 34 42
901	4 89 74 90
902	94 79 25 38
903	3 11 60 97
904	79 45 26 34
905	66 51 62 34
906	95 64 26 5
907	42 55 46 99
908	64 19 76 54
909	86 38 19 44
910	53 64 75 72
911	5 52 3 2
912	33 89 15 46
913	6 39 41 78
914	12 18 77 6
915	73 10 89 76
916	53 4 52 83
917	99 76 68 9
918	92 80 23 73
919	73 70 57 5
920	25 2 32 42
921	33 75 14 94
922	44 20 16 26
923	20 99 88 40
924	81 9 22 14
925	23 53 64 83
926	5 100 81 47
927	74 63 56 76
928	10 22 3 19
929	75 8 34 19
930	36 91 92 69
931	38 26 77 11
932	59 28 84 88
933	5 96 83 11
934	32 72 84 56
935	25 58 48 72
936	80 23 42 41
937	24 19 31 30
938	2 8 88 4
939	7 15 88 22
940	48 49 95 67
941	6 3 47 99
942	38 75 83 29
943	87 43 97 62
944	54 75 79 56
945	85 43 39 35
946	18 29 60 28
947	60 91 34 2
948	22 9 54 8
949	37 88 24 38
950	15 40 41 81
951	8 48 22 25
952	59 56 9 25
953	39 74 76 75
954	34 80 31 83
955	90 73 97 48
956	94 51 25 64
957	72 5 90 63
958	32 38 79 34
959	76 62 61 51
960	51 16 22 28
961	25 20 28 64
962	94 97 79 27
963	93 79 85 44
964	49 36 97 91
965	95 16 24 22
966	67 3 47 10
967	12 64 91 72
968	51 42 24 20
969	12 95 58 15
970	72 92 29 14
971	89 56 12 81
972	84 35 80 15
973	17 66 43 7
974	56 86 49 65
975	29 24 84 16
976	10 21 11 82
977	75 26 70 23
978	49 52 4 36
979	46 96 49 99
980	16 17 64 27
981	12 88 69 24
982	81 41 94 32
983	99 58 18 61
984	41 35 13 97
985	36 83 84 100
986	55 96 57 59
987	88 95 28 89
988	20 13 37 11
989	22 91 92 25
990	81 75 67 86
991	96 80 40 2
992	71 30 12 73
993	45 55 86 18
994	30 95 20 28
995	51 11 55 49
996	21 31 53 18
997	63 55 65 72
998	6 30 53 21
999	39 52 56 71
1000	97 35 12 49
