Students	3000
1	36 23 92 65
2	12 87 78 99
3	66 35 11 43
4	78 43 33 80
5	76 18 69 49
6	87 63 47 50
7	94 2 66 1
8	4 22 2 73
9	98 75 95 18
10	49 22 48 95
11	80 13 97 18
12	34 95 7 24
13	34 89 19 68
14	62 31 43 84
15	94 33 4 24
16	36 15 33 100
17	2 94 60 82
18	42 41 98 65
19	96 73 12 26
20	16 19 69 53
21	52 88 13 14
22	32 87 4 67
23	61 79 42 1
24	81 78 57 4
25	96 87 2 40
26	95 19 71 18
27	6 28 70 72
28	76 14 69 9
29	48 72 32 83
30	63 86 50 44
31	88 14 39 90
32	4 77 29 7
33	19 32 39 56
34	7 38 37 69
35	60 55 83 39
36	35 53 6 80
37	37 39 95 67
38	65 18 55 54
39	49 55 11 64
40	3 77 5 73
41	68 33 64 11
42	20 14 88 89
43	22 35 99 25
44	24 34 35 52
45	17 27 91 8
46	1 9 44 3
47	21 59 10 1
48	61 52 2 5
49	13 15 95 43
50	56 53 81 37
51	73 72 26 85
52	3 94 66 82
53	99 62 77 52
54	75 44 16 77
55	34 99 42 57
56	35 73 26 33
57	15 55 58 96
58	15 39 32 93
59	4 25 69 73
60	47 59 63 28
61	96 65 25 26
62	59 85 32 55
63	3 42 86 97
64	38 88 64 81
65	57 100 91 39
66	44 43 32 93
67	34 84 92 14
68	47 22 86 88
69	46 36 91 17
70	77 82 98 43
71	72 64 60 2
72	13 56 19 7
73	59 2 87 5
74	74 51 100 2
75	54 4 28 55
76	41 78 76 33
77	77 58 47 61
78	98 42 19 68
79	58 88 65 86
80	21 33 31 45
81	53 97 38 99
82	67 9 20 44
83	8 99 84 52
84	40 33 50 34
85	58 37 48 88
86	59 5 1 44
87	31 28 17 75
88	68 22 17 30
89	76 15 6 96
90	62 47 57 10
91	51 47 55 58
92	20 99 39 95
93	92 78 83 80
94	2 25 43 44
95	12 89 14 11
96	18 30 71 48
97	27 42 97 68
98	77 20 1 9
99	42 90 2 51
100	13 31 16 32
101	3 60 36 81
102	89 88 96 41
103	22 67 78 36
104	85 78 55 47
105	12 85 92 5
106	25 89 4 9
107	52 33 62 75
108	36 65 49 41
109	24 18 46 33
110	12 53 32 1
111	40 13 28 63
112	95 31 56 51
113	22 91 54 36
114	53 94 54 40
115	44 40 52 31
116	32 74 23 70
117	52 69 75 23
118	49 64 76 34
119	100 23 11 77
120	50 3 23 48
121	1 53 95 17
122	44 70 28 73
123	67 16 13 72
124	26 88 58 21
125	44 51 87 3
126	77 44 62 25
127	26 7 65 71
128	92 94 89 85
129	15 88 57 50
130	84 20 48 90
131	77 9 98 31
132	99 5 41 35
133	88 57 18 19
134	43 39 42 62
135	31 78 35 80
136	74 47 16 89
137	54 62 12 44
138	95 20 79 82
139	8 27 18 46
140	76 55 39 89
141	55 96 60 23
142	22 77 88 32
143	92 82 1 84
144	80 4 44 8
145	60 21 58 54
146	58 62 12 28
147	13 76 12 64
148	17 98 69 40
149	100 74 30 40
150	31 16 93 40
151	24 2 80 8
152	16 25 8 42
153	71 2 25 52
154	10 51 16 82
155	43 60 7 48
156	86 73 30 15
157	75 82 93 26
158	100 91 30 36
159	31 14 96 86
160	90 66 15 62
161	58 21 2 38
162	5 8 6 47
163	61 32 71 13
164	12 47 38 48
165	9 62 24 88
166	32 62 68 95
167	48 44 86 29
168	99 59 2 98
169	70 39 29 76
170	61 40 92 25
171	22 27 53 6
172	47 23 42 68
173	99 89 96 35
174	78 14 93 95
175	51 53 49 31
176	86 15 27 16
177	66 23 58 11
178	17 57 100 84
179	17 13 43 67
180	26 49 50 12
181	77 92 18 17
182	21 81 58 37
183	44 42 12 48
184	62 30 98 29
185	40 4 81 2
186	38 26 62 24
187	98 58 3 81
188	46 56 1 82
189	79 39 62 52
190	78 35 43 52
191	90 35 12 76
192	68 98 9 100
193	66 71 35 92
194	11 42 74 48
195	77 95 12 23
196	72 47 35 11
197	55 36 47 29
198	63 85 47 62
199	24 39 57 79
200	29 33 78 9
201	43 55 14 51
202	88 86 8 70
203	63 44 96 2
204	58 73 83 84
205	59 95 75 80
206	68 7 16 15
207	47 35 56 23
208	97 77 41 22
209	44 100 28 45
210	50 54 72 10
211	17 40 75 13
212	80 49 65 74
213	68 8 95 27
214	8 20 73 62
215	23 51 61 5
216	52 3 59 7
217	77 70 35 27
218	30 39 73 88
219	40 68 39 80
220	53 25 71 39
221	84 57 72 43
222	58 59 44 75
223	27 5 70 48
224	5 43 15 51
225	67 29 20 65
226	43 23 87 91
227	13 56 36 67
228	70 44 8 67
229	50 38 26 34
230	25 44 7 28
231	39 19 22 5
232	53 88 23 35
233	39 64 86 30
234	81 10 15 54
235	97 34 19 52
236	95 13 45 8
237	63 33 47 17
238	36 55 43 1
239	81 20 96 83
240	40 65 78 13
241	51 92 38 58
242	47 24 8 42
243	47 33 76 75
244	51 36 30 83
245	20 70 87 53
246	15 65 24 78
247	52 77 61 92
248	65 99 48 45
249	48 85 47 45
250	85 35 88 72
251	85 67 31 47
252	44 21 78 98
253	50 56 46 76
254	91 21 24 72
255	41 29 80 97
256	57 19 23 64
257	16 25 83 86
258	63 60 27 22
259	49 23 33 34
260	80 48 40 96
261	59 20 46 31
262	17 30 60 29
263	68 6 69 77
264	61 87 17 73
265	51 93 83 80
266	84 71 61 43
267	26 28 85 12
268	25 31 90 81
269	13 20 16 47
270	18 53 86 8
271	34 67 94 74
272	71 86 84 7
273	33 57 90 86
274	28 77 40 75
275	11 47 84 64
276	13 27 25 8
277	48 37 78 99
278	66 15 93 18
279	71 42 1 78
280	70 87 86 98
281	78 43 84 33
282	19 51 43 55
283	12 20 6 31
284	79 71 76 97
285	81 2 85 58
286	95 13 7 73
287	97 35 20 91
288	21 92 56 36
289	34 80 9 4
290	21 97 72 1
291	40 55 100 4
292	25 46 59 93
293	39 92 30 42
294	4 95 92 37
295	5 57 15 26
296	21 77 74 25
297	79 51 11 24
298	59 81 28 98
299	73 8 66 56
300	92 77 14 79
301	92 8 57 48
302	57 67 49 38
303	67 31 77 86
304	15 70 69 5
305	17 66 84 19
306	22 17 31 92
307	7 52 26 18
308	59 67 48 97
309	91 22 69 68
310	71 61 68 7
311	12 56 21 81
312	73 88 84 66
313	35 25 2 64
314	23 89 88 62
315	83 9 36 54
316	90 95 76 38
317	70 71 66 28
318	35 4 42 100
319	10 2 53 46
320	3 70 63 26
321	16 57 18 66
322	35 56 94 7
323	95 29 96 32
324	28 43 63 12
325	88 61 37 43
326	47 100 60 18
327	98 25 30 15
328	32 52 44 51
329	100 41 68 75
330	43 54 40 45
331	33 97 75 70
332	94 80 78 19
333	56 86 33 73
334	29 53 43 75
335	40 62 8 38
336	21 4 71 39
337	42 35 57 30
338	67 89 65 50
339	26 8 29 47
340	54 28 9 75
341	22 43 36 83
342	27 8 67 31
343	95 16 88 53
344	23 94 35 85
345	14 8 5 66
346	77 65 79 61
347	88 7 81 53
348	67 26 1 80
349	63 99 64 6
350	95 39 37 53
351	11 51 15 10
352	47 35 59 73
353	32 17 14 43
354	86 1 38 67
355	17 46 27 20
356	44 19 21 74
357	3 29 66 57
358	77 33 92 55
359	28 63 71 73
360	55 12 19 47
361	89 53 82 11
362	27 2 45 14
363	58 66 86 31
364	81 58 11 71
365	60 46 32 87
366	77 39 25 97
367	1 60 97 96
368	4 16 37 76
369	16 61 88 54
370	33 73 26 70
371	87 41 38 48
372	98 26 10 43
373	76 34 99 6
374	40 43 25 21
375	22 37 83 76
376	100 83 2 5
377	70 36 92 67
378	7 56 10 44
379	77 74 32 23
380	64 7 48 61
381	32 13 12 28
382	73 87 50 71
383	82 1 77 32
384	50 97 95 9
385	48 68 4 85
386	43 33 55 16
387	35 57 52 60
388	34 22 55 59
389	10 87 71 86
390	28 64 79 47
391	49 76 53 77
392	43 76 47 74
393	64 100 86 51
394	38 90 19 78
395	45 55 2 43
396	92 37 59 62
397	24 37 73 28
398	63 96 21 8
399	68 90 16 32
400	18 97 83 57
401	46 22 32 28
402	38 2 21 97
403	10 48 63 29
404	74 71 19 7
405	19 36 52 57
406	94 50 4 3
407	11 12 34 48
408	52 86 30 58
409	8 11 96 39
410	22 38 65 41
411	4 55 82 7
412	31 67 35 38
413	82 4 91 83
414	56 54 71 39
415	68 40 23 4
416	24 45 35 85
417	53 37 13 48
418	53 51 13 100
419	1 19 26 65
420	64 49 76 70
421	14 42 68 61
422	86 50 27 92
423	14 7 83 42
424	2 34 94 11
425	100 63 23 44
426	36 59 35 8
427	47 88 13 20
428	84 97 64 81
429	13 12 100 52
430	57 21 47 80
431	78 79 65 64
432	16 58 26 45
433	55 94 44 28
434	47 60 14 38
435	86 40 85 96
436	44 20 93 100
437	63 32 41 31
438	52 66 44 39
439	63 42 98 11
440	5 43 51 86
441	62 69 24 96
442	74 44 94 24
443	7 92 99 55
444	14 82 93 96
445	51 24 8 17
446	82 19 20 58
447	26 2 52 22
448	18 87 69 6
449	7 26 45 79
450	22 70 40 72
451	54 47 70 52
452	13 53 27 5
453	68 60 75 76
454	92 39 20 40
455	39 81 35 7
456	71 79 90 25
457	90 25 79 30
458	37 40 98 62
459	26 35 50 82
460	28 39 57 41
461	53 87 58 6
462	36 85 9 3
463	81 3 87 78
464	47 79 8 70
465	32 62 54 24
466	28 57 52 42
467	61 52 20 62
468	31 48 49 50
469	56 8 54 72
470	39 15 47 31
471	68 36 37 80
472	21 51 86 55
473	79 49 59 20
474	41 94 59 47
475	80 95 57 70
476	1 7 65 74
477	67 1 42 97
478	50 5 86 13
479	58 89 87 77
480	45 92 40 58
481	20 63 77 22
482	94 93 15 33
483	68 59 90 53
484	91 12 89 62
485	63 58 10 61
486	17 96 56 75
487	70 57 32 59
488	64 16 57 12
489	31 74 71 29
490	2 44 64 47
491	41 58 77 12
492	92 1 58 54
493	89 25 59 64
494	95 6 1 36
495	11 22 27 32
496	67 14 24 2
497	2 75 94 6
498	3 34 87 37
499	45 79 89 76
500	90 4 95 94
501	10 64 54 33
502	33 74 91 29
503	65 5 71 58
504	73 39 11 100
505	9 33 87 57
506	84 38 49 21
507	33 21 79 2
508	8 97 37 82
509	89 34 29 61
510	76 20 50 1
511	61 24 67 8
512	88 70 60 48
513	63 10 1 92
514	30 40 17 76
515	92 48 80 26
516	6 27 10 32
517	67 82 28 88
518	26 39 30 9
519	80 21 25 50
520	2 17 6 3
521	84 13 74 82
522	22 39 6 100
523	69 85 21 93
524	89 77 76 9
525	37 10 34 90
526	27 99 68 58
527	87 20 90 75
528	82 80 83 53
529	71 60 64 69
530	24 86 15 11
531	68 2 51 52
532	31 79 22 32
533	48 1 14 61
534	40 57 3 25
535	11 74 48 43
536	85 90 87 22
537	38 8 40 27
538	47 19 64 83
539	10 41 19 5
540	73 48 51 54
541	54 66 27 41
542	94 72 19 50
543	84 24 40 50
544	69 66 75 47
545	95 74 12 68
546	46 81 89 48
547	33 69 59 68
548	58 78 27 44
549	61 77 95 63
550	73 71 8 1
551	36 8 98 92
552	47 93 89 85
553	63 42 37 14
554	56 64 60 15
555	76 71 95 74
556	42 35 96 55
557	21 65 41 16
558	55 56 53 13
559	15 80 56 65
560	3 72 45 27
561	13 90 32 7
562	61 84 23 59
563	87 35 86 25
564	27 56 23 19
565	63 55 48 1
566	20 76 45 47
567	54 16 31 53
568	53 87 5 39
569	4 41 33 45
570	60 44 89 61
571	18 7 54 76
572	74 79 94 80
573	94 96 75 18
574	63 38 80 37
575	93 91 89 13
576	24 6 1 75
577	46 41 58 8
578	41 85 44 66
579	13 44 21 3
580	12 10 28 92
581	95 67 60 17
582	81 32 63 75
583	94 88 73 54
584	41 55 81 56
585	82 88 56 20
586	23 37 43 8
587	75 30 55 61
588	57 22 51 34
589	62 18 20 85
590	50 83 47 45
591	25 26 70 47
592	95 16 56 87
593	76 50 11 93
594	16 49 40 65
595	2 96 66 38
596	52 69 37 80
597	19 23 53 86
598	54 85 17 84
599	82 33 75 53
600	80 60 92 52
601	69 40 71 23
602	19 23 82 68
603	36 20 81 87
604	25 53 17 66
605	76 47 89 51
606	5 74 63 1
607	66 65 98 62
608	16 23 42 9
609	60 68 4 72
610	77 14 72 15
611	48 91 59 43
612	92 21 62 88
613	50 33 58 93
614	88 97 44 48
615	32 68 24 62
616	53 3 12 68
617	14 42 56 89
618	58 40 35 84
619	77 53 5 55
620	86 7 75 47
621	9 91 34 43
622	29 81 80 25
623	2 13 41 93
624	95 77 34 70
625	67 68 32 5
626	14 23 20 1
627	12 92 49 48
628	100 73 74 29
629	43 84 90 54
630	7 37 45 53
631	86 76 94 90
632	68 88 76 86
633	6 96 3 50
634	40 10 3 82
635	60 26 23 33
636	45 89 78 10
637	67 20 65 47
638	92 48 81 74
639	59 10 13 87
640	20 5 44 50
641	60 61 59 96
642	28 79 93 97
643	46 25 26 54
644	25 58 59 61
645	27 96 87 3
646	24 37 82 74
647	39 17 66 64
648	95 5 18 28
649	3 34 6 59
650	90 27 45 17
651	43 26 73 62
652	33 99 98 83
653	47 54 49 17
654	98 21 28 27
655	100 29 3 53
656	29 66 68 96
657	18 73 59 51
658	83 69 48 39
659	84 7 31 94
660	79 2 83 35
661	55 31 92 6
662	58 7 55 63
663	94 38 9 35
664	91 28 10 45
665	28 35 92 54
666	75 96 84 72
667	40 21 99 52
668	81 78 90 31
669	21 63 86 35
670	17 44 12 35
671	40 34 26 19
672	81 13 18 14
673	65 25 7 93
674	23 84 46 63
675	97 11 82 73
676	62 74 9 34
677	5 64 49 61
678	26 98 44 10
679	6 42 49 21
680	71 22 41 63
681	100 40 96 24
682	58 55 27 94
683	29 67 7 47
684	31 21 84 1
685	72 55 43 69
686	34 71 20 24
687	25 53 19 63
688	41 71 59 43
689	31 15 11 25
690	15 64 25 39
691	86 52 21 1
692	1 55 46 38
693	19 46 34 81
694	77 64 70 88
695	59 85 38 40
696	79 54 16 31
697	33 60 94 77
698	40 6 65 80
699	79 70 83 24
700	56 95 71 16
701	92 89 66 31
702	47 89 67 88
703	76 48 57 75
704	97 99 4 85
705	21 70 85 56
706	27 33 24 85
707	50 94 7 18
708	54 6 92 18
709	10 51 49 27
710	98 5 87 3
711	25 39 30 50
712	18 55 93 80
713	73 63 2 59
714	61 48 12 30
715	82 3 37 81
716	83 15 30 97
717	17 39 42 38
718	81 74 21 96
719	91 100 71 27
720	12 13 100 16
721	34 24 30 37
722	100 10 54 84
723	48 11 84 92
724	86 4 74 35
725	20 61 28 11
726	59 15 48 38
727	65 69 16 92
728	44 12 96 69
729	69 98 58 25
730	90 9 6 76
731	21 24 22 93
732	40 2 85 91
733	66 91 61 68
734	52 16 24 37
735	45 1 35 57
736	95 98 69 61
737	31 94 68 7
738	27 97 6 99
739	41 21 68 38
740	44 1 83 11
741	4 6 27 78
742	32 19 16 93
743	99 39 18 23
744	27 70 2 21
745	53 68 14 27
746	65 42 3 32
747	43 64 52 13
748	24 1 34 21
749	59 97 31 65
750	70 98 64 27
751	31 92 89 11
752	8 70 84 32
753	11 69 65 92
754	89 93 13 23
755	43 78 36 68
756	27 18 97 98
757	82 38 34 91
758	45 15 4 68
759	75 90 88 58
760	13 60 24 25
761	46 45 58 73
762	94 39 57 71
763	67 44 72 2
764	29 16 18 19
765	62 67 16 7
766	97 15 72 24
767	32 20 46 69
768	49 68 70 46
769	74 68 1 72
770	63 19 57 53
771	63 8 41 20
772	38 53 8 92
773	7 91 49 75
774	9 53 75 55
775	7 6 41 14
776	21 13 83 96
777	81 52 5 26
778	74 20 82 4
779	40 48 27 93
780	31 5 91 67
781	94 55 59 72
782	84 13 57 42
783	10 96 15 8
784	58 49 28 36
785	21 24 60 72
786	65 7 46 72
787	51 77 61 14
788	20 21 11 17
789	30 65 16 7
790	26 42 16 78
791	6 93 59 9
792	29 81 18 92
793	62 20 97 45
794	9 100 20 61
795	18 11 32 71
796	96 46 28 65
797	47 70 22 54
798	64 18 69 22
799	19 29 16 21
800	2 42 54 70
801	51 60 49 66
802	80 13 33 54
803	74 69 90 54
804	49 14 80 56
805	28 2 77 95
806	62 87 40 80
807	51 39 96 11
808	86 13 26 95
809	14 64 16 33
810	58 28 45 87
811	94 44 33 77
812	53 29 9 35
813	80 2 6 42
814	66 40 94 46
815	56 54 74 85
816	26 12 73 25
817	24 97 91 4
818	54 53 16 1
819	9 91 64 83
820	96 2 92 28
821	47 31 43 24
822	23 11 32 86
823	16 100 39 70
824	66 100 30 29
825	61 20 16 52
826	1 78 42 100
827	48 38 100 2
828	77 17 76 16
829	75 38 89 99
830	41 80 52 73
831	54 51 69 32
832	38 17 64 19
833	45 78 44 16
834	29 24 82 87
835	36 14 73 72
836	43 15 85 75
837	4 58 96 31
838	20 74 9 76
839	88 23 66 78
840	32 74 8 3
841	87 77 30 98
842	70 90 71 33
843	85 73 27 10
844	12 47 86 17
845	10 85 30 16
846	65 42 68 75
847	23 59 83 79
848	58 32 92 57
849	27 99 65 59
850	96 32 7 42
851	24 18 31 62
852	9 28 26 91
853	62 100 72 93
854	83 64 59 13
855	35 4 97 24
856	3 70 38 94
857	9 77 85 1
858	32 83 96 22
859	62 17 45 60
860	33 82 13 59
861	70 45 61 56
862	9 65 23 59
863	37 54 38 23
864	71 41 94 90
865	84 19 49 41
866	96 30 59 79
867	32 61 55 50
868	58 24 96 1
869	41 11 46 8
870	66 8 43 52
871	53 55 9 15
872	91 15 45 5
873	10 86 51 83
874	12 4 16 56
875	49 17 24 75
876	28 37 77 18
877	55 26 4 9
878	98 85 25 50
879	26 51 6 60
880	68 80 96 83
881	28 19 76 36
882	44 85 66 35
883	86 37 24 60
884	99 96 64 72
885	72 62 31 40
886	76 27 66 97
887	12 23 62 59
888	81 49 6 55
889	79 25 80 38
890	13 51 29 64
891	82 20 58 65
892	37 60 50 49
893	39 88 25 33
894	33 34 25 10
895	73 77 4 51
896	81 48 41 65
897	66 93 49 56
898	98 35 67 32
899	39 76 48 57
900	32 45 95 19
901	97 54 98 53
902	30 21 2 52
903	12 79 77 92
904	54 85 24 26
905	4 42 60 89
906	18 62 45 80
907	23 72 82 90
908	96 42 35 38
909	13 64 31 46
910	28 64 40 1
911	96 41 77 65
912	55 2 24 7
913	8 4 11 21
914	92 29 13 35
915	76 32 57 23
916	17 74 62 10
917	11 32 20 10
918	92 20 5 62
919	34 81 68 51
920	80 22 49 58
921	16 5 53 17
922	95 49 40 68
923	72 89 68 90
924	83 9 58 41
925	2 58 29 33
926	21 25 99 9
927	42 86 8 29
928	60 19 59 54
929	5 37 6 52
930	47 94 20 11
931	25 8 39 80
932	81 12 5 30
933	16 2 70 5
934	86 56 5 92
935	67 64 84 82
936	95 65 53 80
937	32 63 27 4
938	28 49 77 57
939	26 21 34 94
940	90 34 53 28
941	28 30 92 81
942	68 79 73 49
943	33 71 2 13
944	59 82 10 50
945	51 82 95 55
946	46 90 82 7
947	81 63 85 50
948	64 31 44 43
949	87 61 71 60
950	85 88 46 19
951	56 100 58 43
952	7 38 24 56
953	96 26 52 68
954	25 45 73 97
955	28 53 69 11
956	100 75 64 57
957	80 45 53 38
958	57 73 95 77
959	52 96 14 36
960	51 5 28 69
961	1 22 27 85
962	18 9 16 79
963	40 89 12 36
964	85 93 13 58
965	16 89 26 5
966	2 56 45 57
967	62 18 58 90
968	75 37 42 21
969	15 80 5 3
970	24 17 100 12
971	48 76 63 82
972	52 18 91 37
973	91 69 76 37
974	91 54 57 86
975	91 21 43 58
976	54 65 88 16
977	26 64 30 16
978	17 19 22 48
979	94 54 87 100
980	51 18 45 25
981	89 50 54 87
982	7 42 47 65
983	75 11 43 56
984	23 66 10 73
985	64 47 49 85
986	96 67 58 18
987	5 53 9 54
988	92 95 55 3
989	31 39 28 66
990	96 18 89 67
991	25 22 72 83
992	72 69 62 77
993	17 1 18 23
994	42 49 33 75
995	35 62 98 80
996	58 59 6 29
997	71 46 61 91
998	38 14 65 2
999	62 26 4 72
1000	18 40 2 59
1001	90 65 49 35
1002	95 97 34 59
1003	15 14 13 8
1004	70 16 87 6
1005	84 49 5 25
1006	55 98 67 30
1007	2 88 90 41
1008	61 86 83 28
1009	28 6 52 36
1010	43 41 97 64
1011	22 25 12 43
1012	76 89 10 49
1013	20 51 66 72
1014	67 35 18 19
1015	13 99 11 81
1016	42 30 40 86
1017	35 22 58 81
1018	9 37 27 78
1019	21 42 30 15
1020	29 77 95 20
1021	5 16 12 28
1022	11 2 16 60
1023	36 48 54 10
1024	46 72 11 67
1025	31 4 86 19
1026	55 64 59 75
1027	53 77 22 91
1028	9 31 85 51
1029	16 75 32 8
1030	11 63 15 89
1031	94 43 33 27
1032	77 62 97 52
1033	40 64 84 46
1034	64 23 71 94
1035	89 51 22 23
1036	4 8 95 86
1037	80 85 75 17
1038	33 61 25 40
1039	71 37 8 27
1040	48 62 14 65
1041	99 14 82 41
1042	84 60 2 8
1043	83 3 76 68
1044	37 95 97 68
1045	59 38 77 57
1046	31 40 3 95
1047	72 46 66 23
1048	49 52 89 50
1049	91 51 3 15
1050	34 70 3 67
1051	55 52 99 47
1052	57 92 56 82
1053	4 42 55 86
1054	49 82 32 4
1055	81 25 80 67
1056	82 99 50 2
1057	46 24 27 96
1058	45 9 61 73
1059	25 5 37 31
1060	77 3 22 85
1061	8 32 92 85
1062	82 84 10 22
1063	12 57 85 17
1064	86 83 43 99
1065	54 41 8 1
1066	83 7 74 6
1067	55 6 52 91
1068	60 93 34 89
1069	22 99 17 67
1070	68 96 14 35
1071	28 74 37 67
1072	11 61 34 3
1073	47 98 28 16
1074	56 73 95 24
1075	59 9 78 56
1076	87 17 79 43
1077	34 35 52 60
1078	64 43 39 40
1079	97 63 37 93
1080	27 51 68 30
1081	35 64 7 91
1082	62 79 26 56
1083	74 61 60 31
1084	95 68 54 17
1085	79 73 22 45
1086	21 75 17 6
1087	25 9 15 84
1088	71 96 55 14
1089	88 36 92 41
1090	14 20 52 81
1091	46 7 5 68
1092	36 52 67 39
1093	55 72 54 76
1094	23 24 22 83
1095	38 25 16 45
1096	58 68 77 64
1097	31 93 62 64
1098	83 10 50 47
1099	64 25 93 76
1100	49 26 10 54
1101	72 89 28 12
1102	73 32 7 28
1103	13 9 17 5
1104	27 66 55 81
1105	42 76 23 7
1106	83 41 9 53
1107	66 11 84 27
1108	47 59 21 18
1109	50 61 99 72
1110	56 76 93 78
1111	63 53 13 45
1112	44 27 67 82
1113	81 32 41 63
1114	82 53 30 19
1115	74 8 91 79
1116	26 82 36 13
1117	21 62 10 36
1118	61 43 69 2
1119	36 75 87 2
1120	50 78 18 74
1121	61 74 8 43
1122	79 3 99 9
1123	40 76 24 42
1124	3 51 91 63
1125	67 44 92 88
1126	90 51 88 6
1127	55 61 50 70
1128	15 22 52 32
1129	100 86 57 46
1130	34 55 96 44
1131	79 1 57 21
1132	28 22 53 9
1133	22 26 92 82
1134	45 72 30 21
1135	4 77 44 66
1136	18 2 69 14
1137	58 3 44 4
1138	18 24 2 12
1139	4 20 11 77
1140	79 39 76 23
1141	22 38 31 72
1142	68 88 73 32
1143	8 45 40 97
1144	99 98 12 45
1145	91 2 32 36
1146	43 30 75 38
1147	41 45 38 13
1148	37 55 72 22
1149	91 54 86 6
1150	97 37 46 66
1151	32 10 40 3
1152	32 94 4 29
1153	56 99 68 52
1154	80 99 37 20
1155	12 20 27 23
1156	66 68 90 73
1157	94 33 31 37
1158	24 66 2 59
1159	26 8 16 45
1160	13 45 94 76
1161	41 82 79 30
1162	32 14 1 15
1163	17 4 41 90
1164	37 14 18 68
1165	69 5 9 82
1166	73 5 19 24
1167	61 16 9 67
1168	89 49 74 21
1169	63 39 64 72
1170	50 43 26 19
1171	25 32 62 56
1172	2 43 4 5
1173	34 20 72 25
1174	28 75 51 96
1175	46 98 30 55
1176	52 71 4 43
1177	98 12 83 88
1178	28 30 43 77
1179	56 52 75 71
1180	36 29 14 53
1181	30 78 10 2
1182	16 17 90 44
1183	91 34 65 32
1184	6 72 65 71
1185	81 30 16 73
1186	66 95 4 60
1187	96 49 45 32
1188	34 93 43 54
1189	7 16 19 11
1190	53 45 23 56
1191	93 94 34 6
1192	1 77 22 62
1193	30 96 98 62
1194	51 24 33 43
1195	18 21 23 96
1196	86 46 81 51
1197	78 65 44 69
1198	10 44 93 57
1199	10 51 18 11
1200	60 59 90 67
1201	86 60 48 40
1202	7 68 80 63
1203	38 40 86 2
1204	82 99 6 98
1205	68 46 7 60
1206	14 55 100 62
1207	52 50 53 69
1208	18 30 55 12
1209	63 36 88 69
1210	64 97 1 95
1211	47 13 67 28
1212	92 38 10 100
1213	23 81 60 67
1214	71 11 74 6
1215	98 78 45 2
1216	7 53 54 6
1217	71 67 39 55
1218	63 74 100 99
1219	43 12 19 49
1220	31 99 32 84
1221	55 27 28 87
1222	99 94 17 35
1223	49 23 94 74
1224	89 92 15 21
1225	79 48 66 12
1226	92 52 20 60
1227	35 40 3 2
1228	95 65 80 29
1229	38 19 21 20
1230	63 87 95 36
1231	91 62 9 88
1232	72 34 19 39
1233	47 37 42 32
1234	83 68 65 69
1235	1 54 24 37
1236	75 59 91 61
1237	40 25 55 28
1238	30 13 56 80
1239	47 52 24 92
1240	19 69 100 33
1241	53 20 81 28
1242	18 8 28 17
1243	74 48 93 83
1244	7 5 80 25
1245	47 78 37 23
1246	35 70 42 78
1247	16 18 36 89
1248	22 38 93 1
1249	56 20 76 68
1250	25 95 73 38
1251	82 69 18 27
1252	28 94 68 23
1253	66 26 93 18
1254	45 68 22 72
1255	39 2 68 37
1256	30 26 18 37
1257	91 28 33 3
1258	3 14 100 4
1259	55 16 83 71
1260	70 51 62 57
1261	88 24 89 69
1262	29 96 17 60
1263	55 90 15 86
1264	41 38 76 7
1265	50 78 48 92
1266	38 11 49 83
1267	14 88 54 72
1268	49 40 28 97
1269	64 51 25 79
1270	24 66 36 88
1271	95 36 69 79
1272	41 59 89 51
1273	45 92 17 8
1274	26 72 1 44
1275	80 84 9 39
1276	59 23 55 75
1277	88 68 9 23
1278	80 35 10 77
1279	83 26 74 36
1280	81 9 95 13
1281	70 73 25 42
1282	96 35 43 81
1283	99 63 3 73
1284	80 63 43 12
1285	89 80 29 68
1286	87 39 17 8
1287	53 58 26 7
1288	38 68 52 100
1289	91 80 42 68
1290	79 38 35 71
1291	76 13 44 48
1292	9 60 47 65
1293	58 37 5 92
1294	89 94 82 78
1295	45 55 89 8
1296	86 68 57 1
1297	55 85 22 61
1298	55 92 25 91
1299	7 42 22 82
1300	35 42 62 65
1301	42 55 44 25
1302	76 34 2 33
1303	57 5 84 89
1304	70 29 4 51
1305	86 40 82 26
1306	85 42 7 36
1307	73 92 4 99
1308	81 52 54 24
1309	72 83 12 100
1310	39 46 53 54
1311	91 90 30 71
1312	70 67 59 13
1313	9 53 76 30
1314	4 30 23 41
1315	23 93 44 17
1316	95 47 75 3
1317	5 37 92 90
1318	75 88 69 20
1319	16 36 9 60
1320	89 50 56 86
1321	76 61 9 84
1322	55 97 59 46
1323	97 54 82 28
1324	91 100 15 11
1325	9 95 2 1
1326	53 46 82 17
1327	62 84 42 25
1328	33 82 44 9
1329	50 78 57 16
1330	81 92 98 6
1331	24 93 83 33
1332	52 55 44 12
1333	70 33 1 60
1334	61 76 74 18
1335	29 53 25 42
1336	6 83 47 97
1337	54 81 45 17
1338	86 40 16 28
1339	10 84 32 66
1340	38 84 47 24
1341	66 27 19 65
1342	85 28 57 39
1343	7 27 23 39
1344	73 49 27 4
1345	65 64 21 97
1346	90 52 57 38
1347	70 24 16 85
1348	17 76 45 23
1349	62 6 21 1
1350	85 69 28 48
1351	39 8 63 5
1352	100 13 96 82
1353	58 47 87 94
1354	97 99 14 46
1355	43 33 39 97
1356	25 90 61 9
1357	12 16 33 59
1358	67 58 66 9
1359	53 78 82 89
1360	16 94 3 84
1361	41 2 36 53
1362	71 80 39 87
1363	35 78 62 63
1364	34 67 30 31
1365	60 100 19 86
1366	78 49 28 55
1367	46 17 50 63
1368	65 15 58 13
1369	96 3 68 72
1370	64 55 40 50
1371	55 27 57 86
1372	32 11 12 55
1373	94 16 61 42
1374	14 63 42 10
1375	89 85 64 88
1376	100 68 85 5
1377	46 55 30 97
1378	50 38 99 65
1379	17 66 29 25
1380	56 87 20 69
1381	71 50 61 7
1382	37 33 29 58
1383	74 96 95 78
1384	60 92 51 62
1385	50 87 38 20
1386	77 66 27 19
1387	73 61 32 58
1388	63 17 68 10
1389	52 94 1 85
1390	14 49 29 85
1391	50 84 20 62
1392	65 97 51 41
1393	35 18 78 45
1394	73 67 1 21
1395	49 36 60 76
1396	99 70 88 72
1397	40 39 80 26
1398	71 26 77 23
1399	70 84 58 17
1400	77 86 42 31
1401	22 66 16 17
1402	32 82 57 88
1403	40 100 8 53
1404	88 3 87 21
1405	52 48 59 66
1406	51 37 10 39
1407	87 94 21 61
1408	32 28 27 60
1409	39 77 78 46
1410	97 35 68 34
1411	26 71 60 5
1412	60 24 34 23
1413	45 5 40 99
1414	46 30 8 15
1415	95 26 57 48
1416	54 92 96 73
1417	73 82 55 77
1418	62 92 70 84
1419	85 32 41 31
1420	57 80 31 49
1421	68 99 13 24
1422	6 1 41 87
1423	71 70 95 83
1424	69 12 15 39
1425	68 92 33 77
1426	18 10 65 22
1427	14 15 36 27
1428	8 60 85 75
1429	36 25 83 99
1430	50 73 94 56
1431	88 57 67 56
1432	48 96 66 40
1433	43 47 99 45
1434	50 21 66 27
1435	75 90 74 15
1436	65 74 88 30
1437	91 49 86 74
1438	37 75 29 19
1439	96 77 56 92
1440	39 79 30 43
1441	27 71 50 100
1442	94 2 85 27
1443	87 62 8 28
1444	1 39 22 23
1445	22 100 58 39
1446	67 63 27 2
1447	2 72 14 75
1448	64 11 79 76
1449	69 58 87 45
1450	72 79 68 33
1451	21 91 37 69
1452	13 57 54 79
1453	17 42 79 98
1454	5 32 50 7
1455	21 40 97 18
1456	96 62 44 9
1457	95 56 99 69
1458	42 37 26 70
1459	32 37 63 97
1460	95 9 65 16
1461	48 29 1 80
1462	56 49 20 2
1463	64 62 25 83
1464	57 63 28 48
1465	43 62 24 99
1466	58 87 72 37
1467	61 26 75 72
1468	77 9 7 14
1469	19 77 26 33
1470	64 20 7 14
1471	29 88 72 8
1472	9 64 2 44
1473	66 74 67 49
1474	65 39 6 36
1475	92 46 14 63
1476	21 74 14 6
1477	31 46 100 33
1478	16 83 92 19
1479	61 79 16 86
1480	100 98 1 26
1481	22 35 82 63
1482	41 66 58 33
1483	21 13 29 66
1484	3 61 1 17
1485	44 28 43 10
1486	77 71 3 94
1487	7 23 6 49
1488	33 14 9 87
1489	15 73 30 16
1490	38 37 91 79
1491	80 77 25 86
1492	47 71 74 88
1493	69 4 90 99
1494	21 28 41 61
1495	24 12 55 3
1496	79 22 24 80
1497	67 28 82 42
1498	84 43 1 44
1499	100 12 22 86
1500	83 91 21 84
1501	17 14 62 19
1502	4 38 63 41
1503	36 3 38 21
1504	53 98 27 12
1505	57 7 95 8
1506	26 55 78 35
1507	61 12 40 99
1508	62 33 8 74
1509	39 37 26 56
1510	44 33 26 1
1511	35 97 34 73
1512	86 33 32 29
1513	12 51 89 64
1514	97 81 68 30
1515	78 34 66 76
1516	28 2 49 96
1517	65 61 18 60
1518	34 51 2 13
1519	100 9 96 97
1520	90 72 40 33
1521	8 62 44 17
1522	84 27 90 74
1523	74 32 59 76
1524	59 93 74 53
1525	84 70 75 61
1526	40 35 44 59
1527	27 94 53 66
1528	18 3 95 14
1529	47 84 88 43
1530	36 28 78 12
1531	17 7 52 66
1532	78 20 50 29
1533	57 56 100 77
1534	84 12 67 6
1535	34 25 72 30
1536	97 44 21 57
1537	62 52 87 88
1538	89 1 71 6
1539	50 21 24 5
1540	50 79 7 94
1541	84 11 54 6
1542	72 27 6 80
1543	83 64 14 54
1544	46 93 99 61
1545	15 46 6 88
1546	59 56 92 85
1547	74 39 8 62
1548	6 92 18 58
1549	93 52 43 84
1550	17 55 86 100
1551	81 44 33 65
1552	70 22 39 28
1553	1 90 59 54
1554	34 83 74 32
1555	40 70 29 47
1556	66 95 18 80
1557	40 46 35 1
1558	60 68 18 6
1559	73 43 12 24
1560	23 84 22 8
1561	37 96 26 51
1562	99 22 58 32
1563	52 13 71 78
1564	49 36 43 66
1565	24 28 74 47
1566	21 18 4 26
1567	76 72 1 28
1568	54 49 93 40
1569	51 12 94 53
1570	99 23 80 61
1571	68 53 22 2
1572	84 67 16 73
1573	99 8 30 49
1574	50 15 6 78
1575	52 30 35 54
1576	82 57 99 54
1577	71 66 54 20
1578	81 35 58 34
1579	96 23 67 52
1580	45 10 65 47
1581	52 92 50 12
1582	62 18 30 27
1583	51 97 24 22
1584	88 60 99 40
1585	92 54 17 35
1586	21 93 94 25
1587	86 69 76 11
1588	2 8 44 56
1589	79 82 14 86
1590	95 97 40 35
1591	53 42 16 84
1592	30 82 33 69
1593	86 23 9 68
1594	20 94 100 60
1595	16 98 63 42
1596	54 100 93 19
1597	29 92 83 31
1598	96 22 1 29
1599	85 93 12 79
1600	60 58 69 85
1601	13 42 10 18
1602	33 60 26 75
1603	18 98 100 62
1604	15 24 19 8
1605	8 92 45 97
1606	85 34 67 87
1607	36 87 39 23
1608	37 43 16 30
1609	51 100 98 65
1610	43 65 96 33
1611	78 21 44 100
1612	78 55 50 45
1613	98 76 22 24
1614	65 63 26 18
1615	59 66 21 92
1616	82 67 92 75
1617	37 96 42 25
1618	16 83 66 94
1619	15 55 81 6
1620	31 71 91 35
1621	84 89 68 64
1622	77 46 37 98
1623	22 94 59 43
1624	9 51 21 5
1625	75 16 17 42
1626	65 1 76 9
1627	47 66 97 31
1628	16 32 89 60
1629	13 88 4 19
1630	83 36 38 16
1631	15 41 55 43
1632	28 88 54 89
1633	40 100 39 92
1634	12 46 30 48
1635	25 10 40 89
1636	24 66 41 76
1637	52 10 84 63
1638	27 28 26 88
1639	32 13 73 10
1640	68 44 4 69
1641	11 78 45 12
1642	76 37 9 49
1643	69 20 23 70
1644	3 87 30 84
1645	92 6 91 80
1646	92 6 73 86
1647	96 46 62 30
1648	44 89 72 76
1649	53 76 92 77
1650	19 45 79 68
1651	15 64 22 61
1652	83 99 33 28
1653	68 69 16 92
1654	25 18 86 59
1655	55 48 19 43
1656	65 3 21 69
1657	65 44 35 92
1658	99 10 32 87
1659	2 87 82 97
1660	47 21 63 25
1661	87 98 28 37
1662	42 33 90 21
1663	59 80 29 78
1664	57 66 24 36
1665	81 3 97 65
1666	4 5 72 84
1667	64 76 95 33
1668	2 43 44 95
1669	53 54 15 61
1670	87 53 10 29
1671	24 10 98 84
1672	47 51 9 91
1673	93 5 77 49
1674	72 91 89 66
1675	85 68 96 17
1676	86 28 42 44
1677	53 16 61 51
1678	79 33 27 48
1679	46 1 74 15
1680	52 9 49 42
1681	7 30 92 73
1682	31 73 84 66
1683	86 64 17 9
1684	52 5 33 92
1685	78 64 41 62
1686	10 17 46 13
1687	61 32 87 77
1688	20 10 1 28
1689	14 82 13 68
1690	58 17 46 65
1691	33 32 1 56
1692	15 28 55 96
1693	8 73 95 37
1694	49 87 46 55
1695	17 26 28 20
1696	53 93 97 90
1697	100 30 2 21
1698	73 18 45 12
1699	37 29 36 27
1700	31 65 73 15
1701	19 30 7 31
1702	78 91 48 28
1703	46 4 72 100
1704	56 30 81 47
1705	100 81 15 10
1706	13 76 93 39
1707	71 5 79 18
1708	88 97 41 60
1709	82 100 48 60
1710	89 36 70 74
1711	71 65 14 35
1712	86 74 17 11
1713	65 54 90 92
1714	14 50 42 53
1715	93 2 91 90
1716	73 35 19 8
1717	25 3 92 72
1718	45 93 32 75
1719	95 10 71 3
1720	32 52 39 97
1721	26 65 53 45
1722	31 15 66 33
1723	46 50 1 64
1724	53 61 64 24
1725	90 64 40 52
1726	91 79 27 63
1727	34 15 96 6
1728	20 54 22 47
1729	35 29 79 80
1730	86 1 70 67
1731	5 51 12 58
1732	2 87 36 54
1733	43 5 67 39
1734	66 53 3 89
1735	34 25 72 52
1736	57 35 64 46
1737	69 81 63 70
1738	60 35 51 77
1739	15 47 46 42
1740	77 28 97 40
1741	34 71 28 75
1742	86 91 7 30
1743	70 30 36 37
1744	46 3 71 6
1745	56 99 63 93
1746	51 1 84 18
1747	10 83 16 12
1748	43 78 68 86
1749	68 70 7 85
1750	22 92 65 73
1751	72 7 86 71
1752	68 56 45 65
1753	86 88 66 49
1754	35 9 74 54
1755	42 3 93 33
1756	26 67 58 33
1757	36 88 27 32
1758	61 8 51 26
1759	35 22 73 93
1760	65 35 54 20
1761	49 6 97 58
1762	80 36 82 16
1763	43 88 90 4
1764	4 42 91 96
1765	75 78 26 29
1766	7 98 82 9
1767	3 18 32 28
1768	75 79 1 87
1769	94 85 36 82
1770	92 67 29 20
1771	67 69 38 8
1772	33 90 84 42
1773	96 66 13 97
1774	20 98 40 62
1775	68 46 14 64
1776	62 86 8 91
1777	73 94 49 92
1778	93 77 5 76
1779	79 46 37 56
1780	70 45 76 43
1781	8 46 78 6
1782	30 87 49 10
1783	77 63 15 8
1784	26 55 16 78
1785	53 80 79 19
1786	36 19 77 72
1787	100 84 54 18
1788	71 89 20 32
1789	100 38 56 40
1790	57 18 100 60
1791	56 36 75 13
1792	1 17 91 31
1793	60 84 73 94
1794	8 82 99 70
1795	83 31 39 61
1796	20 92 69 28
1797	58 59 27 85
1798	58 91 70 67
1799	37 32 34 76
1800	5 91 25 99
1801	5 65 77 84
1802	51 17 69 66
1803	47 100 69 24
1804	30 94 3 72
1805	7 67 75 40
1806	71 91 85 7
1807	98 60 37 20
1808	31 9 10 63
1809	38 80 26 1
1810	46 37 54 88
1811	29 28 21 81
1812	62 10 50 51
1813	53 82 73 44
1814	68 34 4 52
1815	26 46 88 87
1816	7 89 88 80
1817	97 81 43 84
1818	30 43 51 60
1819	22 55 1 69
1820	53 61 50 26
1821	98 69 45 20
1822	18 62 23 93
1823	29 87 19 7
1824	45 50 62 15
1825	31 84 15 47
1826	26 73 81 86
1827	16 9 52 84
1828	3 10 74 72
1829	38 55 48 30
1830	88 30 38 25
1831	61 3 87 21
1832	93 65 25 38
1833	51 92 89 40
1834	57 88 97 78
1835	7 44 18 17
1836	94 75 59 36
1837	98 29 5 85
1838	57 90 74 99
1839	4 46 76 2
1840	39 25 93 23
1841	25 8 99 70
1842	78 11 77 72
1843	69 6 10 71
1844	58 56 47 59
1845	13 57 27 85
1846	92 42 82 9
1847	71 51 45 65
1848	8 60 90 10
1849	99 86 82 32
1850	46 38 95 51
1851	61 83 56 48
1852	32 6 31 77
1853	7 60 61 6
1854	86 72 79 48
1855	57 77 24 54
1856	64 41 20 8
1857	23 69 2 54
1858	74 10 20 38
1859	59 20 30 35
1860	97 83 91 6
1861	94 22 58 6
1862	8 64 81 68
1863	73 14 19 25
1864	48 68 82 96
1865	79 45 9 37
1866	80 9 53 50
1867	27 16 79 50
1868	57 91 29 75
1869	58 71 48 98
1870	20 33 41 4
1871	34 77 4 28
1872	11 35 36 44
1873	80 64 47 82
1874	28 26 2 36
1875	54 55 61 11
1876	20 13 92 51
1877	12 52 24 68
1878	16 8 5 31
1879	18 35 57 60
1880	27 54 67 34
1881	38 50 96 63
1882	33 46 89 17
1883	56 72 38 19
1884	91 93 73 20
1885	84 82 63 52
1886	22 4 56 96
1887	74 17 41 36
1888	37 85 59 66
1889	73 38 87 78
1890	80 86 7 6
1891	81 99 29 41
1892	38 45 72 8
1893	79 19 38 60
1894	70 99 92 46
1895	26 70 9 33
1896	71 17 88 62
1897	72 7 90 66
1898	60 95 43 65
1899	30 91 84 7
1900	30 20 16 5
1901	6 70 96 47
1902	68 56 93 15
1903	90 77 86 95
1904	73 3 28 21
1905	68 46 42 72
1906	55 44 5 16
1907	39 75 30 34
1908	77 89 81 48
1909	87 60 95 96
1910	75 54 73 84
1911	36 4 61 29
1912	55 65 61 88
1913	25 89 77 1
1914	61 17 55 34
1915	27 61 65 53
1916	79 58 76 46
1917	14 63 78 31
1918	38 6 69 3
1919	52 77 64 33
1920	51 83 14 88
1921	43 5 23 26
1922	8 69 26 88
1923	86 97 99 41
1924	36 30 5 50
1925	58 31 10 75
1926	52 43 62 33
1927	48 83 94 65
1928	19 32 86 62
1929	86 10 51 33
1930	83 55 81 3
1931	28 6 38 47
1932	20 21 83 70
1933	18 50 11 55
1934	63 78 40 93
1935	83 84 48 40
1936	40 35 57 84
1937	47 81 2 90
1938	23 93 95 94
1939	36 13 41 69
1940	84 43 61 78
1941	51 46 38 14
1942	66 73 62 98
1943	77 66 28 5
1944	55 12 37 93
1945	78 10 99 87
1946	64 47 10 18
1947	85 49 56 40
1948	66 62 10 45
1949	52 54 76 59
1950	32 74 13 66
1951	4 11 78 2
1952	38 87 85 65
1953	49 14 53 54
1954	15 12 22 6
1955	40 50 27 51
1956	70 4 40 16
1957	76 63 100 50
1958	91 40 72 48
1959	78 19 40 8
1960	77 52 33 35
1961	22 89 87 78
1962	20 6 34 59
1963	26 15 24 47
1964	38 25 75 52
1965	22 29 75 3
1966	63 27 36 22
1967	91 16 72 40
1968	77 37 81 28
1969	80 46 79 47
1970	90 7 49 97
1971	77 69 100 4
1972	93 99 35 65
1973	99 36 3 35
1974	84 66 7 10
1975	75 12 20 35
1976	20 91 26 40
1977	29 30 9 7
1978	43 51 20 74
1979	87 6 89 65
1980	35 43 89 85
1981	25 54 27 71
1982	86 84 10 88
1983	89 83 41 34
1984	63 37 2 38
1985	47 7 38 24
1986	44 1 86 39
1987	44 8 59 1
1988	88 66 72 34
1989	80 36 15 81
1990	39 35 33 2
1991	38 89 16 6
1992	47 87 30 15
1993	45 98 64 84
1994	4 78 77 44
1995	9 20 85 95
1996	31 44 76 62
1997	53 96 10 56
1998	78 51 38 40
1999	89 99 97 88
2000	20 11 78 55
2001	14 47 27 53
2002	69 47 3 51
2003	1 8 6 69
2004	86 82 31 20
2005	2 69 84 91
2006	81 11 50 99
2007	30 33 67 66
2008	51 93 58 64
2009	69 32 67 31
2010	95 37 27 76
2011	48 47 18 67
2012	86 96 95 31
2013	66 6 27 56
2014	56 72 6 51
2015	38 68 85 71
2016	50 16 23 30
2017	53 62 80 42
2018	91 86 83 71
2019	89 27 40 47
2020	62 33 6 21
2021	71 28 37 95
2022	80 38 28 27
2023	54 46 62 70
2024	91 70 19 37
2025	38 32 77 42
2026	51 55 36 81
2027	36 84 58 50
2028	2 70 63 58
2029	80 81 100 4
2030	81 98 36 99
2031	57 97 56 78
2032	92 8 83 72
2033	34 63 8 83
2034	16 89 44 9
2035	98 23 73 56
2036	98 52 66 89
2037	70 62 5 44
2038	46 19 84 88
2039	49 94 21 75
2040	79 80 72 95
2041	11 27 22 82
2042	92 58 13 63
2043	81 23 12 72
2044	90 26 12 57
2045	62 45 96 88
2046	1 49 6 55
2047	39 29 57 72
2048	90 82 94 21
2049	79 88 76 67
2050	52 33 5 18
2051	19 91 85 95
2052	80 17 1 57
2053	24 56 16 68
2054	10 73 39 47
2055	76 48 21 87
2056	48 68 57 56
2057	95 22 81 30
2058	96 38 46 55
2059	77 88 6 7
2060	50 3 6 70
2061	31 52 97 54
2062	47 82 80 43
2063	89 92 36 72
2064	84 93 15 51
2065	24 66 95 50
2066	96 38 76 20
2067	83 10 60 47
2068	28 22 57 39
2069	98 50 41 31
2070	84 91 99 39
2071	75 15 65 39
2072	29 16 53 4
2073	19 40 52 35
2074	93 12 6 55
2075	42 41 38 12
2076	84 90 78 25
2077	65 49 43 16
2078	57 70 93 35
2079	91 3 80 49
2080	49 27 46 84
2081	62 89 47 23
2082	89 48 17 53
2083	64 59 8 32
2084	60 50 43 100
2085	63 15 8 59
2086	44 26 1 71
2087	97 61 89 94
2088	54 41 67 11
2089	26 8 43 1
2090	81 24 66 83
2091	83 13 64 26
2092	21 92 23 25
2093	54 9 98 22
2094	96 53 58 1
2095	12 76 40 54
2096	7 74 38 94
2097	93 42 1 97
2098	30 29 39 97
2099	58 7 70 87
2100	89 54 85 47
2101	37 90 39 97
2102	82 55 57 60
2103	82 72 80 100
2104	36 3 99 57
2105	83 89 68 52
2106	54 63 82 59
2107	2 43 99 93
2108	37 49 13 72
2109	97 94 61 76
2110	71 42 65 61
2111	4 88 56 14
2112	45 86 20 83
2113	94 48 11 10
2114	59 83 37 43
2115	71 87 40 56
2116	25 91 43 90
2117	95 44 32 28
2118	67 51 19 40
2119	4 41 37 64
2120	28 3 46 72
2121	50 39 56 26
2122	32 6 38 63
2123	48 98 11 40
2124	9 43 21 64
2125	57 18 8 19
2126	76 64 70 45
2127	8 12 40 61
2128	56 41 65 26
2129	17 83 22 45
2130	87 25 49 50
2131	30 7 62 9
2132	24 67 79 88
2133	33 57 9 92
2134	50 99 20 39
2135	14 26 37 79
2136	70 63 21 40
2137	82 47 39 62
2138	75 47 21 11
2139	26 98 57 3
2140	89 51 96 66
2141	8 88 44 6
2142	2 83 49 22
2143	79 17 63 96
2144	43 99 14 22
2145	72 90 68 5
2146	93 38 40 20
2147	6 87 75 60
2148	2 13 67 77
2149	2 79 43 73
2150	96 63 40 14
2151	76 22 16 75
2152	53 85 41 10
2153	31 46 93 76
2154	82 19 40 30
2155	86 89 71 45
2156	18 52 30 78
2157	60 86 26 100
2158	38 62 57 67
2159	51 49 57 36
2160	66 65 26 31
2161	30 45 2 87
2162	36 38 17 83
2163	92 40 2 3
2164	53 60 56 28
2165	36 25 99 51
2166	94 9 41 17
2167	60 28 3 23
2168	8 68 93 57
2169	71 51 10 64
2170	39 88 30 18
2171	54 20 8 23
2172	9 54 70 94
2173	12 89 62 64
2174	84 21 52 9
2175	82 71 29 44
2176	68 8 79 40
2177	61 16 2 24
2178	27 49 18 71
2179	46 41 38 90
2180	95 74 55 15
2181	24 42 68 4
2182	4 7 13 14
2183	45 47 97 57
2184	86 8 38 44
2185	28 66 59 15
2186	4 38 71 24
2187	26 90 27 42
2188	19 25 74 90
2189	70 31 11 64
2190	7 51 76 19
2191	25 31 98 74
2192	51 96 93 29
2193	21 49 4 17
2194	97 99 55 71
2195	45 96 34 28
2196	43 79 93 2
2197	65 77 64 2
2198	66 81 68 82
2199	4 48 49 66
2200	11 30 72 34
2201	68 89 35 12
2202	30 32 17 61
2203	79 77 28 54
2204	18 10 50 55
2205	31 9 25 39
2206	4 61 85 17
2207	54 21 82 12
2208	100 90 12 27
2209	77 30 94 28
2210	47 82 44 33
2211	64 4 5 35
2212	15 93 30 72
2213	27 40 86 77
2214	29 56 86 2
2215	80 18 46 86
2216	98 76 27 26
2217	22 53 3 25
2218	60 69 76 2
2219	44 65 58 79
2220	79 53 65 80
2221	51 33 24 1
2222	78 85 88 87
2223	67 50 41 91
2224	71 91 14 36
2225	4 54 92 34
2226	18 53 69 40
2227	29 60 89 20
2228	89 66 76 67
2229	32 66 35 56
2230	56 21 86 7
2231	23 13 58 2
2232	23 87 17 36
2233	86 34 50 37
2234	76 39 77 65
2235	3 14 12 23
2236	38 82 4 17
2237	56 93 66 49
2238	22 75 53 99
2239	23 100 66 80
2240	97 25 40 8
2241	67 26 85 93
2242	15 31 54 23
2243	25 35 84 19
2244	64 69 59 81
2245	41 20 91 12
2246	7 52 38 66
2247	3 79 46 75
2248	23 53 86 60
2249	5 38 53 85
2250	4 56 55 98
2251	72 88 39 58
2252	94 13 40 37
2253	87 89 11 43
2254	87 97 3 52
2255	95 97 21 5
2256	11 17 83 22
2257	24 16 58 47
2258	27 61 49 91
2259	90 46 47 65
2260	78 16 48 38
2261	72 66 55 37
2262	93 98 42 52
2263	13 28 50 75
2264	39 46 42 49
2265	11 46 47 62
2266	38 5 81 6
2267	69 23 4 35
2268	78 41 15 95
2269	40 37 64 15
2270	7 72 66 56
2271	11 24 92 3
2272	33 73 8 78
2273	50 4 22 34
2274	92 45 84 30
2275	42 51 92 83
2276	66 78 87 50
2277	43 47 54 4
2278	41 29 40 70
2279	53 61 10 93
2280	80 21 52 10
2281	28 11 59 96
2282	34 37 27 3
2283	99 60 82 32
2284	45 83 53 11
2285	66 53 1 75
2286	72 26 77 81
2287	37 75 88 84
2288	41 57 86 63
2289	15 72 62 55
2290	9 62 93 35
2291	59 73 80 87
2292	55 19 3 2
2293	31 10 11 30
2294	26 87 24 55
2295	51 25 80 87
2296	100 98 20 15
2297	52 35 16 36
2298	2 15 65 75
2299	41 31 4 71
2300	61 11 56 63
2301	29 5 13 8
2302	2 94 25 35
2303	71 8 40 77
2304	85 30 91 24
2305	63 58 79 45
2306	58 88 86 47
2307	49 82 69 20
2308	81 80 44 12
2309	33 81 48 99
2310	93 74 57 56
2311	26 22 59 20
2312	91 42 49 94
2313	77 94 27 70
2314	20 1 19 78
2315	77 52 90 58
2316	85 18 23 57
2317	13 44 97 23
2318	53 45 51 17
2319	23 99 22 24
2320	6 64 7 40
2321	48 3 61 49
2322	82 91 47 19
2323	95 14 92 2
2324	60 99 56 51
2325	59 43 93 34
2326	96 35 21 80
2327	62 15 39 40
2328	47 35 63 67
2329	60 74 47 85
2330	5 18 9 46
2331	15 83 12 14
2332	66 56 50 49
2333	79 83 98 59
2334	71 74 8 26
2335	80 41 68 97
2336	54 30 64 17
2337	22 43 21 84
2338	48 59 4 7
2339	27 97 69 81
2340	37 58 62 72
2341	2 40 39 75
2342	100 93 77 22
2343	81 23 12 24
2344	5 69 65 51
2345	55 62 86 84
2346	32 24 97 35
2347	44 22 75 15
2348	33 22 24 61
2349	70 47 40 74
2350	17 38 30 6
2351	78 52 86 18
2352	88 31 32 12
2353	63 46 61 84
2354	94 77 21 90
2355	13 8 100 99
2356	3 43 64 2
2357	97 4 48 69
2358	10 57 19 59
2359	80 78 7 79
2360	21 39 81 94
2361	54 55 92 36
2362	25 29 23 90
2363	77 100 48 73
2364	22 7 8 65
2365	1 74 53 28
2366	7 98 26 70
2367	62 47 27 43
2368	33 21 32 91
2369	9 6 99 3
2370	80 53 44 5
2371	86 89 14 99
2372	77 78 14 1
2373	70 73 4 58
2374	99 38 16 15
2375	1 32 27 72
2376	65 95 62 9
2377	1 23 45 11
2378	23 98 31 66
2379	90 78 8 96
2380	82 85 90 71
2381	57 12 54 92
2382	7 23 84 72
2383	30 18 98 46
2384	39 54 15 34
2385	18 6 12 7
2386	41 48 53 51
2387	89 64 70 27
2388	96 5 66 51
2389	15 57 83 70
2390	9 4 67 38
2391	21 67 79 6
2392	70 34 9 85
2393	21 72 34 22
2394	37 16 100 65
2395	99 77 41 27
2396	84 45 15 42
2397	16 93 91 84
2398	59 99 80 4
2399	43 34 70 33
2400	36 31 88 93
2401	52 14 11 32
2402	94 57 63 74
2403	78 2 23 54
2404	10 6 41 88
2405	63 6 38 48
2406	43 62 48 56
2407	6 100 85 41
2408	40 12 54 24
2409	83 46 55 10
2410	100 72 32 81
2411	3 23 37 76
2412	48 19 18 28
2413	62 78 69 68
2414	89 11 17 56
2415	74 50 85 64
2416	6 71 90 51
2417	59 92 41 43
2418	67 60 28 23
2419	60 95 43 41
2420	67 57 64 5
2421	93 31 20 62
2422	69 76 90 59
2423	73 75 72 9
2424	25 1 64 41
2425	41 30 5 44
2426	56 2 30 50
2427	9 57 94 74
2428	99 34 35 94
2429	19 7 60 95
2430	16 59 12 29
2431	13 33 63 99
2432	96 30 28 99
2433	67 35 11 90
2434	95 53 6 62
2435	78 10 47 64
2436	55 83 22 1
2437	83 93 24 15
2438	78 89 99 61
2439	20 29 84 81
2440	5 17 75 8
2441	84 54 72 9
2442	67 85 30 53
2443	50 89 94 2
2444	25 68 91 42
2445	72 38 42 26
2446	9 54 82 77
2447	100 24 39 77
2448	18 44 78 69
2449	88 11 29 42
2450	35 75 54 63
2451	11 29 36 52
2452	70 24 37 94
2453	53 92 21 79
2454	60 37 75 62
2455	70 58 29 93
2456	85 12 80 88
2457	30 3 91 62
2458	13 9 30 36
2459	38 25 82 6
2460	97 86 23 85
2461	77 2 16 6
2462	61 70 83 12
2463	86 63 15 12
2464	37 31 94 74
2465	90 37 97 60
2466	72 38 63 42
2467	6 74 12 46
2468	100 35 29 5
2469	18 62 20 41
2470	98 35 92 44
2471	18 25 3 32
2472	21 61 22 33
2473	71 7 30 85
2474	43 13 16 2
2475	41 92 49 59
2476	26 20 66 87
2477	69 49 10 99
2478	97 59 42 81
2479	23 80 25 64
2480	76 52 29 55
2481	21 88 49 90
2482	30 17 27 52
2483	1 86 54 88
2484	81 58 76 12
2485	84 90 26 37
2486	2 85 93 13
2487	37 86 7 38
2488	88 23 68 83
2489	97 29 85 66
2490	40 37 47 64
2491	48 80 97 74
2492	76 14 92 6
2493	89 44 79 52
2494	85 76 46 71
2495	34 36 10 3
2496	10 62 15 50
2497	20 85 7 37
2498	27 19 39 12
2499	86 4 53 45
2500	38 43 59 92
2501	88 24 84 63
2502	62 72 59 12
2503	98 6 34 12
2504	28 25 39 62
2505	9 47 98 43
2506	44 40 72 92
2507	40 7 75 9
2508	87 55 19 12
2509	77 56 54 18
2510	33 86 85 94
2511	60 39 36 43
2512	5 83 67 30
2513	43 16 83 36
2514	36 75 58 12
2515	27 11 12 18
2516	64 20 60 99
2517	23 84 72 4
2518	84 100 70 41
2519	28 3 100 74
2520	76 92 68 15
2521	34 73 42 43
2522	53 94 68 98
2523	4 59 52 86
2524	87 90 35 88
2525	88 30 10 58
2526	63 51 41 39
2527	59 13 9 78
2528	27 7 72 93
2529	78 56 49 6
2530	100 18 7 32
2531	61 36 17 10
2532	12 80 83 37
2533	9 37 86 21
2534	74 1 39 21
2535	83 69 55 96
2536	8 72 63 84
2537	96 64 20 33
2538	32 16 87 28
2539	26 6 37 12
2540	16 81 23 41
2541	57 73 68 25
2542	60 65 44 50
2543	87 61 4 63
2544	14 31 89 99
2545	72 69 79 20
2546	42 55 67 39
2547	98 2 20 11
2548	30 26 47 31
2549	96 33 71 24
2550	50 62 90 79
2551	81 28 16 21
2552	63 64 29 3
2553	81 89 57 10
2554	69 88 44 79
2555	38 43 71 72
2556	10 3 78 93
2557	26 14 48 68
2558	33 83 32 45
2559	45 66 22 9
2560	53 38 51 31
2561	61 21 59 77
2562	43 35 34 1
2563	36 63 40 66
2564	13 32 52 98
2565	40 44 49 76
2566	40 38 61 95
2567	7 24 71 75
2568	98 93 56 84
2569	4 40 64 29
2570	23 77 85 95
2571	89 100 47 41
2572	30 81 15 39
2573	98 94 22 59
2574	30 26 82 78
2575	51 68 7 87
2576	18 40 67 29
2577	36 80 89 10
2578	7 95 10 79
2579	43 58 36 84
2580	92 20 63 38
2581	26 23 14 94
2582	19 87 69 12
2583	10 22 59 29
2584	59 3 88 63
2585	16 90 86 37
2586	39 52 17 28
2587	61 19 43 62
2588	60 14 64 45
2589	47 1 87 83
2590	20 54 40 89
2591	61 2 41 37
2592	72 41 9 92
2593	78 100 73 45
2594	86 96 13 79
2595	89 27 78 10
2596	44 64 61 84
2597	44 68 51 40
2598	73 69 24 61
2599	100 42 6 69
2600	45 91 84 41
2601	98 89 81 70
2602	85 31 11 87
2603	95 43 99 4
2604	86 51 60 35
2605	58 51 96 66
2606	10 18 83 37
2607	18 80 77 50
2608	38 84 34 96
2609	92 60 82 78
2610	40 75 61 76
2611	6 78 58 17
2612	41 99 22 89
2613	89 73 74 3
2614	27 100 53 23
2615	76 22 45 26
2616	51 40 65 42
2617	5 92 34 83
2618	81 34 100 8
2619	13 42 53 82
2620	33 88 5 8
2621	7 62 73 15
2622	79 61 41 20
2623	32 71 27 35
2624	5 15 79 63
2625	62 14 45 52
2626	6 92 71 35
2627	74 90 30 72
2628	91 11 93 46
2629	100 33 41 59
2630	41 16 36 90
2631	62 30 45 14
2632	97 31 1 48
2633	26 15 82 67
2634	39 45 47 84
2635	27 23 50 26
2636	41 57 82 27
2637	46 3 84 98
2638	44 90 35 50
2639	93 32 59 14
2640	96 5 29 31
2641	97 40 60 9
2642	35 22 65 53
2643	49 44 40 90
2644	61 29 38 68
2645	93 22 99 21
2646	4 38 97 96
2647	94 34 19 33
2648	32 99 69 17
2649	88 21 89 9
2650	81 28 74 71
2651	49 60 83 3
2652	25 53 78 14
2653	94 44 27 18
2654	77 10 20 82
2655	33 69 23 28
2656	34 20 32 48
2657	26 100 69 23
2658	9 94 74 66
2659	20 6 65 86
2660	55 85 56 29
2661	86 18 72 23
2662	81 35 66 25
2663	18 30 73 5
2664	26 58 94 37
2665	61 17 95 44
2666	14 44 75 2
2667	26 37 61 76
2668	39 20 5 4
2669	19 84 53 17
2670	36 77 1 73
2671	88 60 25 24
2672	61 17 73 100
2673	80 40 67 29
2674	85 67 32 83
2675	34 68 69 99
2676	82 63 70 62
2677	98 30 37 97
2678	48 41 17 36
2679	62 34 92 36
2680	7 6 34 10
2681	53 70 58 2
2682	96 72 73 95
2683	4 6 2 60
2684	39 21 83 99
2685	5 70 27 93
2686	59 12 86 20
2687	55 61 42 12
2688	4 76 77 47
2689	69 50 99 8
2690	41 85 62 18
2691	84 78 50 23
2692	58 61 83 52
2693	9 37 34 69
2694	10 95 76 18
2695	24 34 58 13
2696	78 65 91 83
2697	60 50 56 14
2698	99 20 10 69
2699	82 95 56 97
2700	41 70 24 68
2701	21 13 5 31
2702	74 44 75 11
2703	5 46 66 52
2704	67 21 8 99
2705	95 98 16 14
2706	66 36 39 67
2707	86 78 63 76
2708	28 56 4 53
2709	18 38 12 39
2710	14 52 35 50
2711	20 59 9 53
2712	72 79 78 43
2713	100 36 55 53
2714	20 15 25 32
2715	95 7 68 31
2716	37 67 97 1
2717	1 93 11 8
2718	92 84 48 68
2719	28 46 10 61
2720	52 76 59 41
2721	47 1 84 89
2722	16 20 6 76
2723	91 62 79 99
2724	40 47 74 95
2725	4 70 96 46
2726	31 44 81 99
2727	36 51 78 35
2728	78 19 2 22
2729	36 68 87 3
2730	5 41 87 14
2731	26 57 66 2
2732	32 8 28 48
2733	36 58 95 32
2734	24 61 33 80
2735	71 84 58 38
2736	59 98 32 2
2737	44 94 75 56
2738	96 9 78 71
2739	59 26 58 10
2740	33 8 57 31
2741	41 61 76 89
2742	24 43 90 41
2743	27 12 58 44
2744	4 83 43 56
2745	67 5 43 63
2746	16 74 61 56
2747	22 13 56 80
2748	26 8 41 39
2749	65 57 13 82
2750	14 95 72 62
2751	44 46 12 49
2752	82 51 67 36
2753	37 43 49 6
2754	27 44 55 26
2755	12 95 55 40
2756	3 20 100 10
2757	88 48 83 66
2758	93 86 57 34
2759	87 82 89 19
2760	64 61 99 20
2761	93 4 73 55
2762	97 25 3 83
2763	43 48 82 27
2764	95 90 66 67
2765	1 99 10 81
2766	100 49 82 81
2767	31 9 79 88
2768	85 99 5 67
2769	41 19 87 65
2770	12 20 79 34
2771	71 90 68 34
2772	94 77 9 57
2773	84 46 3 5
2774	52 47 92 14
2775	72 79 23 63
2776	42 34 40 51
2777	4 94 99 78
2778	28 18 47 78
2779	48 7 87 92
2780	90 9 89 44
2781	30 97 33 83
2782	56 55 1 62
2783	55 10 34 4
2784	79 95 81 17
2785	80 61 40 5
2786	13 79 19 11
2787	3 83 57 37
2788	38 23 67 33
2789	84 70 23 35
2790	68 26 85 48
2791	58 54 92 73
2792	4 7 30 50
2793	2 45 82 100
2794	12 65 5 55
2795	11 82 49 43
2796	95 61 92 83
2797	13 46 85 6
2798	96 13 78 37
2799	96 100 19 16
2800	89 35 85 78
2801	48 98 25 26
2802	58 23 92 7
2803	2 13 76 46
2804	92 29 30 17
2805	91 14 59 12
2806	64 57 37 48
2807	82 40 71 35
2808	95 64 100 57
2809	64 16 59 52
2810	100 15 99 42
2811	11 4 70 31
2812	13 76 96 63
2813	70 78 79 51
2814	32 25 68 29
2815	80 89 13 20
2816	12 72 54 13
2817	93 1 57 17
2818	84 23 89 98
2819	23 46 54 93
2820	86 17 28 74
2821	24 32 12 14
2822	44 16 22 10
2823	61 91 23 42
2824	39 47 1 29
2825	18 22 72 85
2826	91 84 38 80
2827	48 14 23 33
2828	53 34 82 42
2829	73 95 51 36
2830	35 52 71 51
2831	4 40 100 9
2832	50 95 94 61
2833	35 45 30 17
2834	83 31 5 21
2835	79 14 56 41
2836	83 19 82 74
2837	72 82 26 62
2838	90 43 50 28
2839	84 100 99 29
2840	5 71 69 87
2841	83 86 48 73
2842	44 58 87 68
2843	10 34 9 2
2844	78 56 87 24
2845	49 64 42 2
2846	7 71 28 43
2847	7 54 41 1
2848	18 37 3 62
2849	8 48 64 70
2850	64 99 10 88
2851	55 80 52 70
2852	65 84 83 8
2853	3 69 88 98
2854	93 79 77 69
2855	95 45 87 91
2856	60 10 41 77
2857	9 27 86 39
2858	15 53 95 58
2859	80 56 84 60
2860	4 20 62 66
2861	27 86 58 77
2862	43 80 87 57
2863	2 41 59 7
2864	23 42 76 43
2865	19 1 34 75
2866	57 49 45 79
2867	80 99 97 33
2868	31 23 94 68
2869	86 99 17 58
2870	11 30 93 2
2871	90 72 55 16
2872	5 42 19 39
2873	15 17 48 58
2874	12 81 36 47
2875	94 8 92 47
2876	4 97 2 39
2877	30 14 98 99
2878	83 30 99 10
2879	97 25 38 61
2880	40 18 30 53
2881	81 97 30 54
2882	36 33 87 20
2883	58 81 39 60
2884	73 71 74 89
2885	48 88 90 98
2886	55 93 16 24
2887	32 91 62 69
2888	52 84 12 25
2889	72 32 71 80
2890	76 32 71 100
2891	41 8 59 20
2892	44 97 84 10
2893	45 55 96 1
2894	36 45 28 77
2895	82 20 97 45
2896	86 97 66 93
2897	84 51 42 41
2898	83 100 75 65
2899	92 84 86 76
2900	90 53 9 57
2901	23 97 96 70
2902	23 40 59 29
2903	82 12 30 53
2904	72 16 53 73
2905	70 6 47 11
2906	82 83 100 43
2907	64 3 61 63
2908	5 50 21 84
2909	70 49 88 80
2910	57 23 83 7
2911	47 95 19 78
2912	5 16 83 75
2913	38 24 47 46
2914	21 85 40 81
2915	4 80 8 26
2916	81 99 72 80
2917	39 5 47 96
2918	29 92 90 64
2919	66 38 71 5
2920	83 72 94 6
2921	95 51 85 61
2922	39 42 9 94
2923	87 7 25 31
2924	38 33 75 4
2925	14 41 85 62
2926	21 22 69 75
2927	30 63 1 55
2928	85 24 74 8
2929	11 96 49 75
2930	89 98 15 9
2931	74 18 27 73
2932	12 40 42 2
2933	15 70 4 9
2934	18 53 63 31
2935	31 95 27 55
2936	2 53 27 82
2937	22 55 33 3
2938	72 12 59 13
2939	68 51 4 3
2940	28 19 88 49
2941	48 96 60 20
2942	86 15 85 82
2943	68 43 48 94
2944	2 85 75 29
2945	90 21 17 51
2946	69 25 18 12
2947	70 77 24 12
2948	86 24 49 53
2949	43 50 49 60
2950	59 23 52 64
2951	16 18 91 63
2952	14 57 59 90
2953	33 60 26 49
2954	31 84 29 51
2955	44 67 83 30
2956	48 36 78 13
2957	48 79 59 29
2958	54 46 8 26
2959	20 16 2 48
2960	5 15 93 100
2961	22 96 57 69
2962	7 72 79 40
2963	89 11 90 8
2964	84 50 71 70
2965	24 87 60 32
2966	37 44 60 45
2967	8 12 50 18
2968	86 82 95 98
2969	95 54 35 98
2970	80 14 82 42
2971	16 89 90 28
2972	69 55 41 76
2973	28 42 33 23
2974	87 96 47 93
2975	47 80 24 95
2976	84 58 31 93
2977	95 72 33 8
2978	13 88 10 49
2979	10 34 42 47
2980	69 78 100 50
2981	65 94 14 60
2982	69 48 23 68
2983	78 84 38 75
2984	15 40 45 60
2985	59 84 49 68
2986	51 73 36 24
2987	56 28 62 53
2988	12 37 55 67
2989	35 90 3 40
2990	83 41 61 23
2991	43 35 24 81
2992	58 87 34 2
2993	19 38 72 61
2994	43 21 18 87
2995	80 76 77 82
2996	77 70 56 97
2997	42 7 67 63
2998	71 42 65 64
2999	60 54 11 78
3000	73 11 34 55
