Students	5000
1	66 49 58 74
2	52 26 50 48
3	73 80 39 96
4	76 75 40 86
5	97 51 98 55
6	65 80 52 77
7	30 91 16 74
8	5 95 62 22
9	86 79 3 22
10	52 58 12 43
11	39 64 54 11
12	76 89 8 11
13	83 28 59 45
14	78 87 22 29
15	99 19 36 12
16	28 91 58 32
17	77 21 97 54
18	60 22 27 26
19	82 74 51 17
20	92 71 99 82
21	77 88 32 4
22	60 89 47 64
23	96 83 1 77
24	59 3 31 25
25	62 78 64 3
26	54 18 69 71
27	25 65 93 72
28	53 18 1 11
29	32 50 40 56
30	24 37 35 92
31	40 44 12 6
32	24 40 46 51
33	54 44 97 23
34	40 55 44 16
35	68 8 72 97
36	33 54 23 71
37	58 50 85 93
38	44 76 57 70
39	84 65 83 44
40	6 71 30 83
41	88 35 14 5
42	42 61 49 93
43	18 59 40 93
44	93 95 16 19
45	21 29 79 94
46	18 66 36 94
47	13 36 93 69
48	47 6 64 95
49	99 18 38 34
50	74 33 69 61
51	47 87 98 39
52	7 89 29 98
53	86 4 72 83
54	43 3 37 42
55	67 48 58 77
56	45 36 57 26
57	49 35 51 60
58	62 51 80 28
59	62 51 99 76
60	1 80 14 18
61	35 8 37 75
62	11 20 58 97
63	88 31 47 68
64	3 90 61 48
65	81 76 77 79
66	19 6 80 22
67	33 11 47 2
68	93 8 22 89
69	39 98 3 92
70	73 83 70 40
71	46 42 64 65
72	92 31 39 69
73	38 37 33 83
74	23 52 4 45
75	99 58 57 27
76	3 9 32 89
77	71 68 81 35
78	32 63 28 4
79	13 48 9 100
80	65 23 39 86
81	29 63 80 37
82	24 38 39 23
83	39 5 38 86
84	34 48 93 21
85	96 4 35 26
86	29 13 2 97
87	3 59 82 49
88	40 65 15 24
89	42 61 82 53
90	66 81 1 46
91	97 65 72 2
92	47 97 90 12
93	27 81 71 64
94	2 39 46 11
95	74 70 10 38
96	19 96 54 53
97	80 32 91 65
98	89 7 50 22
99	54 75 53 33
100	97 77 88 74
101	40 26 94 29
102	37 28 97 73
103	42 82 20 91
104	93 2 26 54
105	15 13 5 64
106	62 53 80 91
107	38 79 91 72
108	38 67 23 4
109	1 10 37 86
110	35 87 93 69
111	57 2 42 46
112	9 38 8 14
113	43 22 38 41
114	1 49 12 85
115	18 66 44 34
116	52 44 37 8
117	64 53 35 73
118	57 62 81 60
119	61 65 29 48
120	57 21 60 73
121	32 66 44 8
122	91 97 1 92
123	75 81 52 58
124	50 80 45 27
125	88 100 33 24
126	79 66 34 80
127	21 28 73 69
128	65 63 34 19
129	47 94 91 90
130	64 65 41 40
131	87 27 56 62
132	100 26 55 8
133	49 40 18 9
134	63 32 37 92
135	62 68 52 76
136	98 69 78 23
137	5 91 86 96
138	66 79 61 72
139	87 48 55 18
140	53 5 90 23
141	76 33 86 74
142	88 57 29 18
143	91 44 85 6
144	72 60 81 92
145	44 96 32 70
146	40 85 45 21
147	8 1 49 15
148	37 16 81 11
149	98 57 72 14
150	93 80 57 86
151	13 95 6 79
152	96 8 75 92
153	28 95 91 93
154	34 69 2 72
155	67 12 96 11
156	11 47 69 28
157	92 21 64 8
158	98 82 40 20
159	47 1 72 43
160	89 88 43 66
161	72 90 1 89
162	9 79 33 82
163	92 82 9 39
164	41 54 51 18
165	7 15 86 27
166	93 46 63 91
167	34 85 66 13
168	94 81 15 45
169	57 32 42 99
170	13 71 74 51
171	84 13 55 36
172	86 24 50 95
173	4 48 28 69
174	46 65 67 34
175	45 56 26 67
176	12 35 42 86
177	85 37 43 44
178	33 99 68 88
179	82 6 14 30
180	73 2 77 28
181	44 25 10 64
182	30 22 36 2
183	18 25 66 39
184	4 22 15 74
185	44 78 12 66
186	53 4 71 79
187	60 9 14 98
188	41 67 35 89
189	22 50 5 32
190	100 68 57 79
191	56 33 8 7
192	25 97 85 87
193	55 90 41 91
194	51 20 58 15
195	3 61 5 51
196	84 62 74 61
197	41 47 84 2
198	69 57 93 25
199	17 30 66 40
200	51 64 86 43
201	50 91 33 78
202	53 42 1 88
203	24 81 89 78
204	68 69 53 5
205	54 53 50 99
206	84 24 77 27
207	76 43 85 96
208	57 58 32 3
209	80 65 11 67
210	62 55 61 34
211	77 45 99 94
212	68 2 31 37
213	80 64 52 85
214	12 53 22 97
215	45 6 32 38
216	12 44 63 89
217	72 32 97 43
218	95 7 99 25
219	15 40 2 64
220	58 98 50 79
221	94 96 21 14
222	78 81 29 50
223	34 86 79 36
224	26 66 6 63
225	24 20 64 82
226	87 73 79 32
227	98 80 18 4
228	80 72 68 6
229	40 25 60 14
230	31 4 21 73
231	36 19 14 63
232	26 4 99 14
233	40 86 20 46
234	38 12 14 16
235	48 74 96 36
236	67 5 64 24
237	88 30 63 1
238	19 66 31 39
239	36 47 5 44
240	45 12 88 36
241	15 43 31 63
242	49 13 41 14
243	47 65 6 46
244	86 38 26 11
245	55 45 100 13
246	41 14 38 25
247	28 87 25 20
248	21 22 94 23
249	97 59 4 58
250	61 44 86 69
251	34 12 52 3
252	97 19 11 51
253	30 88 32 22
254	8 11 28 98
255	96 84 79 25
256	48 62 27 30
257	99 51 84 48
258	67 62 64 59
259	5 70 98 11
260	28 46 8 25
261	43 82 15 84
262	19 84 98 63
263	69 75 47 96
264	70 55 64 45
265	20 74 31 8
266	57 49 32 39
267	99 40 92 37
268	9 22 3 57
269	33 93 63 51
270	59 96 26 18
271	59 80 19 99
272	96 31 14 1
273	40 24 33 51
274	44 87 89 48
275	6 7 9 92
276	59 68 11 90
277	11 4 86 18
278	52 70 58 9
279	25 79 37 16
280	15 93 98 55
281	86 48 91 6
282	9 78 22 66
283	16 46 68 97
284	35 59 42 50
285	78 68 64 19
286	74 44 89 45
287	84 26 40 25
288	34 27 21 64
289	82 93 77 53
290	61 31 77 75
291	93 62 53 86
292	45 84 85 75
293	88 3 79 24
294	42 44 35 70
295	55 54 76 43
296	80 95 87 45
297	8 12 97 14
298	34 25 27 54
299	94 54 4 51
300	25 81 18 40
301	2 35 28 37
302	55 11 34 10
303	17 58 49 27
304	50 80 85 14
305	15 38 93 16
306	69 100 19 8
307	48 98 62 87
308	51 80 88 71
309	53 55 2 70
310	94 23 67 2
311	30 44 52 86
312	4 59 96 81
313	66 54 70 88
314	28 53 93 96
315	74 53 9 72
316	10 70 54 48
317	81 25 91 87
318	68 51 77 91
319	65 87 9 63
320	78 66 31 88
321	46 61 5 47
322	69 77 76 60
323	15 20 8 80
324	57 55 92 48
325	60 87 58 88
326	53 10 23 98
327	94 96 70 95
328	80 26 9 52
329	54 34 68 31
330	30 57 50 35
331	20 19 24 87
332	67 71 36 66
333	57 50 93 39
334	70 89 69 31
335	82 87 84 17
336	9 65 74 53
337	20 75 9 27
338	12 58 10 99
339	38 93 82 96
340	45 65 4 26
341	97 35 11 48
342	50 30 3 61
343	67 56 61 18
344	53 88 17 98
345	98 42 16 61
346	44 86 87 97
347	59 68 1 10
348	57 66 7 67
349	33 87 70 19
350	7 37 80 49
351	85 60 59 16
352	20 38 53 46
353	53 95 32 19
354	49 36 83 19
355	71 67 60 15
356	45 42 22 21
357	34 77 31 1
358	92 82 54 59
359	73 46 47 49
360	26 15 67 82
361	5 31 84 93
362	36 21 15 23
363	70 69 1 27
364	86 95 10 31
365	36 95 18 27
366	85 54 96 3
367	6 5 7 90
368	54 96 81 34
369	36 72 22 96
370	97 69 74 53
371	74 72 56 77
372	64 69 96 22
373	81 13 69 98
374	93 92 21 29
375	85 31 20 84
376	39 1 25 7
377	69 15 91 81
378	44 31 14 32
379	68 36 90 71
380	24 9 82 39
381	49 82 20 60
382	65 29 90 24
383	73 60 90 44
384	91 56 9 89
385	15 30 74 3
386	83 15 13 97
387	37 51 27 31
388	55 48 6 33
389	25 68 50 93
390	75 52 53 34
391	62 72 44 73
392	83 59 23 84
393	85 54 38 16
394	24 1 10 70
395	59 23 84 55
396	85 25 100 75
397	12 86 93 80
398	19 37 57 8
399	20 11 71 48
400	79 84 46 74
401	63 26 56 6
402	15 43 87 54
403	57 24 73 74
404	41 66 49 89
405	51 7 31 66
406	63 60 92 75
407	12 43 92 4
408	85 80 62 11
409	93 57 44 42
410	69 85 88 97
411	11 57 19 60
412	28 22 89 69
413	64 72 55 31
414	64 23 96 80
415	33 4 22 85
416	24 15 98 28
417	36 91 6 33
418	70 54 15 55
419	10 36 77 88
420	99 63 40 43
421	72 12 85 98
422	69 63 15 84
423	73 49 91 5
424	69 87 19 98
425	70 20 30 23
426	72 69 67 76
427	19 85 24 60
428	51 43 18 33
429	54 26 41 21
430	64 30 14 59
431	28 81 56 72
432	56 9 25 75
433	37 92 28 55
434	57 84 19 23
435	56 19 51 59
436	20 98 46 87
437	16 10 42 75
438	58 51 86 42
439	14 11 45 97
440	48 6 62 41
441	53 17 56 44
442	83 42 87 90
443	87 54 73 71
444	59 55 76 60
445	73 68 32 92
446	91 88 61 57
447	71 86 31 18
448	39 13 78 80
449	30 29 82 81
450	38 79 87 65
451	18 77 94 34
452	9 64 51 47
453	44 51 39 67
454	20 34 51 91
455	53 97 43 6
456	30 40 55 51
457	54 41 85 58
458	62 91 73 100
459	99 2 88 85
460	92 34 75 90
461	71 19 41 95
462	14 58 90 33
463	68 74 86 19
464	84 52 31 47
465	67 9 8 81
466	40 88 61 100
467	6 67 31 45
468	70 11 52 41
469	50 5 96 59
470	2 28 64 73
471	64 88 51 27
472	83 20 69 41
473	5 19 39 61
474	4 16 99 47
475	67 33 8 20
476	38 60 100 87
477	97 91 55 65
478	58 93 67 87
479	83 68 19 28
480	61 97 11 79
481	86 91 39 4
482	66 92 18 33
483	84 80 60 74
484	45 98 83 61
485	84 43 95 69
486	25 47 67 49
487	26 50 64 29
488	45 62 31 10
489	99 42 15 48
490	17 22 34 55
491	45 16 65 14
492	89 60 54 98
493	89 30 42 63
494	96 43 32 68
495	92 19 13 93
496	81 99 65 80
497	46 81 3 14
498	46 98 92 71
499	44 78 51 90
500	71 93 85 37
501	68 86 3 26
502	81 25 70 27
503	84 85 36 33
504	24 51 38 28
505	100 86 43 67
506	49 60 10 41
507	99 63 85 21
508	81 79 83 67
509	81 69 51 89
510	14 24 22 27
511	71 73 57 59
512	53 69 100 31
513	71 79 54 18
514	89 81 96 100
515	70 33 42 45
516	9 35 11 37
517	92 16 90 63
518	46 78 63 7
519	96 65 4 85
520	11 25 5 83
521	55 81 4 6
522	12 47 96 46
523	39 80 64 81
524	86 100 95 12
525	57 65 15 96
526	91 30 54 51
527	2 47 23 36
528	69 92 65 8
529	46 59 16 61
530	5 61 39 11
531	44 94 22 50
532	70 89 14 76
533	28 8 55 1
534	40 23 55 68
535	77 73 68 35
536	10 36 49 7
537	56 43 85 23
538	50 82 93 85
539	63 85 18 71
540	66 70 94 20
541	94 60 27 79
542	79 95 77 66
543	38 19 89 23
544	3 55 64 98
545	34 14 12 61
546	85 64 84 27
547	49 20 6 56
548	43 91 28 31
549	85 14 84 19
550	45 77 48 25
551	65 91 80 63
552	8 24 12 18
553	66 58 78 6
554	16 60 42 5
555	37 7 70 100
556	48 15 73 30
557	10 65 50 21
558	89 36 52 11
559	45 29 15 1
560	77 39 62 69
561	55 42 12 96
562	2 25 19 20
563	37 39 13 14
564	58 80 21 99
565	96 98 7 61
566	80 2 73 45
567	31 29 30 52
568	1 73 82 51
569	22 93 62 3
570	51 39 63 68
571	25 23 39 33
572	57 100 61 11
573	40 37 59 41
574	42 79 15 70
575	22 44 48 8
576	84 91 45 46
577	97 49 57 10
578	8 80 73 4
579	96 72 54 3
580	4 19 25 3
581	22 14 62 3
582	37 91 38 22
583	30 8 26 78
584	11 41 69 58
585	38 32 69 64
586	8 26 13 55
587	58 12 9 77
588	39 57 29 61
589	49 25 67 41
590	100 52 68 45
591	49 23 74 47
592	38 46 44 80
593	32 14 38 93
594	54 7 26 1
595	52 53 91 64
596	18 44 6 100
597	26 33 74 99
598	87 90 17 31
599	48 84 88 6
600	45 51 31 46
601	95 43 8 63
602	12 52 98 86
603	53 96 19 8
604	72 90 1 86
605	9 12 49 74
606	51 4 14 48
607	22 80 67 97
608	8 81 84 91
609	77 62 63 51
610	92 94 80 77
611	28 67 78 39
612	56 67 21 50
613	77 67 11 71
614	7 83 57 92
615	45 68 40 5
616	35 29 45 34
617	47 58 35 37
618	33 85 25 53
619	71 85 37 22
620	7 29 45 23
621	80 56 51 27
622	20 96 53 15
623	51 29 80 26
624	1 28 53 12
625	32 33 72 63
626	11 32 45 28
627	57 75 4 28
628	63 84 27 39
629	31 70 84 43
630	77 28 19 17
631	34 9 46 79
632	97 9 26 21
633	51 41 83 71
634	85 26 32 50
635	20 66 24 60
636	14 85 17 76
637	85 22 100 90
638	92 58 81 87
639	51 94 26 41
640	86 83 25 30
641	65 48 86 68
642	43 70 16 29
643	81 47 38 98
644	95 96 9 49
645	41 78 42 38
646	97 21 51 29
647	59 6 60 81
648	31 80 28 64
649	3 28 24 1
650	42 59 60 16
651	45 86 4 61
652	76 88 31 52
653	17 89 51 43
654	44 65 98 49
655	75 63 62 23
656	81 14 84 11
657	19 47 96 12
658	49 12 76 10
659	81 48 84 70
660	14 96 22 39
661	63 49 44 76
662	42 80 82 88
663	45 73 26 46
664	52 44 81 87
665	36 7 41 48
666	27 20 32 29
667	40 79 34 8
668	25 90 60 83
669	82 22 69 37
670	73 64 91 45
671	74 17 80 96
672	53 75 97 3
673	99 74 26 92
674	46 31 90 2
675	62 97 75 89
676	24 19 87 70
677	92 98 86 9
678	35 56 43 48
679	68 60 21 38
680	4 50 58 93
681	10 64 82 51
682	24 55 28 30
683	14 40 68 13
684	84 66 78 70
685	91 12 23 69
686	8 91 22 35
687	54 98 17 94
688	81 78 44 88
689	18 44 60 96
690	10 92 66 22
691	32 54 41 66
692	2 44 70 94
693	59 87 16 30
694	88 91 3 73
695	75 66 29 76
696	14 91 97 34
697	45 47 25 77
698	38 63 31 99
699	13 45 9 49
700	35 29 27 85
701	92 62 48 63
702	61 84 92 29
703	42 10 37 98
704	89 9 3 81
705	5 11 20 9
706	99 43 54 2
707	83 89 56 40
708	66 55 24 78
709	20 53 38 36
710	41 81 4 28
711	9 32 44 27
712	46 66 2 78
713	83 66 13 40
714	40 34 63 28
715	96 80 59 83
716	45 49 50 33
717	10 57 5 43
718	3 54 69 10
719	43 25 12 52
720	60 84 72 59
721	18 93 34 53
722	48 28 59 87
723	77 44 39 22
724	35 64 28 10
725	91 62 86 7
726	64 50 5 21
727	97 5 55 62
728	80 56 4 87
729	34 59 54 46
730	99 5 79 73
731	59 82 6 2
732	91 21 77 22
733	63 98 67 88
734	73 41 71 70
735	21 9 70 39
736	65 44 40 45
737	14 52 65 76
738	96 35 62 47
739	21 59 4 8
740	89 40 88 19
741	19 47 51 4
742	47 27 65 12
743	89 40 80 68
744	26 2 80 42
745	28 69 96 3
746	47 4 85 2
747	33 59 24 2
748	45 73 98 57
749	49 13 19 28
750	95 80 74 84
751	39 64 78 14
752	62 95 55 80
753	36 47 23 53
754	35 63 92 5
755	89 5 29 57
756	2 64 54 43
757	30 50 53 26
758	96 63 57 98
759	84 10 27 74
760	23 75 79 14
761	75 60 73 1
762	42 7 16 9
763	19 54 51 82
764	22 100 11 2
765	89 50 5 17
766	96 13 75 63
767	27 82 30 16
768	55 17 25 80
769	38 42 5 10
770	59 88 80 44
771	23 64 35 90
772	11 1 18 9
773	70 91 45 78
774	95 39 52 64
775	51 17 35 96
776	60 88 89 23
777	78 54 51 35
778	51 15 78 14
779	90 83 75 22
780	47 76 43 75
781	45 81 10 79
782	53 41 75 70
783	31 54 17 24
784	5 19 79 1
785	20 14 71 83
786	82 98 51 24
787	84 29 52 63
788	94 12 44 73
789	3 42 67 47
790	89 19 14 10
791	4 3 88 66
792	75 13 72 14
793	68 85 100 67
794	59 5 88 34
795	55 48 53 73
796	94 15 53 48
797	81 27 14 5
798	91 73 1 11
799	34 39 82 30
800	84 12 46 1
801	33 17 14 45
802	77 7 59 18
803	93 75 64 29
804	22 33 7 93
805	76 49 75 71
806	58 61 57 4
807	9 76 25 43
808	19 95 74 29
809	33 88 80 68
810	35 72 74 66
811	24 43 3 87
812	98 3 47 27
813	67 52 73 31
814	81 49 86 91
815	45 34 65 63
816	89 30 90 83
817	10 82 16 9
818	54 75 10 80
819	64 38 4 60
820	25 91 52 38
821	6 87 74 2
822	29 61 62 37
823	23 85 58 53
824	86 27 41 46
825	50 91 13 84
826	44 69 1 91
827	74 71 23 45
828	100 77 18 79
829	90 55 27 39
830	71 37 60 41
831	19 11 100 55
832	17 42 33 77
833	56 86 16 76
834	76 30 31 91
835	81 52 14 58
836	12 66 73 49
837	20 70 41 9
838	51 87 1 70
839	87 12 61 37
840	53 24 69 87
841	58 76 25 87
842	15 72 82 44
843	29 61 76 12
844	4 47 100 61
845	67 90 27 3
846	47 39 24 89
847	93 88 73 11
848	37 98 54 85
849	57 78 75 4
850	84 16 89 93
851	65 82 17 84
852	20 38 44 82
853	88 8 90 14
854	17 27 98 72
855	41 24 16 74
856	67 22 16 8
857	35 64 70 11
858	3 97 100 73
859	83 84 15 25
860	84 61 42 37
861	29 2 27 70
862	23 15 10 78
863	15 67 12 54
864	29 31 58 49
865	70 77 86 35
866	70 51 31 67
867	58 57 41 60
868	61 44 17 87
869	47 98 49 84
870	90 20 24 15
871	85 36 1 56
872	40 85 79 81
873	33 2 70 100
874	20 70 74 48
875	24 66 45 25
876	86 94 63 55
877	41 58 6 63
878	86 22 64 67
879	64 65 33 62
880	41 57 21 62
881	45 24 25 14
882	57 85 74 12
883	31 18 33 36
884	71 11 18 25
885	10 32 95 75
886	68 41 45 36
887	3 6 83 98
888	95 30 57 89
889	76 91 17 62
890	47 86 34 17
891	21 38 68 4
892	81 1 73 13
893	81 2 15 26
894	17 52 27 89
895	24 73 8 93
896	24 8 19 81
897	57 30 32 65
898	6 38 95 92
899	100 6 63 20
900	36 13 48 2
901	44 27 2 64
902	23 59 54 78
903	9 1 26 82
904	24 57 96 10
905	37 76 49 31
906	6 2 69 14
907	84 80 26 25
908	24 94 58 91
909	25 16 40 2
910	33 28 15 42
911	14 39 89 74
912	84 45 30 76
913	89 84 77 67
914	38 64 23 74
915	55 17 95 51
916	63 95 12 77
917	41 51 76 33
918	69 76 83 7
919	63 30 13 83
920	90 26 89 40
921	8 15 91 97
922	11 30 32 69
923	71 92 60 8
924	74 17 12 6
925	5 12 58 14
926	32 90 57 15
927	33 23 71 65
928	35 83 98 51
929	23 54 29 95
930	83 18 43 14
931	15 31 65 33
932	3 12 30 35
933	42 86 44 67
934	49 86 59 36
935	12 18 63 33
936	91 60 18 78
937	30 42 73 50
938	22 56 1 2
939	47 80 22 64
940	77 52 56 84
941	68 19 5 33
942	27 25 53 80
943	66 1 48 37
944	90 66 80 51
945	61 86 95 98
946	50 39 83 30
947	74 18 36 80
948	74 83 88 1
949	21 73 4 52
950	20 68 93 34
951	90 75 22 19
952	66 17 83 64
953	81 100 80 92
954	48 51 5 11
955	37 62 64 57
956	21 54 90 43
957	28 92 90 47
958	55 60 31 40
959	70 44 90 56
960	9 31 3 61
961	89 24 28 43
962	3 93 61 34
963	8 30 68 50
964	100 88 61 21
965	99 13 72 59
966	16 76 49 28
967	38 99 81 85
968	66 69 68 76
969	1 29 2 37
970	66 97 23 9
971	51 79 78 38
972	71 49 88 85
973	90 88 4 34
974	72 63 7 41
975	53 69 33 11
976	25 91 93 82
977	22 98 30 74
978	66 42 17 97
979	83 80 20 9
980	82 40 63 23
981	98 51 20 15
982	2 39 16 8
983	62 78 11 77
984	33 49 27 51
985	99 4 6 77
986	81 44 92 38
987	35 57 6 27
988	76 62 80 4
989	87 65 29 44
990	57 18 37 48
991	30 82 72 18
992	29 96 71 99
993	89 93 19 7
994	59 26 95 55
995	7 3 30 32
996	35 66 3 18
997	26 33 12 97
998	85 16 63 2
999	72 14 31 9
1000	3 53 47 75
1001	48 68 25 15
1002	33 69 46 72
1003	21 82 61 42
1004	46 90 10 66
1005	28 68 97 55
1006	80 30 62 41
1007	63 5 80 48
1008	31 35 25 85
1009	40 88 62 86
1010	39 88 65 50
1011	21 89 34 73
1012	73 3 66 44
1013	72 91 58 55
1014	98 94 47 39
1015	98 26 93 17
1016	10 66 52 7
1017	45 14 90 2
1018	22 19 45 94
1019	66 96 1 79
1020	21 38 82 37
1021	21 91 8 29
1022	56 3 70 72
1023	7 36 65 73
1024	72 5 20 16
1025	36 9 52 49
1026	76 58 18 33
1027	21 49 99 65
1028	19 57 30 79
1029	99 68 87 2
1030	71 92 40 82
1031	82 40 95 10
1032	91 52 6 88
1033	21 52 39 27
1034	45 99 77 92
1035	90 5 16 27
1036	5 75 19 79
1037	43 75 17 87
1038	25 98 74 78
1039	14 52 54 53
1040	76 46 48 28
1041	43 21 100 36
1042	91 77 13 42
1043	58 93 78 16
1044	21 49 57 16
1045	67 92 24 39
1046	49 11 81 27
1047	52 6 47 9
1048	9 80 99 58
1049	34 77 39 92
1050	91 74 88 76
1051	14 82 46 66
1052	35 88 80 25
1053	93 98 49 29
1054	61 22 70 39
1055	53 88 69 27
1056	100 79 35 89
1057	10 82 44 68
1058	30 87 44 86
1059	7 52 25 92
1060	14 2 80 52
1061	91 59 74 53
1062	70 16 35 7
1063	54 4 51 38
1064	18 91 49 41
1065	62 39 57 49
1066	64 94 46 96
1067	37 58 95 61
1068	89 43 83 81
1069	9 62 73 49
1070	95 52 3 69
1071	12 45 71 28
1072	29 90 79 48
1073	28 97 36 80
1074	89 67 83 2
1075	55 90 16 67
1076	64 43 92 93
1077	37 31 21 2
1078	55 73 56 63
1079	65 18 51 98
1080	39 23 76 48
1081	58 81 40 12
1082	76 66 12 80
1083	1 54 16 79
1084	91 30 87 7
1085	28 79 88 66
1086	66 31 84 19
1087	29 47 11 93
1088	90 60 37 16
1089	1 87 62 99
1090	14 89 30 10
1091	2 79 10 1
1092	10 50 9 91
1093	40 13 94 34
1094	11 79 81 33
1095	6 35 75 68
1096	57 46 40 59
1097	28 83 54 65
1098	17 20 67 51
1099	40 57 19 14
1100	80 28 72 77
1101	57 64 32 46
1102	46 72 51 25
1103	55 82 72 79
1104	46 25 40 16
1105	55 48 87 27
1106	92 62 100 15
1107	64 41 15 61
1108	85 92 31 6
1109	59 10 22 43
1110	92 78 20 30
1111	11 96 66 88
1112	67 70 54 27
1113	72 67 84 34
1114	82 80 28 89
1115	69 36 45 93
1116	13 58 32 40
1117	79 30 42 44
1118	16 91 51 36
1119	88 23 33 66
1120	77 61 55 1
1121	64 78 88 56
1122	74 81 76 44
1123	7 31 25 100
1124	80 68 79 49
1125	61 82 14 39
1126	9 59 99 93
1127	78 52 73 62
1128	75 49 90 41
1129	69 84 68 58
1130	21 41 62 12
1131	17 34 68 54
1132	47 97 25 87
1133	37 31 57 1
1134	23 39 59 11
1135	30 7 56 54
1136	85 68 48 6
1137	83 52 25 45
1138	17 48 80 52
1139	83 48 39 93
1140	41 47 27 73
1141	31 11 54 57
1142	50 84 33 2
1143	84 10 94 44
1144	48 53 37 62
1145	41 38 22 51
1146	15 31 79 98
1147	73 1 72 80
1148	80 100 56 75
1149	54 73 61 40
1150	23 84 6 4
1151	6 53 38 73
1152	26 76 24 19
1153	31 35 45 7
1154	11 3 42 96
1155	69 15 22 35
1156	29 9 46 98
1157	32 9 31 73
1158	66 18 88 1
1159	34 41 99 28
1160	99 23 68 42
1161	81 88 65 32
1162	86 42 4 61
1163	48 73 28 80
1164	25 12 38 89
1165	99 30 88 76
1166	96 98 99 29
1167	33 45 99 1
1168	18 87 43 82
1169	97 8 25 37
1170	94 50 5 87
1171	16 33 79 72
1172	78 68 88 62
1173	80 66 36 18
1174	6 7 20 56
1175	31 49 58 55
1176	59 25 41 55
1177	91 16 65 88
1178	54 37 61 53
1179	61 54 31 62
1180	83 94 82 89
1181	89 26 16 64
1182	85 95 72 82
1183	100 18 62 47
1184	16 23 11 1
1185	62 89 35 100
1186	4 82 60 92
1187	71 77 30 47
1188	12 24 14 97
1189	100 82 89 69
1190	15 63 28 19
1191	48 59 92 26
1192	87 91 83 42
1193	57 94 17 73
1194	54 60 6 89
1195	43 12 68 71
1196	38 59 21 86
1197	69 99 5 62
1198	40 75 45 83
1199	87 31 74 44
1200	21 29 6 72
1201	81 17 77 100
1202	20 58 51 64
1203	55 85 95 77
1204	72 50 7 67
1205	15 77 41 80
1206	61 89 42 44
1207	7 46 38 15
1208	48 28 12 99
1209	85 24 25 15
1210	67 89 77 12
1211	53 9 3 19
1212	52 3 65 7
1213	37 96 22 77
1214	3 84 73 19
1215	71 76 80 64
1216	50 8 6 100
1217	25 70 59 14
1218	21 45 75 26
1219	70 73 4 64
1220	52 83 36 97
1221	18 49 21 41
1222	85 9 4 25
1223	82 51 21 29
1224	14 22 21 53
1225	71 27 83 90
1226	36 30 83 59
1227	16 37 95 42
1228	75 9 93 32
1229	66 89 95 57
1230	57 94 98 48
1231	25 20 36 95
1232	44 35 84 14
1233	36 100 9 66
1234	95 19 16 32
1235	81 79 46 69
1236	97 20 7 55
1237	52 30 72 42
1238	80 30 69 87
1239	34 38 32 13
1240	31 5 90 62
1241	36 66 79 33
1242	81 5 57 42
1243	80 89 45 60
1244	70 60 52 29
1245	99 11 1 14
1246	87 78 1 72
1247	98 19 36 54
1248	79 55 33 4
1249	15 85 36 79
1250	84 32 41 50
1251	25 44 27 76
1252	31 91 27 100
1253	80 65 54 15
1254	88 10 66 63
1255	86 23 26 98
1256	24 87 71 60
1257	21 31 40 88
1258	48 49 7 13
1259	70 98 56 77
1260	85 43 42 21
1261	37 9 22 91
1262	57 93 53 90
1263	43 11 87 51
1264	77 91 39 85
1265	54 48 100 39
1266	72 90 95 37
1267	4 14 65 51
1268	57 86 7 6
1269	97 11 21 64
1270	78 85 87 81
1271	52 57 86 14
1272	11 25 27 41
1273	26 14 11 68
1274	96 11 98 33
1275	79 83 12 6
1276	36 52 5 70
1277	53 95 33 74
1278	45 14 49 58
1279	99 16 75 98
1280	58 32 1 78
1281	31 72 39 94
1282	89 31 36 76
1283	66 2 33 79
1284	45 72 76 7
1285	5 24 49 84
1286	52 46 77 3
1287	25 58 11 6
1288	94 25 41 14
1289	54 10 7 95
1290	57 87 3 13
1291	47 81 57 62
1292	32 5 17 76
1293	68 98 44 45
1294	17 2 22 43
1295	26 12 47 80
1296	22 49 87 90
1297	65 78 33 18
1298	43 35 100 23
1299	30 10 68 46
1300	76 33 48 35
1301	44 34 38 61
1302	92 59 47 93
1303	42 87 82 10
1304	76 50 43 54
1305	51 18 52 33
1306	63 95 1 2
1307	17 53 7 8
1308	39 90 80 48
1309	36 100 97 72
1310	63 77 58 40
1311	53 35 34 74
1312	20 32 27 33
1313	83 6 93 34
1314	46 44 76 21
1315	68 50 39 79
1316	58 13 96 9
1317	44 85 84 97
1318	27 64 8 53
1319	11 91 29 59
1320	92 16 86 62
1321	85 28 48 65
1322	14 18 39 45
1323	39 65 33 30
1324	94 86 2 14
1325	47 42 21 9
1326	3 34 41 93
1327	17 96 1 90
1328	85 94 72 74
1329	47 95 88 29
1330	26 85 98 57
1331	85 92 33 55
1332	81 43 89 42
1333	20 78 53 16
1334	94 54 90 61
1335	4 28 39 61
1336	25 33 39 66
1337	60 70 98 34
1338	9 11 16 35
1339	61 22 9 76
1340	12 50 14 56
1341	46 64 14 61
1342	73 64 1 33
1343	39 31 54 10
1344	11 53 68 67
1345	6 53 38 77
1346	86 64 74 36
1347	68 97 35 7
1348	100 73 87 48
1349	98 27 93 10
1350	52 3 81 79
1351	15 81 18 39
1352	76 96 31 42
1353	69 24 37 45
1354	67 82 12 49
1355	84 31 98 18
1356	5 72 19 69
1357	68 58 13 60
1358	43 53 27 90
1359	78 72 81 47
1360	30 21 15 13
1361	92 85 1 40
1362	27 61 2 54
1363	44 91 32 76
1364	78 72 68 77
1365	81 51 21 17
1366	65 75 83 46
1367	41 58 6 72
1368	79 47 57 39
1369	74 63 98 10
1370	36 93 58 89
1371	4 14 66 76
1372	26 55 10 69
1373	91 43 62 63
1374	75 46 4 68
1375	39 6 78 29
1376	74 6 50 17
1377	49 50 12 68
1378	36 42 43 63
1379	78 13 51 16
1380	36 66 32 79
1381	82 28 46 66
1382	99 10 37 83
1383	32 49 92 96
1384	36 5 16 55
1385	17 45 18 70
1386	46 52 36 73
1387	10 28 89 86
1388	23 92 33 65
1389	14 99 28 72
1390	59 65 63 90
1391	88 26 4 66
1392	68 48 79 11
1393	6 65 4 56
1394	23 58 97 48
1395	58 44 29 20
1396	95 72 8 81
1397	67 22 23 6
1398	18 24 72 30
1399	45 17 79 61
1400	23 74 5 42
1401	9 79 65 58
1402	25 20 63 19
1403	96 32 2 66
1404	69 89 56 60
1405	79 92 97 95
1406	3 41 59 23
1407	5 37 60 92
1408	41 7 28 20
1409	48 94 2 97
1410	73 64 97 94
1411	33 53 26 90
1412	93 34 57 4
1413	95 36 64 46
1414	22 37 61 14
1415	99 36 27 78
1416	39 84 37 1
1417	100 3 51 67
1418	88 40 69 14
1419	30 11 77 2
1420	13 93 50 34
1421	36 38 86 59
1422	59 25 77 63
1423	5 29 88 75
1424	79 33 89 14
1425	2 63 56 87
1426	36 11 74 83
1427	37 78 41 90
1428	71 17 28 47
1429	11 17 96 89
1430	72 49 38 96
1431	25 96 20 76
1432	68 38 72 23
1433	19 57 60 36
1434	35 42 3 15
1435	99 19 61 38
1436	82 58 77 90
1437	83 15 29 10
1438	44 43 41 21
1439	9 11 77 60
1440	9 96 21 66
1441	27 13 67 43
1442	93 90 27 37
1443	24 33 28 6
1444	26 44 27 37
1445	49 67 5 96
1446	44 33 34 55
1447	34 64 74 55
1448	13 5 73 29
1449	47 27 50 93
1450	10 75 56 4
1451	36 86 85 39
1452	94 39 58 2
1453	89 26 23 65
1454	15 18 14 19
1455	35 87 93 8
1456	14 43 98 50
1457	15 69 59 45
1458	78 11 82 9
1459	16 65 91 48
1460	16 40 57 89
1461	85 47 12 57
1462	2 82 63 94
1463	8 63 64 100
1464	46 1 94 65
1465	88 31 63 15
1466	5 44 87 28
1467	69 23 7 84
1468	82 16 20 21
1469	68 71 67 77
1470	20 96 39 13
1471	11 2 74 24
1472	99 75 72 7
1473	89 29 78 59
1474	15 62 95 85
1475	25 60 39 78
1476	11 70 40 84
1477	58 43 73 8
1478	65 49 91 52
1479	46 79 2 9
1480	64 62 32 26
1481	56 21 24 35
1482	60 85 66 59
1483	23 65 27 8
1484	68 71 64 15
1485	37 60 11 56
1486	29 70 18 43
1487	12 48 69 95
1488	5 62 43 32
1489	50 67 17 86
1490	46 72 64 82
1491	64 59 8 49
1492	18 43 25 48
1493	27 17 90 62
1494	29 84 69 61
1495	44 56 23 58
1496	58 45 62 50
1497	93 35 57 34
1498	95 16 94 39
1499	31 51 70 17
1500	65 35 95 100
1501	87 38 95 76
1502	14 84 27 12
1503	18 2 12 66
1504	63 58 96 24
1505	78 79 97 68
1506	67 7 3 51
1507	45 30 66 32
1508	22 64 98 88
1509	90 9 50 10
1510	54 58 5 60
1511	72 66 59 54
1512	30 82 46 62
1513	89 6 67 97
1514	94 71 19 69
1515	30 61 26 39
1516	43 84 86 94
1517	19 57 41 10
1518	42 23 10 68
1519	53 93 33 34
1520	69 41 45 74
1521	36 86 61 54
1522	89 69 3 100
1523	57 44 62 43
1524	85 31 70 97
1525	49 65 96 50
1526	59 53 6 91
1527	82 87 49 62
1528	36 92 59 74
1529	23 19 39 28
1530	23 4 7 14
1531	90 56 54 47
1532	53 50 73 48
1533	3 12 48 93
1534	32 61 3 58
1535	43 9 100 50
1536	38 69 9 54
1537	45 11 51 55
1538	52 83 24 26
1539	94 46 25 20
1540	9 17 64 98
1541	99 34 45 51
1542	28 56 1 68
1543	88 16 66 74
1544	49 13 45 41
1545	52 99 40 57
1546	35 60 29 19
1547	72 21 64 81
1548	20 81 84 7
1549	29 23 46 54
1550	71 77 17 29
1551	99 78 14 15
1552	55 78 64 12
1553	34 90 10 4
1554	27 48 10 16
1555	42 18 59 74
1556	86 69 40 29
1557	100 8 2 84
1558	70 65 76 56
1559	93 57 95 87
1560	52 15 58 8
1561	95 64 56 77
1562	27 71 13 8
1563	7 77 47 80
1564	30 32 16 37
1565	77 12 86 91
1566	8 86 34 98
1567	58 80 42 19
1568	86 37 18 63
1569	29 63 30 45
1570	27 19 80 4
1571	8 83 35 22
1572	43 28 82 29
1573	86 23 11 5
1574	21 23 81 89
1575	48 28 8 77
1576	97 39 54 66
1577	42 21 7 98
1578	33 64 11 47
1579	46 25 51 65
1580	68 42 43 26
1581	70 55 40 35
1582	62 73 78 42
1583	25 98 93 46
1584	1 96 99 73
1585	98 86 58 13
1586	53 2 58 54
1587	81 62 50 88
1588	79 7 42 71
1589	52 10 36 45
1590	76 90 6 67
1591	100 56 79 92
1592	11 82 21 24
1593	96 98 68 89
1594	59 41 88 23
1595	63 46 40 41
1596	3 88 70 37
1597	68 72 8 11
1598	1 31 63 29
1599	80 19 41 71
1600	5 61 97 92
1601	67 73 78 96
1602	96 67 85 48
1603	23 91 14 19
1604	88 3 60 42
1605	62 17 59 27
1606	19 44 94 38
1607	35 75 40 10
1608	80 61 9 83
1609	59 19 79 58
1610	35 2 89 17
1611	18 26 47 45
1612	85 27 52 17
1613	69 22 64 56
1614	11 12 14 79
1615	54 37 28 27
1616	6 68 15 67
1617	3 54 67 78
1618	4 60 66 42
1619	78 67 12 80
1620	55 25 50 87
1621	78 71 98 58
1622	21 96 1 35
1623	31 20 48 30
1624	81 69 80 67
1625	95 79 33 94
1626	38 72 74 70
1627	11 42 16 43
1628	65 35 23 86
1629	53 26 14 81
1630	45 28 23 87
1631	47 15 52 31
1632	66 51 75 89
1633	51 43 35 3
1634	27 68 3 2
1635	22 18 46 97
1636	34 36 41 14
1637	42 76 37 33
1638	82 88 55 100
1639	18 2 44 98
1640	77 4 74 27
1641	22 4 78 3
1642	29 83 28 62
1643	8 37 94 97
1644	71 59 89 54
1645	19 81 87 38
1646	52 45 95 7
1647	40 34 99 17
1648	33 69 67 27
1649	87 46 55 84
1650	78 51 22 95
1651	81 41 92 19
1652	31 45 68 72
1653	43 92 58 90
1654	67 85 24 5
1655	83 34 73 64
1656	77 2 15 91
1657	82 50 2 19
1658	53 45 8 54
1659	63 91 93 54
1660	83 47 80 25
1661	54 28 34 77
1662	19 27 33 6
1663	83 63 49 39
1664	92 97 5 10
1665	62 69 1 8
1666	75 58 12 21
1667	24 51 88 37
1668	62 92 6 64
1669	29 26 100 77
1670	90 57 93 60
1671	3 88 12 47
1672	91 55 49 16
1673	27 77 18 35
1674	22 4 3 88
1675	100 85 6 94
1676	35 30 94 96
1677	88 99 10 9
1678	3 13 14 55
1679	19 85 37 47
1680	62 74 70 71
1681	39 22 33 25
1682	56 16 100 9
1683	21 4 56 31
1684	19 97 78 82
1685	78 28 79 8
1686	58 74 90 10
1687	13 3 2 90
1688	30 37 49 35
1689	32 63 38 45
1690	99 4 45 31
1691	71 100 44 35
1692	32 42 43 93
1693	29 6 39 24
1694	15 99 8 26
1695	3 84 63 60
1696	42 39 14 50
1697	57 62 47 82
1698	63 17 31 52
1699	36 83 29 40
1700	24 25 54 79
1701	79 49 53 30
1702	13 29 43 2
1703	58 54 47 63
1704	97 9 82 70
1705	26 17 24 86
1706	4 84 83 31
1707	12 66 44 71
1708	73 39 34 41
1709	65 64 58 88
1710	57 8 12 92
1711	35 21 73 24
1712	66 61 23 42
1713	77 95 12 61
1714	29 20 69 96
1715	98 34 51 16
1716	26 92 97 3
1717	54 63 23 97
1718	89 53 88 77
1719	25 23 100 7
1720	53 95 100 75
1721	58 50 5 13
1722	57 99 27 22
1723	78 80 51 60
1724	57 99 33 84
1725	94 73 90 99
1726	18 16 69 90
1727	43 16 24 1
1728	82 11 49 91
1729	94 30 52 70
1730	13 63 3 42
1731	61 13 8 28
1732	21 2 48 29
1733	12 10 28 73
1734	63 60 99 33
1735	76 13 87 47
1736	72 64 48 59
1737	77 42 29 45
1738	79 83 25 69
1739	4 36 5 3
1740	19 78 33 64
1741	56 49 95 85
1742	71 31 76 9
1743	40 9 48 44
1744	49 29 37 78
1745	23 30 47 2
1746	46 4 65 62
1747	37 95 36 21
1748	67 87 13 33
1749	11 41 70 67
1750	60 88 44 91
1751	57 68 95 55
1752	4 22 41 54
1753	97 18 63 15
1754	94 68 19 25
1755	55 77 34 15
1756	75 69 30 95
1757	47 13 86 71
1758	55 28 33 49
1759	33 49 30 91
1760	28 52 48 47
1761	60 13 6 81
1762	20 73 92 62
1763	69 44 13 6
1764	11 4 18 43
1765	10 87 56 39
1766	44 61 81 49
1767	94 72 48 38
1768	36 23 12 76
1769	61 59 13 91
1770	40 55 20 16
1771	8 1 69 63
1772	53 69 26 10
1773	36 68 67 60
1774	57 85 58 20
1775	86 83 31 75
1776	19 23 68 85
1777	78 63 71 93
1778	66 13 32 43
1779	92 72 82 40
1780	90 17 2 97
1781	36 81 55 27
1782	28 39 3 87
1783	57 80 77 98
1784	91 93 57 31
1785	16 31 27 96
1786	69 91 24 62
1787	67 42 37 61
1788	27 26 8 51
1789	36 92 81 15
1790	59 60 84 50
1791	28 98 51 86
1792	34 85 47 29
1793	91 31 94 60
1794	5 75 95 70
1795	42 65 92 71
1796	36 87 90 55
1797	85 35 7 31
1798	34 58 27 85
1799	28 39 25 6
1800	68 82 62 71
1801	67 97 12 45
1802	28 98 32 60
1803	57 28 50 69
1804	53 9 89 45
1805	18 19 52 97
1806	95 58 49 28
1807	62 1 39 48
1808	40 10 75 57
1809	78 23 64 87
1810	58 45 92 22
1811	84 34 20 52
1812	17 2 87 73
1813	58 21 17 8
1814	79 87 23 6
1815	77 47 18 20
1816	4 58 13 24
1817	78 48 49 82
1818	49 71 5 97
1819	5 8 54 70
1820	29 50 67 95
1821	33 22 63 51
1822	19 15 98 42
1823	80 45 96 77
1824	89 73 65 90
1825	23 83 2 95
1826	47 75 29 97
1827	15 96 7 20
1828	63 1 88 45
1829	82 26 92 48
1830	42 30 96 59
1831	70 12 61 89
1832	49 44 42 78
1833	9 73 58 24
1834	100 46 15 47
1835	24 41 31 13
1836	40 1 96 68
1837	84 67 64 2
1838	37 64 86 14
1839	45 85 83 67
1840	18 32 76 72
1841	73 38 66 51
1842	100 79 48 93
1843	34 41 36 50
1844	29 13 52 78
1845	79 47 100 46
1846	82 21 27 84
1847	92 47 78 26
1848	89 80 32 42
1849	1 86 45 22
1850	4 63 8 42
1851	2 14 73 4
1852	93 6 24 67
1853	31 88 52 58
1854	100 15 69 7
1855	94 60 86 75
1856	28 69 13 45
1857	88 21 61 7
1858	61 33 96 97
1859	83 48 64 4
1860	91 21 95 47
1861	100 33 51 63
1862	86 32 25 9
1863	52 81 97 51
1864	73 95 87 31
1865	67 93 89 48
1866	88 1 24 6
1867	84 100 32 80
1868	22 32 100 73
1869	18 46 96 83
1870	44 9 29 30
1871	51 87 74 54
1872	41 55 99 98
1873	39 37 6 29
1874	55 60 22 93
1875	34 94 65 13
1876	38 76 77 75
1877	27 34 41 62
1878	3 30 42 90
1879	18 27 20 40
1880	65 49 82 34
1881	94 15 23 7
1882	78 13 4 100
1883	88 20 71 74
1884	11 73 2 20
1885	43 5 61 65
1886	3 97 24 84
1887	88 7 3 81
1888	99 13 18 28
1889	13 59 47 98
1890	29 34 85 15
1891	33 42 92 64
1892	64 71 3 72
1893	94 57 22 16
1894	93 85 39 40
1895	53 23 56 48
1896	1 30 49 53
1897	97 28 45 61
1898	17 63 75 54
1899	67 89 22 96
1900	42 21 30 84
1901	40 29 38 71
1902	44 23 81 12
1903	1 41 57 62
1904	52 14 46 27
1905	14 86 1 9
1906	40 10 51 22
1907	6 12 20 84
1908	59 64 7 97
1909	87 63 49 68
1910	33 23 9 78
1911	73 5 96 31
1912	78 82 80 29
1913	81 17 8 77
1914	27 56 71 34
1915	15 50 11 83
1916	57 45 90 62
1917	92 69 78 42
1918	60 87 30 50
1919	75 84 100 33
1920	72 95 69 100
1921	54 21 19 24
1922	28 18 73 81
1923	17 33 85 2
1924	94 82 66 25
1925	4 38 45 41
1926	35 46 99 29
1927	33 96 36 5
1928	80 42 90 79
1929	61 2 87 91
1930	79 75 15 52
1931	40 94 64 41
1932	68 94 18 29
1933	71 60 12 59
1934	18 26 79 68
1935	1 71 15 86
1936	74 26 48 71
1937	76 69 77 70
1938	39 13 82 33
1939	19 68 56 14
1940	48 13 67 8
1941	5 42 55 59
1942	92 52 47 7
1943	32 96 58 98
1944	4 76 86 99
1945	89 27 91 54
1946	29 51 6 43
1947	57 49 67 6
1948	99 52 24 47
1949	96 26 9 37
1950	51 31 35 28
1951	10 77 22 3
1952	68 63 55 15
1953	86 13 8 48
1954	45 41 5 15
1955	91 59 30 74
1956	66 70 46 83
1957	30 9 29 47
1958	67 62 51 64
1959	27 66 19 10
1960	49 76 80 26
1961	24 35 78 54
1962	91 77 45 5
1963	57 82 46 12
1964	15 11 39 31
1965	67 30 53 44
1966	3 86 11 65
1967	24 81 79 19
1968	15 10 64 6
1969	8 31 10 93
1970	44 59 71 75
1971	84 39 38 1
1972	33 49 28 79
1973	32 72 70 16
1974	29 51 70 80
1975	82 95 39 27
1976	66 29 67 78
1977	25 54 88 40
1978	41 54 56 9
1979	79 55 20 71
1980	38 43 91 53
1981	35 13 48 94
1982	23 77 46 7
1983	70 22 82 32
1984	12 85 42 47
1985	92 31 88 94
1986	53 31 71 94
1987	15 66 13 39
1988	79 99 91 93
1989	96 76 33 41
1990	96 77 51 8
1991	72 29 100 30
1992	86 1 39 92
1993	15 14 28 52
1994	18 55 59 71
1995	85 48 40 21
1996	34 100 91 53
1997	55 86 8 82
1998	56 52 76 67
1999	98 17 68 64
2000	9 70 89 98
2001	22 94 3 79
2002	38 37 1 33
2003	90 27 26 22
2004	98 41 27 67
2005	73 52 75 15
2006	90 63 40 18
2007	21 6 75 14
2008	58 21 39 51
2009	43 30 23 17
2010	72 26 51 19
2011	37 15 3 82
2012	53 35 42 66
2013	62 19 22 78
2014	27 96 75 18
2015	81 84 36 20
2016	47 72 15 91
2017	36 65 82 50
2018	10 55 15 53
2019	99 3 10 70
2020	86 99 41 7
2021	33 30 68 93
2022	32 88 36 39
2023	6 22 68 79
2024	18 36 74 79
2025	70 64 37 6
2026	59 3 64 2
2027	78 22 39 90
2028	77 9 43 6
2029	97 87 25 70
2030	86 7 68 36
2031	16 5 67 93
2032	76 91 42 52
2033	7 40 90 57
2034	78 19 62 67
2035	23 39 46 62
2036	34 97 99 93
2037	11 51 37 21
2038	32 71 7 31
2039	15 43 65 79
2040	24 93 66 21
2041	2 78 90 65
2042	75 27 46 56
2043	50 51 90 61
2044	57 10 3 22
2045	49 16 68 63
2046	19 89 85 54
2047	15 55 47 56
2048	83 14 45 65
2049	53 10 40 42
2050	49 17 55 14
2051	3 69 82 27
2052	90 44 28 65
2053	62 23 64 5
2054	74 71 30 3
2055	81 62 4 95
2056	90 27 7 4
2057	59 64 83 90
2058	69 36 70 13
2059	72 50 29 73
2060	26 97 85 55
2061	11 24 70 63
2062	15 36 56 17
2063	61 77 96 94
2064	73 52 20 96
2065	2 20 43 78
2066	81 75 49 42
2067	64 67 24 3
2068	45 82 62 52
2069	85 39 21 97
2070	56 5 98 97
2071	57 42 27 52
2072	82 62 61 70
2073	54 43 75 11
2074	34 84 19 44
2075	51 36 100 59
2076	1 15 5 75
2077	12 93 7 9
2078	47 74 44 20
2079	31 1 34 98
2080	65 78 71 85
2081	2 58 20 75
2082	28 95 4 3
2083	78 92 81 100
2084	62 31 79 88
2085	44 78 8 1
2086	65 24 16 28
2087	12 70 64 40
2088	3 71 25 83
2089	99 67 51 91
2090	29 93 49 58
2091	80 79 35 51
2092	73 18 67 50
2093	83 12 74 66
2094	33 71 53 65
2095	61 47 77 33
2096	7 76 71 47
2097	42 76 9 67
2098	35 77 26 24
2099	66 41 88 3
2100	94 74 56 77
2101	8 42 57 34
2102	70 27 44 100
2103	82 90 72 26
2104	28 47 23 42
2105	92 40 71 42
2106	35 21 1 14
2107	79 15 24 70
2108	63 5 29 22
2109	78 38 95 68
2110	13 78 60 2
2111	74 94 66 37
2112	11 78 96 17
2113	74 41 100 28
2114	85 42 33 83
2115	85 6 100 84
2116	21 14 86 83
2117	31 94 95 7
2118	57 16 32 85
2119	88 84 8 90
2120	87 84 59 25
2121	2 81 36 19
2122	26 17 57 73
2123	92 83 10 25
2124	57 66 22 34
2125	55 73 5 50
2126	59 64 52 30
2127	61 96 49 57
2128	3 37 51 1
2129	28 10 11 91
2130	91 96 18 34
2131	18 62 33 24
2132	99 94 73 97
2133	18 52 42 12
2134	6 78 64 50
2135	13 58 1 67
2136	81 5 53 85
2137	78 9 21 28
2138	31 14 19 53
2139	55 81 54 85
2140	41 32 35 88
2141	46 77 69 63
2142	43 33 4 56
2143	86 72 4 69
2144	46 54 24 41
2145	69 88 95 68
2146	24 36 88 17
2147	5 24 26 23
2148	95 71 8 53
2149	16 54 17 75
2150	23 84 78 61
2151	12 22 13 30
2152	14 49 69 34
2153	3 43 64 36
2154	58 61 11 21
2155	15 31 16 25
2156	83 96 14 97
2157	80 89 76 29
2158	31 20 4 33
2159	15 7 33 72
2160	4 7 39 19
2161	97 57 98 52
2162	39 21 65 69
2163	92 55 81 95
2164	99 29 97 46
2165	31 14 75 70
2166	73 45 86 37
2167	43 60 98 80
2168	2 57 21 4
2169	18 91 30 99
2170	69 9 91 48
2171	93 29 82 11
2172	48 75 8 31
2173	18 71 35 87
2174	57 78 58 30
2175	21 77 54 100
2176	74 7 8 86
2177	75 95 57 33
2178	11 100 98 94
2179	1 86 54 25
2180	86 35 70 25
2181	71 18 81 36
2182	49 3 72 24
2183	20 83 31 75
2184	19 21 8 1
2185	83 54 33 82
2186	23 61 100 2
2187	83 71 28 91
2188	27 49 20 24
2189	15 32 71 74
2190	95 76 59 65
2191	93 18 11 13
2192	38 26 49 81
2193	64 48 63 4
2194	12 5 88 38
2195	99 39 88 94
2196	43 75 84 93
2197	29 85 68 17
2198	9 50 89 72
2199	58 63 7 97
2200	21 27 37 3
2201	64 47 53 18
2202	5 74 96 8
2203	23 43 47 71
2204	99 100 7 36
2205	26 95 38 73
2206	21 33 15 1
2207	26 74 45 39
2208	23 81 38 37
2209	99 18 88 72
2210	100 11 75 25
2211	3 27 47 15
2212	87 76 68 23
2213	55 66 100 24
2214	13 84 64 89
2215	51 41 57 65
2216	79 33 44 22
2217	5 33 99 46
2218	69 61 26 5
2219	83 91 14 92
2220	73 59 95 24
2221	89 63 88 2
2222	94 47 13 11
2223	28 59 60 62
2224	60 26 78 96
2225	94 81 33 50
2226	63 13 34 41
2227	89 76 90 13
2228	13 25 35 18
2229	1 66 71 27
2230	99 67 35 83
2231	63 21 81 7
2232	9 22 30 51
2233	96 27 76 72
2234	85 80 19 79
2235	84 83 44 16
2236	61 29 59 45
2237	99 40 12 49
2238	36 90 74 60
2239	35 33 57 65
2240	35 75 45 43
2241	99 60 62 63
2242	29 91 66 4
2243	51 47 59 49
2244	52 58 56 41
2245	89 19 22 37
2246	15 100 34 76
2247	2 97 26 19
2248	99 11 29 8
2249	48 71 84 9
2250	19 35 75 91
2251	33 92 50 100
2252	4 100 61 90
2253	16 44 57 88
2254	25 53 14 79
2255	94 18 87 68
2256	47 54 18 27
2257	46 14 90 36
2258	16 39 95 84
2259	92 47 67 28
2260	1 86 73 74
2261	40 10 12 100
2262	79 42 43 1
2263	49 79 56 48
2264	46 56 59 6
2265	5 4 88 1
2266	31 94 75 32
2267	36 50 29 42
2268	86 76 15 39
2269	78 71 57 46
2270	5 60 67 31
2271	40 34 89 28
2272	60 83 53 3
2273	6 92 21 26
2274	3 7 96 49
2275	58 95 38 76
2276	36 2 74 47
2277	88 54 68 18
2278	19 94 32 21
2279	42 84 99 35
2280	26 94 13 64
2281	8 76 70 9
2282	75 8 25 36
2283	41 84 23 17
2284	55 51 87 59
2285	21 35 97 83
2286	28 12 26 91
2287	94 55 45 47
2288	80 83 82 12
2289	64 2 12 79
2290	43 76 45 27
2291	88 14 73 32
2292	40 21 5 94
2293	10 50 89 30
2294	95 13 77 93
2295	65 16 7 77
2296	13 69 45 88
2297	85 9 36 8
2298	34 16 99 4
2299	68 93 39 70
2300	3 8 23 30
2301	42 89 96 32
2302	47 21 61 90
2303	98 74 22 59
2304	8 38 81 25
2305	22 60 19 88
2306	49 100 98 5
2307	47 45 82 64
2308	41 95 36 90
2309	4 49 64 66
2310	55 30 62 19
2311	57 5 74 18
2312	44 26 21 79
2313	40 76 75 41
2314	4 22 38 86
2315	1 25 49 68
2316	21 51 6 84
2317	81 44 36 33
2318	10 100 23 34
2319	32 11 15 97
2320	4 50 40 18
2321	18 49 47 79
2322	1 11 100 98
2323	7 33 16 89
2324	98 96 4 45
2325	46 7 61 17
2326	13 50 20 62
2327	85 82 69 60
2328	63 52 74 100
2329	3 7 70 67
2330	11 58 23 63
2331	60 47 86 68
2332	56 91 99 67
2333	86 2 85 27
2334	21 55 23 94
2335	59 86 17 99
2336	31 87 61 11
2337	97 25 30 9
2338	57 20 27 50
2339	61 90 6 56
2340	51 96 90 80
2341	59 55 24 87
2342	18 70 96 27
2343	51 39 29 49
2344	35 37 20 78
2345	71 13 99 90
2346	40 10 67 7
2347	76 80 72 5
2348	60 25 8 3
2349	5 100 72 68
2350	17 40 35 78
2351	13 21 11 93
2352	1 27 14 55
2353	3 75 53 30
2354	61 49 74 65
2355	49 63 14 74
2356	84 81 85 10
2357	3 4 75 87
2358	33 46 42 52
2359	10 80 71 3
2360	42 63 78 8
2361	15 64 39 6
2362	95 29 85 89
2363	17 57 100 40
2364	79 67 35 93
2365	39 92 17 13
2366	55 82 42 65
2367	37 8 49 73
2368	19 57 85 71
2369	61 29 59 89
2370	73 43 34 58
2371	93 20 95 60
2372	32 65 60 86
2373	86 97 95 77
2374	97 99 100 1
2375	18 100 33 26
2376	90 60 5 6
2377	9 75 58 79
2378	84 14 81 1
2379	61 20 22 96
2380	39 83 75 5
2381	48 31 58 74
2382	43 4 100 15
2383	3 69 60 53
2384	78 67 54 96
2385	68 66 72 7
2386	19 63 84 79
2387	34 95 69 13
2388	35 26 78 25
2389	9 93 52 55
2390	14 66 98 62
2391	82 83 22 38
2392	69 78 3 50
2393	91 93 42 4
2394	16 91 89 25
2395	18 11 90 39
2396	54 44 69 67
2397	79 23 59 95
2398	53 47 45 10
2399	70 77 19 40
2400	20 25 50 43
2401	5 63 92 26
2402	21 2 98 44
2403	97 44 96 49
2404	60 74 91 90
2405	26 96 21 32
2406	34 4 98 16
2407	13 1 96 59
2408	13 67 73 24
2409	70 12 100 96
2410	59 89 68 35
2411	56 4 86 25
2412	36 64 78 89
2413	33 3 25 17
2414	16 67 80 57
2415	92 95 16 19
2416	58 1 70 68
2417	79 66 24 100
2418	75 98 41 7
2419	64 59 40 17
2420	18 68 7 32
2421	84 46 9 69
2422	73 94 9 98
2423	52 62 44 5
2424	77 13 65 20
2425	75 37 63 89
2426	47 50 19 3
2427	12 39 3 19
2428	66 72 93 62
2429	18 39 34 72
2430	34 98 65 78
2431	19 26 76 79
2432	65 57 42 53
2433	51 5 27 52
2434	93 81 83 6
2435	35 49 92 77
2436	42 63 56 40
2437	16 26 33 53
2438	51 64 73 82
2439	95 65 84 53
2440	7 20 9 97
2441	44 72 96 36
2442	43 79 94 10
2443	95 16 25 35
2444	34 11 41 92
2445	66 54 58 52
2446	59 69 79 42
2447	4 63 27 75
2448	1 100 43 28
2449	19 23 66 31
2450	85 68 50 38
2451	64 83 33 58
2452	3 94 15 28
2453	56 25 16 100
2454	49 84 48 6
2455	84 86 34 46
2456	5 24 78 9
2457	32 3 33 89
2458	44 97 63 58
2459	74 26 78 99
2460	3 18 58 5
2461	8 56 54 41
2462	26 5 30 57
2463	98 17 56 58
2464	52 59 6 85
2465	71 93 21 70
2466	38 86 7 100
2467	38 27 79 93
2468	82 80 86 51
2469	79 60 5 26
2470	34 82 68 96
2471	92 87 40 8
2472	41 85 37 57
2473	6 13 74 66
2474	23 57 28 81
2475	100 49 93 26
2476	81 89 44 8
2477	22 51 94 90
2478	26 99 88 42
2479	22 41 25 12
2480	41 47 61 33
2481	86 50 44 91
2482	54 61 13 69
2483	81 23 39 8
2484	2 20 73 55
2485	78 72 62 26
2486	26 5 72 54
2487	8 40 92 39
2488	96 72 58 88
2489	53 54 92 55
2490	91 84 72 83
2491	17 22 27 86
2492	59 68 13 89
2493	55 57 88 25
2494	66 87 20 84
2495	62 17 43 61
2496	75 65 49 22
2497	11 84 9 87
2498	9 84 31 94
2499	6 96 9 76
2500	69 12 22 88
2501	57 62 94 74
2502	53 33 49 97
2503	88 24 25 63
2504	78 21 30 48
2505	2 33 67 83
2506	17 22 91 99
2507	75 3 41 46
2508	48 88 16 11
2509	83 47 65 44
2510	67 84 40 64
2511	35 67 47 7
2512	24 96 59 3
2513	93 14 12 15
2514	90 44 35 72
2515	9 50 16 89
2516	95 57 66 60
2517	92 54 68 77
2518	61 91 85 37
2519	27 13 58 80
2520	33 1 47 58
2521	71 68 14 23
2522	87 41 24 21
2523	88 51 99 61
2524	53 45 79 57
2525	18 59 24 35
2526	44 85 94 32
2527	80 98 82 6
2528	46 27 93 59
2529	96 19 80 34
2530	12 92 37 18
2531	48 99 29 50
2532	90 25 64 1
2533	25 75 43 61
2534	75 18 41 3
2535	31 21 86 26
2536	82 74 39 48
2537	67 93 26 46
2538	48 88 14 38
2539	6 82 40 56
2540	9 83 100 2
2541	82 75 8 21
2542	44 73 99 28
2543	90 65 30 13
2544	38 30 93 39
2545	77 42 31 90
2546	17 5 44 8
2547	58 87 27 96
2548	50 36 11 62
2549	73 69 17 46
2550	13 15 26 80
2551	88 62 58 74
2552	99 3 81 65
2553	92 73 8 68
2554	89 18 67 84
2555	14 18 23 99
2556	99 12 16 1
2557	64 84 3 86
2558	37 9 76 26
2559	17 8 20 98
2560	58 71 100 22
2561	45 23 49 33
2562	54 2 91 90
2563	7 42 97 66
2564	70 100 46 9
2565	9 91 55 81
2566	29 61 67 71
2567	8 76 90 78
2568	34 81 61 4
2569	85 59 34 65
2570	47 29 56 94
2571	53 14 49 42
2572	91 79 67 35
2573	57 36 8 51
2574	6 13 76 47
2575	100 7 66 94
2576	53 11 7 49
2577	72 97 99 70
2578	44 62 5 50
2579	9 44 26 53
2580	20 79 14 32
2581	25 5 63 91
2582	56 89 62 41
2583	44 91 63 87
2584	38 33 31 82
2585	35 51 57 54
2586	30 77 51 8
2587	56 29 6 82
2588	12 63 83 60
2589	35 7 95 41
2590	66 10 88 16
2591	48 32 19 9
2592	50 58 78 33
2593	74 59 43 68
2594	36 20 94 75
2595	50 52 26 32
2596	64 79 22 24
2597	37 86 100 47
2598	48 22 4 35
2599	21 68 39 75
2600	7 64 41 81
2601	94 87 44 32
2602	2 31 68 83
2603	60 100 61 20
2604	92 27 30 82
2605	57 45 52 75
2606	68 67 86 16
2607	87 18 41 100
2608	11 57 51 95
2609	17 95 66 73
2610	87 36 78 16
2611	7 62 96 71
2612	70 19 47 61
2613	39 61 70 93
2614	53 29 58 11
2615	58 81 82 42
2616	68 78 77 83
2617	98 45 4 78
2618	82 89 85 61
2619	60 55 3 76
2620	28 13 19 35
2621	95 55 35 74
2622	48 83 20 8
2623	28 98 99 24
2624	7 87 63 26
2625	93 70 9 96
2626	85 14 27 92
2627	77 83 36 56
2628	80 22 31 71
2629	31 11 71 82
2630	89 52 53 56
2631	12 86 53 34
2632	93 13 70 61
2633	40 17 44 59
2634	31 79 26 59
2635	23 65 19 4
2636	57 40 54 96
2637	35 67 69 36
2638	35 41 16 39
2639	9 87 49 59
2640	25 33 11 35
2641	97 47 9 95
2642	53 37 72 54
2643	16 77 81 67
2644	85 22 20 95
2645	63 19 77 78
2646	7 10 63 45
2647	50 59 39 84
2648	65 10 17 69
2649	36 41 22 61
2650	97 43 36 81
2651	28 18 95 22
2652	12 1 89 87
2653	77 72 13 91
2654	78 34 12 80
2655	32 58 18 15
2656	87 27 70 39
2657	45 33 88 23
2658	64 19 2 34
2659	33 44 62 49
2660	53 65 54 29
2661	68 91 14 4
2662	42 24 43 91
2663	61 44 17 10
2664	79 97 46 35
2665	35 79 42 71
2666	100 90 97 67
2667	25 24 63 84
2668	12 87 70 96
2669	6 57 16 10
2670	91 19 79 48
2671	42 56 62 36
2672	57 91 14 20
2673	97 4 1 28
2674	19 89 34 81
2675	41 11 2 94
2676	20 97 52 31
2677	78 22 70 88
2678	62 96 85 23
2679	40 12 95 86
2680	92 71 83 38
2681	29 64 30 62
2682	64 58 31 22
2683	6 61 92 42
2684	71 52 63 95
2685	45 11 16 7
2686	65 85 69 21
2687	51 3 79 29
2688	41 17 42 88
2689	83 45 62 85
2690	48 17 73 18
2691	21 58 46 78
2692	64 25 21 58
2693	99 5 22 60
2694	12 59 47 34
2695	80 46 52 54
2696	52 93 49 4
2697	27 21 50 22
2698	90 44 56 98
2699	3 38 37 24
2700	70 37 52 48
2701	90 41 27 78
2702	8 6 65 96
2703	25 46 40 67
2704	16 62 70 10
2705	36 80 81 7
2706	40 83 66 1
2707	23 57 87 55
2708	99 47 29 51
2709	29 35 94 72
2710	43 18 74 21
2711	66 48 98 91
2712	61 6 11 59
2713	57 8 95 53
2714	55 20 41 39
2715	30 28 87 81
2716	30 73 85 81
2717	21 17 87 44
2718	84 53 96 88
2719	5 29 47 60
2720	64 95 60 54
2721	39 72 68 63
2722	47 23 66 57
2723	4 23 91 12
2724	60 73 88 39
2725	72 60 83 88
2726	80 35 82 31
2727	92 16 68 74
2728	70 92 87 45
2729	52 20 92 42
2730	4 37 85 84
2731	30 41 64 2
2732	97 27 68 94
2733	52 28 25 1
2734	3 8 10 52
2735	83 35 84 40
2736	71 10 82 60
2737	52 12 69 13
2738	49 28 72 80
2739	60 87 41 35
2740	20 12 19 81
2741	71 67 9 24
2742	87 41 25 9
2743	70 85 23 66
2744	93 64 31 34
2745	84 42 3 61
2746	58 13 41 37
2747	22 3 1 96
2748	2 10 58 16
2749	31 17 87 36
2750	34 33 40 90
2751	95 98 5 66
2752	76 95 73 72
2753	96 1 23 36
2754	79 12 64 76
2755	56 14 83 74
2756	58 2 92 72
2757	9 96 34 43
2758	65 76 73 6
2759	10 21 9 27
2760	91 3 93 6
2761	98 38 6 87
2762	16 69 26 6
2763	4 16 49 56
2764	99 52 77 5
2765	93 32 16 44
2766	1 42 65 19
2767	84 69 81 67
2768	40 98 87 22
2769	61 39 62 12
2770	3 85 76 20
2771	81 97 14 50
2772	66 27 65 29
2773	37 21 14 35
2774	88 95 75 58
2775	96 51 34 42
2776	14 35 68 23
2777	67 31 94 25
2778	74 85 33 8
2779	69 76 86 68
2780	66 54 51 77
2781	63 65 42 66
2782	1 16 65 22
2783	50 6 26 56
2784	81 28 47 64
2785	91 74 17 7
2786	86 34 85 65
2787	92 18 86 80
2788	80 34 76 36
2789	84 66 74 49
2790	86 78 26 98
2791	99 84 87 76
2792	37 44 1 79
2793	16 19 57 17
2794	5 39 94 1
2795	48 40 46 25
2796	68 81 49 41
2797	68 62 94 72
2798	62 68 39 99
2799	14 71 52 9
2800	77 25 29 17
2801	21 53 40 84
2802	62 35 3 77
2803	94 41 72 12
2804	18 97 48 5
2805	59 39 11 87
2806	68 70 62 5
2807	65 14 64 8
2808	90 22 35 87
2809	29 43 38 22
2810	29 79 8 67
2811	67 43 30 72
2812	97 53 55 93
2813	24 47 58 52
2814	93 87 6 22
2815	76 53 31 2
2816	6 30 71 49
2817	56 82 61 70
2818	20 73 16 76
2819	33 76 32 74
2820	51 19 91 31
2821	56 39 59 21
2822	62 33 99 21
2823	48 60 97 84
2824	40 2 31 87
2825	27 63 71 35
2826	81 67 48 83
2827	15 8 40 3
2828	27 63 93 11
2829	69 23 50 71
2830	39 12 27 40
2831	22 55 81 10
2832	23 86 30 67
2833	9 17 69 42
2834	31 30 85 33
2835	68 95 24 11
2836	100 65 32 97
2837	56 44 58 24
2838	26 12 8 15
2839	89 96 60 54
2840	78 73 86 14
2841	35 53 89 24
2842	73 81 9 97
2843	81 80 73 18
2844	52 62 90 98
2845	2 47 52 49
2846	72 25 80 34
2847	82 23 76 61
2848	5 48 45 50
2849	58 24 39 14
2850	81 94 14 2
2851	41 2 93 23
2852	58 1 24 32
2853	46 70 4 55
2854	71 100 41 2
2855	32 71 66 6
2856	96 41 77 51
2857	80 67 16 25
2858	3 26 44 57
2859	80 66 90 84
2860	3 10 46 48
2861	79 25 37 51
2862	82 91 81 53
2863	19 45 75 26
2864	76 41 50 16
2865	58 10 96 67
2866	94 88 7 54
2867	84 43 63 56
2868	52 25 13 96
2869	63 30 97 36
2870	72 74 78 20
2871	72 14 92 48
2872	62 36 92 35
2873	76 56 7 9
2874	73 60 5 63
2875	83 99 57 84
2876	61 38 90 14
2877	35 70 36 1
2878	32 81 87 53
2879	19 35 48 77
2880	96 58 31 85
2881	98 65 45 50
2882	44 10 87 43
2883	67 34 37 16
2884	16 93 25 55
2885	44 42 18 99
2886	20 24 29 44
2887	83 92 30 16
2888	27 91 78 18
2889	87 79 8 12
2890	53 27 84 20
2891	35 63 41 30
2892	96 36 55 71
2893	2 86 82 60
2894	76 42 15 91
2895	2 81 96 72
2896	5 89 54 57
2897	87 12 82 36
2898	71 11 45 62
2899	26 82 21 74
2900	87 72 13 84
2901	18 79 69 8
2902	23 63 52 5
2903	19 56 79 76
2904	83 99 97 87
2905	14 61 56 98
2906	99 5 41 48
2907	16 24 21 12
2908	46 35 12 66
2909	25 21 91 70
2910	2 40 33 32
2911	45 53 25 100
2912	20 85 63 9
2913	74 86 2 62
2914	58 94 39 20
2915	76 13 12 6
2916	76 89 19 69
2917	63 62 59 95
2918	96 60 49 8
2919	57 20 49 11
2920	60 17 4 16
2921	67 72 36 90
2922	13 58 79 40
2923	68 93 90 92
2924	98 59 18 12
2925	74 33 72 48
2926	87 46 58 22
2927	71 37 24 17
2928	84 48 59 69
2929	32 1 70 73
2930	60 95 93 77
2931	31 96 10 20
2932	49 74 99 22
2933	36 59 84 33
2934	4 30 15 98
2935	38 71 33 87
2936	67 63 23 81
2937	31 35 71 98
2938	62 10 93 83
2939	56 83 7 64
2940	39 61 78 53
2941	45 21 5 3
2942	69 85 70 68
2943	21 12 95 36
2944	88 44 19 9
2945	28 87 50 70
2946	54 92 16 12
2947	36 77 79 91
2948	76 89 64 8
2949	80 48 56 40
2950	66 26 10 55
2951	18 93 100 10
2952	84 6 89 90
2953	74 47 66 49
2954	11 92 71 61
2955	21 73 56 71
2956	100 88 69 38
2957	63 95 89 51
2958	49 79 12 59
2959	29 88 67 95
2960	41 49 74 77
2961	47 54 74 34
2962	49 37 60 41
2963	27 100 81 71
2964	71 93 41 67
2965	74 92 34 30
2966	43 25 47 16
2967	8 22 15 57
2968	40 2 79 77
2969	26 1 20 44
2970	11 8 36 50
2971	40 38 35 76
2972	95 36 61 62
2973	44 73 23 55
2974	1 34 91 81
2975	44 71 47 38
2976	49 43 74 100
2977	14 3 41 42
2978	81 56 79 68
2979	39 77 96 79
2980	55 96 64 58
2981	80 33 26 94
2982	91 69 51 88
2983	39 29 58 22
2984	84 72 53 26
2985	79 16 73 59
2986	67 53 38 21
2987	44 20 47 27
2988	3 70 56 69
2989	38 27 44 59
2990	74 47 25 85
2991	28 91 4 74
2992	64 8 97 76
2993	91 59 34 1
2994	52 15 10 27
2995	58 61 24 19
2996	87 65 4 9
2997	2 75 10 37
2998	90 65 55 61
2999	71 33 27 83
3000	82 59 52 80
3001	94 21 91 75
3002	60 28 69 25
3003	86 80 96 99
3004	34 61 59 14
3005	20 96 59 25
3006	77 29 100 90
3007	59 48 28 12
3008	67 4 69 47
3009	49 100 46 81
3010	86 23 42 78
3011	28 83 92 43
3012	22 75 16 13
3013	48 24 21 50
3014	25 45 34 70
3015	82 11 34 74
3016	37 61 34 88
3017	39 13 75 82
3018	6 56 51 64
3019	32 97 33 41
3020	83 69 18 49
3021	94 97 23 17
3022	85 24 65 31
3023	29 67 69 65
3024	16 22 37 57
3025	1 61 93 78
3026	66 85 61 6
3027	84 29 37 53
3028	77 60 13 88
3029	71 15 85 60
3030	9 87 46 37
3031	19 44 3 29
3032	77 61 55 46
3033	39 100 48 93
3034	13 100 2 43
3035	55 57 75 26
3036	46 61 10 87
3037	96 11 78 47
3038	74 23 70 73
3039	39 22 81 52
3040	1 90 9 41
3041	92 77 95 35
3042	46 57 91 99
3043	79 76 82 50
3044	9 89 58 96
3045	9 99 36 84
3046	80 53 86 13
3047	6 51 94 27
3048	90 92 30 49
3049	17 64 6 7
3050	20 31 85 51
3051	83 61 87 76
3052	51 58 97 45
3053	50 99 63 28
3054	67 65 70 86
3055	82 53 98 36
3056	28 4 23 6
3057	100 3 86 95
3058	76 12 81 14
3059	7 3 14 67
3060	76 37 33 95
3061	25 98 62 99
3062	18 70 24 68
3063	39 58 68 33
3064	65 52 9 98
3065	70 22 50 43
3066	99 97 23 56
3067	63 25 4 53
3068	78 45 2 44
3069	23 34 33 48
3070	46 62 11 17
3071	43 13 81 35
3072	38 26 14 43
3073	81 50 83 82
3074	83 9 18 2
3075	19 87 96 42
3076	3 58 81 47
3077	61 10 62 3
3078	56 95 71 40
3079	86 70 55 60
3080	63 20 92 8
3081	79 66 99 4
3082	37 2 77 64
3083	28 26 30 2
3084	10 78 5 42
3085	57 61 78 10
3086	94 92 35 40
3087	22 18 10 41
3088	88 73 84 30
3089	33 11 84 76
3090	29 44 82 74
3091	74 95 1 73
3092	14 46 78 32
3093	74 50 41 60
3094	34 84 18 2
3095	46 89 85 48
3096	96 62 54 51
3097	4 86 28 40
3098	42 97 5 79
3099	13 35 98 50
3100	68 79 97 69
3101	15 57 11 74
3102	6 54 81 56
3103	36 8 13 37
3104	100 69 96 27
3105	95 18 44 78
3106	36 90 31 93
3107	52 8 85 87
3108	25 62 29 28
3109	83 69 21 74
3110	32 64 43 73
3111	59 69 14 72
3112	25 69 76 88
3113	72 57 48 29
3114	29 24 60 57
3115	64 85 78 91
3116	31 75 51 29
3117	90 51 92 85
3118	8 28 76 32
3119	78 4 8 95
3120	14 72 6 23
3121	97 79 74 23
3122	66 44 47 37
3123	79 98 3 18
3124	28 98 24 22
3125	56 74 29 89
3126	12 14 45 35
3127	78 36 55 50
3128	84 55 81 5
3129	30 79 53 33
3130	22 81 94 15
3131	60 95 72 1
3132	23 77 95 73
3133	94 90 66 39
3134	7 62 76 87
3135	65 20 48 42
3136	47 92 16 76
3137	56 60 94 31
3138	48 12 79 37
3139	47 3 8 30
3140	17 34 71 41
3141	56 58 44 82
3142	71 78 38 23
3143	86 92 76 68
3144	84 46 77 87
3145	38 78 53 84
3146	31 66 68 24
3147	79 40 31 54
3148	45 71 86 64
3149	29 52 68 20
3150	58 78 76 34
3151	66 34 19 45
3152	12 16 52 60
3153	17 92 76 30
3154	54 33 45 60
3155	81 65 68 80
3156	28 94 87 36
3157	33 79 38 35
3158	27 93 42 96
3159	98 90 62 60
3160	86 2 32 27
3161	58 99 48 55
3162	23 39 73 51
3163	33 38 12 85
3164	5 94 22 24
3165	78 90 52 34
3166	91 64 42 71
3167	83 70 93 20
3168	14 47 96 73
3169	91 69 34 18
3170	47 20 30 48
3171	36 38 13 68
3172	94 24 69 46
3173	74 89 81 10
3174	6 24 62 2
3175	35 75 94 39
3176	90 50 20 62
3177	23 31 68 96
3178	60 80 43 63
3179	84 93 16 52
3180	96 8 67 93
3181	47 77 70 17
3182	60 19 16 82
3183	17 57 80 28
3184	85 100 55 17
3185	39 54 73 97
3186	25 51 56 45
3187	11 26 40 6
3188	62 10 2 85
3189	43 69 62 23
3190	67 6 86 88
3191	59 23 66 38
3192	35 41 44 23
3193	100 30 5 93
3194	43 11 49 61
3195	70 46 11 47
3196	74 63 94 31
3197	91 9 29 22
3198	64 5 11 4
3199	31 7 86 27
3200	88 81 37 99
3201	51 7 42 67
3202	20 39 67 66
3203	57 45 90 74
3204	63 93 96 25
3205	100 26 9 51
3206	39 69 75 11
3207	47 12 1 69
3208	79 22 85 1
3209	18 84 8 24
3210	90 41 82 27
3211	85 39 93 30
3212	76 20 79 91
3213	69 77 88 52
3214	58 97 65 2
3215	60 40 1 25
3216	1 45 48 31
3217	88 2 64 72
3218	64 73 71 14
3219	12 75 41 46
3220	77 40 43 27
3221	56 33 10 76
3222	46 83 34 66
3223	41 98 20 14
3224	35 3 98 100
3225	24 67 9 17
3226	18 68 31 76
3227	4 5 49 86
3228	1 79 92 18
3229	26 72 38 89
3230	15 52 67 14
3231	58 89 36 34
3232	36 33 95 49
3233	91 33 78 80
3234	42 63 14 66
3235	39 8 59 31
3236	92 39 75 83
3237	76 62 16 38
3238	89 48 55 11
3239	70 9 82 89
3240	26 34 93 7
3241	58 68 82 69
3242	66 90 43 68
3243	18 12 39 90
3244	8 69 14 84
3245	91 51 74 67
3246	70 74 59 9
3247	51 57 28 63
3248	44 15 24 98
3249	19 75 50 45
3250	19 48 63 65
3251	33 15 62 35
3252	33 90 56 13
3253	34 44 36 78
3254	79 30 80 83
3255	93 51 54 61
3256	76 23 74 30
3257	10 83 70 43
3258	70 37 71 58
3259	84 61 45 33
3260	87 47 14 16
3261	94 3 92 100
3262	21 77 54 28
3263	33 2 70 74
3264	76 7 67 45
3265	3 38 87 26
3266	70 49 1 11
3267	5 20 23 31
3268	75 57 6 47
3269	96 51 57 76
3270	20 92 73 19
3271	20 71 44 13
3272	92 53 72 20
3273	29 62 49 75
3274	27 45 37 74
3275	31 86 70 63
3276	56 65 22 77
3277	90 71 16 31
3278	3 49 4 7
3279	11 78 95 2
3280	84 55 93 19
3281	16 31 41 80
3282	62 54 39 24
3283	69 27 31 97
3284	71 11 46 38
3285	93 13 68 19
3286	73 97 44 82
3287	25 3 34 83
3288	58 8 1 3
3289	63 51 12 96
3290	53 65 67 2
3291	34 95 97 15
3292	59 8 74 46
3293	2 18 45 1
3294	78 46 1 93
3295	59 70 76 50
3296	26 51 5 3
3297	74 88 35 42
3298	60 1 13 36
3299	86 51 69 39
3300	21 4 50 84
3301	54 6 92 96
3302	95 38 22 60
3303	36 58 66 97
3304	23 19 93 97
3305	93 15 72 55
3306	70 12 59 63
3307	64 66 34 94
3308	97 78 66 60
3309	27 58 45 84
3310	48 56 25 16
3311	99 41 98 94
3312	81 22 57 70
3313	11 48 76 50
3314	66 40 72 24
3315	84 83 92 29
3316	2 33 5 84
3317	92 88 89 91
3318	19 58 62 41
3319	11 84 4 68
3320	72 67 78 34
3321	77 38 44 46
3322	52 66 83 56
3323	40 15 13 16
3324	86 61 41 78
3325	78 86 36 90
3326	49 87 18 45
3327	56 84 14 71
3328	49 13 23 37
3329	35 59 77 46
3330	55 17 96 25
3331	71 69 40 65
3332	34 25 21 3
3333	76 98 10 58
3334	94 24 6 61
3335	79 24 94 76
3336	69 100 93 1
3337	8 37 11 28
3338	96 34 77 38
3339	8 43 34 19
3340	6 46 23 11
3341	95 1 74 77
3342	70 46 28 62
3343	95 88 2 53
3344	94 14 31 13
3345	28 64 22 51
3346	34 70 52 58
3347	74 21 63 70
3348	87 95 57 78
3349	61 59 81 99
3350	49 51 50 63
3351	65 37 91 82
3352	55 99 31 54
3353	32 71 4 70
3354	99 7 96 63
3355	20 77 83 72
3356	63 93 71 29
3357	26 45 5 78
3358	39 2 55 25
3359	47 51 84 69
3360	40 13 24 68
3361	66 84 91 26
3362	63 17 92 67
3363	4 44 35 20
3364	3 7 45 31
3365	90 28 44 76
3366	58 29 77 36
3367	46 11 10 44
3368	49 16 34 11
3369	46 24 41 17
3370	81 30 22 84
3371	6 28 38 1
3372	88 100 92 28
3373	71 64 10 36
3374	29 2 13 59
3375	62 24 29 1
3376	77 90 47 70
3377	31 53 48 79
3378	7 26 14 38
3379	15 41 32 55
3380	86 93 70 71
3381	53 20 70 48
3382	90 100 69 89
3383	76 82 1 34
3384	11 2 84 66
3385	69 7 44 81
3386	49 80 14 25
3387	40 48 66 71
3388	96 85 30 56
3389	53 80 37 15
3390	95 92 78 87
3391	97 71 3 49
3392	45 43 46 89
3393	13 49 88 21
3394	32 50 47 78
3395	98 74 52 31
3396	80 71 23 84
3397	2 62 59 58
3398	100 9 30 96
3399	83 72 60 34
3400	7 82 28 34
3401	79 76 2 28
3402	68 5 72 10
3403	82 87 24 65
3404	78 29 66 51
3405	50 77 19 83
3406	76 50 40 93
3407	79 100 57 58
3408	48 19 25 10
3409	64 29 19 5
3410	69 18 37 90
3411	64 34 16 26
3412	67 66 10 23
3413	82 36 94 43
3414	47 81 38 40
3415	56 52 69 41
3416	78 14 26 8
3417	30 1 16 40
3418	16 58 11 37
3419	42 76 72 53
3420	75 97 90 52
3421	11 9 75 37
3422	86 16 69 52
3423	64 40 89 72
3424	36 80 64 38
3425	71 69 61 46
3426	81 22 2 9
3427	87 38 45 88
3428	35 19 99 70
3429	16 75 26 5
3430	54 44 49 30
3431	24 9 94 77
3432	5 22 27 11
3433	17 46 86 72
3434	7 46 90 20
3435	4 70 19 46
3436	2 81 44 20
3437	42 70 46 17
3438	59 30 91 41
3439	3 94 31 97
3440	96 48 66 57
3441	23 65 48 10
3442	26 9 29 5
3443	78 99 10 16
3444	81 41 62 78
3445	31 21 89 18
3446	87 27 54 85
3447	82 5 22 81
3448	3 84 56 18
3449	94 55 74 67
3450	55 4 9 37
3451	20 2 32 12
3452	80 53 98 56
3453	54 62 30 58
3454	16 89 36 15
3455	21 97 60 69
3456	26 73 27 10
3457	94 18 7 82
3458	51 99 73 58
3459	84 68 100 65
3460	59 80 76 77
3461	38 30 56 35
3462	59 18 44 7
3463	35 92 42 5
3464	19 24 95 74
3465	70 11 1 47
3466	57 63 96 5
3467	73 3 29 16
3468	31 85 21 82
3469	65 45 74 13
3470	13 70 64 45
3471	8 26 84 23
3472	56 46 69 21
3473	58 17 45 74
3474	36 47 45 19
3475	77 86 25 20
3476	39 64 84 89
3477	99 17 13 51
3478	91 47 16 30
3479	56 51 29 41
3480	9 58 25 66
3481	39 60 55 81
3482	41 44 72 80
3483	22 5 74 95
3484	88 38 74 65
3485	70 32 69 45
3486	96 55 54 4
3487	60 54 93 87
3488	92 36 35 86
3489	73 46 25 95
3490	4 67 13 24
3491	50 43 14 65
3492	51 56 12 39
3493	49 94 6 52
3494	56 1 33 75
3495	53 86 26 70
3496	12 70 33 36
3497	61 44 12 85
3498	93 45 67 40
3499	77 41 37 33
3500	70 95 57 17
3501	40 25 86 54
3502	68 39 50 49
3503	75 19 76 11
3504	5 15 88 98
3505	32 37 13 1
3506	93 26 70 97
3507	26 60 48 42
3508	68 38 73 10
3509	58 5 26 7
3510	75 46 37 63
3511	3 50 77 83
3512	39 64 80 67
3513	20 80 93 36
3514	12 1 22 2
3515	77 57 23 87
3516	97 75 81 14
3517	36 80 7 59
3518	100 96 42 34
3519	52 75 92 7
3520	5 13 55 3
3521	80 42 68 70
3522	24 83 30 70
3523	42 43 30 38
3524	15 70 33 36
3525	3 84 43 10
3526	10 13 21 22
3527	75 5 96 67
3528	62 57 85 12
3529	33 32 22 87
3530	61 52 53 93
3531	46 54 16 50
3532	16 24 96 47
3533	43 94 89 20
3534	45 27 54 40
3535	17 53 71 14
3536	43 7 27 77
3537	35 34 26 30
3538	46 59 32 51
3539	13 35 59 74
3540	36 80 37 52
3541	16 39 91 92
3542	53 69 71 50
3543	98 38 76 13
3544	14 49 100 23
3545	22 76 57 77
3546	83 66 16 73
3547	33 49 78 81
3548	55 12 40 26
3549	4 50 15 48
3550	1 48 57 74
3551	43 13 76 61
3552	44 51 8 82
3553	30 85 15 14
3554	1 64 88 24
3555	94 40 1 53
3556	90 63 84 34
3557	65 38 83 79
3558	89 42 92 94
3559	52 53 37 8
3560	100 75 97 55
3561	84 90 41 42
3562	40 49 55 32
3563	14 52 35 68
3564	65 47 62 74
3565	22 90 39 6
3566	69 61 47 5
3567	71 56 28 82
3568	31 14 16 70
3569	21 65 54 18
3570	30 80 87 72
3571	15 35 11 100
3572	69 36 40 46
3573	11 79 85 93
3574	83 98 22 17
3575	62 58 47 41
3576	44 29 96 49
3577	96 10 23 78
3578	2 53 31 34
3579	37 84 40 2
3580	53 21 68 48
3581	61 44 31 65
3582	39 95 48 21
3583	75 28 51 27
3584	65 23 3 57
3585	37 50 53 42
3586	60 21 68 14
3587	21 14 72 33
3588	61 6 97 75
3589	23 86 8 66
3590	9 92 75 95
3591	6 81 19 76
3592	8 70 28 33
3593	41 15 13 61
3594	43 32 61 30
3595	22 29 88 66
3596	82 9 37 73
3597	82 29 26 53
3598	31 64 5 34
3599	43 81 72 97
3600	27 50 65 35
3601	7 93 77 82
3602	61 95 90 81
3603	89 56 19 95
3604	29 79 96 49
3605	28 60 11 21
3606	76 46 72 83
3607	22 42 20 8
3608	57 76 37 49
3609	50 71 72 43
3610	97 70 20 82
3611	54 41 60 6
3612	92 16 19 87
3613	93 3 40 81
3614	84 41 57 48
3615	100 60 80 71
3616	64 48 54 57
3617	33 19 1 74
3618	19 42 64 20
3619	10 36 14 97
3620	87 52 50 2
3621	51 81 44 36
3622	12 36 69 64
3623	56 40 16 53
3624	62 74 1 78
3625	51 38 97 73
3626	83 52 95 71
3627	78 49 16 64
3628	31 70 1 86
3629	23 48 38 36
3630	73 59 8 6
3631	4 83 95 10
3632	92 28 79 5
3633	35 46 96 8
3634	57 35 85 69
3635	2 68 24 30
3636	11 72 50 61
3637	24 64 68 3
3638	38 75 46 43
3639	77 37 66 72
3640	91 51 56 17
3641	22 86 29 27
3642	85 94 52 17
3643	74 34 65 85
3644	61 92 39 56
3645	55 80 93 18
3646	53 30 74 72
3647	84 82 89 39
3648	95 91 35 15
3649	89 72 43 8
3650	26 76 77 94
3651	47 3 33 76
3652	18 36 41 84
3653	17 24 97 74
3654	65 46 74 18
3655	56 19 30 57
3656	88 73 18 69
3657	89 28 40 34
3658	64 50 36 6
3659	8 57 29 24
3660	73 27 54 35
3661	75 13 31 2
3662	50 16 93 79
3663	96 36 41 34
3664	35 17 81 30
3665	91 94 45 21
3666	46 67 86 16
3667	23 68 5 86
3668	40 31 19 48
3669	96 54 53 29
3670	80 5 79 88
3671	42 64 11 18
3672	4 24 49 66
3673	31 83 12 49
3674	55 30 74 77
3675	88 7 76 67
3676	99 3 73 23
3677	85 10 12 77
3678	78 87 9 51
3679	18 2 96 5
3680	78 88 90 80
3681	38 88 56 99
3682	15 73 35 49
3683	15 64 37 31
3684	100 79 81 62
3685	65 10 66 52
3686	68 59 35 66
3687	52 57 77 96
3688	33 70 17 78
3689	30 6 14 87
3690	22 68 84 63
3691	52 76 39 40
3692	54 92 82 61
3693	71 93 23 100
3694	20 91 75 55
3695	57 37 84 88
3696	50 34 6 35
3697	39 83 62 85
3698	5 26 8 92
3699	9 34 27 86
3700	23 80 84 26
3701	19 73 51 71
3702	43 13 19 7
3703	41 69 74 86
3704	81 39 38 8
3705	17 48 72 39
3706	21 31 60 90
3707	46 53 72 59
3708	61 38 37 7
3709	11 83 85 30
3710	33 82 92 10
3711	71 82 38 99
3712	68 89 61 35
3713	70 100 19 46
3714	21 75 12 80
3715	11 43 5 29
3716	28 68 35 31
3717	54 50 62 25
3718	52 36 35 10
3719	55 90 88 66
3720	92 7 40 72
3721	47 43 76 81
3722	100 18 3 69
3723	5 92 95 40
3724	57 7 51 26
3725	85 2 68 44
3726	10 34 85 24
3727	87 72 93 69
3728	10 49 75 95
3729	32 3 54 100
3730	65 18 20 30
3731	28 82 79 100
3732	55 15 23 59
3733	15 36 17 40
3734	39 44 7 6
3735	14 81 64 20
3736	9 62 86 46
3737	57 50 75 23
3738	87 34 42 16
3739	63 44 30 76
3740	3 100 19 40
3741	30 76 48 4
3742	95 90 4 42
3743	56 76 12 82
3744	79 27 40 67
3745	64 26 57 59
3746	94 45 75 72
3747	62 5 28 82
3748	56 2 30 89
3749	99 56 41 8
3750	81 13 63 14
3751	41 94 37 44
3752	36 44 26 1
3753	66 9 98 49
3754	50 47 1 6
3755	45 17 76 7
3756	51 19 96 69
3757	11 36 63 44
3758	59 46 21 51
3759	8 100 40 96
3760	79 50 74 14
3761	16 11 25 36
3762	19 16 22 26
3763	80 43 20 82
3764	59 75 72 36
3765	15 71 8 28
3766	81 60 49 73
3767	94 79 92 59
3768	68 41 46 63
3769	95 16 43 52
3770	66 21 24 95
3771	88 34 23 53
3772	23 89 72 6
3773	69 38 7 92
3774	78 89 48 85
3775	92 94 69 58
3776	83 77 48 14
3777	34 13 38 86
3778	46 98 25 16
3779	16 59 80 13
3780	54 51 89 79
3781	96 31 59 53
3782	16 52 84 32
3783	77 76 51 98
3784	8 70 31 94
3785	3 14 17 6
3786	59 52 74 73
3787	59 73 12 57
3788	56 88 31 51
3789	62 52 27 90
3790	92 10 89 51
3791	7 77 60 41
3792	16 28 84 64
3793	28 43 91 69
3794	3 39 4 5
3795	56 86 78 34
3796	75 62 70 99
3797	18 78 55 65
3798	30 71 16 56
3799	100 52 61 94
3800	65 20 35 54
3801	6 57 64 31
3802	24 100 11 48
3803	80 21 85 92
3804	65 79 38 16
3805	82 62 12 4
3806	97 50 98 58
3807	28 73 20 62
3808	76 97 56 18
3809	24 27 39 82
3810	14 42 28 78
3811	53 65 55 72
3812	65 99 96 42
3813	80 12 14 20
3814	9 10 57 70
3815	78 34 14 98
3816	65 40 23 25
3817	31 9 8 11
3818	70 6 37 12
3819	44 70 82 95
3820	83 2 45 19
3821	78 24 19 90
3822	37 19 45 88
3823	94 83 69 44
3824	73 87 11 56
3825	97 49 91 96
3826	43 93 31 84
3827	46 74 94 11
3828	53 98 95 55
3829	49 81 71 77
3830	46 34 51 38
3831	2 87 10 94
3832	2 35 62 73
3833	27 52 84 89
3834	41 40 4 59
3835	47 23 6 73
3836	62 30 27 91
3837	69 74 28 39
3838	54 19 97 18
3839	20 49 73 30
3840	2 74 1 16
3841	16 84 45 50
3842	7 62 82 38
3843	62 91 15 12
3844	78 59 55 65
3845	13 65 81 11
3846	15 27 99 12
3847	44 77 90 45
3848	51 54 91 39
3849	50 48 52 98
3850	21 22 52 79
3851	52 79 47 11
3852	58 23 49 17
3853	5 41 79 78
3854	36 28 100 90
3855	99 40 97 46
3856	22 13 42 57
3857	52 75 72 98
3858	80 59 87 40
3859	71 49 92 9
3860	20 100 54 17
3861	26 14 44 16
3862	52 66 36 77
3863	2 91 67 75
3864	12 64 65 37
3865	71 57 20 17
3866	46 10 83 7
3867	1 100 53 90
3868	46 38 61 62
3869	68 91 78 15
3870	39 3 72 2
3871	38 45 21 60
3872	86 75 25 91
3873	57 51 24 46
3874	14 19 41 7
3875	60 12 30 99
3876	30 50 89 66
3877	37 83 99 59
3878	89 80 81 40
3879	82 4 78 25
3880	54 27 70 42
3881	24 46 20 56
3882	17 82 19 52
3883	27 19 57 69
3884	98 95 7 22
3885	42 18 65 24
3886	10 1 72 50
3887	78 10 94 51
3888	21 46 2 34
3889	8 95 28 84
3890	14 9 24 26
3891	75 93 73 71
3892	92 40 76 98
3893	21 2 14 8
3894	2 18 7 25
3895	73 67 40 48
3896	1 75 81 94
3897	83 76 64 96
3898	14 93 16 56
3899	32 21 9 84
3900	86 71 89 52
3901	8 63 34 64
3902	17 29 31 6
3903	37 56 58 7
3904	78 90 73 33
3905	63 30 43 74
3906	3 83 28 1
3907	2 92 33 63
3908	89 9 35 63
3909	39 80 42 56
3910	24 32 68 98
3911	41 18 46 52
3912	48 66 45 71
3913	12 53 76 8
3914	20 84 28 88
3915	64 58 53 43
3916	96 46 80 42
3917	32 63 24 11
3918	8 36 51 42
3919	7 29 8 64
3920	46 68 29 71
3921	96 12 59 52
3922	78 8 73 62
3923	61 49 74 39
3924	81 46 72 7
3925	61 27 95 3
3926	10 31 15 100
3927	70 66 60 28
3928	42 32 78 69
3929	30 61 1 53
3930	53 29 64 38
3931	25 28 60 84
3932	43 33 35 100
3933	4 50 46 22
3934	41 69 17 75
3935	55 63 72 3
3936	4 71 72 39
3937	25 31 27 37
3938	91 69 56 70
3939	44 67 40 53
3940	52 66 67 89
3941	6 48 75 22
3942	85 51 42 90
3943	96 12 64 69
3944	61 38 27 92
3945	81 99 86 65
3946	82 86 12 43
3947	81 21 92 78
3948	21 37 88 56
3949	5 41 25 9
3950	9 41 19 46
3951	49 26 85 86
3952	71 33 78 97
3953	16 10 47 49
3954	33 74 31 47
3955	14 25 19 86
3956	95 77 12 89
3957	49 51 1 84
3958	46 56 12 63
3959	47 15 53 72
3960	52 42 70 21
3961	66 37 23 51
3962	82 88 20 100
3963	45 47 18 2
3964	32 71 9 51
3965	51 59 1 93
3966	9 60 16 12
3967	15 9 46 29
3968	71 49 28 94
3969	21 59 77 76
3970	51 6 96 2
3971	77 69 58 33
3972	26 6 74 56
3973	32 70 23 84
3974	52 55 43 32
3975	69 52 91 36
3976	60 13 25 78
3977	22 33 93 30
3978	29 65 32 7
3979	71 88 29 25
3980	82 89 78 59
3981	39 72 23 64
3982	4 92 41 83
3983	11 64 26 1
3984	76 17 12 10
3985	73 20 80 16
3986	58 13 74 75
3987	87 21 82 98
3988	86 75 8 48
3989	80 5 21 1
3990	71 79 52 53
3991	84 4 3 20
3992	91 3 11 100
3993	57 19 1 35
3994	25 31 29 96
3995	68 48 15 88
3996	57 69 24 63
3997	54 13 63 68
3998	3 37 7 91
3999	71 65 68 42
4000	12 43 3 19
4001	51 65 67 81
4002	94 32 8 6
4003	31 63 92 60
4004	3 58 28 88
4005	83 1 56 39
4006	19 72 86 5
4007	73 27 18 93
4008	38 85 49 48
4009	4 78 62 95
4010	42 27 88 25
4011	87 17 13 61
4012	55 71 20 38
4013	97 81 46 76
4014	48 66 14 33
4015	89 82 53 13
4016	51 24 8 93
4017	36 71 95 88
4018	14 60 94 64
4019	15 34 55 18
4020	27 3 66 58
4021	40 29 79 53
4022	31 47 22 91
4023	70 23 28 62
4024	58 44 37 80
4025	40 96 2 58
4026	86 91 39 77
4027	42 87 35 26
4028	72 19 27 100
4029	23 79 4 96
4030	94 76 51 86
4031	92 36 26 12
4032	30 10 24 35
4033	77 2 32 67
4034	34 51 23 63
4035	45 8 6 88
4036	15 90 92 4
4037	42 15 65 11
4038	85 60 5 27
4039	83 7 53 77
4040	40 33 15 18
4041	100 86 8 95
4042	26 80 30 29
4043	85 21 64 83
4044	82 17 20 57
4045	68 53 57 58
4046	68 76 19 24
4047	84 25 81 74
4048	20 78 69 74
4049	33 40 34 14
4050	83 74 82 28
4051	92 63 75 23
4052	57 72 89 6
4053	94 63 76 12
4054	29 91 52 16
4055	54 7 64 83
4056	80 55 48 77
4057	98 48 54 72
4058	70 74 38 43
4059	25 32 51 87
4060	91 55 49 16
4061	61 49 27 32
4062	11 41 64 23
4063	51 44 90 62
4064	8 85 57 48
4065	14 23 18 39
4066	43 53 67 5
4067	76 3 74 97
4068	37 84 55 79
4069	21 62 40 3
4070	17 95 59 9
4071	78 32 54 100
4072	26 93 10 30
4073	27 94 43 11
4074	54 40 17 46
4075	60 36 8 24
4076	88 93 13 59
4077	74 69 94 33
4078	90 28 84 66
4079	60 21 97 8
4080	66 39 42 51
4081	39 35 67 65
4082	41 3 40 44
4083	95 48 31 80
4084	26 77 42 99
4085	73 48 58 42
4086	75 15 64 11
4087	60 45 38 51
4088	1 65 12 83
4089	4 22 15 94
4090	77 24 40 33
4091	90 3 69 98
4092	58 44 98 76
4093	100 65 59 25
4094	32 53 76 5
4095	46 33 99 25
4096	61 23 37 31
4097	4 93 30 45
4098	73 76 48 21
4099	6 54 94 46
4100	46 75 24 62
4101	73 10 83 85
4102	62 54 66 20
4103	54 47 60 29
4104	27 64 57 88
4105	100 81 14 64
4106	97 42 45 30
4107	99 89 93 82
4108	17 46 7 11
4109	97 56 9 6
4110	72 21 23 58
4111	75 53 98 99
4112	11 27 62 54
4113	8 17 9 36
4114	54 52 99 42
4115	43 69 80 66
4116	68 21 96 19
4117	18 10 46 63
4118	58 91 82 66
4119	31 75 73 84
4120	2 71 72 26
4121	70 75 69 67
4122	11 77 56 24
4123	17 84 53 45
4124	36 88 33 35
4125	86 69 51 35
4126	20 65 61 53
4127	53 22 84 27
4128	76 12 58 19
4129	62 76 87 50
4130	38 37 86 6
4131	72 62 82 91
4132	21 12 70 78
4133	45 5 99 82
4134	50 43 7 96
4135	52 4 6 66
4136	71 2 35 62
4137	2 97 66 93
4138	6 29 99 84
4139	31 98 91 5
4140	48 37 75 16
4141	18 21 65 33
4142	29 78 79 23
4143	71 22 23 5
4144	25 14 31 97
4145	34 48 32 28
4146	36 58 9 19
4147	7 19 39 98
4148	83 73 17 75
4149	58 15 90 73
4150	4 45 83 18
4151	8 21 62 48
4152	20 57 55 94
4153	93 81 25 29
4154	52 82 71 29
4155	28 58 44 49
4156	44 48 96 51
4157	52 6 79 94
4158	78 92 91 94
4159	16 95 69 78
4160	93 45 78 77
4161	42 43 38 48
4162	76 21 34 85
4163	22 62 43 25
4164	84 11 80 65
4165	78 14 3 48
4166	72 96 89 73
4167	17 75 45 22
4168	78 26 44 34
4169	78 68 83 14
4170	6 51 35 30
4171	56 83 17 1
4172	44 70 30 78
4173	82 76 93 95
4174	27 47 83 65
4175	82 6 83 26
4176	73 86 72 40
4177	99 37 91 45
4178	57 13 31 16
4179	39 32 21 16
4180	59 97 48 10
4181	70 41 46 50
4182	70 81 87 51
4183	91 63 3 9
4184	80 30 14 6
4185	71 82 40 92
4186	49 48 98 99
4187	66 73 25 82
4188	71 72 30 96
4189	26 7 4 71
4190	3 92 81 7
4191	69 9 44 74
4192	79 29 57 73
4193	55 78 60 64
4194	7 21 38 57
4195	56 10 35 59
4196	41 51 16 65
4197	100 71 91 48
4198	33 21 81 85
4199	15 21 73 49
4200	2 75 27 81
4201	49 52 89 71
4202	64 20 8 62
4203	20 43 100 28
4204	85 47 73 48
4205	56 79 30 32
4206	59 21 17 53
4207	66 13 39 86
4208	31 16 29 24
4209	62 64 36 49
4210	28 27 8 47
4211	83 40 63 58
4212	84 87 99 38
4213	31 17 46 36
4214	80 36 38 49
4215	58 42 29 8
4216	97 83 62 4
4217	46 56 33 13
4218	64 1 15 39
4219	16 72 42 86
4220	93 54 97 6
4221	32 34 23 41
4222	98 62 52 73
4223	64 10 94 53
4224	80 22 48 44
4225	9 39 95 40
4226	83 8 23 66
4227	77 65 10 73
4228	38 70 62 83
4229	77 50 83 29
4230	13 19 78 77
4231	74 19 90 91
4232	7 90 84 75
4233	97 71 11 10
4234	58 93 24 100
4235	42 4 17 63
4236	42 68 16 12
4237	22 71 10 82
4238	69 71 66 18
4239	77 95 93 24
4240	64 67 40 83
4241	88 22 40 17
4242	10 75 80 63
4243	50 2 8 41
4244	5 40 58 37
4245	92 84 16 100
4246	50 23 10 7
4247	51 27 73 70
4248	17 50 60 34
4249	19 28 62 47
4250	99 56 3 8
4251	57 5 33 59
4252	5 65 1 73
4253	75 17 27 6
4254	34 84 69 75
4255	7 9 70 23
4256	84 62 71 12
4257	78 25 84 28
4258	97 13 77 84
4259	7 68 26 93
4260	29 69 32 62
4261	96 92 30 55
4262	7 5 65 45
4263	71 34 99 41
4264	80 41 61 57
4265	90 49 5 2
4266	99 67 61 25
4267	18 70 60 56
4268	25 56 57 39
4269	15 82 33 89
4270	61 95 20 32
4271	69 98 76 19
4272	37 20 74 27
4273	89 80 50 31
4274	48 87 5 21
4275	33 59 77 90
4276	58 82 43 81
4277	10 57 79 65
4278	8 86 2 41
4279	63 98 67 4
4280	88 90 6 46
4281	72 87 21 6
4282	34 57 24 50
4283	81 28 68 29
4284	6 91 14 48
4285	96 24 34 93
4286	45 88 30 92
4287	69 12 18 95
4288	92 35 66 50
4289	36 16 8 96
4290	37 55 78 47
4291	45 98 4 5
4292	95 20 12 48
4293	15 86 59 91
4294	61 60 77 13
4295	11 80 31 39
4296	95 87 45 96
4297	11 71 31 39
4298	26 1 80 61
4299	63 55 30 24
4300	59 19 99 37
4301	26 59 70 10
4302	25 91 44 47
4303	8 13 86 71
4304	70 43 93 72
4305	81 26 71 70
4306	80 19 29 51
4307	95 7 4 57
4308	98 59 21 44
4309	6 75 70 57
4310	35 62 56 19
4311	87 28 52 80
4312	6 52 48 50
4313	38 10 100 79
4314	57 96 43 84
4315	86 75 76 57
4316	27 92 2 6
4317	33 19 96 32
4318	56 68 94 100
4319	31 100 76 45
4320	65 36 14 85
4321	72 69 73 41
4322	9 48 43 91
4323	65 99 83 80
4324	33 64 20 54
4325	24 52 25 85
4326	26 44 18 34
4327	87 11 47 8
4328	33 30 48 32
4329	20 8 1 51
4330	16 76 47 91
4331	99 8 100 78
4332	75 18 53 59
4333	95 96 45 91
4334	16 35 55 73
4335	41 10 22 51
4336	58 91 6 53
4337	67 71 55 27
4338	93 37 19 36
4339	50 9 94 49
4340	59 3 72 60
4341	70 37 49 55
4342	56 57 49 1
4343	41 53 3 23
4344	97 57 66 61
4345	84 29 81 28
4346	74 14 80 69
4347	1 55 68 25
4348	22 36 94 93
4349	28 52 42 2
4350	44 80 76 30
4351	21 47 87 5
4352	27 14 58 13
4353	1 52 32 90
4354	96 57 13 87
4355	46 47 32 85
4356	34 25 41 45
4357	23 49 18 64
4358	15 35 73 38
4359	45 93 56 98
4360	22 56 26 10
4361	85 58 71 39
4362	65 8 14 81
4363	83 16 65 14
4364	74 97 3 83
4365	80 72 79 43
4366	23 64 71 89
4367	38 64 90 82
4368	14 20 83 2
4369	23 28 27 61
4370	75 47 68 95
4371	24 94 37 79
4372	39 37 71 33
4373	76 88 81 98
4374	7 52 70 10
4375	16 87 93 30
4376	51 97 70 47
4377	41 8 30 89
4378	90 10 93 22
4379	78 62 20 31
4380	42 84 15 82
4381	98 71 60 76
4382	65 62 40 90
4383	53 82 71 13
4384	12 50 63 76
4385	76 1 80 96
4386	59 48 58 9
4387	58 91 96 13
4388	99 87 88 9
4389	3 5 11 79
4390	87 35 10 5
4391	92 20 34 51
4392	16 48 93 70
4393	89 8 36 34
4394	81 16 15 60
4395	37 11 34 88
4396	61 29 77 2
4397	49 90 92 10
4398	3 12 24 56
4399	58 75 51 15
4400	26 96 78 18
4401	45 77 86 25
4402	87 17 85 70
4403	21 46 62 98
4404	94 82 47 34
4405	99 79 48 37
4406	72 20 48 8
4407	94 75 42 99
4408	17 5 27 74
4409	72 36 50 85
4410	27 64 39 75
4411	20 65 46 66
4412	8 64 77 25
4413	63 65 81 18
4414	24 35 9 98
4415	89 53 79 64
4416	39 87 42 43
4417	28 87 25 62
4418	37 38 87 66
4419	16 82 92 12
4420	28 57 46 9
4421	72 2 68 53
4422	18 47 28 55
4423	57 90 73 91
4424	33 44 78 46
4425	50 89 48 85
4426	74 13 78 79
4427	39 46 6 93
4428	48 11 25 40
4429	40 3 59 99
4430	15 90 46 95
4431	86 89 84 14
4432	7 88 13 49
4433	69 85 29 57
4434	94 15 21 97
4435	95 21 51 22
4436	21 61 89 32
4437	24 56 48 42
4438	69 76 12 31
4439	69 37 73 62
4440	33 39 1 76
4441	94 10 4 68
4442	94 34 39 20
4443	3 9 7 90
4444	85 47 55 41
4445	29 64 82 40
4446	72 97 83 78
4447	70 12 22 14
4448	61 33 73 91
4449	76 2 77 91
4450	89 73 92 27
4451	58 17 49 42
4452	98 28 68 72
4453	37 56 70 57
4454	79 98 8 74
4455	12 64 65 18
4456	14 19 16 70
4457	27 94 98 26
4458	35 47 66 45
4459	43 67 93 16
4460	76 81 57 70
4461	78 79 47 19
4462	92 36 22 11
4463	7 53 24 9
4464	29 93 91 75
4465	95 14 35 87
4466	66 73 28 59
4467	95 100 46 45
4468	16 83 45 98
4469	63 54 99 96
4470	13 23 53 78
4471	48 35 25 6
4472	44 28 76 1
4473	52 90 44 96
4474	83 34 73 68
4475	32 73 57 11
4476	67 39 57 29
4477	87 58 95 35
4478	55 5 75 88
4479	42 77 36 97
4480	71 89 51 48
4481	75 29 33 32
4482	94 70 30 71
4483	67 33 74 72
4484	88 2 71 55
4485	31 41 67 22
4486	14 84 87 25
4487	54 36 67 49
4488	62 28 81 71
4489	62 9 20 27
4490	3 63 85 33
4491	52 21 11 45
4492	76 5 34 53
4493	37 11 31 24
4494	63 94 38 86
4495	10 62 94 23
4496	8 7 42 77
4497	66 71 18 20
4498	11 9 48 29
4499	25 46 96 13
4500	83 29 9 57
4501	45 74 44 81
4502	45 16 49 91
4503	60 1 99 54
4504	29 61 88 27
4505	58 94 9 60
4506	82 21 90 43
4507	79 45 78 33
4508	59 48 30 97
4509	39 22 29 11
4510	12 71 13 90
4511	69 70 14 12
4512	37 42 49 35
4513	25 11 93 16
4514	28 29 78 94
4515	40 91 70 72
4516	90 87 13 70
4517	67 91 6 35
4518	25 34 36 4
4519	39 12 16 1
4520	1 28 7 68
4521	14 56 49 76
4522	27 71 8 98
4523	3 74 7 62
4524	38 92 79 75
4525	30 64 96 41
4526	29 43 57 16
4527	78 45 37 85
4528	51 27 1 38
4529	5 8 79 48
4530	18 9 17 46
4531	17 35 46 19
4532	86 10 99 11
4533	39 25 6 60
4534	34 15 47 23
4535	90 68 47 85
4536	72 73 15 67
4537	35 39 17 23
4538	5 62 15 72
4539	52 86 17 55
4540	98 32 21 44
4541	26 60 68 57
4542	73 10 97 70
4543	33 54 63 90
4544	76 93 42 82
4545	55 4 20 79
4546	72 23 55 36
4547	20 77 94 16
4548	15 21 51 22
4549	97 38 78 16
4550	97 55 2 21
4551	10 32 16 100
4552	78 69 67 26
4553	23 4 54 59
4554	57 28 19 31
4555	48 90 99 14
4556	100 99 25 18
4557	75 68 25 59
4558	80 75 21 95
4559	26 16 49 71
4560	45 23 73 56
4561	95 3 18 21
4562	5 22 92 13
4563	88 26 78 62
4564	61 54 46 66
4565	97 71 93 28
4566	39 33 41 100
4567	71 12 61 83
4568	43 73 21 81
4569	49 64 37 80
4570	36 15 58 40
4571	22 20 57 76
4572	21 72 100 23
4573	84 2 47 57
4574	43 20 90 6
4575	79 52 53 61
4576	84 40 66 3
4577	94 48 69 49
4578	51 63 80 95
4579	76 17 49 58
4580	46 96 15 62
4581	46 88 38 66
4582	95 25 8 47
4583	92 43 10 12
4584	65 72 44 48
4585	63 29 95 16
4586	66 20 91 24
4587	45 99 28 26
4588	70 11 69 78
4589	86 76 96 78
4590	99 47 10 7
4591	49 79 59 18
4592	33 39 76 5
4593	63 29 39 79
4594	84 57 8 82
4595	90 20 51 87
4596	34 28 30 24
4597	37 28 2 23
4598	70 95 91 69
4599	73 21 55 31
4600	59 68 89 11
4601	12 50 67 92
4602	27 21 6 25
4603	58 54 9 76
4604	52 23 11 54
4605	5 64 1 88
4606	36 64 65 51
4607	74 55 54 53
4608	87 33 71 49
4609	70 29 94 99
4610	100 66 77 64
4611	59 34 66 91
4612	99 20 52 26
4613	7 42 16 97
4614	37 91 7 92
4615	41 2 13 60
4616	92 2 34 97
4617	46 63 4 13
4618	54 10 28 37
4619	65 43 32 34
4620	32 16 62 61
4621	25 19 82 57
4622	56 92 48 16
4623	15 6 42 61
4624	68 29 89 23
4625	12 99 2 11
4626	69 96 95 5
4627	74 34 36 65
4628	6 84 22 20
4629	39 47 58 77
4630	20 68 27 3
4631	65 15 13 98
4632	71 17 81 77
4633	37 94 78 22
4634	74 89 48 16
4635	84 7 26 65
4636	77 86 28 39
4637	78 91 45 49
4638	23 71 98 58
4639	17 8 40 79
4640	50 19 45 46
4641	93 77 44 75
4642	20 53 50 55
4643	26 58 54 55
4644	39 70 17 75
4645	20 36 81 40
4646	21 46 47 58
4647	87 37 13 48
4648	6 2 70 89
4649	81 73 49 50
4650	23 18 89 56
4651	66 12 22 69
4652	93 41 73 76
4653	61 98 36 45
4654	10 8 27 25
4655	54 8 61 56
4656	82 66 98 55
4657	58 92 2 14
4658	45 13 52 88
4659	3 31 29 80
4660	13 30 6 93
4661	34 22 66 16
4662	77 98 65 36
4663	47 70 93 1
4664	18 25 91 55
4665	60 96 74 91
4666	37 5 75 57
4667	73 46 9 23
4668	90 42 13 78
4669	59 94 61 41
4670	49 74 66 91
4671	80 40 93 94
4672	83 99 46 12
4673	6 29 91 100
4674	16 71 28 9
4675	93 61 90 27
4676	79 6 66 4
4677	43 61 88 72
4678	79 26 51 89
4679	22 62 6 57
4680	64 14 98 89
4681	50 69 5 33
4682	27 70 59 60
4683	93 28 66 82
4684	47 20 46 38
4685	21 12 36 80
4686	50 6 59 36
4687	38 77 34 20
4688	47 11 30 36
4689	28 19 87 95
4690	63 8 98 45
4691	64 39 76 90
4692	18 56 4 5
4693	47 15 54 30
4694	88 74 19 29
4695	23 75 34 88
4696	35 40 25 24
4697	36 30 98 95
4698	32 25 91 94
4699	77 82 36 40
4700	28 30 9 36
4701	68 12 94 98
4702	45 84 94 86
4703	50 83 19 18
4704	13 3 71 38
4705	62 86 87 69
4706	56 70 51 34
4707	16 46 38 37
4708	27 69 56 3
4709	69 95 85 45
4710	93 51 48 71
4711	12 2 15 69
4712	53 6 24 2
4713	58 55 87 93
4714	14 52 55 37
4715	93 96 6 84
4716	47 84 52 37
4717	72 80 5 64
4718	11 43 96 3
4719	45 69 60 18
4720	20 29 99 4
4721	7 70 1 52
4722	35 55 93 69
4723	83 70 94 42
4724	98 83 32 22
4725	81 14 7 98
4726	6 71 57 8
4727	12 62 27 97
4728	31 85 92 62
4729	64 88 19 93
4730	22 91 29 17
4731	13 4 63 58
4732	57 69 4 44
4733	89 94 39 78
4734	87 8 50 97
4735	60 33 29 80
4736	7 95 56 98
4737	76 85 72 41
4738	77 53 6 51
4739	88 26 67 68
4740	71 2 91 62
4741	88 6 71 59
4742	42 45 69 51
4743	49 57 7 37
4744	48 66 18 76
4745	20 5 35 22
4746	38 65 70 11
4747	53 34 6 45
4748	81 68 50 12
4749	54 23 52 49
4750	28 56 6 2
4751	85 1 62 87
4752	98 1 67 57
4753	65 66 95 67
4754	62 93 98 86
4755	62 20 71 94
4756	12 29 42 16
4757	64 6 36 13
4758	13 49 64 7
4759	61 19 37 26
4760	68 96 43 23
4761	15 8 14 29
4762	61 96 6 70
4763	60 85 31 87
4764	18 50 75 22
4765	67 2 94 86
4766	62 81 61 58
4767	40 69 49 22
4768	74 73 71 58
4769	49 71 54 2
4770	33 4 65 63
4771	82 91 28 32
4772	12 8 49 3
4773	79 61 5 59
4774	28 61 24 77
4775	79 92 28 4
4776	13 49 37 3
4777	52 33 94 3
4778	10 31 29 22
4779	27 81 41 90
4780	53 46 29 12
4781	29 68 40 90
4782	63 4 49 30
4783	87 65 11 70
4784	98 20 81 37
4785	3 87 73 82
4786	65 66 39 32
4787	3 4 28 61
4788	27 8 56 92
4789	86 24 100 96
4790	44 63 47 46
4791	17 57 72 43
4792	18 37 24 27
4793	85 78 22 9
4794	99 75 89 76
4795	22 33 98 5
4796	9 85 42 61
4797	92 81 74 7
4798	30 62 2 63
4799	89 50 98 53
4800	54 10 85 48
4801	54 94 67 62
4802	88 73 90 22
4803	64 66 80 39
4804	38 41 92 72
4805	100 9 56 93
4806	50 28 6 71
4807	1 38 62 4
4808	28 67 54 57
4809	23 73 15 68
4810	28 52 40 87
4811	23 56 47 64
4812	79 69 43 58
4813	13 83 8 61
4814	43 78 4 86
4815	30 92 52 19
4816	33 21 62 46
4817	32 51 50 38
4818	84 6 88 87
4819	80 17 40 91
4820	54 64 70 13
4821	97 54 87 67
4822	65 39 34 49
4823	34 63 43 92
4824	88 34 47 35
4825	39 47 50 48
4826	92 96 28 70
4827	3 69 87 59
4828	84 98 81 88
4829	45 73 33 34
4830	65 97 23 32
4831	49 91 61 94
4832	49 21 69 55
4833	7 95 97 12
4834	59 6 21 83
4835	25 60 89 12
4836	15 19 89 73
4837	51 62 56 58
4838	19 75 77 72
4839	37 50 36 60
4840	24 20 26 53
4841	24 60 61 94
4842	1 69 55 50
4843	14 65 31 11
4844	85 46 80 98
4845	56 98 6 40
4846	22 57 50 85
4847	9 81 59 87
4848	99 96 89 18
4849	32 96 26 25
4850	2 42 71 89
4851	76 79 29 35
4852	100 88 16 51
4853	30 61 6 55
4854	81 57 31 76
4855	40 62 26 96
4856	55 40 77 44
4857	22 18 98 2
4858	23 53 31 64
4859	51 92 29 79
4860	23 63 70 9
4861	99 32 71 41
4862	40 21 27 100
4863	25 52 38 54
4864	20 14 99 1
4865	82 74 99 25
4866	24 29 47 28
4867	6 12 30 76
4868	34 57 5 31
4869	22 47 42 29
4870	3 73 55 5
4871	83 33 51 97
4872	99 35 47 25
4873	58 71 2 6
4874	34 16 50 26
4875	82 57 79 37
4876	27 36 21 88
4877	40 58 68 75
4878	7 1 28 85
4879	64 46 1 36
4880	70 93 75 74
4881	75 12 46 40
4882	46 80 45 11
4883	2 26 42 57
4884	92 78 60 12
4885	54 39 93 37
4886	100 78 27 91
4887	97 91 45 16
4888	15 87 75 81
4889	66 89 74 1
4890	64 44 23 16
4891	10 44 1 85
4892	96 32 9 67
4893	3 40 1 41
4894	20 24 52 68
4895	82 45 23 94
4896	61 56 6 22
4897	10 52 32 99
4898	28 32 8 17
4899	31 3 60 51
4900	48 33 55 51
4901	61 64 53 78
4902	75 95 57 62
4903	49 68 36 63
4904	44 77 73 89
4905	10 96 13 29
4906	37 78 28 14
4907	35 99 38 17
4908	83 32 62 49
4909	37 62 23 70
4910	8 94 49 53
4911	69 51 12 56
4912	48 100 87 58
4913	55 35 48 9
4914	70 46 74 78
4915	7 41 14 83
4916	35 28 93 55
4917	36 39 5 32
4918	43 96 94 98
4919	37 96 40 58
4920	76 81 85 4
4921	5 78 59 58
4922	3 5 16 2
4923	29 66 2 79
4924	80 94 57 78
4925	45 67 63 40
4926	37 3 95 100
4927	89 25 52 81
4928	9 76 53 72
4929	47 44 70 59
4930	20 100 56 91
4931	4 36 98 61
4932	98 71 50 23
4933	72 65 2 42
4934	88 8 5 58
4935	55 17 60 9
4936	17 49 12 33
4937	37 41 96 14
4938	23 25 72 99
4939	79 11 100 69
4940	26 2 16 15
4941	98 47 31 21
4942	60 56 41 39
4943	88 90 42 75
4944	32 22 57 39
4945	98 44 7 4
4946	95 83 60 93
4947	88 64 81 42
4948	57 89 99 38
4949	70 90 46 82
4950	47 3 15 72
4951	56 74 22 8
4952	61 4 29 96
4953	27 37 14 84
4954	11 98 31 60
4955	59 67 17 61
4956	87 32 3 43
4957	97 33 56 96
4958	3 36 92 30
4959	17 94 91 27
4960	53 28 15 49
4961	88 78 4 40
4962	89 82 15 39
4963	21 76 49 15
4964	30 3 57 42
4965	52 92 67 48
4966	77 31 15 10
4967	71 53 7 95
4968	33 98 90 92
4969	32 72 28 86
4970	43 26 44 89
4971	10 45 57 44
4972	99 73 46 30
4973	51 87 4 42
4974	96 31 69 53
4975	6 70 87 14
4976	100 46 61 9
4977	92 60 77 19
4978	26 98 41 11
4979	99 17 7 40
4980	49 63 80 57
4981	25 9 53 36
4982	49 78 46 51
4983	14 65 48 42
4984	82 41 98 19
4985	86 34 62 44
4986	13 19 85 27
4987	43 16 24 84
4988	75 58 15 43
4989	73 41 86 31
4990	92 15 90 35
4991	30 44 99 98
4992	38 69 99 97
4993	66 52 59 54
4994	41 9 98 53
4995	79 20 80 11
4996	6 25 16 92
4997	30 38 49 9
4998	64 59 74 75
4999	52 92 93 57
5000	92 30 83 18
