Course	Room	Teacher	Time	Students
1	91	21	59	7 23 46 47 86 98 110 121 143 188 238 279 290 348 354 367 383 419 476 477 492 494 510 513 533 550 565 576 606 626 684 691 692 735 740 748 769 818 826 857 868 910 961 993 1065 1131 1162 1192 1210 1235 1248 1274 1296 1325 1333 1349 1389 1394 1422 1444 1461 1480 1484 1498 1510 1538 1553 1557 1567 1598 1626 1679 1688 1691 1723 1730 1746 1768 1792 1809 1819 1913 1986 1987 2003 2046 2052 2086 2089 2094 2097 2221 2285 2314 2365 2372 2375 2377 2424 2436 2483 2534 2562 2589 2632 2670 2716 2717 2721 2765 2782 2817 2824 2847 2865 2893 2927 
2	91	32	3	7 8 17 25 48 71 73 74 94 99 151 153 161 168 185 203 285 313 319 362 376 395 402 424 447 490 496 497 507 520 531 595 623 660 713 732 744 763 800 805 813 820 827 902 912 925 933 943 966 998 1000 1007 1022 1042 1056 1118 1119 1136 1138 1145 1158 1172 1181 1203 1215 1227 1255 1302 1325 1361 1442 1446 1447 1462 1472 1516 1518 1571 1588 1659 1668 1697 1715 1732 1839 1857 1874 1937 1951 1984 1990 2005 2028 2107 2142 2148 2149 2161 2163 2177 2196 2197 2214 2218 2231 2292 2298 2302 2323 2341 2356 2403 2426 2443 2461 2474 2486 2547 2591 2666 2681 2683 2728 2731 2736 2793 2803 2843 2845 2863 2870 2876 2932 2936 2944 2959 2992 
3	91	16	77	40 46 52 63 101 120 125 187 216 320 357 406 462 463 498 520 534 560 579 616 633 634 645 649 655 710 715 746 840 856 969 988 1043 1046 1049 1050 1060 1072 1122 1124 1137 1151 1227 1257 1258 1283 1316 1360 1369 1404 1484 1486 1495 1503 1528 1644 1656 1665 1717 1719 1734 1744 1755 1767 1804 1828 1831 1904 1918 1930 1965 1973 2002 2060 2079 2104 2120 2139 2163 2167 2217 2235 2247 2254 2271 2282 2292 2321 2356 2369 2411 2457 2471 2495 2519 2552 2556 2584 2613 2637 2651 2729 2756 2762 2773 2787 2848 2853 2907 2937 2939 2989 
4	91	1	36	8 15 22 24 32 59 75 106 144 185 289 291 294 318 336 368 385 406 411 413 415 500 569 609 704 724 741 758 778 817 837 855 874 877 895 905 913 937 999 1025 1036 1053 1054 1135 1137 1139 1152 1163 1172 1176 1186 1258 1304 1307 1314 1344 1493 1502 1566 1629 1640 1666 1703 1763 1764 1814 1839 1870 1871 1886 1911 1951 1956 1971 1994 2029 2072 2111 2119 2181 2182 2186 2193 2199 2206 2211 2225 2236 2250 2267 2273 2277 2299 2338 2357 2373 2390 2398 2499 2517 2523 2543 2569 2603 2646 2668 2683 2688 2708 2725 2744 2761 2777 2783 2792 2811 2831 2860 2876 2915 2924 2933 2939 
5	91	16	63	40 48 73 86 105 132 162 215 223 224 231 295 304 345 376 440 452 478 503 539 568 606 619 625 640 648 677 710 777 780 872 918 921 929 932 933 934 960 965 969 987 1005 1021 1059 1091 1103 1165 1166 1172 1244 1293 1303 1317 1351 1376 1411 1413 1454 1539 1624 1666 1673 1684 1707 1731 1733 1778 1800 1801 1837 1878 1900 1906 1921 1924 1943 2037 2050 2145 2211 2249 2255 2266 2301 2330 2344 2370 2388 2420 2425 2440 2468 2512 2617 2620 2624 2640 2663 2668 2685 2701 2703 2730 2745 2768 2773 2785 2794 2834 2840 2872 2908 2912 2917 2919 2960 
6	91	23	51	27 36 89 162 171 263 283 349 373 448 461 494 497 516 520 522 576 633 649 661 679 698 708 730 738 741 775 791 813 879 888 929 996 1004 1009 1066 1067 1086 1126 1149 1184 1191 1204 1214 1216 1330 1336 1349 1422 1474 1476 1487 1534 1538 1541 1542 1545 1548 1558 1574 1619 1645 1646 1727 1744 1761 1781 1843 1852 1853 1860 1861 1890 1901 1918 1931 1954 1962 1979 1991 2003 2013 2014 2020 2046 2059 2060 2074 2122 2141 2147 2266 2320 2350 2369 2385 2391 2404 2405 2407 2416 2434 2459 2461 2467 2492 2503 2529 2539 2599 2611 2626 2659 2680 2683 2722 2753 2797 2905 2920 
7	91	48	26	12 32 34 72 127 155 206 216 230 272 286 307 310 322 347 378 380 404 411 423 443 449 455 476 561 571 620 630 659 662 673 683 707 737 765 773 775 786 789 850 912 946 952 982 1066 1081 1091 1102 1105 1189 1202 1205 1216 1244 1264 1287 1299 1306 1343 1381 1454 1468 1470 1487 1505 1531 1540 1681 1701 1742 1749 1751 1766 1805 1806 1816 1823 1835 1853 1890 1897 1899 1970 1974 1977 1985 2059 2096 2099 2131 2182 2190 2230 2246 2270 2320 2338 2359 2364 2366 2382 2385 2429 2473 2487 2497 2507 2528 2530 2567 2575 2578 2621 2680 2715 2779 2792 2802 2846 2847 2863 2910 2923 2962 2997 
8	91	7	14	45 83 139 144 151 152 162 202 213 214 228 236 242 270 276 299 301 335 339 342 345 398 409 426 445 464 469 508 511 537 550 551 577 586 752 771 772 783 840 869 870 913 927 931 1003 1029 1036 1039 1042 1061 1065 1115 1121 1143 1159 1242 1273 1286 1295 1351 1403 1414 1428 1443 1471 1505 1508 1521 1547 1560 1573 1588 1604 1605 1693 1716 1758 1771 1776 1781 1783 1794 1841 1848 1856 1862 1878 1892 1922 1959 1987 2003 2032 2033 2083 2085 2089 2125 2127 2141 2168 2171 2176 2184 2240 2272 2301 2303 2334 2355 2364 2379 2440 2536 2618 2620 2689 2704 2717 2732 2740 2748 2849 2852 2875 2891 2915 2928 2958 2963 2967 2977 
9	91	12	27	28 46 82 98 106 131 165 192 200 289 315 340 384 462 505 518 524 608 621 663 676 730 774 791 794 812 819 838 852 857 862 871 877 924 926 962 987 1018 1028 1058 1075 1087 1103 1106 1122 1132 1165 1167 1231 1275 1277 1280 1292 1313 1319 1321 1325 1328 1356 1358 1456 1460 1468 1472 1488 1519 1593 1624 1626 1642 1672 1680 1683 1754 1766 1808 1827 1846 1865 1866 1895 1977 1995 2034 2093 2124 2131 2133 2166 2172 2174 2205 2290 2330 2369 2376 2390 2392 2423 2427 2441 2446 2458 2505 2507 2527 2533 2559 2592 2641 2649 2658 2693 2711 2738 2767 2772 2780 2831 2843 2857 2900 2922 2930 2933 
10	91	31	43	47 90 154 210 234 319 351 372 378 389 403 485 501 513 516 525 539 580 634 636 639 664 678 709 722 783 843 845 873 894 916 917 944 984 1012 1023 1062 1098 1100 1117 1151 1181 1198 1199 1212 1278 1339 1374 1388 1406 1426 1485 1580 1601 1635 1637 1639 1658 1670 1671 1686 1688 1705 1719 1747 1782 1808 1812 1828 1843 1848 1858 1925 1929 1945 1946 1948 1974 1982 1997 2054 2067 2113 2152 2169 2204 2279 2280 2293 2358 2404 2409 2435 2477 2495 2496 2525 2531 2553 2556 2577 2578 2583 2595 2606 2654 2680 2694 2698 2719 2739 2756 2765 2783 2822 2843 2850 2856 2878 2892 2978 2979 
11	91	32	98	3 39 41 95 119 177 194 196 275 297 351 361 364 407 409 424 439 495 504 530 535 593 675 689 723 725 740 751 753 788 795 807 822 869 913 917 930 955 983 1015 1022 1024 1030 1072 1107 1139 1189 1199 1214 1266 1324 1372 1448 1541 1587 1641 1712 1842 1872 1875 1933 1951 2000 2006 2041 2088 2113 2123 2138 2189 2200 2253 2256 2265 2271 2281 2284 2293 2300 2377 2401 2414 2433 2449 2451 2515 2547 2602 2628 2702 2717 2786 2795 2811 2870 2905 2929 2963 2999 3000 
12	91	17	17	2 19 95 105 110 137 146 147 164 180 183 191 195 267 283 311 324 360 381 407 429 484 488 491 545 580 616 627 670 714 720 728 816 844 874 887 903 932 963 970 1011 1021 1063 1101 1138 1144 1155 1177 1208 1219 1225 1284 1309 1332 1357 1372 1424 1495 1499 1504 1507 1513 1530 1534 1559 1569 1581 1599 1634 1641 1698 1731 1747 1877 1944 1954 1975 2043 2044 2074 2075 2095 2127 2173 2201 2207 2208 2235 2245 2308 2331 2343 2352 2381 2385 2408 2430 2456 2462 2463 2467 2484 2498 2502 2503 2508 2514 2515 2532 2539 2582 2686 2687 2709 2743 2751 2755 2770 2794 2805 2816 2821 2874 2888 2903 2932 2938 2946 2947 2967 2988 
13	91	40	78	11 21 49 72 100 111 123 147 163 179 211 227 236 240 269 276 286 381 417 418 427 429 452 478 521 558 561 575 579 623 639 672 720 747 754 760 776 782 802 808 854 860 890 909 914 943 964 1003 1015 1103 1111 1116 1147 1160 1211 1238 1280 1291 1312 1352 1368 1421 1452 1483 1518 1563 1601 1629 1639 1686 1689 1706 1773 1791 1845 1876 1939 1950 2042 2091 2108 2148 2182 2231 2252 2263 2301 2317 2355 2431 2458 2474 2486 2527 2564 2594 2619 2695 2701 2747 2749 2786 2797 2798 2803 2812 2815 2816 2938 2956 2978 
14	91	50	89	21 28 31 42 67 95 159 174 201 300 345 353 362 421 423 434 444 496 533 553 610 617 626 672 745 775 787 804 809 835 959 998 1003 1040 1041 1070 1088 1090 1136 1162 1164 1180 1206 1258 1267 1354 1374 1390 1427 1447 1468 1470 1475 1476 1488 1501 1528 1543 1589 1689 1711 1714 1775 1863 1917 1920 1941 1953 2001 2111 2135 2144 2150 2182 2224 2235 2323 2331 2371 2372 2401 2492 2544 2557 2581 2588 2625 2631 2639 2652 2666 2697 2705 2710 2730 2750 2774 2805 2821 2827 2835 2877 2925 2952 2970 2981 
15	91	12	84	16 49 57 58 89 129 156 160 176 206 224 234 246 278 295 304 327 351 470 482 530 554 559 610 689 690 716 726 758 766 783 836 871 872 969 1003 1019 1030 1049 1087 1128 1162 1224 1263 1324 1368 1414 1424 1427 1435 1489 1545 1574 1604 1619 1631 1651 1669 1679 1692 1700 1705 1722 1727 1739 1783 1824 1825 1902 1954 1963 1989 1992 2064 2071 2085 2180 2185 2212 2242 2268 2269 2289 2296 2298 2327 2331 2347 2374 2384 2389 2396 2437 2463 2496 2520 2572 2621 2624 2633 2714 2810 2858 2873 2930 2933 2942 2960 2984 
16	91	40	18	20 54 100 123 136 150 152 154 176 206 257 269 321 343 368 369 386 399 432 488 557 567 592 594 608 696 700 720 727 734 742 764 765 789 790 799 809 818 823 825 828 833 845 874 921 933 962 965 976 977 1004 1021 1022 1029 1073 1095 1159 1167 1182 1185 1189 1247 1259 1319 1329 1338 1347 1357 1360 1373 1401 1460 1478 1479 1489 1572 1591 1595 1608 1618 1625 1628 1630 1653 1677 1747 1762 1784 1827 1867 1878 1900 1906 1956 1967 1991 2016 2034 2053 2072 2077 2151 2177 2257 2260 2297 2374 2394 2397 2430 2461 2474 2513 2538 2540 2551 2585 2630 2705 2722 2746 2799 2809 2822 2871 2886 2904 2912 2951 2959 2971 
17	91	26	55	45 69 87 88 121 148 178 179 181 211 237 262 264 305 306 353 355 445 486 514 520 581 598 604 647 650 653 670 717 788 828 832 844 859 875 916 921 970 978 993 1037 1063 1069 1076 1084 1086 1103 1163 1182 1222 1242 1262 1273 1286 1315 1326 1337 1348 1367 1379 1388 1399 1401 1453 1484 1501 1521 1531 1550 1585 1625 1675 1683 1686 1690 1695 1712 1792 1802 1835 1882 1887 1896 1914 2052 2082 2129 2143 2162 2166 2193 2202 2206 2232 2236 2256 2318 2336 2350 2414 2440 2482 2531 2586 2611 2648 2665 2669 2672 2678 2784 2804 2817 2820 2833 2869 2873 2945 
18	91	1	37	5 9 11 26 38 96 109 133 139 181 270 278 307 321 326 400 448 571 573 589 648 657 672 707 708 712 743 756 764 792 795 798 851 876 906 962 967 972 980 986 990 993 1000 1014 1108 1120 1136 1138 1164 1195 1199 1208 1242 1247 1251 1253 1256 1334 1393 1426 1455 1517 1528 1548 1556 1558 1566 1582 1601 1603 1614 1654 1698 1707 1746 1767 1787 1790 1822 1835 1879 1933 1946 2011 2050 2125 2156 2170 2178 2204 2215 2226 2316 2330 2351 2383 2385 2412 2448 2469 2471 2509 2515 2530 2576 2606 2607 2653 2661 2663 2690 2694 2709 2778 2825 2848 2880 2931 2934 2946 2951 2967 2994 
19	91	44	93	13 20 26 33 72 78 133 231 235 256 282 305 332 356 360 394 404 405 419 446 538 539 542 564 597 602 671 687 693 742 764 770 799 832 865 881 900 928 950 978 1014 1025 1114 1166 1170 1189 1219 1229 1232 1240 1341 1365 1386 1438 1469 1478 1501 1596 1604 1629 1650 1655 1701 1716 1785 1786 1823 1863 1883 1893 1928 1959 2024 2038 2051 2073 2118 2125 2154 2188 2190 2243 2292 2314 2322 2358 2412 2429 2498 2508 2582 2587 2647 2669 2728 2759 2769 2786 2799 2836 2865 2872 2911 2940 2993 
20	91	28	11	42 82 92 98 130 138 214 225 239 245 261 269 283 287 355 427 436 446 454 467 473 481 510 527 566 585 589 603 626 637 640 686 725 767 771 778 788 793 794 825 838 891 917 918 930 1013 1020 1090 1139 1154 1155 1173 1226 1229 1241 1249 1318 1380 1385 1391 1462 1470 1532 1577 1594 1643 1688 1695 1728 1760 1770 1774 1788 1796 1807 1821 1856 1858 1859 1870 1876 1884 1900 1932 1962 1975 1976 1978 1995 2000 2004 2066 2112 2134 2146 2171 2227 2245 2296 2307 2311 2314 2421 2439 2469 2476 2497 2516 2537 2545 2547 2580 2590 2622 2654 2656 2659 2668 2686 2698 2711 2714 2722 2756 2760 2770 2815 2860 2882 2891 2895 2941 2959 
21	91	11	28	47 80 124 145 161 182 252 254 288 290 296 311 336 356 374 398 402 430 472 506 507 519 523 557 579 612 654 667 669 679 684 691 705 718 731 739 744 748 776 785 788 799 902 913 926 939 968 975 1019 1086 1108 1117 1131 1134 1168 1195 1224 1229 1345 1349 1394 1404 1407 1434 1451 1455 1476 1483 1494 1500 1503 1536 1539 1566 1586 1611 1615 1624 1656 1660 1662 1697 1811 1831 1904 1932 2020 2039 2048 2055 2092 2124 2136 2138 2174 2193 2207 2230 2255 2280 2326 2337 2354 2360 2368 2391 2393 2453 2472 2481 2533 2534 2551 2561 2645 2649 2684 2701 2704 2834 2908 2914 2926 2945 2994 
22	91	35	60	8 10 43 68 88 103 113 142 171 208 231 258 306 309 341 375 388 401 410 447 450 481 495 522 532 536 588 680 731 797 798 858 920 961 978 991 1011 1017 1027 1035 1060 1062 1069 1085 1094 1128 1132 1133 1141 1148 1192 1248 1254 1297 1299 1401 1426 1444 1445 1481 1496 1499 1552 1560 1562 1571 1583 1598 1613 1623 1651 1728 1750 1759 1819 1861 1886 1954 1961 1965 1966 2041 2057 2068 2093 2129 2142 2144 2151 2217 2238 2256 2273 2311 2319 2337 2342 2347 2348 2364 2393 2436 2472 2559 2573 2583 2612 2615 2642 2645 2728 2747 2822 2825 2926 2937 2961 
23	91	28	19	1 116 117 119 120 141 172 177 195 207 215 226 232 256 259 314 344 379 415 425 562 564 586 597 601 602 608 626 635 674 743 754 822 839 847 862 863 887 907 915 984 993 1034 1035 1047 1094 1105 1140 1155 1190 1195 1213 1223 1245 1252 1276 1277 1314 1315 1343 1348 1398 1412 1444 1487 1560 1570 1579 1593 1607 1643 1822 1840 1857 1921 1938 2016 2035 2043 2081 2092 2167 2171 2231 2232 2235 2239 2242 2248 2267 2316 2317 2319 2343 2362 2377 2378 2382 2403 2411 2418 2460 2479 2488 2517 2540 2570 2581 2614 2635 2655 2657 2661 2691 2775 2788 2789 2802 2818 2819 2823 2827 2864 2868 2901 2902 2910 2950 2973 2982 2990 
24	91	29	30	12 15 44 109 151 165 186 199 242 246 254 297 397 416 441 442 445 465 496 511 530 543 576 615 646 681 686 699 706 721 731 734 748 760 766 785 817 821 834 851 855 868 875 883 904 912 952 970 1057 1074 1094 1123 1138 1158 1166 1194 1235 1239 1261 1270 1308 1331 1340 1347 1412 1421 1465 1495 1496 1539 1559 1565 1583 1604 1613 1636 1664 1671 1724 1803 1855 1877 1963 1985 2053 2065 2090 2132 2177 2181 2186 2221 2257 2271 2294 2304 2319 2343 2346 2348 2408 2437 2447 2452 2501 2549 2567 2598 2671 2695 2700 2734 2742 2821 2844 2886 2913 2928 2947 2948 2965 2975 2986 2991 
25	91	29	47	43 59 61 94 106 126 152 153 170 220 230 257 268 276 292 296 313 327 366 374 456 457 493 519 534 563 591 604 622 643 644 673 687 689 690 711 729 760 816 878 889 893 894 926 931 954 980 991 1005 1011 1038 1055 1059 1087 1095 1099 1171 1173 1237 1244 1250 1269 1281 1298 1301 1327 1335 1356 1379 1429 1463 1491 1535 1586 1617 1635 1654 1660 1717 1735 1800 1830 1832 1840 1841 1863 1913 1964 1981 2076 2092 2116 2130 2165 2188 2191 2205 2217 2240 2243 2295 2302 2362 2424 2444 2459 2471 2479 2504 2541 2652 2662 2671 2714 2762 2801 2814 2879 2888 2923 2946 
26	91	20	21	19 51 56 61 124 127 157 180 186 229 267 295 307 320 339 348 370 372 419 432 447 449 459 515 518 591 635 643 651 671 678 777 790 808 816 852 877 879 904 939 953 965 977 999 1082 1100 1116 1133 1159 1170 1253 1256 1274 1279 1287 1305 1397 1398 1411 1415 1458 1467 1469 1480 1506 1509 1510 1561 1566 1602 1614 1638 1695 1721 1756 1758 1765 1784 1809 1815 1820 1826 1874 1895 1921 1922 1963 1976 2044 2086 2089 2091 2121 2128 2135 2139 2157 2160 2187 2216 2241 2286 2294 2311 2334 2366 2445 2476 2485 2539 2548 2557 2574 2581 2615 2633 2635 2657 2664 2667 2731 2739 2748 2754 2790 2801 2837 2915 2953 2958 
27	91	11	48	45 97 139 171 176 213 217 223 258 276 342 355 362 422 452 495 516 526 537 541 548 560 564 645 650 654 682 706 709 719 738 741 744 745 750 756 779 843 849 886 937 961 1018 1031 1039 1057 1080 1104 1107 1112 1155 1221 1251 1341 1343 1344 1371 1386 1408 1427 1434 1441 1442 1446 1504 1522 1527 1542 1582 1638 1678 1699 1726 1757 1797 1845 1867 1880 1915 1955 1966 1981 2001 2010 2013 2019 2022 2041 2080 2178 2187 2208 2213 2216 2258 2282 2313 2339 2367 2375 2387 2395 2482 2498 2515 2528 2595 2614 2623 2635 2636 2653 2685 2743 2754 2763 2857 2861 2931 2935 2936 
28	91	46	7	27 60 75 87 111 122 146 209 230 267 274 298 317 324 340 359 381 390 397 401 433 460 466 517 580 642 648 654 664 665 725 784 796 805 810 820 852 876 881 910 938 940 941 955 960 989 1008 1009 1021 1071 1073 1101 1102 1132 1174 1178 1211 1221 1237 1241 1242 1252 1257 1268 1323 1338 1342 1350 1366 1408 1443 1464 1485 1494 1497 1516 1530 1552 1565 1567 1632 1638 1652 1661 1676 1688 1692 1695 1702 1740 1741 1767 1796 1811 1871 1874 1904 1931 1943 1968 2021 2022 2068 2117 2120 2164 2167 2185 2195 2203 2209 2263 2281 2365 2412 2418 2432 2504 2519 2538 2551 2586 2650 2655 2708 2719 2732 2778 2820 2838 2846 2894 2940 2971 2973 2987 
29	91	23	96	32 167 169 184 197 200 225 255 262 323 334 339 357 403 489 502 509 622 628 655 656 683 764 792 799 812 824 834 890 914 925 927 996 1020 1152 1180 1228 1262 1285 1304 1335 1379 1382 1390 1438 1461 1471 1483 1512 1532 1555 1597 1598 1663 1670 1699 1729 1765 1770 1811 1823 1837 1868 1891 1911 1965 1977 2047 2072 2098 2175 2192 2214 2227 2278 2301 2362 2430 2439 2449 2451 2455 2468 2480 2489 2552 2569 2576 2583 2640 2644 2660 2673 2804 2814 2824 2839 2902 2918 2944 2954 2957 
30	91	38	15	88 96 149 156 158 184 218 233 244 262 293 327 337 408 457 514 518 587 711 714 716 721 789 824 841 845 866 902 932 941 977 1006 1016 1019 1080 1114 1134 1146 1161 1175 1178 1181 1185 1193 1208 1238 1256 1311 1313 1314 1364 1377 1414 1436 1440 1489 1514 1535 1573 1575 1582 1592 1608 1634 1644 1647 1681 1697 1701 1704 1742 1743 1782 1804 1818 1829 1830 1859 1899 1900 1907 1924 1977 1992 2007 2016 2057 2098 2131 2154 2156 2161 2170 2200 2202 2209 2212 2274 2293 2304 2336 2350 2383 2425 2426 2432 2442 2457 2458 2473 2482 2512 2525 2548 2572 2574 2627 2631 2663 2677 2781 2792 2804 2833 2870 2877 2878 2880 2881 2903 2927 2955 
31	91	4	79	14 80 87 100 112 115 131 135 150 159 175 251 261 268 283 303 306 342 363 412 437 468 470 489 532 567 659 661 668 684 689 696 701 737 749 751 780 821 837 851 885 909 948 989 1025 1028 1046 1059 1083 1097 1141 1157 1220 1364 1400 1419 1420 1477 1597 1620 1627 1682 1700 1701 1722 1792 1795 1808 1825 1852 1878 1917 1925 1996 2004 2009 2012 2061 2069 2153 2160 2189 2191 2205 2242 2293 2299 2352 2378 2400 2421 2464 2544 2548 2560 2602 2632 2640 2701 2715 2726 2740 2767 2811 2834 2868 2923 2934 2935 2954 2976 
32	91	39	29	22 29 33 58 62 66 100 110 116 142 163 166 323 328 353 365 379 381 383 399 401 437 465 487 495 516 532 561 582 615 625 742 746 752 767 795 822 831 840 848 850 858 867 898 900 915 917 937 1029 1054 1061 1102 1113 1128 1142 1145 1151 1152 1162 1171 1183 1187 1220 1233 1339 1372 1387 1402 1408 1419 1454 1459 1512 1523 1554 1562 1628 1639 1658 1687 1691 1718 1720 1757 1767 1788 1799 1849 1852 1928 1950 2009 2025 2083 2117 2122 2202 2229 2283 2346 2352 2368 2375 2401 2410 2471 2530 2538 2558 2564 2623 2639 2648 2656 2674 2714 2732 2733 2736 2814 2821 2887 2889 2890 2965 
33	91	46	44	4 15 16 41 56 76 80 84 107 109 200 237 243 259 273 281 331 333 358 370 386 482 501 502 505 507 547 569 599 613 635 652 697 706 802 809 811 842 860 893 894 925 943 994 1031 1038 1157 1194 1240 1257 1302 1328 1331 1333 1355 1357 1382 1425 1450 1469 1477 1482 1488 1508 1510 1512 1520 1551 1592 1602 1610 1652 1662 1667 1678 1684 1691 1722 1755 1756 1772 1870 1882 1895 1919 1926 1929 1960 1990 2007 2020 2050 2133 2210 2221 2272 2309 2348 2368 2399 2431 2472 2510 2537 2549 2558 2620 2629 2647 2655 2734 2740 2781 2788 2827 2867 2882 2924 2937 2953 2973 2977 
34	91	10	90	12 13 44 55 67 84 118 229 235 259 271 289 373 388 407 424 498 509 525 588 621 624 649 671 676 686 693 721 748 757 894 919 939 940 1002 1050 1068 1072 1077 1130 1173 1183 1188 1191 1232 1302 1364 1410 1412 1511 1515 1518 1535 1554 1578 1606 1727 1735 1741 1799 1814 1871 1880 1907 1914 1962 1983 1988 2033 2195 2200 2225 2233 2273 2282 2325 2384 2392 2393 2399 2428 2495 2503 2521 2562 2608 2617 2618 2647 2656 2675 2679 2680 2693 2695 2758 2770 2771 2776 2783 2828 2843 2865 2979 2992 3000 
35	91	9	24	3 36 43 44 56 132 135 173 190 191 193 196 207 217 232 250 287 313 318 322 337 344 352 387 412 416 426 455 459 556 563 618 660 663 665 669 670 724 735 812 855 882 898 908 914 995 1001 1014 1017 1070 1077 1081 1222 1227 1246 1278 1282 1290 1300 1363 1393 1410 1481 1506 1511 1526 1557 1575 1578 1585 1590 1620 1657 1711 1716 1729 1736 1738 1754 1759 1760 1859 1872 1879 1936 1960 1972 1973 1975 1980 1990 2073 2078 2201 2211 2229 2243 2267 2290 2297 2302 2326 2328 2346 2428 2433 2450 2468 2470 2524 2562 2604 2623 2626 2638 2642 2662 2710 2727 2789 2800 2807 2830 2833 2969 2989 2991 
36	91	34	67	1 16 69 101 103 108 113 158 197 227 238 244 288 315 341 377 405 426 462 471 494 551 603 755 784 835 881 959 963 1009 1023 1089 1092 1116 1117 1119 1145 1180 1209 1230 1247 1270 1271 1279 1306 1319 1361 1395 1427 1429 1474 1503 1530 1564 1607 1630 1664 1699 1710 1732 1743 1757 1762 1769 1786 1791 1836 1872 1874 1887 1911 1924 1939 1966 1973 1989 2026 2027 2030 2063 2104 2159 2162 2165 2224 2232 2297 2361 2400 2451 2458 2495 2511 2513 2514 2531 2563 2577 2579 2630 2670 2678 2679 2706 2713 2727 2729 2733 2752 2829 2874 2882 2894 2956 2986 
37	91	49	31	34 37 50 85 182 277 294 325 350 368 375 396 397 417 458 471 498 508 525 553 574 586 596 630 646 715 721 734 863 876 883 892 929 968 972 973 1018 1039 1044 1059 1071 1079 1148 1150 1154 1157 1164 1233 1235 1245 1255 1256 1293 1317 1382 1406 1438 1451 1458 1459 1466 1490 1509 1561 1608 1617 1622 1642 1661 1693 1699 1743 1779 1799 1807 1810 1865 1888 1944 1968 1984 2010 2021 2024 2101 2108 2114 2119 2135 2233 2252 2261 2269 2282 2287 2340 2394 2411 2452 2454 2464 2465 2485 2487 2490 2497 2532 2533 2539 2585 2591 2606 2664 2667 2677 2693 2716 2753 2787 2798 2806 2848 2966 2988 
38	91	13	22	34 64 81 161 164 186 229 241 302 316 335 354 371 394 402 410 412 434 506 537 574 595 663 692 695 717 726 739 757 772 827 829 832 856 863 889 908 952 957 998 1045 1095 1141 1146 1147 1203 1212 1229 1248 1250 1264 1266 1288 1290 1340 1346 1378 1385 1490 1502 1503 1630 1771 1789 1809 1829 1830 1832 1850 1858 1881 1883 1889 1892 1893 1918 1931 1941 1952 1964 1984 1985 1991 1998 2015 2022 2025 2058 2066 2075 2096 2122 2146 2158 2162 2179 2184 2186 2236 2246 2249 2260 2266 2350 2374 2390 2405 2445 2459 2466 2487 2500 2555 2560 2566 2580 2608 2644 2646 2709 2735 2788 2826 2879 2913 2919 2924 2983 2993 
39	91	41	45	31 33 35 37 58 65 92 134 140 169 189 199 218 219 220 231 233 293 336 350 366 409 414 438 454 455 460 470 504 518 522 568 647 658 690 711 717 743 762 807 823 893 899 931 989 1078 1092 1140 1169 1217 1232 1255 1275 1286 1310 1342 1343 1351 1355 1362 1397 1406 1409 1424 1440 1444 1445 1474 1509 1547 1552 1607 1633 1706 1720 1733 1795 1840 1907 1986 1990 2047 2054 2068 2070 2071 2098 2101 2121 2134 2137 2170 2205 2234 2251 2264 2327 2341 2360 2384 2447 2498 2504 2511 2526 2534 2546 2572 2586 2634 2668 2684 2706 2709 2748 2824 2857 2872 2876 2883 2917 2922 
40	91	38	1	25 84 111 114 115 148 149 150 170 185 211 219 240 260 274 291 330 335 374 415 435 450 454 458 480 514 534 537 543 594 601 618 634 667 671 681 695 698 732 779 806 814 885 910 922 963 1000 1016 1033 1038 1046 1078 1123 1143 1151 1201 1203 1227 1237 1268 1305 1338 1370 1397 1403 1413 1432 1455 1507 1520 1526 1555 1557 1568 1584 1590 1633 1635 1725 1740 1774 1789 1805 1833 1934 1935 1936 1947 1955 1956 1958 1959 1967 1976 1998 2019 2073 2095 2115 2118 2123 2127 2136 2146 2150 2154 2163 2176 2213 2226 2240 2252 2269 2278 2303 2320 2327 2341 2349 2408 2490 2506 2507 2563 2565 2566 2569 2576 2590 2597 2610 2616 2641 2643 2673 2724 2755 2776 2785 2807 2831 2880 2902 2914 2932 2962 2984 2989 
41	91	18	52	18 76 102 108 132 208 255 329 371 410 437 460 474 491 539 541 557 569 577 578 584 623 680 688 739 771 775 830 864 865 869 896 911 924 1007 1010 1041 1065 1089 1106 1113 1147 1161 1163 1264 1272 1314 1361 1392 1419 1422 1482 1494 1502 1631 1636 1685 1708 1856 1870 1887 1891 1923 1939 1983 2069 2075 2088 2119 2128 2152 2166 2179 2223 2245 2268 2278 2288 2299 2335 2386 2395 2404 2407 2417 2419 2424 2425 2469 2475 2518 2526 2540 2571 2591 2592 2600 2612 2622 2629 2630 2636 2678 2690 2700 2720 2730 2741 2742 2748 2769 2835 2847 2856 2863 2891 2897 2925 2972 2990 
42	91	7	64	18 23 55 63 78 97 99 134 152 172 183 194 242 279 293 318 337 421 423 439 466 477 553 556 608 617 679 717 746 782 790 800 813 826 846 850 905 908 927 968 982 994 1016 1019 1053 1105 1123 1233 1246 1281 1289 1299 1300 1301 1306 1327 1335 1373 1374 1400 1453 1458 1497 1591 1595 1601 1617 1625 1662 1676 1680 1714 1739 1755 1764 1772 1846 1905 2017 2025 2075 2097 2110 2181 2187 2262 2264 2275 2312 2396 2444 2445 2449 2466 2478 2521 2546 2599 2616 2619 2687 2776 2810 2823 2828 2845 2864 2872 2897 2922 2932 2970 2973 2979 2997 2998 
43	91	36	2	3 4 14 49 66 70 94 134 155 179 190 201 221 224 226 238 266 281 282 324 325 330 334 341 353 372 374 386 392 395 440 535 586 611 621 629 651 685 688 747 755 821 836 870 948 951 975 983 1010 1011 1031 1064 1076 1078 1118 1121 1146 1170 1172 1176 1178 1188 1194 1219 1282 1284 1355 1433 1440 1465 1485 1498 1529 1549 1559 1564 1608 1610 1623 1631 1655 1668 1733 1748 1763 1780 1817 1818 1898 1921 1926 1940 1978 1980 2062 2077 2084 2089 2107 2114 2116 2124 2144 2149 2196 2253 2277 2325 2337 2356 2367 2399 2406 2417 2419 2474 2500 2505 2511 2513 2521 2555 2562 2579 2587 2603 2712 2742 2744 2745 2753 2763 2795 2838 2846 2862 2864 2906 2943 2949 2991 2994 
44	91	20	38	30 46 54 66 82 86 94 115 122 125 126 137 144 167 183 203 209 222 228 230 252 328 356 378 425 433 436 438 442 490 548 570 578 579 614 640 670 678 728 740 763 811 833 882 948 1112 1125 1130 1135 1137 1182 1197 1198 1274 1291 1301 1315 1328 1332 1456 1472 1485 1498 1510 1521 1526 1536 1551 1588 1611 1640 1648 1657 1668 1676 1813 1835 1872 1906 1986 1987 1994 1996 2034 2037 2086 2117 2141 2175 2184 2210 2219 2308 2317 2347 2370 2425 2448 2470 2493 2506 2542 2554 2565 2596 2597 2638 2643 2653 2665 2666 2702 2726 2737 2743 2751 2754 2780 2822 2842 2892 2955 2966 
45	91	37	86	80 209 236 248 249 330 362 395 416 432 449 480 499 560 566 569 590 630 636 650 664 735 758 761 793 810 833 859 861 872 900 906 954 957 966 980 1058 1085 1095 1111 1134 1143 1144 1147 1159 1160 1187 1190 1215 1254 1273 1295 1337 1348 1393 1413 1433 1449 1580 1605 1612 1641 1650 1698 1718 1721 1752 1780 1821 1824 1847 1865 1892 1948 1993 2045 2112 2126 2129 2155 2161 2183 2195 2274 2284 2305 2318 2377 2396 2499 2558 2559 2588 2593 2600 2615 2625 2631 2634 2793 2833 2855 2866 2893 2894 2895 2966 2984 
46	91	9	91	69 109 139 188 253 261 292 319 355 365 401 546 577 643 674 692 693 761 767 768 786 796 814 869 909 946 950 997 1024 1033 1047 1057 1091 1129 1150 1175 1196 1205 1310 1322 1326 1354 1367 1377 1409 1414 1475 1477 1544 1545 1557 1622 1634 1647 1679 1686 1690 1694 1703 1723 1736 1739 1744 1775 1779 1781 1810 1815 1839 1850 1882 1894 1905 1916 1941 1969 2023 2038 2058 2080 2120 2153 2179 2215 2247 2259 2264 2265 2330 2353 2383 2409 2467 2494 2628 2637 2703 2719 2725 2751 2773 2797 2803 2819 2913 2958 
47	91	8	8	6 60 68 77 90 91 104 136 162 164 172 196 197 198 207 237 242 243 249 251 269 275 326 339 352 360 390 392 427 430 434 451 464 470 474 490 538 544 552 566 590 591 605 620 637 653 683 702 797 821 844 930 982 985 1051 1073 1098 1108 1211 1233 1239 1245 1292 1316 1336 1340 1353 1433 1492 1529 1555 1565 1580 1627 1660 1672 1704 1728 1739 1803 1825 1844 1873 1901 1931 1937 1946 1963 1969 1985 1992 2001 2002 2011 2019 2054 2062 2067 2081 2100 2137 2138 2183 2210 2257 2259 2265 2277 2306 2322 2328 2329 2349 2367 2435 2490 2505 2548 2571 2589 2634 2688 2721 2724 2774 2778 2824 2874 2875 2905 2911 2913 2917 2974 2975 2979 
48	91	13	68	10 29 85 96 120 130 155 164 167 183 194 223 248 249 260 277 301 308 371 380 385 403 407 417 468 512 515 533 535 540 546 565 611 614 627 638 658 703 714 723 726 779 827 896 899 971 978 1023 1040 1201 1225 1243 1265 1291 1350 1405 1415 1432 1461 1464 1634 1655 1678 1702 1709 1829 1851 1854 1864 1869 1908 1927 1935 1958 2011 2055 2056 2082 2113 2123 2199 2260 2309 2321 2338 2357 2363 2386 2405 2406 2412 2491 2557 2632 2656 2678 2718 2732 2757 2763 2779 2790 2801 2806 2827 2841 2849 2873 2885 2941 2943 2956 2957 2959 2982 
49	91	14	75	5 10 39 108 118 175 180 212 259 302 391 420 468 473 506 594 627 653 677 679 709 768 773 784 801 804 865 875 888 892 897 920 922 938 942 985 994 1001 1005 1012 1048 1054 1100 1168 1187 1219 1223 1266 1268 1344 1366 1390 1395 1420 1437 1462 1473 1487 1516 1564 1568 1573 1642 1673 1680 1694 1753 1761 1777 1782 1947 1953 1970 2039 2046 2077 2079 2080 2108 2130 2142 2159 2178 2193 2199 2237 2258 2264 2307 2312 2321 2332 2475 2477 2481 2529 2565 2643 2651 2751 2753 2766 2795 2845 2866 2909 2929 2940 2948 2949 2953 2978 2985 
50	91	44	80	6 30 84 120 129 180 210 229 253 338 382 384 406 422 459 468 478 510 519 542 543 590 593 613 633 640 707 711 867 878 892 944 947 981 1048 1056 1098 1109 1120 1127 1170 1207 1265 1320 1329 1367 1370 1378 1381 1385 1391 1430 1434 1441 1454 1532 1539 1540 1574 1581 1612 1714 1723 1812 1820 1824 1866 1867 1881 1924 1933 1955 1957 2006 2016 2027 2060 2065 2069 2084 2121 2130 2134 2204 2223 2233 2263 2273 2276 2332 2415 2426 2443 2496 2542 2550 2607 2635 2638 2689 2691 2697 2710 2792 2832 2838 2908 2949 2964 2967 2980 
51	91	48	32	74 91 99 112 125 154 175 201 215 224 241 244 265 282 297 328 351 393 418 440 445 472 531 540 588 605 657 709 787 801 807 831 873 879 890 895 919 945 960 980 1013 1028 1035 1049 1080 1124 1126 1174 1194 1196 1199 1260 1269 1272 1304 1384 1392 1406 1513 1518 1561 1569 1583 1609 1624 1672 1677 1731 1738 1746 1758 1802 1812 1818 1833 1847 1850 1876 1920 1929 1941 1955 1978 1998 2002 2008 2014 2026 2064 2118 2140 2159 2165 2169 2190 2192 2221 2275 2295 2318 2324 2344 2386 2388 2416 2526 2560 2575 2597 2604 2605 2616 2727 2752 2776 2813 2829 2830 2897 2921 2939 2945 2954 2986 
52	91	21	61	21 44 48 53 83 107 115 117 153 189 190 216 235 247 307 328 387 405 408 429 438 447 451 466 467 531 596 600 667 691 734 747 777 825 830 870 902 929 953 959 972 1009 1032 1048 1051 1067 1077 1090 1092 1128 1153 1176 1179 1207 1226 1239 1288 1308 1332 1346 1389 1405 1531 1537 1549 1563 1575 1579 1581 1637 1680 1684 1720 1725 1735 1814 1827 1877 1885 1919 1926 1949 1960 1964 2036 2050 2061 2073 2105 2156 2174 2246 2254 2262 2280 2297 2315 2351 2401 2451 2480 2482 2493 2523 2564 2586 2625 2692 2703 2710 2720 2774 2809 2830 2851 2888 2950 
53	91	18	9	20 36 50 81 110 114 121 171 175 220 232 245 270 319 334 343 347 350 361 391 417 418 452 461 483 528 558 567 568 597 599 604 616 619 630 655 687 745 770 772 774 812 818 871 901 921 936 940 955 957 987 1027 1106 1111 1114 1132 1180 1190 1207 1216 1241 1287 1310 1313 1326 1335 1359 1361 1403 1504 1524 1527 1569 1571 1591 1649 1669 1670 1677 1696 1714 1721 1724 1734 1785 1813 1820 1866 1915 1953 1997 2001 2017 2072 2082 2094 2152 2164 2217 2220 2226 2238 2248 2249 2279 2284 2285 2318 2365 2370 2386 2434 2442 2453 2499 2522 2560 2614 2619 2642 2652 2669 2681 2708 2711 2713 2828 2858 2880 2900 2903 2904 2934 2936 2948 2987 
54	91	27	39	38 75 113 114 137 145 210 234 315 330 340 369 414 451 465 469 492 501 540 541 567 571 583 598 629 643 653 665 696 708 722 797 800 802 803 815 818 831 863 901 904 928 974 976 979 981 987 1023 1065 1084 1093 1100 1149 1188 1216 1235 1267 1308 1310 1323 1337 1416 1452 1541 1543 1553 1568 1575 1576 1577 1585 1596 1632 1669 1713 1728 1732 1754 1760 1787 1810 1855 1857 1875 1880 1910 1949 1953 1981 2023 2061 2088 2093 2095 2100 2106 2171 2172 2203 2207 2225 2242 2277 2336 2361 2381 2384 2403 2408 2441 2446 2450 2483 2509 2590 2791 2816 2819 2847 2881 2958 2969 2999 
55	91	37	4	35 38 39 57 62 75 91 104 140 141 197 201 238 282 291 358 360 386 388 395 411 433 443 472 556 558 565 584 587 619 661 662 682 685 692 712 774 781 867 871 877 888 912 945 988 1006 1026 1051 1053 1067 1088 1093 1104 1127 1130 1148 1175 1206 1208 1217 1221 1237 1259 1263 1276 1295 1297 1298 1301 1322 1332 1366 1370 1371 1372 1377 1417 1495 1506 1550 1612 1619 1631 1655 1692 1694 1784 1819 1829 1875 1906 1912 1914 1930 1933 1944 2000 2026 2046 2058 2074 2102 2180 2194 2204 2250 2261 2289 2292 2294 2345 2361 2409 2436 2480 2508 2535 2546 2660 2687 2713 2754 2755 2761 2782 2783 2794 2851 2871 2886 2893 2927 2935 2937 2972 2988 3000 
56	91	39	71	33 50 72 112 188 207 227 253 288 299 311 322 333 378 414 469 486 554 558 559 564 584 585 592 617 700 705 804 815 861 874 897 934 951 952 966 983 1052 1074 1075 1082 1110 1153 1171 1179 1190 1238 1249 1320 1380 1430 1431 1439 1457 1462 1509 1533 1546 1588 1691 1704 1745 1752 1779 1789 1791 1844 1851 1883 1886 1902 1947 1997 2013 2014 2031 2035 2053 2056 2111 2115 2121 2128 2164 2214 2229 2230 2237 2250 2270 2300 2310 2324 2332 2406 2414 2426 2509 2529 2568 2660 2697 2699 2708 2737 2744 2746 2747 2782 2835 2844 2859 2987 2996 
57	91	34	56	24 55 65 90 129 133 178 199 221 256 273 295 301 302 321 337 357 387 400 405 430 460 466 475 487 488 505 534 588 703 735 762 770 782 848 899 915 938 956 958 966 974 1045 1052 1063 1129 1131 1198 1260 1296 1303 1329 1342 1346 1371 1402 1415 1420 1431 1452 1464 1505 1533 1536 1576 1664 1736 1790 1834 1838 1845 1855 1868 1879 1936 2031 2044 2047 2052 2056 2068 2078 2102 2104 2125 2133 2139 2158 2159 2168 2183 2288 2310 2316 2358 2381 2389 2402 2420 2427 2541 2553 2636 2731 2740 2749 2758 2772 2787 2806 2808 2817 2862 2866 2900 2910 2952 2961 
58	91	47	33	57 77 79 85 91 124 145 146 161 177 182 187 204 222 241 285 363 364 408 432 446 461 479 480 485 491 492 503 526 548 577 613 618 644 662 682 729 759 761 784 810 837 848 868 891 920 924 925 951 964 967 975 986 996 1017 1096 1137 1287 1293 1353 1358 1368 1382 1387 1399 1445 1449 1466 1482 1548 1562 1578 1600 1690 1731 1756 1761 1797 1798 1844 1861 1869 1916 1925 2008 2027 2028 2042 2094 2099 2219 2231 2251 2257 2305 2306 2315 2340 2373 2455 2484 2514 2525 2579 2605 2611 2664 2681 2692 2695 2733 2735 2739 2743 2791 2802 2842 2858 2861 2869 2873 2883 2976 2992 
59	91	33	40	47 60 62 73 86 168 205 216 222 261 292 298 308 352 388 396 426 473 474 483 487 493 547 562 611 639 641 644 649 657 688 695 713 726 749 781 791 847 849 854 860 862 866 887 928 944 996 1000 1002 1026 1045 1075 1108 1158 1200 1236 1272 1276 1312 1322 1357 1405 1523 1524 1526 1546 1553 1615 1623 1654 1663 1797 1836 1844 1859 1888 1949 1962 1987 2083 2085 2106 2114 2185 2244 2281 2291 2311 2325 2333 2338 2358 2398 2417 2422 2430 2475 2478 2500 2502 2523 2527 2561 2573 2583 2584 2629 2639 2686 2711 2720 2736 2739 2805 2809 2863 2891 2902 2938 2950 2952 2957 2985 
60	91	14	62	17 35 71 101 141 145 155 258 262 326 365 367 387 434 453 512 529 554 570 581 600 609 635 641 697 760 785 801 859 879 883 892 905 928 949 1022 1042 1068 1077 1083 1186 1200 1201 1205 1213 1226 1262 1292 1319 1333 1365 1384 1395 1408 1411 1412 1428 1517 1558 1584 1594 1600 1602 1628 1708 1709 1738 1790 1793 1807 1818 1848 1853 1879 1893 1898 1909 2067 2084 2102 2147 2157 2164 2167 2218 2227 2248 2283 2324 2329 2418 2419 2429 2454 2465 2511 2516 2542 2588 2604 2609 2641 2651 2671 2683 2697 2856 2859 2883 2941 2949 2953 2965 2966 2981 2984 2999 
61	91	25	23	23 48 77 163 170 215 247 264 266 310 325 346 369 380 421 467 485 509 511 533 549 562 570 587 641 644 677 714 725 733 736 787 794 825 861 867 949 997 1008 1038 1058 1072 1083 1109 1118 1121 1127 1167 1236 1297 1321 1334 1356 1373 1381 1387 1407 1467 1479 1484 1494 1507 1517 1525 1544 1570 1651 1669 1677 1687 1724 1758 1795 1820 1831 1851 1853 1875 1911 1912 1914 1915 1940 2087 2109 2110 2127 2177 2202 2206 2258 2279 2300 2321 2348 2353 2438 2462 2472 2531 2543 2561 2566 2587 2591 2596 2598 2610 2622 2644 2665 2667 2672 2687 2692 2719 2734 2741 2746 2760 2785 2796 2823 2832 2879 2907 2921 2990 2993 
62	91	10	16	14 53 90 107 126 134 137 146 160 165 166 184 186 189 198 214 314 335 396 441 458 465 467 484 589 607 612 615 651 676 765 793 806 851 853 859 885 887 906 916 918 967 992 995 999 1032 1040 1082 1097 1117 1171 1192 1193 1206 1231 1260 1300 1327 1349 1363 1384 1391 1418 1443 1456 1463 1465 1501 1508 1521 1537 1547 1582 1603 1647 1685 1774 1776 1812 1822 1824 1896 1926 1928 1942 1948 1996 2017 2020 2023 2037 2045 2081 2131 2137 2158 2173 2265 2289 2290 2327 2340 2345 2367 2376 2406 2413 2421 2434 2454 2457 2469 2496 2502 2504 2550 2587 2621 2625 2631 2676 2679 2690 2723 2750 2782 2837 2848 2860 2887 2925 2987 
63	91	5	69	6 30 60 111 198 203 237 258 320 324 349 359 398 403 425 437 439 481 485 513 549 553 565 574 582 606 662 669 674 680 687 713 770 771 937 947 971 1030 1079 1111 1113 1124 1169 1202 1209 1218 1230 1283 1284 1351 1363 1367 1374 1388 1446 1459 1464 1475 1481 1502 1595 1614 1637 1660 1726 1737 1745 1783 1808 1881 1885 1917 1934 1957 1966 1984 2028 2033 2042 2085 2106 2122 2136 2143 2150 2288 2300 2305 2328 2353 2402 2405 2431 2450 2463 2466 2501 2526 2536 2543 2552 2563 2580 2584 2624 2676 2707 2745 2775 2812 2907 2927 2934 2951 2997 
64	91	49	49	39 41 64 71 118 147 233 256 275 313 349 380 390 393 420 428 431 488 490 493 501 529 538 554 647 677 690 694 747 750 798 809 819 832 854 884 890 909 910 935 948 956 977 985 1010 1026 1033 1034 1078 1081 1096 1097 1099 1169 1210 1269 1345 1370 1375 1448 1463 1470 1472 1513 1543 1621 1651 1667 1683 1685 1723 1724 1725 1736 1775 1856 1862 1873 1919 1946 1993 2008 2083 2091 2119 2124 2126 2169 2173 2189 2197 2211 2244 2269 2320 2336 2356 2387 2415 2420 2424 2435 2479 2490 2516 2537 2552 2569 2588 2596 2760 2806 2808 2809 2845 2849 2850 2907 2918 2950 2998 
65	91	17	65	1 18 38 61 79 108 127 212 225 240 246 248 338 346 410 419 431 476 503 557 559 594 607 637 673 698 727 746 749 753 786 789 796 846 849 862 891 896 911 936 976 982 998 1001 1040 1183 1184 1197 1228 1234 1292 1300 1341 1345 1368 1378 1392 1426 1436 1460 1474 1517 1551 1580 1609 1610 1614 1626 1656 1657 1665 1690 1700 1711 1713 1721 1750 1752 1760 1801 1832 1847 1898 1912 1915 1927 1952 1972 1979 2071 2077 2110 2128 2160 2197 2219 2220 2234 2259 2298 2344 2364 2376 2394 2542 2616 2642 2659 2696 2749 2769 2794 2852 2898 2981 2998 
66	91	41	41	3 7 52 160 177 193 278 299 305 312 317 321 345 357 363 438 541 544 578 595 604 607 647 656 701 733 801 814 824 839 870 882 886 897 984 989 1013 1047 1104 1107 1135 1150 1156 1158 1186 1225 1253 1270 1339 1341 1358 1379 1386 1401 1405 1432 1434 1473 1482 1483 1515 1527 1531 1556 1564 1577 1615 1618 1627 1636 1664 1674 1682 1722 1734 1753 1773 1802 1888 1897 1942 1943 1948 1950 1974 1988 2007 2013 2036 2065 2090 2140 2160 2185 2198 2199 2228 2229 2237 2239 2246 2261 2270 2276 2285 2332 2378 2388 2476 2489 2559 2563 2605 2658 2662 2703 2706 2731 2757 2764 2860 2896 2919 
67	91	2	87	22 37 82 103 123 179 225 227 228 251 271 302 303 308 338 342 348 354 377 412 477 496 511 517 581 625 637 683 702 763 765 780 898 935 986 990 1006 1014 1024 1050 1055 1069 1071 1092 1112 1125 1167 1200 1211 1213 1217 1312 1358 1364 1394 1431 1446 1473 1497 1534 1572 1579 1606 1616 1730 1733 1756 1770 1771 1798 1805 1880 2007 2009 2011 2049 2088 2118 2132 2148 2158 2223 2228 2241 2328 2390 2391 2418 2420 2433 2442 2512 2546 2576 2633 2673 2674 2704 2706 2716 2745 2752 2764 2768 2788 2955 2988 2997 
68	91	25	12	13 41 78 88 97 166 172 192 206 213 219 263 309 310 329 385 399 415 421 453 471 483 526 531 545 547 602 609 615 616 625 632 656 733 737 739 745 755 758 768 769 846 880 919 922 923 942 953 1043 1044 1070 1080 1084 1091 1096 1142 1153 1156 1164 1202 1205 1234 1249 1252 1254 1255 1277 1285 1288 1289 1296 1369 1376 1388 1410 1421 1425 1450 1514 1558 1571 1593 1621 1640 1650 1653 1675 1689 1748 1749 1752 1775 1814 1862 1864 1877 1902 1905 2015 2053 2056 2105 2145 2168 2176 2181 2198 2201 2335 2413 2444 2488 2520 2522 2541 2557 2575 2597 2644 2675 2700 2715 2718 2729 2771 2790 2814 2842 2868 2939 2943 2982 2985 
69	91	8	81	5 20 28 34 59 117 148 263 304 309 441 448 523 529 544 547 596 601 658 685 727 728 729 736 753 767 798 803 831 955 960 973 992 1118 1136 1165 1197 1207 1209 1234 1240 1251 1261 1271 1318 1350 1380 1424 1449 1451 1457 1493 1587 1592 1600 1640 1643 1653 1656 1737 1771 1796 1802 1803 1819 1821 1843 1857 1918 1922 1939 1971 2002 2003 2005 2009 2218 2226 2244 2267 2307 2339 2344 2357 2413 2422 2448 2477 2535 2545 2554 2582 2598 2599 2648 2655 2657 2675 2689 2693 2698 2840 2853 2854 2887 2926 2946 2961 2972 2980 2982 
70	91	35	72	27 116 122 169 202 217 223 228 245 280 304 317 320 331 370 377 420 450 451 464 475 487 512 591 624 694 699 705 744 750 752 768 797 800 823 842 856 861 933 1004 1050 1127 1246 1260 1281 1304 1312 1333 1347 1396 1399 1418 1423 1458 1525 1552 1555 1643 1710 1730 1737 1743 1749 1780 1794 1798 1841 1894 1895 1901 1932 1956 2023 2024 2028 2037 2060 2078 2099 2126 2136 2172 2189 2278 2313 2349 2366 2373 2387 2389 2392 2399 2452 2455 2462 2518 2601 2676 2681 2685 2700 2725 2789 2811 2813 2849 2851 2901 2905 2909 2933 2947 2964 2996 
71	91	33	73	26 96 127 153 163 193 220 266 272 279 284 310 317 336 359 364 382 389 404 414 456 489 503 529 550 555 601 680 686 688 700 719 762 795 842 864 943 949 997 1034 1039 1088 1176 1179 1184 1214 1217 1259 1290 1311 1362 1381 1398 1411 1423 1441 1486 1492 1538 1563 1577 1620 1707 1711 1719 1741 1744 1751 1788 1806 1843 1847 1869 1896 1981 2015 2018 2021 2086 2110 2115 2155 2169 2175 2178 2186 2194 2224 2299 2303 2334 2380 2416 2473 2494 2549 2555 2567 2623 2626 2650 2735 2738 2771 2807 2830 2840 2846 2884 2889 2890 2919 2964 2998 
72	91	30	13	27 29 51 71 123 196 210 221 250 254 290 450 469 542 560 609 610 666 685 763 766 769 781 785 786 835 853 884 885 907 923 991 992 999 1013 1024 1047 1093 1101 1109 1134 1141 1148 1169 1173 1184 1232 1254 1267 1274 1309 1369 1396 1447 1450 1466 1467 1471 1520 1535 1542 1567 1648 1666 1674 1703 1717 1735 1751 1786 1804 1828 1842 1854 1883 1892 1897 1905 1958 1967 1988 2014 2032 2040 2043 2047 2063 2103 2108 2120 2145 2200 2212 2251 2261 2270 2286 2289 2340 2375 2382 2393 2410 2423 2441 2445 2466 2502 2506 2517 2528 2536 2545 2555 2592 2627 2661 2682 2712 2750 2775 2816 2825 2837 2871 2889 2904 2916 2920 2938 2962 2977 2993 
73	91	36	85	8 19 40 51 56 59 122 156 204 214 218 264 286 299 312 333 352 359 370 382 397 504 540 550 583 628 651 657 675 713 761 816 830 835 843 895 942 954 958 984 1058 1074 1085 1102 1142 1156 1166 1185 1250 1281 1283 1307 1344 1387 1394 1416 1417 1430 1489 1511 1559 1572 1639 1646 1681 1682 1693 1698 1700 1716 1750 1759 1777 1793 1813 1826 1863 1884 1889 1904 1910 1942 2035 2054 2149 2272 2291 2363 2373 2423 2521 2541 2593 2598 2613 2621 2663 2670 2672 2682 2761 2791 2829 2841 2884 2904 2931 2986 3000 
74	91	6	97	74 116 136 149 194 212 271 296 356 379 392 404 442 476 489 502 521 535 545 555 572 606 628 638 646 676 718 724 769 778 803 815 838 840 916 1066 1071 1083 1115 1120 1121 1168 1214 1218 1223 1243 1279 1334 1383 1435 1436 1437 1473 1476 1492 1508 1522 1523 1524 1547 1554 1565 1679 1710 1712 1754 1828 1838 1858 1887 1950 1978 2096 2180 2188 2191 2310 2329 2334 2349 2365 2402 2415 2427 2464 2467 2491 2519 2534 2613 2627 2650 2658 2702 2724 2746 2820 2836 2884 2928 2931 
75	91	22	92	9 54 87 107 117 157 205 211 222 243 274 329 331 334 340 453 486 497 527 544 573 576 582 587 599 620 666 703 759 773 774 829 836 846 875 956 968 983 994 1026 1029 1037 1086 1119 1146 1174 1179 1236 1276 1316 1318 1428 1435 1438 1447 1467 1525 1602 1616 1625 1718 1741 1765 1768 1791 1805 1836 1868 1907 1910 1925 1964 1965 1975 2039 2071 2138 2147 2151 2238 2247 2263 2285 2287 2298 2341 2347 2423 2440 2450 2454 2507 2514 2567 2610 2666 2702 2737 2865 2898 2912 2924 2926 2929 2944 2983 
76	91	45	57	5 28 76 89 118 140 147 169 191 243 253 284 316 368 373 375 391 392 420 453 499 510 514 524 555 566 571 593 605 631 632 703 730 828 838 881 886 899 915 971 973 1012 1043 1093 1099 1105 1110 1123 1140 1160 1249 1264 1291 1302 1313 1321 1334 1348 1395 1448 1515 1523 1567 1587 1613 1626 1636 1642 1648 1649 1667 1706 1778 1780 1799 1839 1916 1949 1957 1996 2010 2049 2055 2066 2095 2109 2126 2151 2153 2190 2216 2218 2228 2234 2411 2422 2480 2484 2492 2494 2520 2565 2610 2615 2667 2688 2694 2707 2720 2722 2741 2803 2812 2864 2890 2899 2972 2995 
77	91	30	20	32 40 53 54 70 77 98 119 126 131 142 181 195 208 217 247 263 274 296 300 303 346 358 366 379 383 391 479 481 491 524 549 610 619 624 694 697 787 805 811 828 841 857 876 895 903 911 938 958 992 1020 1027 1032 1045 1060 1096 1135 1139 1178 1192 1278 1386 1398 1400 1409 1417 1425 1439 1468 1469 1486 1491 1533 1622 1649 1673 1687 1738 1740 1778 1783 1786 1801 1842 1852 1855 1871 1903 1908 1913 1919 1943 1960 1968 1971 1994 2025 2059 2148 2197 2203 2209 2213 2234 2286 2303 2313 2315 2342 2354 2363 2372 2395 2446 2447 2461 2509 2561 2570 2607 2654 2670 2688 2772 2854 2856 2861 2894 2947 2995 2996 
78	91	6	46	2 4 24 76 93 103 104 135 174 190 200 240 246 252 277 279 281 332 394 431 463 548 636 668 741 755 790 826 833 839 1018 1075 1110 1120 1181 1197 1215 1245 1246 1265 1294 1329 1359 1363 1366 1383 1393 1409 1506 1515 1530 1532 1563 1574 1611 1612 1641 1663 1685 1702 1748 1765 1781 1784 1834 1842 1889 1917 1934 1940 1945 1951 1959 1961 1994 1998 2000 2031 2076 2156 2222 2260 2268 2272 2276 2314 2351 2359 2372 2379 2403 2413 2435 2438 2448 2527 2529 2556 2574 2593 2595 2609 2611 2652 2691 2696 2707 2712 2727 2728 2738 2777 2778 2798 2800 2813 2844 2911 2956 2980 2983 2999 
79	91	42	95	23 138 189 199 284 297 300 346 390 431 449 456 457 464 473 499 507 532 572 642 660 696 699 847 866 889 903 942 962 1076 1082 1085 1115 1122 1131 1140 1161 1225 1269 1271 1290 1440 1448 1450 1452 1453 1479 1490 1496 1540 1589 1599 1650 1678 1707 1726 1729 1768 1779 1785 1854 1865 1867 1893 1916 1969 2040 2049 2132 2135 2143 2149 2176 2196 2203 2219 2220 2247 2305 2333 2359 2391 2453 2493 2545 2550 2554 2578 2594 2622 2624 2712 2723 2767 2770 2775 2784 2786 2813 2835 2854 2866 2957 2962 
80	91	26	53	4 11 36 93 135 144 151 205 212 219 255 260 265 289 332 348 430 471 475 515 519 528 559 572 574 596 600 622 698 712 802 804 806 813 830 880 889 906 920 931 936 957 969 995 1037 1055 1154 1202 1228 1238 1244 1275 1278 1284 1285 1289 1362 1397 1420 1461 1491 1496 1542 1556 1570 1645 1663 1729 1762 1785 1809 1816 1866 1873 1890 1969 1989 2017 2022 2029 2040 2052 2062 2079 2103 2215 2220 2239 2280 2291 2295 2308 2326 2335 2359 2370 2398 2456 2479 2491 2532 2577 2607 2673 2734 2747 2785 2815 2826 2851 2859 2862 2867 2889 2909 2915 2916 2970 2975 2995 
81	91	2	88	24 50 64 101 182 185 187 234 239 268 285 298 311 347 364 428 455 463 546 582 584 603 622 638 668 672 693 715 718 777 792 888 896 919 932 941 947 1015 1017 1055 1090 1104 1113 1185 1196 1213 1241 1280 1282 1308 1330 1337 1514 1551 1578 1619 1665 1704 1705 1737 1811 1817 1826 1862 1891 1908 1930 1937 1968 1989 2006 2026 2029 2030 2043 2057 2090 2198 2244 2266 2286 2308 2309 2339 2343 2360 2410 2439 2478 2484 2540 2551 2553 2572 2601 2618 2650 2662 2726 2765 2766 2784 2874 2881 2883 2914 2916 2991 
82	91	5	25	17 52 70 138 143 154 157 188 361 383 411 413 444 446 459 508 517 521 528 585 599 602 634 646 675 715 757 778 834 860 891 907 935 944 945 946 971 1041 1052 1054 1056 1062 1112 1114 1116 1133 1161 1165 1204 1251 1294 1299 1305 1323 1326 1328 1352 1359 1402 1417 1481 1497 1576 1589 1592 1616 1659 1689 1709 1762 1766 1769 1794 1813 1846 1849 1864 1873 1885 2004 2041 2048 2062 2102 2103 2106 2137 2154 2175 2198 2207 2210 2236 2283 2307 2322 2380 2446 2459 2574 2609 2619 2633 2636 2654 2676 2699 2749 2752 2759 2763 2766 2793 2795 2807 2828 2836 2837 2895 2903 2906 2936 2942 2968 2970 2995 
83	91	47	34	29 35 93 204 239 244 257 265 315 341 375 376 400 413 423 528 538 590 652 658 660 699 716 740 776 819 847 854 858 873 880 924 991 1008 1043 1064 1066 1094 1098 1106 1177 1234 1243 1259 1266 1279 1309 1331 1336 1423 1429 1463 1478 1500 1543 1554 1597 1618 1630 1652 1747 1795 1851 1860 1920 1927 1930 1932 1935 1983 2018 2032 2033 2067 2090 2091 2105 2112 2114 2129 2142 2162 2256 2275 2284 2331 2333 2389 2409 2436 2437 2462 2488 2512 2513 2532 2535 2558 2589 2606 2617 2651 2674 2684 2692 2696 2744 2757 2762 2781 2787 2796 2834 2836 2841 2852 2878 2898 2906 2910 2912 2920 2955 2990 
84	91	22	10	14 67 83 130 143 178 204 221 266 272 275 281 305 312 428 506 521 543 562 598 618 629 659 666 674 684 722 723 752 782 865 935 1005 1033 1042 1062 1087 1107 1220 1275 1303 1321 1327 1339 1340 1360 1391 1399 1418 1498 1500 1522 1525 1529 1534 1541 1549 1560 1572 1591 1621 1637 1644 1666 1671 1682 1746 1772 1787 1793 1801 1817 1825 1827 1885 1899 1910 1935 1936 1940 1974 1982 1993 2005 2027 2038 2064 2070 2076 2080 2174 2243 2274 2287 2337 2345 2353 2382 2396 2397 2439 2441 2485 2501 2517 2518 2536 2568 2579 2596 2600 2608 2634 2637 2669 2691 2718 2721 2735 2773 2789 2818 2826 2839 2852 2859 2888 2892 2897 2899 2908 2954 2964 2976 2983 2985 
85	91	31	76	51 62 104 105 128 198 249 250 251 267 285 344 385 416 435 462 523 536 552 578 589 598 695 704 705 706 732 815 836 843 845 857 878 882 904 947 950 961 964 985 1028 1037 1060 1061 1063 1297 1306 1342 1347 1350 1375 1376 1389 1390 1419 1428 1442 1546 1599 1600 1606 1675 1749 1769 1797 1806 1837 1845 1888 1947 1952 1980 1995 2015 2051 2100 2152 2206 2222 2241 2249 2304 2316 2329 2380 2392 2407 2415 2442 2456 2460 2473 2486 2489 2494 2497 2510 2570 2602 2660 2674 2690 2768 2790 2797 2800 2825 2914 2921 2925 2928 2942 2944 
86	91	15	5	30 63 68 79 156 159 167 176 202 233 257 270 272 273 280 303 333 354 363 389 393 408 422 435 440 472 478 530 563 597 620 631 632 669 691 724 808 822 844 873 883 927 934 974 1008 1016 1025 1036 1053 1064 1129 1149 1196 1201 1203 1263 1296 1305 1320 1338 1365 1371 1400 1437 1479 1491 1499 1512 1550 1587 1589 1593 1646 1654 1676 1683 1712 1730 1742 1748 1751 1753 1776 1826 1849 1854 1890 1903 1923 1928 1929 1982 1986 2004 2012 2018 2112 2155 2157 2184 2213 2214 2215 2230 2233 2248 2288 2306 2345 2351 2371 2460 2463 2483 2487 2499 2510 2523 2533 2585 2594 2604 2659 2661 2686 2707 2758 2820 2841 2857 2861 2869 2896 2899 2942 2948 2968 
87	91	50	70	2 6 22 25 73 125 226 245 264 280 365 371 382 389 448 461 463 479 498 505 527 536 563 568 592 603 639 645 710 806 810 834 841 949 979 981 1004 1076 1119 1221 1230 1286 1353 1362 1380 1385 1404 1407 1422 1443 1449 1466 1488 1537 1606 1607 1644 1658 1659 1661 1670 1687 1694 1732 1768 1782 1815 1823 1831 1889 1909 1945 1952 1961 1979 1992 2055 2099 2115 2130 2147 2161 2222 2232 2253 2254 2276 2291 2294 2295 2476 2508 2524 2538 2543 2575 2582 2589 2602 2729 2730 2759 2769 2779 2840 2842 2844 2855 2862 2882 2923 2965 2974 2992 2994 
88	91	15	58	21 31 42 64 68 79 85 102 124 129 133 142 165 202 218 232 250 312 314 325 343 347 369 427 512 517 583 585 612 614 632 694 702 759 839 893 950 976 1007 1089 1125 1126 1142 1177 1209 1231 1261 1267 1270 1277 1318 1375 1396 1402 1404 1431 1436 1471 1492 1529 1537 1545 1584 1629 1632 1638 1708 1753 1757 1763 1810 1815 1816 1830 1834 1896 1912 1920 1922 1982 1988 1999 2038 2045 2049 2059 2111 2132 2141 2170 2222 2251 2287 2306 2352 2400 2404 2449 2456 2481 2483 2488 2501 2524 2525 2554 2584 2620 2649 2671 2757 2767 2850 2853 2885 2909 2940 2978 
89	91	4	54	13 42 95 102 106 128 136 140 173 314 338 361 479 484 493 499 509 524 546 552 570 575 605 617 636 701 702 751 754 829 905 923 963 965 981 990 1012 1030 1035 1048 1068 1101 1168 1224 1247 1261 1272 1285 1294 1295 1303 1320 1359 1375 1513 1538 1621 1628 1632 1635 1648 1674 1710 1734 1788 1816 1833 1882 1908 1913 1961 1979 1980 1983 1991 1999 2019 2034 2036 2063 2081 2082 2087 2100 2105 2140 2155 2173 2201 2227 2228 2253 2371 2387 2414 2438 2443 2493 2544 2553 2571 2577 2590 2595 2601 2612 2613 2649 2721 2741 2759 2780 2800 2815 2818 2884 2930 2963 2971 
90	91	45	94	31 99 130 160 191 268 273 316 394 399 456 457 483 500 525 527 536 561 629 631 650 668 730 759 803 842 864 907 923 940 946 967 1001 1007 1126 1156 1163 1182 1200 1263 1311 1317 1346 1356 1435 1493 1520 1522 1553 1662 1696 1713 1715 1725 1763 1772 1838 1848 1897 1903 1937 1970 2044 2048 2076 2101 2116 2145 2179 2187 2188 2208 2259 2315 2354 2362 2379 2380 2416 2422 2433 2465 2481 2485 2524 2550 2585 2627 2630 2638 2643 2742 2764 2771 2780 2838 2871 2885 2900 2918 2945 2952 2963 2971 2989 
91	91	27	99	45 65 69 113 158 226 254 287 309 413 484 502 575 611 621 664 719 732 733 757 773 780 817 819 852 872 972 973 974 975 997 1027 1049 1067 1081 1115 1124 1145 1149 1183 1231 1236 1257 1289 1298 1311 1324 1437 1451 1490 1500 1620 1645 1672 1674 1702 1715 1726 1742 1764 1776 1792 1798 1800 1806 1860 1868 1884 1899 1958 1967 1976 2005 2018 2024 2051 2070 2079 2116 2223 2224 2245 2258 2304 2312 2322 2368 2397 2444 2457 2600 2628 2696 2723 2805 2823 2826 2855 2887 2951 
92	91	19	6	1 67 93 105 128 143 170 181 193 241 247 288 293 294 300 301 306 358 377 396 422 443 454 480 492 513 515 551 580 600 612 627 638 661 665 701 708 723 727 751 753 772 792 820 848 903 914 918 934 941 988 1052 1061 1089 1125 1133 1212 1224 1226 1239 1265 1273 1293 1298 1307 1317 1330 1384 1416 1418 1425 1439 1475 1478 1546 1548 1581 1585 1597 1605 1615 1616 1633 1645 1646 1649 1653 1657 1681 1684 1713 1717 1750 1770 1777 1796 1833 1846 1876 1894 2032 2042 2063 2092 2133 2163 2225 2271 2274 2275 2323 2361 2381 2417 2453 2470 2475 2492 2500 2506 2520 2580 2592 2609 2617 2626 2679 2718 2774 2779 2791 2796 2802 2804 2875 2899 2918 
93	91	3	82	58 66 150 157 174 265 278 292 436 444 482 523 552 575 593 613 623 642 673 712 731 742 754 779 791 853 897 964 1068 1079 1097 1099 1110 1188 1191 1198 1243 1248 1253 1315 1331 1524 1544 1549 1568 1586 1596 1599 1673 1696 1706 1715 1718 1745 1755 1759 1778 1822 1832 1840 1884 1902 1934 1938 1944 1972 2008 2064 2074 2078 2097 2107 2146 2153 2168 2192 2196 2212 2237 2241 2262 2279 2290 2310 2325 2342 2397 2400 2421 2437 2455 2486 2528 2556 2568 2628 2639 2645 2685 2717 2758 2761 2817 2819 2854 2870 2886 2896 2960 2974 2976 
94	91	43	83	7 15 17 52 114 128 271 322 332 344 406 424 433 442 474 482 497 500 542 572 573 583 631 659 663 682 697 707 737 762 781 811 814 856 864 930 939 979 1031 1034 1152 1157 1160 1191 1222 1223 1252 1294 1353 1360 1373 1389 1407 1430 1442 1486 1527 1540 1569 1586 1594 1618 1623 1769 1777 1793 1804 1836 1861 1927 1938 2039 2048 2087 2096 2109 2113 2166 2172 2209 2252 2302 2312 2313 2354 2360 2402 2427 2428 2443 2452 2464 2510 2522 2573 2581 2647 2653 2658 2664 2737 2772 2777 2832 2868 2875 2920 2922 2943 2981 
95	91	42	42	9 10 12 26 37 49 92 112 121 138 166 174 195 205 213 236 286 294 316 323 343 350 384 475 494 500 545 549 555 581 592 624 648 700 736 805 808 900 922 936 945 958 988 1002 1020 1036 1044 1046 1074 1084 1186 1210 1228 1230 1250 1271 1280 1316 1325 1383 1415 1423 1457 1460 1505 1528 1556 1590 1667 1668 1693 1719 1850 1898 1903 1909 1938 1995 2010 2012 2021 2040 2051 2057 2065 2117 2180 2255 2268 2323 2376 2419 2429 2434 2566 2570 2578 2603 2665 2682 2694 2699 2705 2715 2724 2733 2750 2755 2764 2784 2796 2808 2829 2832 2855 2858 2911 2921 2935 2968 2969 2975 2977 
96	91	43	50	19 25 57 61 89 102 141 159 173 203 239 260 323 367 398 409 435 441 444 486 556 573 595 633 641 645 656 666 681 718 728 776 783 796 807 820 837 850 858 866 868 880 884 908 911 953 959 986 990 1057 1070 1088 1130 1174 1187 1193 1195 1262 1282 1352 1369 1383 1416 1432 1439 1456 1516 1519 1561 1579 1598 1610 1617 1647 1675 1692 1727 1764 1773 1864 1881 1886 1901 1909 1997 2012 2045 2058 2066 2094 2140 2143 2150 2192 2195 2281 2326 2379 2388 2432 2535 2537 2549 2594 2605 2608 2640 2646 2682 2725 2738 2798 2799 2812 2893 2901 2917 2929 2941 2961 2974 
97	91	19	66	11 63 81 97 208 235 255 284 287 290 308 331 366 367 384 400 402 428 477 508 614 642 675 704 716 738 749 756 766 793 817 855 886 901 954 1002 1010 1032 1044 1079 1143 1150 1210 1268 1322 1323 1336 1345 1354 1355 1377 1392 1410 1455 1459 1511 1514 1519 1536 1583 1590 1605 1627 1659 1665 1696 1708 1720 1740 1761 1773 1817 1834 1860 1923 1970 1999 2031 2061 2087 2097 2098 2101 2109 2183 2194 2240 2254 2255 2317 2335 2339 2346 2357 2460 2465 2478 2489 2491 2632 2641 2646 2677 2699 2716 2762 2781 2867 2876 2879 2881 2892 2895 2896 2901 2996 
98	91	3	100	9 18 70 78 131 148 168 184 187 192 252 280 298 327 372 439 458 551 607 652 654 678 710 729 736 750 756 841 878 898 901 995 1006 1073 1144 1175 1177 1193 1204 1215 1330 1453 1480 1504 1595 1603 1609 1613 1622 1661 1671 1766 1774 1807 1821 1837 1869 1942 1993 2030 2035 2036 2069 2093 2123 2139 2191 2216 2250 2262 2296 2333 2366 2378 2383 2470 2503 2505 2522 2547 2564 2568 2573 2601 2637 2677 2705 2736 2801 2818 2853 2877 2885 2930 2968 2969 
99	91	24	35	2 43 53 55 81 83 92 132 168 173 248 277 349 373 443 526 652 667 704 738 743 829 849 884 926 1015 1041 1051 1056 1064 1069 1109 1122 1144 1153 1154 1204 1218 1220 1222 1283 1307 1354 1378 1396 1413 1421 1429 1433 1457 1465 1493 1507 1544 1562 1570 1573 1576 1584 1652 1658 1745 1794 1800 1838 1841 1849 1891 1894 1923 1945 1972 1973 1999 2006 2030 2070 2104 2107 2134 2144 2165 2194 2238 2283 2309 2319 2324 2355 2369 2371 2374 2395 2398 2428 2431 2432 2438 2477 2516 2544 2603 2612 2645 2648 2675 2684 2689 2698 2704 2723 2726 2760 2765 2768 2777 2810 2839 2850 2867 2869 2877 2878 2916 
100	91	24	74	16 65 74 119 149 158 178 192 209 291 318 326 329 376 393 418 425 429 436 504 522 628 655 681 719 720 722 794 823 824 826 827 853 951 956 970 979 1129 1206 1212 1218 1240 1258 1288 1309 1324 1352 1365 1376 1403 1441 1445 1477 1480 1499 1519 1533 1550 1594 1596 1603 1609 1611 1633 1697 1703 1705 1709 1787 1789 1790 1803 1957 1971 2029 2084 2103 2157 2208 2239 2296 2342 2355 2363 2394 2407 2410 2447 2468 2518 2519 2530 2571 2593 2599 2614 2618 2629 2657 2672 2713 2756 2766 2793 2799 2808 2810 2831 2839 2890 2898 2906 2960 2980 
