Class Times	10
Rooms	1000
1	742
2	822
3	81
4	426
5	625
6	159
7	317
8	131
9	316
10	212
11	714
12	258
13	399
14	503
15	871
16	678
17	752
18	718
19	582
20	910
21	809
22	918
23	355
24	398
25	17
26	909
27	171
28	589
29	154
30	907
31	125
32	208
33	449
34	496
35	189
36	174
37	425
38	82
39	519
40	581
41	640
42	533
43	288
44	907
45	124
46	812
47	656
48	430
49	780
50	258
51	960
52	765
53	614
54	260
55	816
56	179
57	767
58	446
59	474
60	342
61	472
62	283
63	949
64	164
65	87
66	96
67	151
68	98
69	969
70	497
71	546
72	195
73	994
74	48
75	890
76	729
77	208
78	294
79	230
80	66
81	494
82	672
83	565
84	421
85	947
86	726
87	590
88	730
89	449
90	147
91	520
92	832
93	472
94	739
95	81
96	805
97	397
98	733
99	11
100	837
101	916
102	432
103	200
104	939
105	137
106	833
107	894
108	982
109	863
110	423
111	66
112	792
113	933
114	608
115	909
116	921
117	836
118	171
119	944
120	216
121	28
122	67
123	709
124	233
125	301
126	848
127	589
128	379
129	138
130	233
131	141
132	132
133	794
134	966
135	980
136	764
137	836
138	451
139	468
140	97
141	306
142	36
143	784
144	896
145	193
146	255
147	708
148	291
149	877
150	805
151	736
152	23
153	881
154	208
155	893
156	448
157	913
158	484
159	224
160	37
161	973
162	214
163	821
164	767
165	142
166	599
167	683
168	315
169	473
170	74
171	885
172	148
173	468
174	179
175	637
176	146
177	853
178	865
179	501
180	75
181	608
182	508
183	906
184	941
185	730
186	662
187	66
188	366
189	904
190	174
191	102
192	734
193	240
194	174
195	635
196	964
197	663
198	465
199	481
200	574
201	857
202	715
203	279
204	874
205	539
206	99
207	163
208	199
209	594
210	459
211	390
212	511
213	155
214	183
215	908
216	418
217	123
218	994
219	697
220	652
221	251
222	787
223	998
224	339
225	825
226	861
227	117
228	414
229	67
230	82
231	241
232	851
233	111
234	957
235	227
236	519
237	616
238	727
239	641
240	526
241	165
242	40
243	305
244	699
245	737
246	902
247	460
248	318
249	147
250	396
251	359
252	783
253	528
254	56
255	614
256	377
257	13
258	598
259	244
260	640
261	834
262	966
263	388
264	587
265	781
266	625
267	871
268	72
269	111
270	316
271	794
272	253
273	468
274	45
275	322
276	288
277	536
278	244
279	157
280	908
281	776
282	51
283	855
284	696
285	146
286	307
287	244
288	122
289	389
290	886
291	239
292	206
293	748
294	776
295	906
296	506
297	38
298	994
299	913
300	470
301	324
302	524
303	174
304	467
305	169
306	385
307	526
308	202
309	309
310	220
311	474
312	392
313	355
314	319
315	696
316	611
317	919
318	168
319	540
320	315
321	709
322	17
323	131
324	106
325	346
326	280
327	953
328	644
329	52
330	53
331	12
332	217
333	786
334	702
335	792
336	556
337	253
338	610
339	943
340	930
341	416
342	526
343	631
344	477
345	667
346	145
347	123
348	525
349	739
350	452
351	727
352	167
353	897
354	909
355	634
356	25
357	40
358	851
359	565
360	715
361	455
362	148
363	125
364	830
365	757
366	644
367	582
368	958
369	182
370	704
371	16
372	856
373	654
374	409
375	781
376	655
377	272
378	186
379	361
380	848
381	559
382	945
383	778
384	35
385	878
386	27
387	859
388	831
389	311
390	919
391	986
392	309
393	97
394	774
395	329
396	812
397	433
398	446
399	945
400	934
401	16
402	19
403	77
404	57
405	416
406	714
407	113
408	500
409	356
410	252
411	577
412	722
413	444
414	476
415	112
416	356
417	663
418	423
419	274
420	906
421	476
422	772
423	164
424	437
425	679
426	789
427	487
428	425
429	381
430	918
431	187
432	762
433	75
434	800
435	487
436	184
437	663
438	686
439	259
440	573
441	826
442	457
443	950
444	466
445	34
446	775
447	241
448	302
449	205
450	911
451	477
452	688
453	526
454	385
455	726
456	962
457	882
458	612
459	379
460	933
461	680
462	109
463	58
464	942
465	622
466	939
467	729
468	913
469	295
470	892
471	642
472	460
473	14
474	651
475	468
476	708
477	944
478	731
479	970
480	621
481	521
482	452
483	325
484	61
485	555
486	637
487	257
488	347
489	284
490	979
491	750
492	782
493	270
494	285
495	151
496	879
497	81
498	231
499	84
500	388
501	261
502	892
503	134
504	369
505	464
506	590
507	843
508	685
509	711
510	377
511	547
512	264
513	614
514	454
515	776
516	984
517	284
518	525
519	989
520	215
521	701
522	702
523	807
524	103
525	959
526	125
527	456
528	498
529	204
530	809
531	328
532	152
533	86
534	70
535	547
536	841
537	502
538	358
539	199
540	172
541	550
542	234
543	253
544	154
545	610
546	506
547	125
548	993
549	138
550	748
551	786
552	343
553	493
554	867
555	599
556	189
557	744
558	355
559	691
560	362
561	859
562	287
563	69
564	220
565	172
566	136
567	595
568	87
569	810
570	552
571	803
572	575
573	702
574	480
575	73
576	754
577	704
578	929
579	920
580	853
581	434
582	301
583	595
584	438
585	154
586	134
587	852
588	390
589	710
590	525
591	851
592	763
593	782
594	866
595	12
596	612
597	469
598	892
599	598
600	328
601	736
602	731
603	626
604	739
605	681
606	421
607	789
608	828
609	369
610	747
611	350
612	104
613	151
614	443
615	104
616	280
617	862
618	424
619	744
620	876
621	237
622	318
623	513
624	291
625	824
626	262
627	867
628	950
629	947
630	640
631	629
632	871
633	695
634	594
635	923
636	835
637	970
638	758
639	125
640	898
641	318
642	492
643	233
644	823
645	730
646	682
647	964
648	698
649	453
650	741
651	62
652	844
653	851
654	917
655	357
656	324
657	280
658	569
659	299
660	580
661	440
662	739
663	495
664	185
665	254
666	423
667	622
668	960
669	709
670	230
671	259
672	962
673	758
674	431
675	476
676	275
677	556
678	147
679	197
680	940
681	177
682	395
683	301
684	600
685	353
686	10
687	453
688	75
689	670
690	923
691	339
692	709
693	247
694	946
695	85
696	560
697	325
698	286
699	784
700	885
701	791
702	976
703	480
704	920
705	421
706	657
707	251
708	678
709	403
710	885
711	74
712	830
713	964
714	254
715	239
716	92
717	541
718	713
719	769
720	532
721	624
722	192
723	971
724	140
725	166
726	890
727	564
728	966
729	49
730	484
731	824
732	459
733	973
734	356
735	221
736	227
737	797
738	562
739	461
740	938
741	551
742	701
743	269
744	308
745	563
746	530
747	351
748	316
749	275
750	268
751	430
752	937
753	200
754	287
755	220
756	951
757	285
758	248
759	990
760	420
761	758
762	767
763	849
764	168
765	403
766	414
767	112
768	237
769	250
770	168
771	78
772	542
773	953
774	792
775	526
776	801
777	979
778	554
779	714
780	181
781	133
782	588
783	177
784	196
785	256
786	692
787	213
788	828
789	136
790	100
791	720
792	452
793	675
794	789
795	698
796	368
797	99
798	812
799	530
800	838
801	278
802	853
803	683
804	272
805	990
806	952
807	472
808	984
809	956
810	38
811	820
812	220
813	345
814	549
815	615
816	730
817	375
818	548
819	929
820	302
821	658
822	18
823	210
824	239
825	647
826	318
827	153
828	683
829	918
830	507
831	154
832	757
833	650
834	993
835	918
836	230
837	290
838	650
839	31
840	329
841	725
842	337
843	798
844	758
845	412
846	233
847	691
848	425
849	751
850	859
851	924
852	594
853	546
854	299
855	678
856	756
857	610
858	688
859	803
860	46
861	493
862	720
863	933
864	83
865	758
866	899
867	150
868	620
869	133
870	555
871	942
872	15
873	716
874	277
875	581
876	990
877	920
878	772
879	863
880	885
881	646
882	399
883	581
884	529
885	345
886	916
887	173
888	600
889	170
890	73
891	169
892	866
893	533
894	799
895	175
896	521
897	733
898	704
899	935
900	830
901	971
902	31
903	965
904	722
905	653
906	889
907	494
908	435
909	100
910	312
911	571
912	810
913	812
914	648
915	458
916	886
917	949
918	662
919	401
920	823
921	798
922	882
923	350
924	979
925	209
926	333
927	940
928	922
929	853
930	599
931	902
932	289
933	523
934	35
935	80
936	768
937	527
938	752
939	764
940	316
941	506
942	424
943	391
944	733
945	498
946	467
947	191
948	882
949	930
950	941
951	41
952	458
953	255
954	89
955	22
956	600
957	887
958	95
959	643
960	463
961	719
962	953
963	274
964	585
965	870
966	991
967	361
968	36
969	972
970	236
971	475
972	377
973	543
974	709
975	470
976	799
977	410
978	799
979	401
980	123
981	141
982	833
983	806
984	61
985	530
986	600
987	955
988	39
989	919
990	329
991	925
992	58
993	685
994	830
995	775
996	451
997	274
998	122
999	22
1000	286
Classes	4000
Teachers	2000
1	1119
2	623
3	789
4	1152
5	117
6	1782
7	1352
8	1983
9	488
10	166
11	412
12	1188
13	354
14	1531
15	1977
16	1789
17	116
18	1197
19	1711
20	1063
21	1573
22	1667
23	1371
24	1055
25	140
26	673
27	761
28	1857
29	1857
30	1189
31	1891
32	717
33	866
34	792
35	631
36	425
37	1479
38	1996
39	9
40	663
41	448
42	1463
43	1510
44	559
45	497
46	875
47	1495
48	484
49	1002
50	1943
51	1456
52	1607
53	553
54	731
55	997
56	24
57	1292
58	811
59	530
60	817
61	887
62	653
63	934
64	1326
65	1782
66	1199
67	452
68	1860
69	1310
70	214
71	1372
72	1101
73	248
74	557
75	588
76	1327
77	1478
78	799
79	1682
80	429
81	1367
82	1137
83	1082
84	1330
85	177
86	1675
87	125
88	8
89	1737
90	840
91	1248
92	1773
93	538
94	1041
95	1272
96	1031
97	673
98	129
99	1951
100	334
101	1091
102	328
103	1151
104	1483
105	721
106	1281
107	648
108	1774
109	422
110	1684
111	393
112	1512
113	388
114	1413
115	1006
116	761
117	798
118	1746
119	254
120	1416
121	815
122	464
123	1547
124	101
125	1594
126	1542
127	1388
128	1734
129	257
130	1551
131	1671
132	1004
133	603
134	721
135	514
136	950
137	1150
138	16
139	576
140	1784
141	395
142	140
143	1688
144	405
145	242
146	841
147	1067
148	293
149	1767
150	297
151	813
152	154
153	856
154	114
155	103
156	1268
157	1017
158	126
159	236
160	1695
161	1654
162	748
163	991
164	812
165	305
166	1166
167	779
168	1788
169	490
170	1739
171	616
172	214
173	669
174	333
175	1422
176	1892
177	859
178	1936
179	813
180	485
181	1394
182	132
183	1975
184	154
185	299
186	1494
187	48
188	1116
189	1413
190	446
191	1577
192	1333
193	663
194	959
195	1958
196	1821
197	125
198	843
199	1589
200	554
201	1624
202	1315
203	957
204	336
205	642
206	708
207	1572
208	1386
209	972
210	185
211	136
212	679
213	1823
214	463
215	1436
216	1353
217	342
218	1882
219	971
220	713
221	671
222	621
223	1538
224	722
225	833
226	31
227	1981
228	1367
229	1665
230	507
231	1555
232	1156
233	1660
234	1063
235	414
236	356
237	436
238	1081
239	282
240	1654
241	456
242	1069
243	1269
244	930
245	1817
246	515
247	178
248	115
249	135
250	1199
251	1531
252	780
253	755
254	896
255	398
256	318
257	77
258	372
259	29
260	823
261	1773
262	385
263	866
264	1266
265	1567
266	217
267	1993
268	1148
269	1125
270	642
271	724
272	953
273	607
274	1122
275	275
276	463
277	207
278	1102
279	1505
280	822
281	1671
282	683
283	671
284	1194
285	1600
286	164
287	1525
288	1140
289	1737
290	426
291	1825
292	545
293	1485
294	295
295	46
296	753
297	1893
298	134
299	1768
300	1228
301	1182
302	1998
303	1790
304	395
305	981
306	303
307	788
308	784
309	1266
310	1582
311	233
312	1165
313	1425
314	998
315	589
316	1542
317	992
318	1828
319	549
320	1867
321	1222
322	1828
323	1675
324	1569
325	31
326	298
327	954
328	216
329	260
330	562
331	1766
332	745
333	1106
334	1553
335	183
336	159
337	549
338	1057
339	284
340	774
341	1528
342	1194
343	857
344	1014
345	1335
346	645
347	133
348	390
349	1296
350	1327
351	1395
352	188
353	609
354	1589
355	17
356	1125
357	1527
358	830
359	747
360	1815
361	511
362	748
363	334
364	626
365	1246
366	1640
367	729
368	819
369	1343
370	249
371	1359
372	1668
373	1259
374	149
375	20
376	1622
377	1468
378	1597
379	1838
380	1799
381	793
382	771
383	1996
384	1012
385	261
386	403
387	1407
388	852
389	1838
390	753
391	1475
392	1518
393	414
394	716
395	1299
396	1427
397	1381
398	1192
399	1051
400	446
401	808
402	692
403	903
404	466
405	878
406	1360
407	555
408	35
409	150
410	765
411	527
412	1250
413	498
414	1013
415	1915
416	1926
417	376
418	1011
419	1699
420	1691
421	1579
422	13
423	1504
424	596
425	982
426	698
427	1705
428	1434
429	1656
430	1573
431	369
432	1604
433	1727
434	505
435	823
436	1518
437	132
438	931
439	307
440	604
441	1285
442	1986
443	61
444	437
445	424
446	1850
447	1383
448	922
449	700
450	1017
451	664
452	163
453	633
454	1946
455	555
456	18
457	1798
458	37
459	1190
460	1473
461	1703
462	677
463	1254
464	701
465	1738
466	515
467	169
468	926
469	520
470	22
471	88
472	1622
473	1163
474	910
475	1858
476	1947
477	1480
478	579
479	1779
480	1642
481	1343
482	1612
483	553
484	1104
485	18
486	98
487	1983
488	1958
489	831
490	740
491	495
492	1385
493	1206
494	1407
495	980
496	475
497	1401
498	1827
499	356
500	22
501	1968
502	1972
503	928
504	1651
505	1022
506	790
507	1822
508	45
509	908
510	934
511	759
512	1519
513	878
514	1600
515	1066
516	695
517	23
518	904
519	1028
520	1294
521	1760
522	688
523	503
524	1700
525	1180
526	1734
527	1299
528	874
529	1038
530	752
531	613
532	401
533	725
534	1138
535	1031
536	306
537	525
538	1457
539	1895
540	1805
541	185
542	1702
543	915
544	1878
545	749
546	719
547	1089
548	196
549	1500
550	948
551	867
552	52
553	441
554	1040
555	1161
556	881
557	1162
558	365
559	1520
560	717
561	586
562	84
563	317
564	939
565	1202
566	1215
567	1241
568	1847
569	1919
570	1265
571	156
572	123
573	402
574	1420
575	345
576	442
577	1710
578	1072
579	1802
580	106
581	731
582	810
583	188
584	1095
585	832
586	747
587	1736
588	99
589	259
590	1267
591	1596
592	1638
593	1350
594	93
595	197
596	1730
597	1323
598	1093
599	957
600	310
601	1810
602	1048
603	969
604	1216
605	201
606	1997
607	411
608	1594
609	472
610	274
611	1111
612	1900
613	1892
614	681
615	55
616	1269
617	1991
618	1989
619	121
620	1249
621	1812
622	534
623	389
624	387
625	1915
626	1090
627	1320
628	1970
629	1032
630	963
631	684
632	605
633	622
634	1360
635	1023
636	849
637	144
638	1204
639	444
640	1151
641	486
642	420
643	1395
644	397
645	591
646	252
647	1781
648	1779
649	1826
650	1929
651	254
652	1513
653	833
654	1290
655	95
656	407
657	860
658	1528
659	1582
660	1222
661	25
662	1626
663	1565
664	193
665	667
666	389
667	877
668	651
669	1102
670	814
671	266
672	439
673	162
674	1010
675	1431
676	419
677	1739
678	1211
679	424
680	45
681	326
682	632
683	462
684	1086
685	393
686	479
687	92
688	135
689	372
690	1642
691	1601
692	338
693	603
694	1474
695	1570
696	862
697	1027
698	121
699	1461
700	327
701	1191
702	649
703	844
704	1076
705	383
706	365
707	1500
708	1390
709	394
710	841
711	1595
712	11
713	835
714	774
715	1713
716	1858
717	1982
718	617
719	769
720	303
721	1757
722	203
723	1012
724	1061
725	390
726	1720
727	592
728	134
729	1019
730	1323
731	1783
732	641
733	726
734	1899
735	1268
736	229
737	1352
738	1089
739	400
740	296
741	1406
742	1241
743	396
744	1037
745	2
746	1964
747	1271
748	1467
749	809
750	1685
751	76
752	105
753	1329
754	1918
755	1324
756	705
757	1492
758	1137
759	843
760	1634
761	1305
762	563
763	1263
764	1551
765	219
766	357
767	1054
768	1887
769	1884
770	1080
771	1050
772	210
773	418
774	1535
775	290
776	118
777	1516
778	637
779	155
780	1677
781	1580
782	696
783	1572
784	955
785	1071
786	493
787	377
788	1470
789	1695
790	431
791	402
792	155
793	9
794	1757
795	1118
796	10
797	1129
798	640
799	435
800	1946
801	1037
802	1620
803	953
804	161
805	914
806	534
807	76
808	455
809	1754
810	661
811	1002
812	1816
813	1825
814	971
815	531
816	143
817	766
818	480
819	1286
820	1476
821	63
822	259
823	321
824	1673
825	1509
826	56
827	1917
828	1126
829	669
830	1803
831	430
832	550
833	1325
834	1326
835	581
836	1027
837	512
838	935
839	824
840	1094
841	1706
842	1329
843	458
844	1818
845	1940
846	202
847	54
848	1906
849	1932
850	809
851	1784
852	191
853	1539
854	806
855	1467
856	1317
857	1447
858	1906
859	1271
860	491
861	1209
862	378
863	139
864	1346
865	1986
866	723
867	1003
868	170
869	724
870	1045
871	690
872	619
873	1277
874	245
875	723
876	1957
877	216
878	279
879	1602
880	1553
881	1223
882	1673
883	1204
884	990
885	245
886	1386
887	1711
888	768
889	299
890	604
891	1672
892	662
893	1831
894	1717
895	238
896	297
897	1428
898	1778
899	70
900	919
901	1047
902	1988
903	1567
904	691
905	777
906	1855
907	1023
908	469
909	4
910	682
911	411
912	1717
913	1545
914	546
915	1791
916	577
917	1763
918	417
919	494
920	1305
921	93
922	986
923	197
924	331
925	1540
926	1661
927	688
928	1387
929	1508
930	60
931	1723
932	449
933	1769
934	384
935	1421
936	472
937	1580
938	1665
939	251
940	1372
941	821
942	1403
943	150
944	524
945	487
946	1846
947	1546
948	408
949	676
950	1740
951	1619
952	1439
953	133
954	33
955	1880
956	1091
957	830
958	826
959	347
960	1451
961	883
962	327
963	1605
964	936
965	1957
966	1805
967	629
968	157
969	186
970	1118
971	1284
972	1637
973	1954
974	1143
975	317
976	1874
977	1078
978	1504
979	869
980	36
981	195
982	557
983	82
984	1732
985	946
986	816
987	648
988	834
989	1130
990	1548
991	867
992	1339
993	891
994	289
995	1719
996	1529
997	1819
998	30
999	1569
1000	398
1001	1999
1002	1628
1003	1597
1004	564
1005	638
1006	1593
1007	109
1008	187
1009	281
1010	142
1011	946
1012	1731
1013	1641
1014	892
1015	1823
1016	998
1017	301
1018	982
1019	90
1020	1362
1021	587
1022	995
1023	1575
1024	442
1025	645
1026	1849
1027	756
1028	1052
1029	791
1030	1871
1031	1316
1032	403
1033	342
1034	1581
1035	1045
1036	77
1037	296
1038	681
1039	556
1040	1335
1041	777
1042	164
1043	842
1044	199
1045	1810
1046	682
1047	1462
1048	1179
1049	1785
1050	937
1051	65
1052	545
1053	1868
1054	286
1055	1153
1056	306
1057	706
1058	836
1059	1887
1060	1041
1061	624
1062	418
1063	323
1064	1451
1065	638
1066	1075
1067	85
1068	219
1069	211
1070	1722
1071	1821
1072	1873
1073	1822
1074	524
1075	1206
1076	106
1077	1093
1078	59
1079	61
1080	1643
1081	1111
1082	1851
1083	729
1084	1223
1085	1401
1086	420
1087	564
1088	1547
1089	1330
1090	71
1091	1932
1092	883
1093	1293
1094	1545
1095	670
1096	1935
1097	1994
1098	277
1099	1510
1100	1452
1101	90
1102	824
1103	1466
1104	1628
1105	40
1106	880
1107	537
1108	1849
1109	1718
1110	368
1111	872
1112	1842
1113	380
1114	613
1115	910
1116	1080
1117	1974
1118	292
1119	1458
1120	1481
1121	371
1122	842
1123	1904
1124	7
1125	1811
1126	808
1127	630
1128	1992
1129	1924
1130	855
1131	482
1132	168
1133	966
1134	739
1135	294
1136	990
1137	1534
1138	1135
1139	1707
1140	1552
1141	1796
1142	931
1143	1076
1144	984
1145	369
1146	1446
1147	156
1148	1507
1149	316
1150	243
1151	448
1152	529
1153	1820
1154	1621
1155	200
1156	820
1157	588
1158	1755
1159	1501
1160	159
1161	244
1162	532
1163	89
1164	300
1165	559
1166	779
1167	1680
1168	590
1169	1940
1170	1416
1171	225
1172	873
1173	1698
1174	1070
1175	290
1176	307
1177	1766
1178	1441
1179	506
1180	1479
1181	1865
1182	1831
1183	1423
1184	1391
1185	1218
1186	511
1187	793
1188	1108
1189	1357
1190	318
1191	443
1192	739
1193	1468
1194	1070
1195	1854
1196	1256
1197	502
1198	983
1199	1650
1200	1871
1201	284
1202	862
1203	1083
1204	1877
1205	1896
1206	1894
1207	1153
1208	1356
1209	1676
1210	646
1211	1148
1212	225
1213	160
1214	1645
1215	967
1216	963
1217	310
1218	1725
1219	440
1220	850
1221	1185
1222	1088
1223	661
1224	1842
1225	929
1226	292
1227	1077
1228	614
1229	444
1230	64
1231	921
1232	780
1233	1791
1234	1167
1235	708
1236	1477
1237	144
1238	1443
1239	700
1240	855
1241	434
1242	641
1243	882
1244	928
1245	849
1246	570
1247	258
1248	1769
1249	975
1250	324
1251	148
1252	1308
1253	177
1254	1066
1255	179
1256	1069
1257	532
1258	803
1259	346
1260	258
1261	1943
1262	618
1263	260
1264	1700
1265	1353
1266	901
1267	1312
1268	725
1269	74
1270	493
1271	392
1272	253
1273	456
1274	427
1275	1158
1276	244
1277	1860
1278	932
1279	304
1280	815
1281	1867
1282	20
1283	1073
1284	234
1285	434
1286	684
1287	1658
1288	1105
1289	873
1290	1740
1291	1641
1292	1864
1293	387
1294	425
1295	113
1296	1242
1297	247
1298	1704
1299	1728
1300	937
1301	1812
1302	233
1303	1379
1304	1687
1305	1291
1306	1901
1307	1793
1308	288
1309	1912
1310	430
1311	1110
1312	651
1313	1796
1314	950
1315	803
1316	1456
1317	116
1318	504
1319	273
1320	1409
1321	1175
1322	120
1323	1861
1324	1113
1325	203
1326	743
1327	1173
1328	1669
1329	102
1330	204
1331	1541
1332	696
1333	1948
1334	1159
1335	466
1336	285
1337	433
1338	182
1339	664
1340	1682
1341	566
1342	1426
1343	1257
1344	926
1345	1652
1346	241
1347	1322
1348	1520
1349	1081
1350	917
1351	1912
1352	1923
1353	1768
1354	726
1355	1279
1356	571
1357	618
1358	1735
1359	516
1360	1332
1361	499
1362	1923
1363	1604
1364	386
1365	59
1366	1625
1367	108
1368	1075
1369	1043
1370	1868
1371	530
1372	742
1373	835
1374	1536
1375	1513
1376	285
1377	1749
1378	302
1379	1052
1380	469
1381	976
1382	1098
1383	631
1384	1290
1385	986
1386	1835
1387	519
1388	1991
1389	108
1390	1735
1391	1328
1392	1656
1393	1693
1394	1548
1395	996
1396	431
1397	1297
1398	1340
1399	1674
1400	591
1401	1746
1402	1741
1403	914
1404	75
1405	71
1406	1458
1407	48
1408	1389
1409	897
1410	598
1411	800
1412	1767
1413	315
1414	1061
1415	1007
1416	943
1417	503
1418	348
1419	1236
1420	1193
1421	556
1422	1633
1423	1374
1424	1535
1425	1262
1426	1317
1427	864
1428	1764
1429	1813
1430	11
1431	235
1432	1108
1433	382
1434	1980
1435	184
1436	960
1437	124
1438	1914
1439	680
1440	1197
1441	714
1442	528
1443	1115
1444	1250
1445	314
1446	1420
1447	600
1448	1742
1449	1406
1450	1621
1451	890
1452	1095
1453	89
1454	1817
1455	252
1456	665
1457	147
1458	322
1459	1077
1460	364
1461	654
1462	1094
1463	1723
1464	508
1465	1929
1466	1417
1467	1583
1468	1824
1469	1474
1470	1432
1471	1488
1472	392
1473	711
1474	1476
1475	413
1476	238
1477	1062
1478	1149
1479	261
1480	1884
1481	1605
1482	798
1483	1596
1484	764
1485	360
1486	415
1487	343
1488	719
1489	759
1490	762
1491	148
1492	916
1493	1046
1494	421
1495	1364
1496	1864
1497	1581
1498	1583
1499	1434
1500	1705
1501	1025
1502	1355
1503	311
1504	1744
1505	536
1506	1633
1507	874
1508	1410
1509	1927
1510	1057
1511	692
1512	206
1513	535
1514	538
1515	1713
1516	975
1517	677
1518	637
1519	145
1520	1955
1521	1587
1522	1491
1523	1475
1524	1686
1525	1414
1526	1283
1527	1378
1528	280
1529	1402
1530	1180
1531	8
1532	919
1533	861
1534	701
1535	1122
1536	1724
1537	888
1538	243
1539	21
1540	239
1541	969
1542	1732
1543	1193
1544	520
1545	615
1546	655
1547	869
1548	1853
1549	1087
1550	1961
1551	1160
1552	1847
1553	1003
1554	592
1555	772
1556	804
1557	1038
1558	1704
1559	1688
1560	1028
1561	3
1562	1743
1563	1079
1564	371
1565	881
1566	608
1567	94
1568	169
1569	21
1570	1901
1571	105
1572	1172
1573	1563
1574	871
1575	1908
1576	698
1577	818
1578	1788
1579	1708
1580	814
1581	1377
1582	1787
1583	92
1584	562
1585	75
1586	906
1587	794
1588	37
1589	817
1590	636
1591	293
1592	1841
1593	104
1594	1315
1595	948
1596	1006
1597	459
1598	898
1599	1369
1600	1040
1601	1168
1602	1004
1603	1672
1604	584
1605	1905
1606	335
1607	1020
1608	112
1609	232
1610	1835
1611	81
1612	52
1613	352
1614	905
1615	485
1616	222
1617	1047
1618	153
1619	1661
1620	115
1621	328
1622	589
1623	1417
1624	1599
1625	945
1626	535
1627	1775
1628	1256
1629	131
1630	440
1631	1229
1632	1624
1633	806
1634	916
1635	633
1636	1517
1637	932
1638	1483
1639	1218
1640	1014
1641	1123
1642	1811
1643	635
1644	687
1645	1039
1646	1961
1647	441
1648	818
1649	891
1650	1748
1651	1819
1652	325
1653	267
1654	153
1655	875
1656	1648
1657	1272
1658	1670
1659	1726
1660	1885
1661	401
1662	1918
1663	1804
1664	234
1665	1637
1666	921
1667	200
1668	461
1669	319
1670	229
1671	1556
1672	1750
1673	911
1674	1043
1675	784
1676	1177
1677	1482
1678	1450
1679	1409
1680	900
1681	99
1682	1731
1683	790
1684	1144
1685	1460
1686	884
1687	640
1688	851
1689	1325
1690	734
1691	1466
1692	1301
1693	632
1694	28
1695	619
1696	1112
1697	572
1698	1815
1699	1182
1700	341
1701	1880
1702	1300
1703	994
1704	678
1705	1441
1706	1558
1707	315
1708	1371
1709	1616
1710	218
1711	1240
1712	1694
1713	1790
1714	1391
1715	1486
1716	1356
1717	1536
1718	1107
1719	1833
1720	521
1721	1176
1722	1231
1723	1184
1724	163
1725	220
1726	716
1727	1294
1728	1643
1729	1626
1730	1161
1731	751
1732	1361
1733	1872
1734	1319
1735	1941
1736	1394
1737	1625
1738	1034
1739	74
1740	1511
1741	772
1742	1453
1743	551
1744	1435
1745	249
1746	851
1747	1785
1748	599
1749	1369
1750	868
1751	617
1752	1646
1753	1702
1754	1619
1755	1304
1756	1897
1757	1639
1758	1084
1759	839
1760	1281
1761	529
1762	1009
1763	1992
1764	63
1765	374
1766	656
1767	997
1768	709
1769	635
1770	360
1771	506
1772	1230
1773	745
1774	312
1775	1659
1776	1143
1777	217
1778	1879
1779	1011
1780	1988
1781	1613
1782	1233
1783	1841
1784	1885
1785	265
1786	128
1787	660
1788	423
1789	380
1790	1967
1791	626
1792	672
1793	1106
1794	1554
1795	1015
1796	1674
1797	67
1798	1499
1799	1054
1800	51
1801	1464
1802	1103
1803	1883
1804	896
1805	1687
1806	173
1807	760
1808	184
1809	138
1810	1924
1811	1246
1812	235
1813	513
1814	1286
1815	1304
1816	1689
1817	1228
1818	96
1819	578
1820	788
1821	1044
1822	757
1823	1001
1824	1526
1825	1255
1826	1009
1827	346
1828	1328
1829	1999
1830	1534
1831	1595
1832	1861
1833	1349
1834	1436
1835	137
1836	1215
1837	504
1838	246
1839	994
1840	1443
1841	1608
1842	1525
1843	1155
1844	930
1845	1273
1846	1177
1847	1030
1848	1771
1849	250
1850	438
1851	497
1852	1156
1853	122
1854	1445
1855	1480
1856	1603
1857	1258
1858	1584
1859	180
1860	361
1861	1744
1862	890
1863	1104
1864	1010
1865	1141
1866	1874
1867	300
1868	1830
1869	1759
1870	1928
1871	1097
1872	1408
1873	1615
1874	331
1875	1213
1876	1909
1877	1854
1878	1917
1879	1679
1880	1339
1881	845
1882	907
1883	323
1884	889
1885	270
1886	936
1887	1257
1888	2
1889	1916
1890	976
1891	735
1892	1832
1893	686
1894	1706
1895	1264
1896	634
1897	1800
1898	505
1899	1878
1900	679
1901	1316
1902	457
1903	66
1904	453
1905	1410
1906	460
1907	844
1908	1207
1909	1251
1910	902
1911	471
1912	309
1913	917
1914	1488
1915	145
1916	1381
1917	1491
1918	1130
1919	1342
1920	1214
1921	1647
1922	542
1923	1602
1924	685
1925	404
1926	955
1927	1313
1928	1084
1929	1529
1930	737
1931	363
1932	314
1933	1357
1934	1097
1935	1789
1936	552
1937	436
1938	97
1939	275
1940	1307
1941	620
1942	1844
1943	443
1944	1388
1945	130
1946	1427
1947	1465
1948	1274
1949	1384
1950	1898
1951	30
1952	1839
1953	23
1954	544
1955	364
1956	1712
1957	1888
1958	1657
1959	1882
1960	118
1961	227
1962	621
1963	582
1964	1078
1965	1408
1966	437
1967	1274
1968	368
1969	795
1970	502
1971	623
1972	1627
1973	1492
1974	44
1975	1259
1976	1984
1977	1698
1978	1907
1979	476
1980	1848
1981	1754
1982	247
1983	735
1984	422
1985	1348
1986	336
1987	1165
1988	848
1989	643
1990	1096
1991	1813
1992	904
1993	1000
1994	550
1995	157
1996	102
1997	1267
1998	55
1999	908
2000	1383
2001	773
2002	16
2003	1490
2004	1694
2005	415
2006	265
2007	1985
2008	1293
2009	558
2010	755
2011	1894
2012	1068
2013	1421
2014	38
2015	1469
2016	272
2017	840
2018	1283
2019	1801
2020	1667
2021	707
2022	800
2023	1636
2024	887
2025	1224
2026	449
2027	28
2028	888
2029	1585
2030	94
2031	266
2032	1183
2033	24
2034	498
2035	114
2036	1058
2037	979
2038	807
2039	452
2040	1850
2041	1801
2042	768
2043	1903
2044	1160
2045	1232
2046	1225
2047	1879
2048	322
2049	68
2050	1338
2051	376
2052	1048
2053	1134
2054	1900
2055	563
2056	340
2057	189
2058	552
2059	527
2060	1022
2061	1771
2062	250
2063	186
2064	1875
2065	62
2066	29
2067	771
2068	667
2069	1308
2070	1289
2071	1939
2072	1750
2073	510
2074	490
2075	1515
2076	1793
2077	287
2078	523
2079	943
2080	1728
2081	1632
2082	51
2083	1464
2084	412
2085	1997
2086	807
2087	1748
2088	1902
2089	419
2090	1373
2091	706
2092	176
2093	1302
2094	1886
2095	1486
2096	1870
2097	39
2098	1264
2099	25
2100	1419
2101	1733
2102	585
2103	343
2104	1803
2105	453
2106	1169
2107	1558
2108	1919
2109	1096
2110	1676
2111	1549
2112	294
2113	1459
2114	939
2115	161
2116	1853
2117	196
2118	1298
2119	1016
2120	1851
2121	286
2122	1400
2123	1422
2124	523
2125	517
2126	837
2127	628
2128	1610
2129	1939
2130	1699
2131	567
2132	1138
2133	1188
2134	1098
2135	1804
2136	223
2137	760
2138	143
2139	1701
2140	1590
2141	1742
2142	1450
2143	783
2144	1968
2145	1981
2146	1205
2147	1527
2148	1710
2149	1375
2150	1133
2151	678
2152	1743
2153	666
2154	34
2155	863
2156	1497
2157	900
2158	554
2159	262
2160	211
2161	598
2162	183
2163	579
2164	1139
2165	829
2166	1164
2167	999
2168	973
2169	206
2170	1928
2171	1030
2172	860
2173	1612
2174	43
2175	810
2176	1653
2177	1655
2178	56
2179	272
2180	872
2181	829
2182	1377
2183	927
2184	1568
2185	984
2186	1759
2187	575
2188	1235
2189	893
2190	1681
2191	1234
2192	210
2193	1764
2194	1419
2195	227
2196	1390
2197	1376
2198	573
2199	1627
2200	1379
2201	1692
2202	1060
2203	1914
2204	50
2205	1974
2206	737
2207	1780
2208	1947
2209	718
2210	778
2211	536
2212	540
2213	1354
2214	1778
2215	1024
2216	796
2217	1979
2218	264
2219	192
2220	1668
2221	423
2222	1512
2223	831
2224	1973
2225	41
2226	417
2227	1013
2228	773
2229	473
2230	1362
2231	966
2232	960
2233	1703
2234	514
2235	1599
2236	1645
2237	852
2238	1613
2239	848
2240	856
2241	1762
2242	450
2243	1549
2244	1472
2245	491
2246	1552
2247	1099
2248	287
2249	1214
2250	1058
2251	1411
2252	1026
2253	107
2254	702
2255	12
2256	321
2257	1376
2258	1571
2259	1566
2260	548
2261	131
2262	1770
2263	82
2264	1320
2265	432
2266	546
2267	26
2268	339
2269	202
2270	386
2271	1848
2272	1652
2273	622
2274	1609
2275	1423
2276	46
2277	1730
2278	366
2279	1053
2280	119
2281	597
2282	309
2283	242
2284	911
2285	1772
2286	1123
2287	274
2288	1726
2289	224
2290	720
2291	192
2292	877
2293	357
2294	332
2295	12
2296	786
2297	482
2298	666
2299	410
2300	754
2301	758
2302	1276
2303	180
2304	1669
2305	450
2306	1530
2307	601
2308	1611
2309	58
2310	1120
2311	1909
2312	1809
2313	1490
2314	907
2315	1824
2316	1714
2317	543
2318	742
2319	988
2320	1403
2321	1157
2322	471
2323	763
2324	811
2325	361
2326	2000
2327	1921
2328	805
2329	1632
2330	43
2331	50
2332	1163
2333	995
2334	1653
2335	1114
2336	394
2337	1873
2338	326
2339	1980
2340	1219
2341	970
2342	67
2343	782
2344	1870
2345	1629
2346	522
2347	1252
2348	1970
2349	1226
2350	1477
2351	1780
2352	1837
2353	193
2354	1324
2355	1623
2356	1690
2357	256
2358	47
2359	1200
2360	1425
2361	1276
2362	1655
2363	714
2364	1000
2365	522
2366	1309
2367	1235
2368	1584
2369	1146
2370	470
2371	730
2372	263
2373	278
2374	88
2375	228
2376	1303
2377	1398
2378	461
2379	1261
2380	451
2381	454
2382	379
2383	597
2384	458
2385	103
2386	945
2387	1816
2388	954
2389	1021
2390	1922
2391	895
2392	1960
2393	1284
2394	996
2395	1008
2396	740
2397	1783
2398	1664
2399	1714
2400	1399
2401	685
2402	537
2403	570
2404	859
2405	457
2406	1960
2407	1606
2408	1729
2409	659
2410	257
2411	1493
2412	650
2413	1355
2414	1134
2415	1107
2416	1539
2417	942
2418	1495
2419	479
2420	903
2421	1775
2422	1036
2423	32
2424	1470
2425	465
2426	1318
2427	160
2428	897
2429	79
2430	1203
2431	1112
2432	594
2433	1506
2434	947
2435	289
2436	1247
2437	743
2438	44
2439	399
2440	1765
2441	268
2442	1765
2443	687
2444	1248
2445	980
2446	1046
2447	1797
2448	330
2449	1990
2450	1902
2451	1152
2452	405
2453	961
2454	1242
2455	1664
2456	1212
2457	1120
2458	1233
2459	1236
2460	281
2461	362
2462	541
2463	126
2464	1499
2465	305
2466	1610
2467	864
2468	695
2469	513
2470	1150
2471	1088
2472	47
2473	1701
2474	944
2475	1559
2476	1321
2477	518
2478	1679
2479	481
2480	1930
2481	226
2482	1588
2483	110
2484	528
2485	1292
2486	1657
2487	1741
2488	80
2489	496
2490	1191
2491	1279
2492	1593
2493	1128
2494	119
2495	649
2496	977
2497	650
2498	6
2499	1018
2500	500
2501	173
2502	834
2503	694
2504	1186
2505	1253
2506	1862
2507	764
2508	1895
2509	96
2510	129
2511	1312
2512	433
2513	165
2514	1966
2515	1289
2516	273
2517	978
2518	54
2519	1502
2520	792
2521	1736
2522	1287
2523	1364
2524	1846
2525	1985
2526	789
2527	1941
2528	1925
2529	820
2530	462
2531	1319
2532	1131
2533	1174
2534	757
2535	733
2536	1950
2537	385
2538	1447
2539	201
2540	438
2541	1639
2542	796
2543	782
2544	970
2545	775
2546	918
2547	526
2548	1385
2549	1830
2550	1310
2551	1121
2552	251
2553	956
2554	558
2555	1114
2556	237
2557	1126
2558	665
2559	218
2560	1727
2561	639
2562	113
2563	1949
2564	634
2565	710
2566	78
2567	1833
2568	783
2569	1155
2570	738
2571	1592
2572	1863
2573	1203
2574	1644
2575	1453
2576	711
2577	179
2578	1509
2579	672
2580	920
2581	1921
2582	112
2583	816
2584	1164
2585	1179
2586	580
2587	1758
2588	1719
2589	674
2590	865
2591	1875
2592	85
2593	95
2594	1836
2595	1147
2596	359
2597	81
2598	571
2599	707
2600	1211
2601	1065
2602	4
2603	906
2604	1574
2605	447
2606	846
2607	1217
2608	1876
2609	519
2610	1562
2611	1745
2612	1708
2613	483
2614	465
2615	1995
2616	1393
2617	1154
2618	1501
2619	1342
2620	1154
2621	283
2622	404
2623	699
2624	166
2625	1178
2626	1603
2627	496
2628	276
2629	1634
2630	199
2631	1949
2632	1546
2633	64
2634	1336
2635	1273
2636	1288
2637	1142
2638	358
2639	1650
2640	947
2641	110
2642	308
2643	832
2644	1295
2645	1905
2646	1455
2647	925
2648	350
2649	410
2650	358
2651	705
2652	1350
2653	964
2654	941
2655	408
2656	836
2657	1209
2658	882
2659	1230
2660	1392
2661	382
2662	1922
2663	935
2664	1680
2665	49
2666	158
2667	1393
2668	781
2669	1202
2670	32
2671	1505
2672	1224
2673	1439
2674	1865
2675	1375
2676	1295
2677	602
2678	138
2679	1426
2680	1418
2681	1967
2682	432
2683	220
2684	509
2685	594
2686	933
2687	1347
2688	1606
2689	1412
2690	1721
2691	1261
2692	1446
2693	1175
2694	958
2695	670
2696	1183
2697	487
2698	1438
2699	1709
2700	1139
2701	1557
2702	1522
2703	653
2704	226
2705	329
2706	1566
2707	733
2708	1818
2709	1174
2710	1158
2711	577
2712	1575
2713	625
2714	1638
2715	1756
2716	204
2717	378
2718	319
2719	348
2720	381
2721	1563
2722	1792
2723	1313
2724	1808
2725	170
2726	58
2727	847
2728	262
2729	1738
2730	158
2731	1756
2732	480
2733	674
2734	1494
2735	1797
2736	924
2737	693
2738	1834
2739	676
2740	447
2741	509
2742	429
2743	630
2744	1952
2745	416
2746	1916
2747	1237
2748	850
2749	1749
2750	1683
2751	136
2752	311
2753	1119
2754	1414
2755	686
2756	586
2757	1288
2758	373
2759	1358
2760	195
2761	1128
2762	629
2763	1454
2764	1514
2765	1487
2766	895
2767	468
2768	426
2769	1969
2770	668
2771	1973
2772	212
2773	15
2774	1109
2775	933
2776	715
2777	1337
2778	1758
2779	1826
2780	566
2781	111
2782	754
2783	1454
2784	373
2785	1171
2786	283
2787	595
2788	590
2789	1100
2790	1340
2791	738
2792	1696
2793	1886
2794	1792
2795	1570
2796	1938
2797	542
2798	1105
2799	1435
2800	308
2801	628
2802	1049
2803	73
2804	941
2805	1587
2806	280
2807	1696
2808	1898
2809	1071
2810	454
2811	865
2812	6
2813	912
2814	39
2815	1008
2816	1232
2817	1181
2818	1171
2819	1213
2820	1244
2821	500
2822	1378
2823	1930
2824	765
2825	1349
2826	962
2827	1024
2828	1032
2829	1984
2830	1888
2831	1217
2832	1481
2833	1196
2834	1607
2835	413
2836	1280
2837	1550
2838	374
2839	1463
2840	5
2841	655
2842	1396
2843	279
2844	1424
2845	1015
2846	1640
2847	978
2848	828
2849	794
2850	1220
2851	1484
2852	1955
2853	819
2854	167
2855	596
2856	165
2857	1800
2858	1903
2859	543
2860	1890
2861	767
2862	752
2863	722
2864	1721
2865	1389
2866	1400
2867	1133
2868	1526
2869	1370
2870	1083
2871	1462
2872	271
2873	1082
2874	320
2875	1034
2876	977
2877	1465
2878	1368
2879	605
2880	1834
2881	1240
2882	1050
2883	1561
2884	1452
2885	770
2886	256
2887	1404
2888	1761
2889	1712
2890	680
2891	727
2892	1644
2893	662
2894	1314
2895	1146
2896	1616
2897	940
2898	965
2899	1430
2900	625
2901	694
2902	175
2903	1181
2904	428
2905	68
2906	1366
2907	1689
2908	949
2909	175
2910	1684
2911	847
2912	1562
2913	1445
2914	1715
2915	396
2916	57
2917	1697
2918	1141
2919	1200
2920	1755
2921	1802
2922	1404
2923	1275
2924	1544
2925	1449
2926	1944
2927	1950
2928	1307
2929	1073
2930	1524
2931	1219
2932	508
2933	1169
2934	769
2935	781
2936	295
2937	209
2938	610
2939	712
2940	1508
2941	1100
2942	751
2943	57
2944	1
2945	1277
2946	801
2947	1129
2948	1601
2949	1059
2950	1243
2951	1484
2952	353
2953	720
2954	277
2955	1555
2956	1461
2957	787
2958	1630
2959	72
2960	1956
2961	1977
2962	384
2963	1103
2964	1677
2965	1578
2966	1497
2967	428
2968	868
2969	1297
2970	1166
2971	857
2972	1280
2973	1697
2974	1127
2975	1629
2976	741
2977	1411
2978	445
2979	1370
2980	370
2981	33
2982	1747
2983	616
2984	548
2985	1131
2986	1618
2987	627
2988	1891
2989	1448
2990	1278
2991	1907
2992	288
2993	34
2994	576
2995	1344
2996	580
2997	1359
2998	940
2999	1686
3000	1337
3001	1544
3002	1053
3003	1412
3004	1225
3005	636
3006	87
3007	1198
3008	1953
3009	744
3010	581
3011	1752
3012	1322
3013	137
3014	762
3015	1039
3016	1685
3017	1440
3018	1212
3019	470
3020	40
3021	804
3022	1881
3023	1020
3024	223
3025	1876
3026	968
3027	1692
3028	1937
3029	1502
3030	109
3031	1623
3032	1948
3033	861
3034	644
3035	845
3036	1265
3037	1110
3038	1959
3039	734
3040	120
3041	1718
3042	1085
3043	585
3044	951
3045	1471
3046	1666
3047	620
3048	985
3049	1384
3050	473
3051	1056
3052	569
3053	427
3054	1837
3055	964
3056	858
3057	1663
3058	1893
3059	207
3060	248
3061	1872
3062	1820
3063	1507
3064	239
3065	1588
3066	1647
3067	130
3068	1856
3069	1866
3070	101
3071	1231
3072	1387
3073	1144
3074	938
3075	1931
3076	828
3077	1506
3078	1683
3079	646
3080	1173
3081	78
3082	750
3083	1972
3084	894
3085	416
3086	1890
3087	949
3088	1725
3089	958
3090	1298
3091	1806
3092	421
3093	1159
3094	339
3095	922
3096	703
3097	1064
3098	1019
3099	208
3100	208
3101	1733
3102	526
3103	822
3104	1753
3105	1101
3106	1220
3107	100
3108	551
3109	304
3110	1062
3111	122
3112	612
3113	1205
3114	494
3115	1745
3116	1249
3117	1839
3118	1666
3119	1852
3120	359
3121	1135
3122	190
3123	713
3124	1254
3125	1245
3126	1263
3127	609
3128	1291
3129	1059
3130	397
3131	241
3132	1207
3133	1380
3134	13
3135	839
3136	72
3137	758
3138	775
3139	80
3140	1444
3141	1533
3142	690
3143	253
3144	902
3145	139
3146	1969
3147	1397
3148	1074
3149	983
3150	1026
3151	1959
3152	1303
3153	484
3154	913
3155	1935
3156	884
3157	1554
3158	255
3159	989
3160	302
3161	1975
3162	1777
3163	1373
3164	703
3165	1840
3166	1244
3167	901
3168	100
3169	1964
3170	1608
3171	363
3172	710
3173	1018
3174	499
3175	567
3176	1620
3177	1438
3178	87
3179	1591
3180	1005
3181	176
3182	587
3183	732
3184	1752
3185	1099
3186	1237
3187	1042
3188	325
3189	827
3190	627
3191	1615
3192	652
3193	853
3194	1590
3195	313
3196	1049
3197	1516
3198	1478
3199	1881
3200	1776
3201	1145
3202	1678
3203	1247
3204	313
3205	1361
3206	602
3207	1309
3208	1255
3209	967
3210	69
3211	1869
3212	870
3213	1245
3214	230
3215	728
3216	1302
3217	1609
3218	1487
3219	825
3220	879
3221	1398
3222	1927
3223	19
3224	583
3225	744
3226	1729
3227	1368
3228	1990
3229	879
3230	770
3231	838
3232	1944
3233	746
3234	1187
3235	1127
3236	189
3237	938
3238	14
3239	1431
3240	660
3241	2000
3242	142
3243	826
3244	1877
3245	1198
3246	894
3247	1781
3248	956
3249	1428
3250	525
3251	1937
3252	335
3253	375
3254	26
3255	1982
3256	1374
3257	1519
3258	489
3259	1187
3260	1399
3261	544
3262	584
3263	337
3264	460
3265	1998
3266	1995
3267	332
3268	1503
3269	445
3270	171
3271	1229
3272	510
3273	1314
3274	468
3275	1787
3276	1380
3277	1565
3278	1978
3279	979
3280	1124
3281	1469
3282	1920
3283	1954
3284	1190
3285	1843
3286	1433
3287	1287
3288	654
3289	1550
3290	1306
3291	1472
3292	593
3293	1448
3294	123
3295	1074
3296	1116
3297	271
3298	377
3299	501
3300	1515
3301	1455
3302	345
3303	924
3304	236
3305	1201
3306	1351
3307	1044
3308	1051
3309	1762
3310	825
3311	1001
3312	712
3313	1517
3314	329
3315	1913
3316	1253
3317	1142
3318	693
3319	615
3320	1808
3321	467
3322	838
3323	1978
3324	212
3325	1493
3326	1931
3327	1786
3328	1776
3329	476
3330	1366
3331	1971
3332	1862
3333	728
3334	1029
3335	409
3336	38
3337	1397
3338	171
3339	478
3340	981
3341	209
3342	439
3343	41
3344	1524
3345	1707
3346	791
3347	1557
3348	1338
3349	568
3350	601
3351	391
3352	97
3353	1136
3354	1392
3355	1157
3356	675
3357	657
3358	1186
3359	512
3360	699
3361	1258
3362	1029
3363	1196
3364	785
3365	84
3366	269
3367	66
3368	871
3369	3
3370	178
3371	194
3372	60
3373	1185
3374	1260
3375	1832
3376	151
3377	1799
3378	573
3379	324
3380	1344
3381	985
3382	1016
3383	1579
3384	1365
3385	477
3386	1405
3387	1238
3388	1176
3389	301
3390	1843
3391	205
3392	1795
3393	606
3394	624
3395	608
3396	683
3397	595
3398	1571
3399	898
3400	776
3401	1761
3402	1933
3403	993
3404	451
3405	320
3406	675
3407	298
3408	1956
3409	644
3410	1065
3411	62
3412	951
3413	1840
3414	15
3415	1559
3416	574
3417	1433
3418	659
3419	1942
3420	1541
3421	1709
3422	600
3423	1658
3424	1332
3425	1234
3426	1208
3427	1278
3428	1418
3429	1085
3430	1659
3431	1836
3432	1751
3433	1178
3434	893
3435	1432
3436	475
3437	19
3438	1691
3439	1005
3440	1920
3441	593
3442	1883
3443	1192
3444	1457
3445	1681
3446	1904
3447	167
3448	128
3449	863
3450	1966
3451	340
3452	400
3453	1415
3454	70
3455	1540
3456	215
3457	263
3458	1814
3459	1300
3460	999
3461	230
3462	560
3463	501
3464	1301
3465	267
3466	483
3467	406
3468	1530
3469	151
3470	612
3471	1170
3472	117
3473	1354
3474	1651
3475	1087
3476	333
3477	316
3478	929
3479	1537
3480	1168
3481	1503
3482	920
3483	568
3484	1092
3485	409
3486	1863
3487	1611
3488	1311
3489	1238
3490	181
3491	1646
3492	146
3493	1429
3494	152
3495	1989
3496	870
3497	146
3498	658
3499	1121
3500	347
3501	1678
3502	1334
3503	854
3504	381
3505	1437
3506	366
3507	481
3508	147
3509	1786
3510	1561
3511	1025
3512	194
3513	750
3514	988
3515	237
3516	1934
3517	1167
3518	1365
3519	1859
3520	1763
3521	5
3522	264
3523	489
3524	1227
3525	1227
3526	337
3527	1670
3528	282
3529	355
3530	107
3531	1035
3532	174
3533	36
3534	540
3535	1532
3536	1444
3537	1060
3538	1208
3539	35
3540	388
3541	1226
3542	1318
3543	1275
3544	1430
3545	968
3546	507
3547	174
3548	582
3549	853
3550	611
3551	1170
3552	1617
3553	732
3554	1953
3555	1952
3556	1296
3557	1440
3558	1809
3559	1976
3560	1794
3561	1072
3562	801
3563	1115
3564	1965
3565	1521
3566	1747
3567	560
3568	827
3569	1660
3570	1592
3571	1496
3572	1067
3573	1648
3574	190
3575	639
3576	1285
3577	715
3578	1889
3579	1869
3580	459
3581	474
3582	1617
3583	1336
3584	1938
3585	1136
3586	1
3587	124
3588	228
3589	1331
3590	610
3591	1925
3592	1751
3593	992
3594	1772
3595	1715
3596	1306
3597	495
3598	488
3599	961
3600	73
3601	880
3602	1172
3603	691
3604	240
3605	1035
3606	1210
3607	1243
3608	198
3609	572
3610	1064
3611	944
3612	1346
3613	607
3614	168
3615	1649
3616	668
3617	1574
3618	795
3619	1795
3620	1449
3621	149
3622	1189
3623	1814
3624	756
3625	657
3626	349
3627	1618
3628	749
3629	17
3630	915
3631	399
3632	1896
3633	312
3634	1798
3635	406
3636	1341
3637	1523
3638	1543
3639	547
3640	215
3641	1532
3642	962
3643	927
3644	1598
3645	213
3646	104
3647	1162
3648	268
3649	1092
3650	518
3651	224
3652	1021
3653	599
3654	647
3655	925
3656	355
3657	797
3658	1962
3659	1774
3660	516
3661	611
3662	1576
3663	1777
3664	1899
3665	362
3666	973
3667	730
3668	14
3669	1965
3670	614
3671	1807
3672	383
3673	786
3674	541
3675	1334
3676	1614
3677	1514
3678	351
3679	141
3680	1770
3681	913
3682	797
3683	987
3684	291
3685	991
3686	1521
3687	1358
3688	1945
3689	1993
3690	1690
3691	1460
3692	1429
3693	912
3694	1724
3695	278
3696	1252
3697	375
3698	889
3699	1556
3700	1147
3701	191
3702	127
3703	1962
3704	1662
3705	1522
3706	776
3707	7
3708	766
3709	787
3710	1348
3711	172
3712	435
3713	521
3714	353
3715	1598
3716	1007
3717	1221
3718	1845
3719	79
3720	492
3721	1913
3722	1543
3723	1402
3724	1951
3725	1485
3726	656
3727	1987
3728	1866
3729	240
3730	1630
3731	578
3732	923
3733	1856
3734	1090
3735	1934
3736	49
3737	407
3738	1351
3739	854
3740	763
3741	1405
3742	1586
3743	1055
3744	455
3745	127
3746	1523
3747	812
3748	1722
3749	1897
3750	942
3751	10
3752	1649
3753	1482
3754	181
3755	1042
3756	65
3757	802
3758	1033
3759	892
3760	367
3761	885
3762	785
3763	1635
3764	885
3765	1282
3766	349
3767	1282
3768	1716
3769	1852
3770	565
3771	531
3772	565
3773	1994
3774	1079
3775	1345
3776	477
3777	205
3778	53
3779	574
3780	152
3781	923
3782	1239
3783	269
3784	1113
3785	1036
3786	1424
3787	1341
3788	1889
3789	918
3790	1347
3791	1109
3792	341
3793	1184
3794	27
3795	1911
3796	213
3797	467
3798	1845
3799	993
3800	464
3801	1585
3802	1124
3803	575
3804	276
3805	718
3806	1568
3807	741
3808	474
3809	222
3810	658
3811	198
3812	1216
3813	1806
3814	643
3815	1807
3816	1942
3817	391
3818	1459
3819	561
3820	1511
3821	291
3822	1631
3823	974
3824	1827
3825	1498
3826	972
3827	338
3828	1926
3829	1333
3830	1396
3831	1591
3832	539
3833	492
3834	1117
3835	987
3836	187
3837	709
3838	1442
3839	1538
3840	846
3841	1437
3842	1614
3843	1760
3844	689
3845	1145
3846	704
3847	767
3848	539
3849	1945
3850	350
3851	799
3852	246
3853	702
3854	533
3855	344
3856	561
3857	1855
3858	517
3859	182
3860	1971
3861	1117
3862	821
3863	1979
3864	1311
3865	351
3866	1270
3867	221
3868	1473
3869	1033
3870	1498
3871	704
3872	255
3873	69
3874	1560
3875	1260
3876	1662
3877	1251
3878	1363
3879	86
3880	697
3881	486
3882	778
3883	802
3884	1577
3885	1363
3886	1753
3887	1976
3888	606
3889	1132
3890	141
3891	1201
3892	569
3893	1693
3894	746
3895	1933
3896	270
3897	1586
3898	1056
3899	1262
3900	1321
3901	1560
3902	1636
3903	1859
3904	989
3905	905
3906	1415
3907	1270
3908	354
3909	1635
3910	83
3911	876
3912	533
3913	727
3914	1345
3915	1844
3916	899
3917	370
3918	1195
3919	162
3920	1489
3921	1496
3922	837
3923	697
3924	1210
3925	1987
3926	1533
3927	652
3928	172
3929	111
3930	1564
3931	1829
3932	231
3933	1564
3934	86
3935	899
3936	583
3937	805
3938	91
3939	98
3940	1489
3941	647
3942	1068
3943	1471
3944	909
3945	1195
3946	344
3947	1936
3948	42
3949	1382
3950	858
3951	959
3952	1908
3953	909
3954	1239
3955	83
3956	1794
3957	1442
3958	1221
3959	91
3960	1086
3961	1720
3962	952
3963	1140
3964	1663
3965	352
3966	1911
3967	547
3968	1631
3969	478
3970	1829
3971	1382
3972	42
3973	952
3974	886
3975	367
3976	1537
3977	1132
3978	1910
3979	736
3980	231
3981	1716
3982	689
3983	330
3984	27
3985	1149
3986	1963
3987	1331
3988	886
3989	1910
3990	736
3991	876
3992	232
3993	221
3994	1576
3995	53
3996	379
3997	965
3998	1963
3999	974
4000	1578
