Class Times	10
Rooms	1000
1	631
2	737
3	72
4	924
5	817
6	143
7	251
8	702
9	433
10	72
11	537
12	703
13	496
14	559
15	926
16	638
17	148
18	151
19	889
20	364
21	90
22	175
23	944
24	570
25	964
26	168
27	542
28	689
29	793
30	144
31	809
32	490
33	641
34	469
35	390
36	162
37	217
38	233
39	640
40	366
41	736
42	425
43	218
44	662
45	425
46	501
47	520
48	477
49	299
50	621
51	38
52	701
53	527
54	54
55	210
56	730
57	911
58	408
59	169
60	902
61	817
62	517
63	676
64	12
65	364
66	437
67	508
68	583
69	929
70	374
71	803
72	415
73	294
74	976
75	694
76	199
77	289
78	959
79	521
80	287
81	380
82	980
83	903
84	409
85	109
86	199
87	936
88	561
89	522
90	482
91	601
92	719
93	58
94	257
95	297
96	234
97	337
98	819
99	837
100	493
101	288
102	170
103	962
104	446
105	248
106	313
107	687
108	515
109	324
110	189
111	569
112	930
113	951
114	273
115	876
116	271
117	712
118	867
119	819
120	404
121	889
122	267
123	85
124	332
125	882
126	508
127	886
128	639
129	543
130	176
131	73
132	438
133	903
134	965
135	996
136	188
137	241
138	123
139	657
140	169
141	193
142	434
143	389
144	536
145	60
146	755
147	433
148	222
149	283
150	417
151	36
152	53
153	973
154	272
155	214
156	875
157	954
158	431
159	262
160	829
161	338
162	553
163	720
164	252
165	864
166	223
167	980
168	265
169	902
170	443
171	123
172	563
173	736
174	886
175	250
176	883
177	674
178	486
179	820
180	930
181	96
182	488
183	783
184	865
185	475
186	780
187	675
188	655
189	968
190	527
191	533
192	396
193	138
194	576
195	554
196	346
197	862
198	703
199	340
200	840
201	792
202	840
203	356
204	942
205	484
206	605
207	663
208	872
209	302
210	913
211	803
212	952
213	474
214	487
215	738
216	54
217	377
218	256
219	608
220	930
221	456
222	335
223	434
224	978
225	400
226	801
227	228
228	801
229	996
230	272
231	108
232	585
233	165
234	124
235	67
236	240
237	300
238	32
239	835
240	373
241	946
242	219
243	898
244	863
245	289
246	664
247	751
248	425
249	652
250	434
251	132
252	966
253	988
254	899
255	518
256	141
257	374
258	39
259	775
260	748
261	629
262	459
263	819
264	470
265	179
266	17
267	429
268	315
269	795
270	574
271	329
272	88
273	242
274	660
275	709
276	982
277	762
278	444
279	510
280	403
281	592
282	777
283	568
284	673
285	407
286	617
287	908
288	312
289	91
290	961
291	426
292	506
293	801
294	614
295	529
296	952
297	13
298	409
299	124
300	191
301	939
302	799
303	464
304	884
305	958
306	686
307	785
308	118
309	184
310	398
311	507
312	494
313	273
314	601
315	870
316	433
317	396
318	812
319	30
320	618
321	147
322	738
323	132
324	35
325	786
326	901
327	362
328	11
329	321
330	569
331	711
332	607
333	348
334	614
335	996
336	137
337	688
338	58
339	556
340	795
341	840
342	457
343	908
344	932
345	675
346	467
347	672
348	588
349	139
350	719
351	763
352	827
353	761
354	861
355	480
356	157
357	171
358	794
359	280
360	434
361	641
362	838
363	42
364	547
365	780
366	64
367	512
368	418
369	890
370	639
371	783
372	642
373	924
374	780
375	774
376	915
377	976
378	363
379	529
380	98
381	331
382	218
383	734
384	55
385	604
386	13
387	390
388	88
389	29
390	470
391	403
392	123
393	164
394	383
395	949
396	127
397	413
398	174
399	13
400	333
401	93
402	385
403	111
404	158
405	642
406	840
407	116
408	894
409	443
410	107
411	857
412	804
413	227
414	894
415	910
416	655
417	845
418	191
419	70
420	708
421	707
422	668
423	459
424	566
425	373
426	389
427	58
428	421
429	207
430	394
431	317
432	685
433	486
434	822
435	95
436	615
437	220
438	175
439	336
440	516
441	467
442	504
443	51
444	956
445	75
446	983
447	332
448	929
449	62
450	819
451	801
452	186
453	686
454	514
455	838
456	309
457	166
458	328
459	779
460	718
461	78
462	73
463	669
464	705
465	678
466	795
467	367
468	503
469	235
470	328
471	568
472	617
473	309
474	794
475	205
476	290
477	556
478	518
479	233
480	945
481	307
482	172
483	78
484	281
485	966
486	719
487	782
488	644
489	759
490	664
491	497
492	642
493	226
494	490
495	78
496	690
497	841
498	742
499	296
500	924
501	777
502	537
503	321
504	861
505	902
506	802
507	132
508	307
509	683
510	370
511	224
512	144
513	72
514	641
515	400
516	66
517	624
518	790
519	158
520	268
521	101
522	622
523	934
524	705
525	191
526	16
527	859
528	657
529	946
530	161
531	696
532	628
533	946
534	542
535	993
536	442
537	387
538	377
539	940
540	262
541	610
542	599
543	909
544	129
545	396
546	512
547	552
548	316
549	867
550	639
551	349
552	176
553	48
554	400
555	638
556	778
557	101
558	738
559	41
560	454
561	505
562	648
563	138
564	980
565	161
566	121
567	821
568	367
569	683
570	556
571	884
572	236
573	942
574	608
575	544
576	244
577	837
578	468
579	541
580	269
581	255
582	146
583	800
584	492
585	71
586	429
587	745
588	963
589	625
590	291
591	809
592	835
593	313
594	163
595	222
596	568
597	790
598	796
599	579
600	891
601	828
602	41
603	791
604	904
605	998
606	603
607	101
608	306
609	669
610	579
611	894
612	105
613	404
614	152
615	634
616	605
617	762
618	135
619	785
620	379
621	180
622	90
623	918
624	48
625	739
626	776
627	507
628	735
629	711
630	296
631	728
632	529
633	370
634	337
635	754
636	494
637	512
638	885
639	400
640	90
641	835
642	134
643	764
644	747
645	876
646	430
647	869
648	153
649	789
650	665
651	835
652	335
653	745
654	766
655	153
656	303
657	41
658	707
659	418
660	757
661	61
662	90
663	415
664	117
665	423
666	247
667	452
668	314
669	285
670	472
671	714
672	25
673	228
674	817
675	299
676	468
677	588
678	64
679	805
680	343
681	693
682	194
683	637
684	461
685	21
686	129
687	600
688	842
689	125
690	850
691	713
692	961
693	891
694	727
695	783
696	530
697	908
698	35
699	650
700	543
701	337
702	483
703	336
704	628
705	656
706	859
707	834
708	705
709	290
710	746
711	969
712	179
713	133
714	124
715	126
716	216
717	140
718	122
719	220
720	887
721	443
722	531
723	42
724	454
725	220
726	336
727	234
728	507
729	408
730	879
731	401
732	633
733	971
734	911
735	622
736	174
737	192
738	447
739	422
740	755
741	673
742	608
743	217
744	946
745	972
746	894
747	870
748	290
749	725
750	463
751	26
752	79
753	322
754	819
755	972
756	804
757	743
758	745
759	937
760	996
761	132
762	123
763	381
764	859
765	340
766	180
767	98
768	17
769	152
770	96
771	71
772	683
773	552
774	865
775	386
776	645
777	854
778	761
779	20
780	466
781	582
782	283
783	610
784	881
785	328
786	47
787	213
788	372
789	80
790	917
791	351
792	692
793	592
794	649
795	936
796	561
797	876
798	956
799	942
800	227
801	473
802	371
803	368
804	54
805	583
806	26
807	163
808	660
809	532
810	34
811	16
812	352
813	583
814	316
815	383
816	544
817	181
818	845
819	183
820	541
821	665
822	967
823	929
824	87
825	406
826	190
827	310
828	513
829	331
830	927
831	597
832	890
833	784
834	507
835	879
836	910
837	123
838	921
839	448
840	381
841	702
842	356
843	904
844	527
845	315
846	210
847	986
848	880
849	649
850	469
851	826
852	607
853	145
854	434
855	876
856	662
857	686
858	711
859	476
860	984
861	604
862	728
863	707
864	670
865	769
866	378
867	843
868	627
869	615
870	334
871	928
872	104
873	709
874	530
875	498
876	624
877	879
878	358
879	562
880	676
881	16
882	562
883	880
884	620
885	437
886	207
887	119
888	718
889	666
890	703
891	265
892	954
893	175
894	793
895	192
896	30
897	296
898	357
899	647
900	906
901	134
902	373
903	216
904	800
905	618
906	268
907	893
908	787
909	470
910	826
911	132
912	951
913	475
914	216
915	190
916	794
917	273
918	673
919	195
920	207
921	888
922	604
923	56
924	956
925	373
926	494
927	693
928	730
929	803
930	566
931	636
932	699
933	400
934	462
935	76
936	274
937	203
938	476
939	71
940	78
941	54
942	833
943	799
944	781
945	175
946	546
947	581
948	952
949	462
950	561
951	544
952	216
953	598
954	58
955	699
956	128
957	205
958	81
959	121
960	86
961	515
962	998
963	721
964	319
965	993
966	177
967	340
968	62
969	313
970	576
971	746
972	226
973	843
974	292
975	209
976	29
977	147
978	476
979	845
980	507
981	554
982	917
983	610
984	573
985	731
986	373
987	141
988	856
989	57
990	943
991	556
992	309
993	820
994	29
995	270
996	373
997	90
998	531
999	883
1000	792
Classes	5000
Teachers	2500
1	415
2	694
3	813
4	969
5	2463
6	2273
7	1540
8	1396
9	2124
10	194
11	477
12	1102
13	743
14	2142
15	763
16	17
17	239
18	1982
19	281
20	1760
21	2243
22	1862
23	692
24	1840
25	1330
26	1835
27	1960
28	2491
29	563
30	624
31	560
32	897
33	36
34	1005
35	318
36	617
37	2159
38	1044
39	933
40	1269
41	1786
42	284
43	1954
44	2261
45	1134
46	1083
47	953
48	1053
49	407
50	2429
51	1656
52	2101
53	1155
54	1895
55	449
56	449
57	843
58	1879
59	2387
60	2130
61	2010
62	1089
63	562
64	972
65	1705
66	412
67	1558
68	29
69	1745
70	667
71	2484
72	2196
73	383
74	344
75	2083
76	1877
77	1047
78	615
79	284
80	1894
81	17
82	509
83	1746
84	1866
85	2022
86	301
87	531
88	131
89	2063
90	1011
91	980
92	1253
93	467
94	1078
95	1557
96	1348
97	1249
98	201
99	2192
100	2036
101	1166
102	1387
103	573
104	1650
105	1949
106	1874
107	1682
108	499
109	555
110	2216
111	2435
112	2263
113	2350
114	791
115	1336
116	2295
117	909
118	788
119	1209
120	357
121	2158
122	2049
123	2377
124	929
125	1693
126	1273
127	1545
128	877
129	2170
130	313
131	908
132	318
133	2401
134	1999
135	1962
136	978
137	1574
138	2029
139	881
140	531
141	222
142	306
143	1517
144	175
145	93
146	647
147	1096
148	1767
149	1900
150	830
151	2025
152	20
153	2062
154	2119
155	239
156	2492
157	399
158	748
159	748
160	1301
161	195
162	1848
163	182
164	813
165	181
166	1211
167	1324
168	1943
169	659
170	2297
171	362
172	1028
173	102
174	206
175	1090
176	70
177	656
178	151
179	2406
180	23
181	2484
182	1037
183	967
184	1349
185	2480
186	746
187	1919
188	550
189	1037
190	2455
191	2145
192	570
193	1503
194	441
195	887
196	676
197	1301
198	1164
199	1929
200	1624
201	2223
202	2200
203	2005
204	635
205	246
206	57
207	1860
208	364
209	1389
210	918
211	468
212	36
213	1601
214	1036
215	2013
216	1111
217	311
218	377
219	1775
220	2401
221	360
222	2146
223	1252
224	2415
225	2257
226	772
227	955
228	250
229	1238
230	52
231	1699
232	975
233	320
234	1888
235	1820
236	2491
237	1640
238	558
239	1694
240	1992
241	1355
242	2328
243	1855
244	1645
245	2429
246	1909
247	145
248	2109
249	2468
250	2138
251	1698
252	1535
253	1999
254	607
255	1360
256	2420
257	667
258	2243
259	344
260	1339
261	766
262	2286
263	736
264	1494
265	1056
266	1868
267	681
268	2046
269	1806
270	928
271	503
272	1696
273	2005
274	1954
275	2324
276	1189
277	1419
278	857
279	1180
280	1589
281	1907
282	1099
283	2354
284	1338
285	900
286	2427
287	895
288	76
289	1574
290	717
291	2028
292	2251
293	236
294	1738
295	1282
296	1943
297	1429
298	369
299	1390
300	714
301	884
302	2035
303	385
304	1912
305	983
306	179
307	1300
308	1021
309	633
310	2102
311	2171
312	329
313	2099
314	2294
315	1390
316	242
317	1360
318	41
319	1638
320	578
321	2295
322	77
323	263
324	863
325	271
326	1841
327	1351
328	1364
329	2249
330	2073
331	839
332	1600
333	1938
334	434
335	2250
336	1033
337	316
338	255
339	1738
340	176
341	2112
342	1095
343	1149
344	1199
345	1233
346	2354
347	2094
348	2419
349	1818
350	1576
351	105
352	972
353	2344
354	2381
355	1940
356	133
357	1282
358	805
359	2147
360	1369
361	1978
362	995
363	1055
364	1744
365	2051
366	196
367	276
368	235
369	46
370	1655
371	2425
372	541
373	2333
374	2115
375	595
376	2161
377	179
378	575
379	471
380	1855
381	425
382	1116
383	835
384	1182
385	111
386	355
387	2488
388	2497
389	1539
390	1105
391	1893
392	997
393	640
394	2490
395	2320
396	805
397	1796
398	2377
399	904
400	2395
401	1712
402	1049
403	469
404	459
405	2461
406	142
407	46
408	54
409	1411
410	2257
411	702
412	31
413	228
414	1417
415	1953
416	1560
417	41
418	896
419	1362
420	899
421	16
422	2493
423	328
424	328
425	2036
426	2034
427	1346
428	312
429	2113
430	576
431	1207
432	589
433	475
434	34
435	1750
436	2499
437	949
438	1
439	323
440	1255
441	540
442	846
443	2349
444	2469
445	1093
446	385
447	1681
448	1185
449	317
450	1900
451	1092
452	20
453	2362
454	2245
455	311
456	2427
457	1569
458	2035
459	1649
460	499
461	40
462	2078
463	2001
464	21
465	100
466	2182
467	359
468	600
469	1277
470	1746
471	1109
472	2262
473	376
474	1555
475	1988
476	37
477	27
478	448
479	426
480	1317
481	79
482	1340
483	1048
484	2124
485	348
486	1648
487	1403
488	2340
489	682
490	587
491	1753
492	1450
493	270
494	2262
495	2430
496	532
497	736
498	1963
499	430
500	1897
501	342
502	1717
503	1702
504	313
505	1146
506	1718
507	1611
508	706
509	743
510	1318
511	1701
512	625
513	1549
514	165
515	1313
516	974
517	48
518	14
519	561
520	2332
521	1174
522	872
523	64
524	2041
525	1649
526	120
527	1628
528	842
529	476
530	676
531	1333
532	886
533	470
534	1950
535	18
536	1074
537	1135
538	1216
539	1956
540	629
541	1587
542	52
543	2479
544	1310
545	1490
546	2103
547	251
548	1161
549	2492
550	533
551	640
552	1606
553	877
554	606
555	1677
556	1910
557	1572
558	2392
559	397
560	1352
561	2207
562	465
563	1111
564	253
565	1886
566	842
567	1659
568	1764
569	2413
570	482
571	172
572	1069
573	1562
574	2320
575	427
576	40
577	211
578	2042
579	2386
580	955
581	1743
582	1872
583	125
584	2277
585	1049
586	977
587	2167
588	650
589	34
590	957
591	177
592	1531
593	1119
594	1392
595	1483
596	1616
597	1487
598	2185
599	974
600	304
601	617
602	2033
603	2237
604	2302
605	38
606	129
607	2037
608	2109
609	190
610	762
611	2142
612	468
613	688
614	950
615	91
616	77
617	1817
618	2191
619	1159
620	904
621	2186
622	2029
623	1072
624	2155
625	979
626	2154
627	990
628	1476
629	1289
630	734
631	389
632	1076
633	173
634	361
635	47
636	1023
637	1408
638	1474
639	794
640	375
641	103
642	577
643	1492
644	523
645	114
646	1548
647	338
648	2250
649	319
650	459
651	2251
652	834
653	45
654	522
655	93
656	848
657	1864
658	891
659	2432
660	843
661	1206
662	1531
663	543
664	177
665	59
666	986
667	998
668	2052
669	1659
670	118
671	1283
672	2417
673	1864
674	2292
675	2277
676	1831
677	535
678	231
679	1725
680	1653
681	383
682	1187
683	259
684	2213
685	915
686	1128
687	1137
688	1909
689	550
690	1286
691	557
692	901
693	1295
694	265
695	2274
696	1708
697	206
698	1726
699	697
700	273
701	1481
702	310
703	408
704	504
705	2232
706	1317
707	1235
708	1149
709	259
710	1557
711	1112
712	682
713	947
714	1822
715	21
716	1908
717	1336
718	529
719	866
720	382
721	1807
722	105
723	835
724	632
725	2233
726	1173
727	1400
728	1927
729	579
730	720
731	967
732	2018
733	963
734	1632
735	1094
736	1309
737	1275
738	484
739	1896
740	320
741	1652
742	376
743	2358
744	1068
745	2328
746	2416
747	1249
748	1988
749	2285
750	650
751	1399
752	1504
753	703
754	1980
755	152
756	885
757	796
758	827
759	1497
760	1837
761	756
762	2220
763	1797
764	1310
765	1276
766	1789
767	148
768	1344
769	1074
770	1980
771	19
772	2276
773	565
774	1151
775	1004
776	190
777	2135
778	601
779	2317
780	1588
781	529
782	2428
783	2309
784	1804
785	973
786	1782
787	1355
788	2095
789	1755
790	84
791	909
792	182
793	1391
794	1197
795	1264
796	381
797	31
798	594
799	170
800	2379
801	1177
802	1183
803	686
804	1303
805	889
806	1523
807	1441
808	1992
809	1430
810	728
811	1547
812	1410
813	106
814	2150
815	418
816	2411
817	2013
818	493
819	2008
820	2252
821	1553
822	2270
823	1953
824	478
825	2193
826	1356
827	1689
828	1245
829	2367
830	1782
831	997
832	280
833	1743
834	209
835	2000
836	1789
837	1588
838	934
839	1215
840	485
841	1692
842	1685
843	575
844	1918
845	1511
846	638
847	632
848	1671
849	1812
850	1199
851	1279
852	2216
853	1526
854	1091
855	1522
856	1668
857	1947
858	193
859	15
860	450
861	1847
862	658
863	552
864	197
865	1334
866	1455
867	1751
868	742
869	467
870	1710
871	290
872	2267
873	1870
874	807
875	403
876	2477
877	1849
878	434
879	551
880	709
881	360
882	1872
883	2273
884	1716
885	1976
886	2034
887	493
888	1105
889	771
890	451
891	1572
892	651
893	296
894	1020
895	1323
896	1958
897	2479
898	1725
899	2447
900	326
901	397
902	12
903	234
904	1177
905	2417
906	1408
907	1144
908	26
909	1430
910	1345
911	809
912	222
913	250
914	1765
915	2041
916	686
917	1729
918	1060
919	2073
920	1774
921	220
922	1052
923	1217
924	1913
925	35
926	1937
927	118
928	2324
929	2177
930	1081
931	2227
932	912
933	784
934	1316
935	228
936	1318
937	2440
938	635
939	1763
940	2189
941	2349
942	770
943	525
944	1585
945	1513
946	633
947	33
948	6
949	814
950	1280
951	1979
952	444
953	1405
954	1752
955	806
956	875
957	2112
958	774
959	394
960	918
961	1334
962	1182
963	2351
964	2454
965	625
966	373
967	2198
968	1361
969	2437
970	398
971	820
972	1739
973	305
974	1325
975	606
976	749
977	1251
978	1752
979	1595
980	2474
981	2094
982	660
983	88
984	1189
985	878
986	1968
987	1729
988	1214
989	1790
990	892
991	1614
992	1477
993	1696
994	704
995	2192
996	1805
997	1698
998	391
999	2493
1000	1020
1001	398
1002	615
1003	1356
1004	1056
1005	937
1006	189
1007	2418
1008	2044
1009	2432
1010	2193
1011	1672
1012	1827
1013	1350
1014	526
1015	37
1016	2383
1017	1810
1018	272
1019	408
1020	1967
1021	1835
1022	1811
1023	1697
1024	1082
1025	2209
1026	612
1027	282
1028	2130
1029	404
1030	1152
1031	470
1032	760
1033	2449
1034	2465
1035	1842
1036	907
1037	844
1038	2443
1039	106
1040	99
1041	11
1042	1571
1043	1571
1044	762
1045	2294
1046	1198
1047	1937
1048	1324
1049	796
1050	1512
1051	490
1052	850
1053	332
1054	848
1055	948
1056	1296
1057	823
1058	209
1059	895
1060	992
1061	921
1062	1086
1063	1884
1064	1133
1065	1012
1066	498
1067	1551
1068	1281
1069	370
1070	1214
1071	586
1072	1513
1073	2137
1074	227
1075	696
1076	2188
1077	1415
1078	1720
1079	1146
1080	1186
1081	1205
1082	913
1083	840
1084	1816
1085	268
1086	1895
1087	969
1088	1575
1089	342
1090	1234
1091	2330
1092	778
1093	169
1094	2337
1095	2127
1096	255
1097	1631
1098	1156
1099	1563
1100	1644
1101	406
1102	2016
1103	1137
1104	789
1105	934
1106	524
1107	479
1108	1578
1109	1407
1110	1453
1111	658
1112	850
1113	696
1114	1879
1115	390
1116	338
1117	655
1118	560
1119	100
1120	831
1121	298
1122	746
1123	840
1124	561
1125	94
1126	2058
1127	1632
1128	924
1129	1067
1130	193
1131	1209
1132	353
1133	2082
1134	1919
1135	1145
1136	79
1137	290
1138	1419
1139	2051
1140	1405
1141	595
1142	1550
1143	2333
1144	1595
1145	1888
1146	112
1147	559
1148	832
1149	1533
1150	1013
1151	2322
1152	690
1153	1762
1154	1741
1155	2161
1156	1971
1157	759
1158	733
1159	1544
1160	1616
1161	1232
1162	463
1163	2117
1164	626
1165	1929
1166	573
1167	1618
1168	1464
1169	1452
1170	559
1171	238
1172	1522
1173	2084
1174	1090
1175	2372
1176	282
1177	229
1178	1099
1179	1742
1180	655
1181	1344
1182	600
1183	416
1184	5
1185	2055
1186	1520
1187	407
1188	542
1189	482
1190	1620
1191	1850
1192	366
1193	2456
1194	61
1195	1477
1196	1496
1197	1446
1198	1567
1199	1643
1200	1312
1201	2080
1202	1700
1203	1076
1204	2416
1205	2366
1206	2439
1207	1350
1208	1220
1209	382
1210	536
1211	769
1212	1833
1213	1403
1214	337
1215	801
1216	2174
1217	2108
1218	752
1219	1486
1220	63
1221	68
1222	1965
1223	2061
1224	1385
1225	2195
1226	109
1227	1770
1228	263
1229	2350
1230	1722
1231	2082
1232	447
1233	671
1234	523
1235	1832
1236	2279
1237	1807
1238	1210
1239	943
1240	1979
1241	1838
1242	2413
1243	944
1244	651
1245	1934
1246	1248
1247	2495
1248	1203
1249	2364
1250	2091
1251	1846
1252	1758
1253	778
1254	768
1255	1791
1256	827
1257	784
1258	1323
1259	1065
1260	1275
1261	446
1262	353
1263	2321
1264	2456
1265	203
1266	2264
1267	2270
1268	2274
1269	2159
1270	844
1271	2206
1272	2032
1273	879
1274	1959
1275	1179
1276	653
1277	2014
1278	1610
1279	2001
1280	1573
1281	1142
1282	18
1283	1784
1284	301
1285	2006
1286	1510
1287	1064
1288	662
1289	1655
1290	1706
1291	757
1292	2186
1293	1689
1294	358
1295	545
1296	984
1297	2115
1298	2042
1299	265
1300	1485
1301	1372
1302	688
1303	1938
1304	484
1305	49
1306	554
1307	1274
1308	192
1309	1394
1310	2426
1311	1946
1312	685
1313	2135
1314	445
1315	1708
1316	2049
1317	1501
1318	822
1319	1573
1320	1089
1321	445
1322	2322
1323	2439
1324	726
1325	1865
1326	2098
1327	1556
1328	1607
1329	1333
1330	971
1331	932
1332	2261
1333	2247
1334	238
1335	1713
1336	1570
1337	1109
1338	218
1339	410
1340	583
1341	2415
1342	1483
1343	1144
1344	1115
1345	2205
1346	1213
1347	558
1348	2190
1349	662
1350	949
1351	1176
1352	2232
1353	23
1354	1530
1355	2298
1356	932
1357	930
1358	45
1359	1463
1360	1170
1361	1026
1362	1330
1363	203
1364	876
1365	1995
1366	270
1367	878
1368	1261
1369	815
1370	584
1371	2285
1372	3
1373	243
1374	475
1375	149
1376	984
1377	88
1378	631
1379	2409
1380	1935
1381	1831
1382	1040
1383	141
1384	866
1385	906
1386	1654
1387	502
1388	1982
1389	1983
1390	2336
1391	818
1392	1850
1393	299
1394	1077
1395	823
1396	2116
1397	171
1398	691
1399	266
1400	2299
1401	2177
1402	2332
1403	64
1404	1018
1405	500
1406	2083
1407	133
1408	776
1409	623
1410	576
1411	432
1412	181
1413	2063
1414	2471
1415	694
1416	1094
1417	1409
1418	2445
1419	2151
1420	1968
1421	1292
1422	2378
1423	1912
1424	1984
1425	604
1426	749
1427	1788
1428	1092
1429	1790
1430	1612
1431	731
1432	1332
1433	153
1434	1169
1435	2152
1436	1966
1437	733
1438	1281
1439	775
1440	1761
1441	981
1442	1874
1443	1172
1444	2025
1445	1313
1446	2047
1447	1465
1448	991
1449	1443
1450	1780
1451	1844
1452	906
1453	1268
1454	1161
1455	2210
1456	929
1457	1002
1458	1148
1459	1539
1460	2355
1461	1271
1462	1433
1463	2182
1464	1965
1465	431
1466	170
1467	207
1468	970
1469	1228
1470	2372
1471	11
1472	795
1473	1530
1474	2255
1475	143
1476	2043
1477	1883
1478	2145
1479	528
1480	1809
1481	185
1482	2314
1483	1631
1484	1532
1485	2228
1486	2272
1487	367
1488	1207
1489	413
1490	1371
1491	1889
1492	581
1493	1024
1494	1693
1495	1340
1496	405
1497	1673
1498	1630
1499	1391
1500	1602
1501	809
1502	308
1503	1863
1504	306
1505	2155
1506	1511
1507	2062
1508	2374
1509	701
1510	2242
1511	1349
1512	2044
1513	2482
1514	346
1515	456
1516	2327
1517	1778
1518	1489
1519	1802
1520	205
1521	1279
1522	410
1523	89
1524	1754
1525	2312
1526	47
1527	1892
1528	1117
1529	1998
1530	1592
1531	566
1532	70
1533	601
1534	2473
1535	2101
1536	1800
1537	712
1538	1083
1539	1846
1540	65
1541	83
1542	1709
1543	1427
1544	992
1545	1997
1546	226
1547	1916
1548	469
1549	447
1550	279
1551	834
1552	937
1553	977
1554	1964
1555	604
1556	613
1557	616
1558	780
1559	798
1560	2253
1561	1917
1562	246
1563	1795
1564	1482
1565	1570
1566	1634
1567	1210
1568	1562
1569	1575
1570	592
1571	27
1572	1755
1573	1088
1574	219
1575	146
1576	97
1577	1426
1578	953
1579	2422
1580	1200
1581	2266
1582	1875
1583	1474
1584	2391
1585	1882
1586	19
1587	2311
1588	1358
1589	165
1590	1741
1591	2194
1592	793
1593	83
1594	349
1595	947
1596	501
1597	370
1598	704
1599	569
1600	777
1601	839
1602	141
1603	1810
1604	1289
1605	1388
1606	1780
1607	865
1608	1820
1609	857
1610	2046
1611	2466
1612	1940
1613	2488
1614	988
1615	2498
1616	715
1617	820
1618	463
1619	1237
1620	1825
1621	1442
1622	958
1623	59
1624	1386
1625	889
1626	1748
1627	2306
1628	8
1629	112
1630	2171
1631	1775
1632	1261
1633	996
1634	1870
1635	257
1636	66
1637	1404
1638	1393
1639	1920
1640	229
1641	1613
1642	768
1643	714
1644	1975
1645	1873
1646	1490
1647	1401
1648	214
1649	1316
1650	1005
1651	1492
1652	2292
1653	358
1654	2141
1655	1554
1656	122
1657	960
1658	1365
1659	1475
1660	707
1661	828
1662	2411
1663	1222
1664	2468
1665	1495
1666	1605
1667	160
1668	1505
1669	322
1670	99
1671	2240
1672	2056
1673	2223
1674	1597
1675	4
1676	971
1677	1887
1678	881
1679	1859
1680	333
1681	1268
1682	2246
1683	1907
1684	1719
1685	81
1686	2299
1687	779
1688	492
1689	1246
1690	124
1691	1869
1692	959
1693	1135
1694	2224
1695	1224
1696	790
1697	1749
1698	1975
1699	621
1700	1841
1701	2007
1702	1368
1703	233
1704	1740
1705	1091
1706	1371
1707	2442
1708	1365
1709	915
1710	2213
1711	2024
1712	278
1713	1686
1714	2178
1715	1341
1716	2010
1717	1096
1718	1345
1719	2129
1720	2052
1721	1167
1722	1973
1723	1141
1724	1248
1725	1007
1726	1271
1727	567
1728	2448
1729	1592
1730	1031
1731	1160
1732	730
1733	2318
1734	1569
1735	1664
1736	1061
1737	258
1738	728
1739	856
1740	2067
1741	2378
1742	2367
1743	833
1744	2402
1745	525
1746	864
1747	1215
1748	660
1749	1495
1750	1086
1751	555
1752	2260
1753	1956
1754	1963
1755	701
1756	218
1757	1923
1758	1694
1759	1064
1760	1220
1761	1185
1762	1114
1763	252
1764	2486
1765	432
1766	2
1767	994
1768	184
1769	1500
1770	57
1771	2191
1772	755
1773	1269
1774	111
1775	1115
1776	76
1777	423
1778	982
1779	911
1780	1257
1781	780
1782	2379
1783	1802
1784	78
1785	571
1786	1716
1787	1806
1788	120
1789	1013
1790	1007
1791	1646
1792	2127
1793	214
1794	1232
1795	1642
1796	1602
1797	1719
1798	1120
1799	442
1800	508
1801	74
1802	2207
1803	769
1804	1439
1805	1856
1806	1322
1807	1502
1808	1603
1809	1480
1810	242
1811	1251
1812	1138
1813	466
1814	1771
1815	1305
1816	1026
1817	1303
1818	473
1819	2165
1820	608
1821	1187
1822	1442
1823	1203
1824	607
1825	541
1826	737
1827	1217
1828	1381
1829	943
1830	371
1831	1984
1832	254
1833	1993
1834	1633
1835	1204
1836	1066
1837	5
1838	792
1839	1579
1840	281
1841	890
1842	1561
1843	2264
1844	2453
1845	1809
1846	1192
1847	1397
1848	689
1849	1615
1850	910
1851	1055
1852	777
1853	307
1854	870
1855	1527
1856	2424
1857	2265
1858	958
1859	1060
1860	417
1861	84
1862	504
1863	2206
1864	873
1865	1769
1866	462
1867	1184
1868	722
1869	94
1870	542
1871	1853
1872	323
1873	2298
1874	1700
1875	1737
1876	1158
1877	1799
1878	1325
1879	1120
1880	374
1881	2428
1882	1998
1883	287
1884	1291
1885	1304
1886	614
1887	325
1888	7
1889	1104
1890	1885
1891	2471
1892	2405
1893	72
1894	50
1895	1148
1896	598
1897	2374
1898	219
1899	2486
1900	329
1901	2287
1902	2499
1903	2263
1904	321
1905	1414
1906	993
1907	771
1908	1155
1909	1686
1910	1454
1911	2301
1912	1897
1913	1231
1914	1847
1915	697
1916	1428
1917	872
1918	455
1919	1194
1920	2057
1921	1523
1922	10
1923	1817
1924	2026
1925	74
1926	579
1927	524
1928	2204
1929	1223
1930	1718
1931	2108
1932	2387
1933	211
1934	1622
1935	2458
1936	235
1937	1497
1938	1364
1939	1558
1940	2169
1941	2308
1942	2356
1943	2194
1944	2383
1945	420
1946	1859
1947	1131
1948	2113
1949	1423
1950	1785
1951	399
1952	1543
1953	691
1954	634
1955	352
1956	2164
1957	1270
1958	2076
1959	1398
1960	920
1961	13
1962	2181
1963	2364
1964	1920
1965	1777
1966	153
1967	841
1968	666
1969	1845
1970	1003
1971	1190
1972	797
1973	1012
1974	1070
1975	1140
1976	1517
1977	426
1978	887
1979	330
1980	2100
1981	67
1982	2129
1983	453
1984	332
1985	2100
1986	622
1987	1685
1988	167
1989	522
1990	1532
1991	169
1992	1731
1993	853
1994	384
1995	1159
1996	2040
1997	2204
1998	180
1999	396
2000	1053
2001	1856
2002	2091
2003	1714
2004	1819
2005	495
2006	577
2007	1048
2008	1059
2009	1674
2010	352
2011	1255
2012	303
2013	1184
2014	1644
2015	7
2016	1363
2017	2141
2018	274
2019	391
2020	2227
2021	1976
2022	287
2023	144
2024	851
2025	766
2026	1125
2027	2480
2028	82
2029	1172
2030	2070
2031	862
2032	2376
2033	1152
2034	128
2035	481
2036	283
2037	831
2038	814
2039	200
2040	508
2041	1167
2042	314
2043	294
2044	1647
2045	2306
2046	644
2047	2418
2048	2291
2049	2165
2050	1470
2051	1198
2052	1470
2053	498
2054	1160
2055	554
2056	2114
2057	2242
2058	1955
2059	386
2060	2200
2061	2060
2062	2014
2063	1690
2064	1327
2065	1213
2066	1097
2067	538
2068	2268
2069	770
2070	1759
2071	1266
2072	515
2073	1426
2074	1594
2075	761
2076	578
2077	952
2078	786
2079	1416
2080	1884
2081	266
2082	657
2083	1081
2084	1848
2085	80
2086	1878
2087	1910
2088	2056
2089	1540
2090	2040
2091	2425
2092	183
2093	2139
2094	2229
2095	1050
2096	85
2097	713
2098	496
2099	335
2100	821
2101	1911
2102	1690
2103	1436
2104	2219
2105	315
2106	1893
2107	979
2108	1599
2109	1078
2110	1004
2111	893
2112	2160
2113	1502
2114	1542
2115	2072
2116	251
2117	1990
2118	273
2119	2248
2120	296
2121	4
2122	276
2123	892
2124	787
2125	1059
2126	2043
2127	1361
2128	2019
2129	737
2130	1596
2131	1603
2132	598
2133	638
2134	1479
2135	2433
2136	1242
2137	1779
2138	628
2139	495
2140	285
2141	1471
2142	55
2143	119
2144	584
2145	2050
2146	72
2147	1770
2148	2394
2149	189
2150	761
2151	26
2152	1471
2153	396
2154	1258
2155	22
2156	1672
2157	990
2158	2119
2159	618
2160	1025
2161	249
2162	511
2163	1550
2164	538
2165	782
2166	2020
2167	825
2168	361
2169	139
2170	299
2171	423
2172	1521
2173	540
2174	945
2175	734
2176	104
2177	1466
2178	799
2179	1726
2180	1583
2181	1039
2182	597
2183	568
2184	1190
2185	1462
2186	2421
2187	307
2188	104
2189	1747
2190	702
2191	2500
2192	1849
2193	663
2194	1599
2195	131
2196	139
2197	1466
2198	1283
2199	1911
2200	2301
2201	758
2202	1378
2203	927
2204	401
2205	861
2206	581
2207	998
2208	1512
2209	1472
2210	369
2211	1867
2212	455
2213	1225
2214	634
2215	1468
2216	740
2217	2147
2218	1757
2219	1758
2220	1822
2221	354
2222	1478
2223	71
2224	2037
2225	716
2226	317
2227	1546
2228	2469
2229	1480
2230	901
2231	1581
2232	1219
2233	2389
2234	1543
2235	2368
2236	1150
2237	689
2238	631
2239	2090
2240	1023
2241	985
2242	364
2243	1637
2244	824
2245	162
2246	2489
2247	754
2248	1062
2249	297
2250	2198
2251	597
2252	2447
2253	1886
2254	2093
2255	264
2256	765
2257	2008
2258	2060
2259	424
2260	2450
2261	2452
2262	1331
2263	2238
2264	1606
2265	642
2266	1926
2267	2410
2268	986
2269	2373
2270	1538
2271	1353
2272	305
2273	2394
2274	623
2275	1464
2276	1239
2277	1865
2278	1233
2279	298
2280	1941
2281	1946
2282	1608
2283	409
2284	1821
2285	1429
2286	1382
2287	1051
2288	1399
2289	647
2290	1882
2291	991
2292	2201
2293	1697
2294	2027
2295	1534
2296	400
2297	1868
2298	2174
2299	1443
2300	594
2301	2494
2302	2385
2303	1077
2304	2393
2305	705
2306	1688
2307	1628
2308	926
2309	1580
2310	1814
2311	1737
2312	679
2313	1889
2314	1216
2315	1658
2316	1905
2317	2016
2318	1553
2319	1114
2320	729
2321	708
2322	516
2323	479
2324	1660
2325	1623
2326	92
2327	1751
2328	669
2329	752
2330	2457
2331	1413
2332	725
2333	1548
2334	1728
2335	1699
2336	952
2337	627
2338	940
2339	2458
2340	1398
2341	693
2342	2482
2343	800
2344	1284
2345	310
2346	1225
2347	1801
2348	1481
2349	567
2350	225
2351	1145
2352	738
2353	1916
2354	684
2355	816
2356	1192
2357	2461
2358	2431
2359	1503
2360	948
2361	2110
2362	1784
2363	2018
2364	1734
2365	1815
2366	1449
2367	1756
2368	2343
2369	354
2370	1163
2371	225
2372	268
2373	1705
2374	1930
2375	1524
2376	1773
2377	1695
2378	65
2379	2464
2380	2316
2381	1747
2382	792
2383	2327
2384	2170
2385	1670
2386	2138
2387	698
2388	1563
2389	464
2390	1624
2391	414
2392	294
2393	409
2394	1128
2395	2260
2396	902
2397	2409
2398	1504
2399	1973
2400	1651
2401	624
2402	1773
2403	2110
2404	1200
2405	1472
2406	2478
2407	444
2408	373
2409	572
2410	1130
2411	2218
2412	1309
2413	1679
2414	1252
2415	1000
2416	894
2417	501
2418	264
2419	387
2420	1714
2421	782
2422	2057
2423	1226
2424	1460
2425	86
2426	63
2427	1431
2428	2234
2429	2197
2430	1896
2431	549
2432	1630
2433	337
2434	1417
2435	1987
2436	919
2437	1050
2438	519
2439	1460
2440	1766
2441	446
2442	1990
2443	262
2444	33
2445	2128
2446	2347
2447	1638
2448	861
2449	2212
2450	580
2451	931
2452	2002
2453	1039
2454	1376
2455	55
2456	2336
2457	1894
2458	2002
2459	2180
2460	2240
2461	1815
2462	1652
2463	492
2464	180
2465	1068
2466	1270
2467	476
2468	1650
2469	1428
2470	466
2471	2258
2472	1590
2473	2344
2474	1764
2475	1236
2476	1814
2477	773
2478	1069
2479	163
2480	1934
2481	875
2482	204
2483	1836
2484	1243
2485	930
2486	641
2487	221
2488	712
2489	451
2490	1885
2491	1484
2492	1041
2493	1134
2494	321
2495	483
2496	127
2497	2343
2498	1591
2499	116
2500	1351
2501	1156
2502	1509
2503	2483
2504	176
2505	605
2506	1680
2507	427
2508	1808
2509	1683
2510	1418
2511	1427
2512	2419
2513	1970
2514	234
2515	1903
2516	147
2517	1544
2518	406
2519	2028
2520	1423
2521	942
2522	1765
2523	2256
2524	980
2525	1346
2526	355
2527	1264
2528	1224
2529	1663
2530	97
2531	126
2532	1297
2533	2167
2534	741
2535	2341
2536	591
2537	684
2538	1538
2539	1647
2540	1860
2541	785
2542	2039
2543	520
2544	69
2545	162
2546	1829
2547	530
2548	1785
2549	2352
2550	870
2551	2380
2552	1406
2553	2225
2554	2121
2555	2315
2556	2472
2557	1600
2558	1259
2559	43
2560	509
2561	1757
2562	480
2563	2290
2564	2246
2565	735
2566	1931
2567	2384
2568	1036
2569	292
2570	511
2571	858
2572	215
2573	1366
2574	1960
2575	2340
2576	880
2577	819
2578	1742
2579	587
2580	519
2581	1890
2582	787
2583	134
2584	815
2585	1925
2586	922
2587	1639
2588	1051
2589	122
2590	333
2591	605
2592	86
2593	1939
2594	507
2595	351
2596	254
2597	1892
2598	547
2599	435
2600	557
2601	10
2602	1147
2603	2311
2604	1376
2605	1753
2606	1121
2607	2403
2608	2457
2609	646
2610	1387
2611	1862
2612	1974
2613	2065
2614	920
2615	2218
2616	1908
2617	678
2618	1397
2619	2280
2620	2121
2621	42
2622	599
2623	1288
2624	1521
2625	260
2626	1586
2627	1401
2628	1335
2629	377
2630	614
2631	2065
2632	1329
2633	29
2634	2386
2635	2404
2636	627
2637	1871
2638	1887
2639	2371
2640	1098
2641	1463
2642	592
2643	240
2644	258
2645	1944
2646	765
2647	1794
2648	1613
2649	1375
2650	2122
2651	1222
2652	1467
2653	2011
2654	220
2655	110
2656	491
2657	430
2658	669
2659	71
2660	1617
2661	1034
2662	400
2663	510
2664	959
2665	1565
2666	1711
2667	1966
2668	1783
2669	960
2670	1771
2671	381
2672	1347
2673	1987
2674	544
2675	2114
2676	825
2677	1468
2678	1804
2679	2448
2680	1240
2681	1034
2682	1000
2683	1609
2684	1319
2685	2459
2686	713
2687	654
2688	987
2689	2004
2690	2365
2691	371
2692	1339
2693	2195
2694	759
2695	1478
2696	999
2697	812
2698	450
2699	1191
2700	1661
2701	616
2702	336
2703	1691
2704	1587
2705	2132
2706	1707
2707	1768
2708	1669
2709	917
2710	1811
2711	535
2712	1875
2713	175
2714	457
2715	590
2716	621
2717	2229
2718	485
2719	1150
2720	1367
2721	1329
2722	610
2723	1117
2724	1191
2725	127
2726	2314
2727	125
2728	1292
2729	415
2730	2190
2731	1101
2732	1709
2733	2276
2734	2390
2735	2006
2736	2092
2737	1174
2738	939
2739	210
2740	117
2741	1636
2742	1585
2743	184
2744	1756
2745	1212
2746	2236
2747	2163
2748	1386
2749	515
2750	285
2751	2038
2752	487
2753	438
2754	894
2755	1665
2756	1949
2757	1610
2758	132
2759	1813
2760	121
2761	1819
2762	883
2763	905
2764	935
2765	721
2766	1541
2767	758
2768	442
2769	481
2770	16
2771	1266
2772	2209
2773	1431
2774	1883
2775	677
2776	1421
2777	1295
2778	2337
2779	700
2780	388
2781	1054
2782	1299
2783	1825
2784	1380
2785	293
2786	1605
2787	1288
2788	798
2789	89
2790	454
2791	2020
2792	1878
2793	2017
2794	90
2795	500
2796	1100
2797	2498
2798	1348
2799	1075
2800	2178
2801	668
2802	1722
2803	1238
2804	1947
2805	2436
2806	1154
2807	1448
2808	1676
2809	2312
2810	439
2811	438
2812	838
2813	1637
2814	2424
2815	867
2816	1534
2817	2123
2818	2179
2819	871
2820	13
2821	856
2822	414
2823	2400
2824	2470
2825	808
2826	137
2827	1800
2828	735
2829	1121
2830	1043
2831	1061
2832	916
2833	1749
2834	1604
2835	1127
2836	2481
2837	1087
2838	1097
2839	150
2840	1671
2841	1861
2842	1123
2843	1955
2844	395
2845	1501
2846	1274
2847	1667
2848	477
2849	821
2850	210
2851	996
2852	490
2853	2105
2854	1537
2855	510
2856	1904
2857	2477
2858	1567
2859	262
2860	2080
2861	1302
2862	2238
2863	1008
2864	223
2865	2067
2866	1989
2867	2160
2868	2474
2869	1047
2870	2196
2871	2272
2872	1300
2873	1591
2874	1019
2875	917
2876	431
2877	349
2878	1035
2879	2180
2880	564
2881	462
2882	931
2883	922
2884	1583
2885	536
2886	1546
2887	1643
2888	503
2889	315
2890	1799
2891	2291
2892	1206
2893	1102
2894	1633
2895	1728
2896	869
2897	1438
2898	2459
2899	2249
2900	973
2901	1769
2902	2293
2903	1791
2904	340
2905	2017
2906	723
2907	1598
2908	483
2909	1995
2910	1101
2911	2360
2912	375
2913	643
2914	1239
2915	422
2916	1866
2917	429
2918	1476
2919	583
2920	1579
2921	1584
2922	756
2923	1730
2924	1204
2925	1447
2926	1842
2927	1858
2928	2027
2929	1925
2930	2215
2931	546
2932	695
2933	1761
2934	348
2935	802
2936	654
2937	1594
2938	2360
2939	1529
2940	1993
2941	136
2942	1945
2943	457
2944	1400
2945	2235
2946	227
2947	66
2948	28
2949	1456
2950	2466
2951	941
2952	2341
2953	114
2954	1033
2955	2212
2956	757
2957	2462
2958	1496
2959	1589
2960	1640
2961	2464
2962	267
2963	566
2964	2389
2965	436
2966	1311
2967	1816
2968	910
2969	1021
2970	1636
2971	2146
2972	1948
2973	512
2974	1936
2975	2308
2976	729
2977	1229
2978	1193
2979	1432
2980	35
2981	279
2982	1383
2983	1792
2984	2346
2985	1986
2986	1942
2987	646
2988	797
2989	1818
2990	1193
2991	1201
2992	966
2993	716
2994	1293
2995	1165
2996	883
2997	322
2998	132
2999	2181
3000	249
3001	1062
3002	1891
3003	717
3004	869
3005	1293
3006	1133
3007	2093
3008	1881
3009	822
3010	1576
3011	1555
3012	1578
3013	327
3014	1554
3015	1110
3016	1745
3017	1142
3018	1456
3019	1413
3020	783
3021	1019
3022	2245
3023	982
3024	178
3025	25
3026	2313
3027	1378
3028	962
3029	2030
3030	791
3031	2462
3032	1926
3033	622
3034	1918
3035	902
3036	1294
3037	776
3038	60
3039	1231
3040	1902
3041	1833
3042	808
3043	1928
3044	1087
3045	1125
3046	944
3047	804
3048	788
3049	1796
3050	1840
3051	806
3052	975
3053	1070
3054	2152
3055	730
3056	78
3057	2302
3058	1914
3059	2007
3060	1421
3061	1446
3062	2053
3063	2315
3064	2151
3065	1459
3066	48
3067	2084
3068	413
3069	591
3070	2090
3071	790
3072	546
3073	1561
3074	212
3075	80
3076	2239
3077	123
3078	1175
3079	772
3080	1389
3081	1626
3082	841
3083	2496
3084	292
3085	1767
3086	1902
3087	2050
3088	2402
3089	1821
3090	898
3091	1635
3092	1104
3093	2122
3094	1936
3095	826
3096	1402
3097	1071
3098	2382
3099	1629
3100	1657
3101	67
3102	2422
3103	1195
3104	1258
3105	1294
3106	437
3107	1485
3108	2069
3109	367
3110	2019
3111	2074
3112	194
3113	2215
3114	610
3115	891
3116	456
3117	1586
3118	1967
3119	487
3120	2463
3121	223
3122	1458
3123	1250
3124	1832
3125	585
3126	1997
3127	1526
3128	1970
3129	2125
3130	773
3131	2330
3132	304
3133	1500
3134	1337
3135	1257
3136	1054
3137	1124
3138	1733
3139	425
3140	1829
3141	1164
3142	893
3143	143
3144	1899
3145	1380
3146	620
3147	2149
3148	609
3149	2346
3150	1706
3151	1901
3152	751
3153	339
3154	2126
3155	166
3156	1079
3157	1720
3158	417
3159	1245
3160	2451
3161	653
3162	202
3163	912
3164	884
3165	2400
3166	2282
3167	1065
3168	1352
3169	401
3170	1950
3171	149
3172	1319
3173	2163
3174	1338
3175	1139
3176	260
3177	1601
3178	2139
3179	1035
3180	2096
3181	810
3182	2275
3183	2023
3184	593
3185	257
3186	2033
3187	1197
3188	2455
3189	1549
3190	326
3191	160
3192	1766
3193	497
3194	2076
3195	1541
3196	1489
3197	2293
3198	1733
3199	1179
3200	2202
3201	1945
3202	935
3203	670
3204	1002
3205	1162
3206	1186
3207	15
3208	2431
3209	1166
3210	327
3211	1654
3212	1676
3213	217
3214	2208
3215	2133
3216	965
3217	832
3218	82
3219	1642
3220	890
3221	537
3222	1342
3223	339
3224	1623
3225	568
3226	1724
3227	1493
3228	1312
3229	513
3230	620
3231	1564
3232	387
3233	2079
3234	1095
3235	1651
3236	330
3237	880
3238	419
3239	208
3240	707
3241	1143
3242	443
3243	1677
3244	900
3245	1075
3246	69
3247	1981
3248	1444
3249	636
3250	747
3251	464
3252	2066
3253	2143
3254	183
3255	384
3256	687
3257	454
3258	927
3259	172
3260	942
3261	357
3262	670
3263	2265
3264	297
3265	2303
3266	2087
3267	572
3268	237
3269	812
3270	154
3271	2334
3272	2021
3273	2269
3274	1798
3275	201
3276	925
3277	1381
3278	404
3279	346
3280	2208
3281	1678
3282	2144
3283	987
3284	740
3285	2412
3286	2188
3287	386
3288	2185
3289	478
3290	1923
3291	2369
3292	274
3293	2144
3294	207
3295	2231
3296	1701
3297	1332
3298	1509
3299	146
3300	1178
3301	2321
3302	1028
3303	2449
3304	1528
3305	1608
3306	2015
3307	1001
3308	2351
3309	2369
3310	2279
3311	1871
3312	1778
3313	110
3314	2030
3315	2370
3316	1178
3317	6
3318	1510
3319	1664
3320	91
3321	1858
3322	1372
3323	2104
3324	1032
3325	907
3326	2118
3327	2105
3328	1584
3329	2318
3330	2004
3331	1665
3332	698
3333	241
3334	2169
3335	271
3336	1377
3337	2339
3338	799
3339	589
3340	807
3341	1280
3342	1964
3343	148
3344	2247
3345	362
3346	2405
3347	2064
3348	1228
3349	243
3350	924
3351	140
3352	2382
3353	2117
3354	277
3355	2248
3356	437
3357	1244
3358	1110
3359	1528
3360	903
3361	2373
3362	2271
3363	1143
3364	1779
3365	1452
3366	928
3367	2201
3368	2172
3369	1328
3370	1093
3371	613
3372	1695
3373	849
3374	2310
3375	786
3376	2487
3377	2221
3378	1682
3379	158
3380	1735
3381	2398
3382	336
3383	2412
3384	1568
3385	1830
3386	232
3387	1183
3388	261
3389	1367
3390	1046
3391	2199
3392	1347
3393	1402
3394	1827
3395	1032
3396	1205
3397	681
3398	115
3399	1684
3400	1593
3401	1739
3402	2494
3403	1433
3404	1826
3405	1194
3406	2426
3407	2388
3408	1445
3409	473
3410	2233
3411	1407
3412	754
3413	1126
3414	1667
3415	1027
3416	2012
3417	1458
3418	2478
3419	1556
3420	1593
3421	626
3422	2236
3423	2434
3424	2323
3425	472
3426	1022
3427	745
3428	1343
3429	164
3430	2355
3431	1411
3432	1030
3433	1176
3434	636
3435	1933
3436	1359
3437	708
3438	851
3439	882
3440	1788
3441	1088
3442	2282
3443	1661
3444	1479
3445	582
3446	1525
3447	1754
3448	700
3449	1867
3450	2074
3451	2380
3452	1418
3453	1180
3454	1901
3455	983
3456	1681
3457	596
3458	995
3459	1712
3460	147
3461	1165
3462	2054
3463	1921
3464	1100
3465	1440
3466	2329
3467	2278
3468	1459
3469	1453
3470	916
3471	1930
3472	2011
3473	2385
3474	1058
3475	852
3476	2396
3477	1278
3478	130
3479	1369
3480	1415
3481	723
3482	1285
3483	39
3484	609
3485	1917
3486	187
3487	2490
3488	2231
3489	2267
3490	233
3491	1045
3492	1354
3493	853
3494	1450
3495	424
3496	1448
3497	639
3498	1927
3499	419
3500	1983
3501	1731
3502	2221
3503	2359
3504	2365
3505	528
3506	1619
3507	767
3508	1721
3509	816
3510	2220
3511	1157
3512	411
3513	1703
3514	2106
3515	8
3516	1237
3517	1978
3518	213
3519	439
3520	2022
3521	130
3522	1195
3523	596
3524	195
3525	580
3526	136
3527	1259
3528	1795
3529	2053
3530	1377
3531	671
3532	441
3533	608
3534	374
3535	204
3536	1959
3537	2467
3538	1441
3539	1
3540	1656
3541	1379
3542	1173
3543	1635
3544	2395
3545	1673
3546	1921
3547	350
3548	247
3549	1666
3550	1873
3551	1861
3552	1253
3553	494
3554	863
3555	533
3556	92
3557	1536
3558	1435
3559	2078
3560	964
3561	2095
3562	280
3563	1141
3564	1030
3565	1772
3566	1551
3567	202
3568	1440
3569	2150
3570	685
3571	1449
3572	2453
3573	2162
3574	677
3575	288
3576	2157
3577	2162
3578	28
3579	1388
3580	241
3581	2436
3582	862
3583	1103
3584	1359
3585	2281
3586	1196
3587	2304
3588	1067
3589	1906
3590	1787
3591	699
3592	2085
3593	302
3594	2154
3595	2288
3596	208
3597	2446
3598	1520
3599	402
3600	2472
3601	171
3602	1524
3603	1130
3604	9
3605	232
3606	1218
3607	2357
3608	2376
3609	1073
3610	1527
3611	291
3612	2388
3613	1482
3614	2096
3615	1710
3616	247
3617	590
3618	1629
3619	1568
3620	1763
3621	1525
3622	1740
3623	593
3624	1658
3625	968
3626	2079
3627	2061
3628	197
3629	1793
3630	2329
3631	2226
3632	899
3633	2460
3634	1493
3635	801
3636	2087
3637	465
3638	480
3639	1432
3640	817
3641	1082
3642	1688
3643	166
3644	2123
3645	2039
3646	2390
3647	802
3648	1499
3649	205
3650	240
3651	2133
3652	619
3653	548
3654	1679
3655	1042
3656	2435
3657	1263
3658	324
3659	2012
3660	868
3661	1898
3662	1507
3663	951
3664	2064
3665	794
3666	1985
3667	2003
3668	1212
3669	196
3670	1277
3671	2253
3672	985
3673	1961
3674	1939
3675	1354
3676	1794
3677	2026
3678	2398
3679	2048
3680	1218
3681	618
3682	107
3683	1724
3684	1516
3685	1461
3686	855
3687	2214
3688	54
3689	1188
3690	2259
3691	1246
3692	903
3693	32
3694	1229
3695	855
3696	494
3697	1648
3698	2348
3699	340
3700	2396
3701	359
3702	705
3703	1852
3704	547
3705	2317
3706	1853
3707	753
3708	2224
3709	350
3710	507
3711	1363
3712	2392
3713	1662
3714	1634
3715	24
3716	96
3717	2357
3718	1717
3719	261
3720	2031
3721	178
3722	1326
3723	2003
3724	1590
3725	1278
3726	2023
3727	2202
3728	1123
3729	1641
3730	553
3731	845
3732	739
3733	2031
3734	663
3735	245
3736	1003
3737	137
3738	472
3739	1622
3740	1445
3741	849
3742	1412
3743	826
3744	309
3745	2266
3746	392
3747	159
3748	1669
3749	405
3750	2072
3751	1465
3752	1611
3753	668
3754	2288
3755	226
3756	2368
3757	1793
3758	962
3759	810
3760	549
3761	2473
3762	1577
3763	1341
3764	309
3765	964
3766	2451
3767	2342
3768	1273
3769	1736
3770	291
3771	300
3772	154
3773	2092
3774	12
3775	750
3776	1498
3777	2433
3778	2097
3779	163
3780	1425
3781	293
3782	779
3783	817
3784	1162
3785	968
3786	1374
3787	874
3788	1838
3789	532
3790	1662
3791	1038
3792	1869
3793	1834
3794	2381
3795	950
3796	755
3797	90
3798	1484
3799	2489
3800	2225
3801	486
3802	1108
3803	107
3804	800
3805	429
3806	1073
3807	2099
3808	221
3809	1025
3810	675
3811	1126
3812	2278
3813	1958
3814	679
3815	2393
3816	774
3817	1132
3818	185
3819	563
3820	435
3821	2107
3822	1620
3823	629
3824	1118
3825	42
3826	1826
3827	1027
3828	1118
3829	108
3830	833
3831	452
3832	1016
3833	1803
3834	731
3835	1392
3836	1732
3837	378
3838	867
3839	747
3840	1296
3841	1952
3842	1675
3843	295
3844	121
3845	2048
3846	1343
3847	1006
3848	1898
3849	641
3850	2021
3851	709
3852	2334
3853	1845
3854	1957
3855	1122
3856	1750
3857	489
3858	2172
3859	2230
3860	1505
3861	2280
3862	1265
3863	1009
3864	1107
3865	2189
3866	1996
3867	1366
3868	1797
3869	188
3870	1627
3871	1201
3872	1668
3873	491
3874	914
3875	1881
3876	1702
3877	39
3878	1948
3879	1961
3880	1678
3881	267
3882	1085
3883	289
3884	25
3885	612
3886	2239
3887	1211
3888	2366
3889	775
3890	420
3891	961
3892	751
3893	436
3894	138
3895	1596
3896	1692
3897	2222
3898	1614
3899	1379
3900	1263
3901	745
3902	134
3903	585
3904	2268
3905	956
3906	302
3907	2077
3908	1792
3909	393
3910	1014
3911	2256
3912	1396
3913	556
3914	168
3915	2153
3916	1713
3917	1986
3918	1786
3919	2258
3920	1383
3921	394
3922	1627
3923	418
3924	836
3925	2120
3926	2045
3927	1438
3928	1487
3929	142
3930	85
3931	1422
3932	2323
3933	1416
3934	2470
3935	1362
3936	2168
3937	1370
3938	2359
3939	236
3940	516
3941	365
3942	2045
3943	1368
3944	726
3945	1046
3946	1169
3947	68
3948	1153
3949	520
3950	1890
3951	526
3952	1331
3953	914
3954	87
3955	2495
3956	852
3957	30
3958	440
3959	1298
3960	1607
3961	1812
3962	62
3963	1226
3964	1024
3965	1653
3966	859
3967	767
3968	763
3969	512
3970	976
3971	1657
3972	913
3973	2148
3974	674
3975	711
3976	506
3977	1384
3978	1876
3979	2420
3980	1153
3981	2168
3982	1903
3983	1508
3984	1931
3985	335
3986	1327
3987	981
3988	1384
3989	1744
3990	657
3991	2252
3992	2125
3993	1891
3994	341
3995	1375
3996	865
3997	2205
3998	847
3999	1952
4000	941
4001	1564
4002	556
4003	2038
4004	649
4005	611
4006	283
4007	721
4008	1824
4009	628
4010	2211
4011	2254
4012	49
4013	2497
4014	101
4015	1297
4016	978
4017	818
4018	2441
4019	60
4020	1171
4021	1687
4022	2434
4023	553
4024	380
4025	212
4026	300
4027	1824
4028	1084
4029	1646
4030	2085
4031	693
4032	1535
4033	1315
4034	1001
4035	1262
4036	497
4037	443
4038	168
4039	253
4040	741
4041	1781
4042	1285
4043	1098
4044	1783
4045	725
4046	951
4047	96
4048	1385
4049	2289
4050	489
4051	380
4052	1915
4053	1507
4054	351
4055	2437
4056	50
4057	2487
4058	1320
4059	652
4060	1447
4061	395
4062	488
4063	803
4064	2222
4065	411
4066	2058
4067	1473
4068	81
4069	1342
4070	224
4071	1016
4072	513
4073	256
4074	938
4075	885
4076	2410
4077	164
4078	440
4079	1374
4080	2454
4081	648
4082	1439
4083	2179
4084	150
4085	2338
4086	1254
4087	940
4088	854
4089	24
4090	2219
4091	719
4092	1358
4093	502
4094	1707
4095	527
4096	1011
4097	217
4098	1045
4099	1393
4100	1284
4101	957
4102	1876
4103	1933
4104	882
4105	1687
4106	864
4107	847
4108	829
4109	393
4110	1219
4111	158
4112	1058
4113	1066
4114	117
4115	2077
4116	1410
4117	1244
4118	1843
4119	365
4120	1462
4121	2440
4122	1230
4123	2241
4124	319
4125	1202
4126	539
4127	719
4128	1461
4129	1813
4130	1038
4131	2271
4132	103
4133	151
4134	1018
4135	1326
4136	1008
4137	722
4138	753
4139	1904
4140	1776
4141	403
4142	224
4143	488
4144	2024
4145	1506
4146	565
4147	2183
4148	1566
4149	1163
4150	876
4151	1080
4152	1828
4153	2199
4154	2414
4155	1830
4156	1457
4157	760
4158	2481
4159	308
4160	1422
4161	1409
4162	174
4163	174
4164	1406
4165	1777
4166	1834
4167	1691
4168	795
4169	356
4170	1202
4171	116
4172	1335
4173	1473
4174	2128
4175	1748
4176	1009
4177	1040
4178	938
4179	2353
4180	874
4181	976
4182	732
4183	2403
4184	1545
4185	926
4186	1154
4187	448
4188	860
4189	1730
4190	1305
4191	1951
4192	1455
4193	248
4194	898
4195	1140
4196	1267
4197	888
4198	1287
4199	2414
4200	1337
4201	1609
4202	1158
4203	433
4204	1057
4205	1357
4206	2197
4207	2361
4208	2136
4209	1518
4210	724
4211	2358
4212	1914
4213	954
4214	1414
4215	392
4216	1768
4217	1444
4218	128
4219	2089
4220	113
4221	230
4222	2102
4223	637
4224	58
4225	363
4226	739
4227	2149
4228	1106
4229	366
4230	965
4231	2132
4232	213
4233	1703
4234	551
4235	2214
4236	1302
4237	1828
4238	738
4239	157
4240	1734
4241	2450
4242	312
4243	272
4244	1674
4245	2066
4246	123
4247	200
4248	828
4249	1235
4250	2176
4251	1079
4252	95
4253	341
4254	1457
4255	295
4256	1254
4257	1615
4258	537
4259	1014
4260	2345
4261	9
4262	303
4263	2137
4264	989
4265	275
4266	695
4267	644
4268	1645
4269	2120
4270	1518
4271	245
4272	188
4273	649
4274	811
4275	2371
4276	474
4277	2476
4278	544
4279	1899
4280	1127
4281	2086
4282	192
4283	1552
4284	1265
4285	2397
4286	793
4287	2070
4288	2103
4289	1935
4290	1670
4291	2275
4292	896
4293	666
4294	860
4295	1854
4296	2176
4297	2183
4298	936
4299	1581
4300	1486
4301	2126
4302	1547
4303	963
4304	379
4305	2307
4306	1080
4307	324
4308	157
4309	2397
4310	1132
4311	1515
4312	1619
4313	345
4314	2443
4315	1240
4316	159
4317	1506
4318	1863
4319	191
4320	1529
4321	161
4322	574
4323	156
4324	1119
4325	1663
4326	1304
4327	347
4328	2054
4329	1298
4330	732
4331	61
4332	1103
4333	1286
4334	388
4335	630
4336	652
4337	230
4338	1732
4339	1052
4340	886
4341	2408
4342	286
4343	2316
4344	1621
4345	611
4346	135
4347	859
4348	680
4349	2305
4350	2363
4351	1108
4352	2088
4353	1017
4354	1382
4355	2157
4356	993
4357	1157
4358	2047
4359	548
4360	2483
4361	1542
4362	1425
4363	2068
4364	2111
4365	923
4366	2307
4367	30
4368	699
4369	2210
4370	2363
4371	2259
4372	854
4373	1639
4374	1951
4375	1084
4376	2310
4377	1781
4378	124
4379	51
4380	1621
4381	1241
4382	505
4383	1880
4384	2241
4385	95
4386	1533
4387	1227
4388	1287
4389	2148
4390	675
4391	1170
4392	945
4393	961
4394	421
4395	474
4396	879
4397	1996
4398	1116
4399	804
4400	727
4401	582
4402	2296
4403	911
4404	1928
4405	2111
4406	994
4407	933
4408	1641
4409	1906
4410	2134
4411	3
4412	2335
4413	2237
4414	672
4415	1175
4416	277
4417	838
4418	2228
4419	837
4420	1760
4421	2089
4422	1582
4423	1844
4424	1823
4425	1994
4426	1242
4427	846
4428	1994
4429	837
4430	873
4431	811
4432	2284
4433	1424
4434	314
4435	1877
4436	1618
4437	2485
4438	1801
4439	1839
4440	2184
4441	2059
4442	316
4443	2217
4444	1924
4445	1010
4446	506
4447	603
4448	2406
4449	1424
4450	412
4451	687
4452	642
4453	2134
4454	2446
4455	1299
4456	562
4457	514
4458	2331
4459	1974
4460	2081
4461	1905
4462	2175
4463	1857
4464	1467
4465	2430
4466	460
4467	905
4468	1085
4469	1680
4470	706
4471	923
4472	2326
4473	586
4474	2326
4475	2300
4476	1015
4477	1017
4478	2116
4479	1437
4480	378
4481	2226
4482	1420
4483	1715
4484	422
4485	1236
4486	1537
4487	87
4488	925
4489	1370
4490	1977
4491	1772
4492	829
4493	1113
4494	2423
4495	2166
4496	1221
4497	167
4498	402
4499	1942
4500	1515
4501	416
4502	1798
4503	269
4504	921
4505	1519
4506	2136
4507	1029
4508	2244
4509	1131
4510	269
4511	356
4512	135
4513	2287
4514	819
4515	458
4516	237
4517	1604
4518	102
4519	2131
4520	1972
4521	599
4522	1854
4523	1320
4524	1241
4525	2009
4526	2475
4527	1723
4528	664
4529	1412
4530	138
4531	514
4532	543
4533	988
4534	659
4535	1138
4536	1972
4537	648
4538	1181
4539	569
4540	715
4541	2
4542	727
4543	44
4544	372
4545	1475
4546	2286
4547	1962
4548	2290
4549	1262
4550	421
4551	1880
4552	1223
4553	1395
4554	2164
4555	656
4556	2203
4557	1276
4558	744
4559	1063
4560	1171
4561	645
4562	460
4563	1808
4564	858
4565	1913
4566	458
4567	161
4568	1113
4569	198
4570	1314
4571	1922
4572	1941
4573	231
4574	191
4575	956
4576	1306
4577	1836
4578	871
4579	1107
4580	2211
4581	2081
4582	897
4583	1022
4584	1063
4585	1762
4586	1617
4587	1932
4588	2485
4589	2475
4590	908
4591	334
4592	2156
4593	2500
4594	1625
4595	2391
4596	683
4597	939
4598	2104
4599	1041
4600	830
4601	126
4602	32
4603	1491
4604	1112
4605	1168
4606	1434
4607	44
4608	1196
4609	22
4610	1508
4611	1311
4612	1353
4613	1042
4614	692
4615	275
4616	1072
4617	1494
4618	14
4619	824
4620	539
4621	1031
4622	2175
4623	724
4624	1612
4625	1566
4626	98
4627	1437
4628	1944
4629	1434
4630	453
4631	1684
4632	2407
4633	2069
4634	58
4635	198
4636	2235
4637	43
4638	452
4639	2467
4640	2184
4641	946
4642	2342
4643	1395
4644	2421
4645	1552
4646	2404
4647	1129
4648	2476
4649	73
4650	1057
4651	1514
4652	286
4653	2131
4654	845
4655	1404
4656	56
4657	1977
4658	2234
4659	2442
4660	2353
4661	1721
4662	244
4663	2097
4664	665
4665	2348
4666	101
4667	2375
4668	2158
4669	2068
4670	1727
4671	496
4672	2362
4673	1577
4674	678
4675	1044
4676	129
4677	334
4678	2297
4679	2071
4680	750
4681	1208
4682	428
4683	552
4684	1234
4685	368
4686	56
4687	1660
4688	156
4689	1314
4690	999
4691	2438
4692	1516
4693	2441
4694	1711
4695	2269
4696	570
4697	1491
4698	1957
4699	119
4700	1307
4701	1139
4702	152
4703	936
4704	1373
4705	2296
4706	2140
4707	1704
4708	989
4709	1290
4710	347
4711	2399
4712	1723
4713	530
4714	518
4715	2173
4716	244
4717	1560
4718	1932
4719	564
4720	1598
4721	1168
4722	1759
4723	1597
4724	372
4725	1129
4726	672
4727	1122
4728	144
4729	1267
4730	1015
4731	1715
4732	461
4733	683
4734	2325
4735	603
4736	1582
4737	1043
4738	1922
4739	1221
4740	785
4741	1736
4742	2335
4743	2331
4744	2309
4745	2384
4746	2303
4747	703
4748	1625
4749	2347
4750	2319
4751	379
4752	574
4753	639
4754	2015
4755	187
4756	1010
4757	1290
4758	680
4759	2166
4760	602
4761	1357
4762	1991
4763	1136
4764	1321
4765	764
4766	1208
4767	1247
4768	1308
4769	630
4770	637
4771	1498
4772	1315
4773	145
4774	216
4775	1469
4776	1843
4777	744
4778	2305
4779	1306
4780	1559
4781	1488
4782	718
4783	710
4784	2370
4785	1559
4786	1250
4787	216
4788	2460
4789	966
4790	155
4791	1735
4792	155
4793	390
4794	140
4795	1488
4796	1106
4797	2075
4798	2313
4799	486
4800	2352
4801	1514
4802	1373
4803	2059
4804	173
4805	545
4806	2496
4807	368
4808	781
4809	1260
4810	199
4811	1394
4812	186
4813	108
4814	643
4815	710
4816	109
4817	803
4818	1188
4819	588
4820	919
4821	2255
4822	674
4823	571
4824	2230
4825	1420
4826	186
4827	2356
4828	2284
4829	113
4830	1451
4831	428
4832	2407
4833	461
4834	954
4835	345
4836	2361
4837	2156
4838	888
4839	2254
4840	1308
4841	1683
4842	98
4843	1321
4844	602
4845	1435
4846	1805
4847	278
4848	2086
4849	1291
4850	2289
4851	2281
4852	51
4853	789
4854	1580
4855	521
4856	38
4857	1565
4858	1454
4859	2098
4860	1803
4861	1989
4862	1230
4863	1666
4864	1971
4865	836
4866	2423
4867	720
4868	1851
4869	1774
4870	2187
4871	2000
4872	2106
4873	75
4874	665
4875	711
4876	2088
4877	588
4878	2408
4879	718
4880	645
4881	471
4882	1704
4883	325
4884	331
4885	1181
4886	2438
4887	1029
4888	2244
4889	2153
4890	2140
4891	1985
4892	2009
4893	2345
4894	517
4895	2203
4896	2300
4897	1243
4898	2143
4899	1136
4900	2375
4901	527
4902	1981
4903	62
4904	1256
4905	690
4906	781
4907	288
4908	1307
4909	2118
4910	2283
4911	2217
4912	1924
4913	2445
4914	1151
4915	1839
4916	73
4917	619
4918	1626
4919	215
4920	199
4921	1776
4922	1519
4923	1727
4924	331
4925	1328
4926	661
4927	2075
4928	1272
4929	2173
4930	517
4931	252
4932	505
4933	2319
4934	289
4935	1451
4936	742
4937	534
4938	115
4939	363
4940	1322
4941	521
4942	1006
4943	2283
4944	868
4945	433
4946	75
4947	1272
4948	2055
4949	2071
4950	2339
4951	2304
4952	1469
4953	2187
4954	2465
4955	1256
4956	764
4957	1852
4958	1227
4959	2107
4960	1147
4961	534
4962	1124
4963	53
4964	2325
4965	1915
4966	2444
4967	661
4968	53
4969	1247
4970	1499
4971	2338
4972	2399
4973	1837
4974	1991
4975	673
4976	783
4977	2444
4978	1071
4979	1436
4980	2452
4981	1675
4982	389
4983	970
4984	518
4985	946
4986	1823
4987	1857
4988	256
4989	1536
4990	673
4991	1787
4992	1851
4993	1260
4994	1969
4995	248
4996	343
4997	1969
4998	343
4999	2032
5000	664
