Class Times	10
Rooms	1000
1	545
2	108
3	875
4	346
5	149
6	214
7	462
8	975
9	467
10	64
11	695
12	338
13	306
14	56
15	888
16	675
17	737
18	287
19	545
20	580
21	954
22	757
23	443
24	564
25	531
26	967
27	85
28	711
29	293
30	719
31	80
32	830
33	94
34	808
35	645
36	905
37	953
38	562
39	619
40	325
41	154
42	464
43	780
44	265
45	337
46	481
47	249
48	492
49	705
50	400
51	696
52	580
53	171
54	600
55	307
56	346
57	220
58	50
59	483
60	539
61	859
62	118
63	986
64	408
65	348
66	976
67	485
68	857
69	760
70	182
71	155
72	619
73	803
74	845
75	615
76	403
77	720
78	606
79	568
80	940
81	612
82	54
83	268
84	840
85	249
86	166
87	219
88	375
89	418
90	779
91	180
92	932
93	257
94	901
95	313
96	995
97	123
98	888
99	875
100	154
101	255
102	387
103	475
104	751
105	98
106	140
107	231
108	879
109	337
110	643
111	935
112	447
113	775
114	871
115	189
116	328
117	971
118	925
119	544
120	787
121	243
122	905
123	217
124	513
125	987
126	727
127	211
128	132
129	643
130	197
131	580
132	993
133	446
134	268
135	662
136	734
137	164
138	388
139	403
140	165
141	467
142	833
143	526
144	645
145	985
146	749
147	506
148	130
149	165
150	470
151	167
152	174
153	645
154	788
155	29
156	826
157	843
158	216
159	424
160	432
161	532
162	60
163	193
164	893
165	792
166	981
167	982
168	490
169	154
170	981
171	969
172	569
173	596
174	343
175	50
176	876
177	997
178	325
179	62
180	86
181	972
182	666
183	983
184	675
185	344
186	566
187	117
188	588
189	650
190	341
191	37
192	533
193	461
194	190
195	531
196	923
197	384
198	64
199	68
200	466
201	120
202	845
203	546
204	261
205	874
206	191
207	459
208	574
209	63
210	653
211	168
212	896
213	626
214	152
215	368
216	287
217	328
218	536
219	429
220	476
221	74
222	124
223	701
224	134
225	151
226	256
227	335
228	831
229	687
230	61
231	132
232	612
233	820
234	128
235	143
236	69
237	808
238	793
239	412
240	145
241	931
242	509
243	913
244	327
245	855
246	395
247	851
248	615
249	578
250	305
251	909
252	166
253	815
254	89
255	933
256	798
257	97
258	160
259	709
260	407
261	456
262	253
263	915
264	204
265	945
266	900
267	259
268	777
269	645
270	565
271	903
272	822
273	12
274	766
275	488
276	841
277	785
278	51
279	826
280	864
281	394
282	180
283	719
284	969
285	847
286	97
287	802
288	41
289	587
290	692
291	943
292	625
293	118
294	708
295	664
296	975
297	175
298	430
299	884
300	334
301	974
302	30
303	720
304	47
305	821
306	468
307	994
308	420
309	568
310	908
311	486
312	342
313	850
314	318
315	616
316	705
317	996
318	953
319	662
320	990
321	492
322	114
323	78
324	124
325	316
326	330
327	698
328	201
329	658
330	313
331	923
332	383
333	56
334	65
335	63
336	680
337	713
338	963
339	447
340	759
341	395
342	150
343	685
344	66
345	953
346	146
347	55
348	128
349	576
350	383
351	368
352	479
353	285
354	17
355	750
356	383
357	28
358	301
359	182
360	954
361	455
362	250
363	527
364	813
365	275
366	688
367	926
368	875
369	907
370	750
371	172
372	640
373	323
374	141
375	181
376	12
377	879
378	493
379	404
380	587
381	415
382	719
383	460
384	635
385	872
386	176
387	959
388	286
389	704
390	527
391	420
392	434
393	248
394	745
395	864
396	666
397	436
398	921
399	794
400	762
401	680
402	359
403	370
404	725
405	442
406	578
407	664
408	424
409	893
410	41
411	911
412	373
413	887
414	59
415	862
416	879
417	708
418	707
419	982
420	380
421	100
422	490
423	341
424	416
425	45
426	361
427	856
428	930
429	146
430	194
431	924
432	687
433	995
434	922
435	189
436	467
437	864
438	233
439	265
440	739
441	415
442	437
443	783
444	126
445	395
446	78
447	563
448	542
449	607
450	145
451	192
452	479
453	47
454	31
455	530
456	719
457	236
458	898
459	273
460	809
461	937
462	801
463	13
464	416
465	219
466	890
467	816
468	500
469	67
470	874
471	786
472	597
473	690
474	774
475	946
476	982
477	739
478	294
479	739
480	720
481	896
482	827
483	109
484	34
485	934
486	581
487	424
488	943
489	559
490	200
491	774
492	832
493	665
494	37
495	480
496	777
497	263
498	307
499	205
500	107
501	997
502	972
503	444
504	440
505	683
506	732
507	35
508	892
509	73
510	68
511	949
512	892
513	321
514	294
515	336
516	753
517	237
518	389
519	80
520	71
521	456
522	807
523	440
524	436
525	489
526	210
527	131
528	344
529	860
530	255
531	725
532	182
533	657
534	493
535	336
536	245
537	520
538	11
539	960
540	510
541	664
542	922
543	751
544	721
545	177
546	890
547	716
548	109
549	531
550	84
551	87
552	375
553	307
554	297
555	114
556	398
557	169
558	415
559	396
560	487
561	293
562	948
563	520
564	271
565	330
566	428
567	376
568	809
569	149
570	492
571	808
572	328
573	278
574	751
575	328
576	580
577	277
578	431
579	336
580	967
581	756
582	266
583	82
584	284
585	85
586	439
587	262
588	732
589	15
590	243
591	941
592	514
593	105
594	939
595	766
596	114
597	290
598	544
599	48
600	199
601	595
602	730
603	230
604	441
605	347
606	233
607	597
608	324
609	151
610	78
611	781
612	204
613	926
614	515
615	372
616	463
617	882
618	16
619	730
620	475
621	58
622	97
623	952
624	196
625	426
626	914
627	596
628	230
629	276
630	774
631	501
632	680
633	424
634	102
635	129
636	475
637	733
638	140
639	345
640	755
641	996
642	209
643	285
644	389
645	983
646	333
647	188
648	837
649	883
650	524
651	922
652	849
653	923
654	583
655	655
656	298
657	265
658	680
659	991
660	52
661	310
662	831
663	579
664	900
665	758
666	236
667	996
668	171
669	391
670	953
671	771
672	364
673	971
674	629
675	56
676	457
677	222
678	515
679	14
680	920
681	140
682	486
683	897
684	410
685	940
686	478
687	596
688	594
689	298
690	735
691	301
692	75
693	348
694	499
695	135
696	537
697	535
698	258
699	449
700	116
701	463
702	302
703	122
704	694
705	160
706	659
707	507
708	519
709	764
710	500
711	569
712	990
713	794
714	661
715	907
716	510
717	884
718	712
719	167
720	841
721	726
722	11
723	713
724	553
725	262
726	110
727	239
728	98
729	327
730	208
731	334
732	171
733	392
734	632
735	691
736	60
737	849
738	589
739	753
740	530
741	706
742	130
743	903
744	639
745	262
746	847
747	857
748	767
749	18
750	981
751	822
752	224
753	638
754	173
755	408
756	251
757	650
758	729
759	778
760	324
761	360
762	255
763	157
764	33
765	442
766	839
767	951
768	845
769	652
770	42
771	880
772	222
773	234
774	350
775	77
776	135
777	650
778	639
779	195
780	877
781	743
782	391
783	625
784	747
785	360
786	150
787	619
788	660
789	10
790	550
791	889
792	691
793	163
794	162
795	86
796	441
797	208
798	99
799	54
800	185
801	749
802	673
803	553
804	809
805	382
806	389
807	931
808	157
809	243
810	694
811	688
812	364
813	596
814	644
815	407
816	198
817	361
818	196
819	370
820	356
821	655
822	904
823	744
824	491
825	343
826	488
827	170
828	599
829	543
830	535
831	340
832	189
833	34
834	831
835	402
836	38
837	888
838	824
839	598
840	383
841	241
842	33
843	721
844	711
845	783
846	375
847	269
848	921
849	180
850	144
851	171
852	777
853	119
854	565
855	228
856	998
857	39
858	78
859	222
860	195
861	507
862	282
863	428
864	545
865	429
866	487
867	722
868	895
869	601
870	150
871	939
872	403
873	491
874	777
875	402
876	475
877	61
878	944
879	776
880	257
881	832
882	251
883	312
884	156
885	201
886	645
887	942
888	303
889	473
890	247
891	875
892	602
893	692
894	245
895	175
896	769
897	76
898	116
899	980
900	787
901	946
902	203
903	760
904	484
905	572
906	15
907	166
908	707
909	220
910	411
911	419
912	748
913	308
914	207
915	214
916	849
917	510
918	765
919	165
920	129
921	214
922	296
923	351
924	779
925	579
926	269
927	176
928	677
929	667
930	931
931	603
932	314
933	63
934	138
935	37
936	700
937	759
938	983
939	291
940	382
941	873
942	945
943	744
944	24
945	479
946	730
947	286
948	862
949	746
950	870
951	994
952	365
953	497
954	714
955	312
956	276
957	295
958	86
959	270
960	594
961	682
962	55
963	558
964	445
965	881
966	249
967	779
968	891
969	424
970	480
971	838
972	156
973	890
974	455
975	825
976	463
977	157
978	350
979	876
980	760
981	345
982	250
983	592
984	630
985	284
986	679
987	506
988	899
989	359
990	567
991	502
992	790
993	777
994	915
995	285
996	467
997	965
998	289
999	80
1000	981
Classes	7000
Teachers	3500
1	981
2	1912
3	1828
4	302
5	82
6	2171
7	1350
8	1749
9	1909
10	2563
11	2697
12	2449
13	3233
14	757
15	1930
16	1531
17	1312
18	960
19	1787
20	2170
21	3077
22	2931
23	295
24	2240
25	43
26	2608
27	1263
28	601
29	905
30	2439
31	2169
32	490
33	313
34	1270
35	3442
36	2715
37	1042
38	516
39	720
40	2771
41	2933
42	859
43	2457
44	3457
45	481
46	258
47	1136
48	1683
49	908
50	11
51	630
52	81
53	2511
54	2305
55	3017
56	3449
57	1183
58	878
59	1903
60	3102
61	1831
62	1085
63	1688
64	998
65	643
66	1736
67	50
68	1212
69	1981
70	1623
71	873
72	3094
73	715
74	154
75	1594
76	2252
77	917
78	2247
79	3087
80	1719
81	58
82	48
83	861
84	9
85	234
86	2245
87	2547
88	834
89	2895
90	999
91	1845
92	2547
93	2885
94	3329
95	1403
96	1571
97	1547
98	807
99	704
100	3174
101	2755
102	1944
103	138
104	3059
105	3135
106	1256
107	18
108	1836
109	656
110	258
111	1061
112	753
113	3259
114	2132
115	2183
116	300
117	141
118	2775
119	1984
120	2461
121	710
122	3007
123	238
124	2429
125	2100
126	1820
127	830
128	1670
129	479
130	1331
131	1721
132	3122
133	1776
134	1200
135	2675
136	1841
137	2895
138	1339
139	709
140	1667
141	742
142	1131
143	2472
144	3425
145	779
146	1740
147	3070
148	3223
149	2409
150	3020
151	590
152	2164
153	429
154	112
155	3093
156	58
157	2852
158	3486
159	94
160	2042
161	626
162	363
163	655
164	2863
165	172
166	445
167	2190
168	1270
169	652
170	1021
171	1812
172	64
173	608
174	2841
175	165
176	1225
177	1492
178	1040
179	1264
180	1488
181	3421
182	38
183	2206
184	1487
185	2572
186	661
187	2993
188	1053
189	2430
190	3104
191	510
192	872
193	899
194	788
195	3018
196	3318
197	3175
198	2107
199	3236
200	810
201	1969
202	3137
203	1153
204	233
205	1444
206	2751
207	972
208	1406
209	3206
210	2798
211	1896
212	330
213	804
214	1018
215	2619
216	2634
217	20
218	664
219	107
220	3339
221	1893
222	2171
223	315
224	3392
225	1299
226	1962
227	2482
228	1292
229	2979
230	3273
231	1347
232	2942
233	333
234	1466
235	937
236	661
237	234
238	3034
239	1305
240	240
241	259
242	1687
243	3468
244	3397
245	1797
246	1574
247	3151
248	2215
249	1098
250	3156
251	3258
252	1388
253	468
254	1313
255	1295
256	1223
257	918
258	2610
259	2830
260	3424
261	825
262	1444
263	755
264	2694
265	496
266	3162
267	373
268	3147
269	700
270	1014
271	2504
272	367
273	2114
274	2718
275	1956
276	2703
277	1738
278	1907
279	3194
280	1514
281	2851
282	2132
283	2293
284	1955
285	731
286	2997
287	55
288	171
289	822
290	242
291	3077
292	59
293	528
294	1439
295	1591
296	3376
297	2629
298	2476
299	1689
300	911
301	1181
302	1219
303	484
304	1712
305	2072
306	766
307	2387
308	890
309	3069
310	1465
311	38
312	272
313	2805
314	1002
315	572
316	1830
317	1783
318	689
319	242
320	3061
321	2829
322	2231
323	2409
324	3423
325	1319
326	2766
327	2238
328	3284
329	3105
330	1795
331	3008
332	1302
333	1617
334	2058
335	1129
336	330
337	2067
338	322
339	1039
340	1865
341	2587
342	708
343	2093
344	1710
345	2949
346	349
347	1029
348	3490
349	2368
350	1597
351	3131
352	564
353	2002
354	1289
355	885
356	2304
357	2698
358	955
359	2831
360	2719
361	191
362	326
363	3433
364	3357
365	2102
366	1754
367	299
368	3196
369	2509
370	503
371	830
372	3406
373	1690
374	120
375	3146
376	3233
377	53
378	244
379	2612
380	1558
381	685
382	198
383	3417
384	1657
385	499
386	1320
387	966
388	1724
389	1330
390	3134
391	301
392	974
393	2583
394	842
395	922
396	701
397	632
398	2612
399	1670
400	1610
401	1691
402	207
403	3207
404	2760
405	1398
406	1720
407	3207
408	675
409	1572
410	626
411	2331
412	1335
413	3286
414	3285
415	236
416	3476
417	1140
418	2276
419	1245
420	2297
421	2082
422	225
423	374
424	317
425	759
426	408
427	1945
428	2859
429	1115
430	967
431	2155
432	2818
433	1774
434	2775
435	3397
436	1408
437	3216
438	941
439	3494
440	2633
441	1482
442	99
443	3404
444	2777
445	2783
446	3159
447	3495
448	1060
449	446
450	3259
451	408
452	2428
453	1920
454	1287
455	3492
456	861
457	3324
458	496
459	2423
460	2479
461	1422
462	2546
463	897
464	2806
465	1030
466	2970
467	1889
468	2189
469	2135
470	658
471	1929
472	863
473	231
474	2485
475	2044
476	2650
477	2548
478	1945
479	3453
480	1590
481	2243
482	1375
483	1588
484	2480
485	1896
486	783
487	3035
488	2740
489	975
490	2882
491	2453
492	2604
493	1013
494	2391
495	1133
496	3183
497	218
498	976
499	2059
500	1505
501	1136
502	3381
503	1195
504	706
505	1126
506	230
507	1527
508	676
509	620
510	363
511	3085
512	2301
513	2061
514	1828
515	1146
516	1629
517	954
518	894
519	2961
520	2706
521	2697
522	366
523	270
524	1690
525	2680
526	3453
527	951
528	3354
529	2085
530	1951
531	1781
532	1465
533	1885
534	3340
535	2238
536	1797
537	3033
538	99
539	285
540	426
541	3487
542	1515
543	3316
544	872
545	85
546	2564
547	2403
548	1776
549	3282
550	2410
551	852
552	1893
553	268
554	1550
555	36
556	1956
557	1551
558	748
559	3456
560	3418
561	2232
562	651
563	3416
564	1440
565	752
566	1571
567	3026
568	506
569	2183
570	2111
571	2582
572	398
573	1961
574	3391
575	890
576	3249
577	1133
578	2211
579	824
580	3098
581	2063
582	250
583	1590
584	2471
585	2523
586	600
587	3028
588	2857
589	1831
590	700
591	1770
592	93
593	2786
594	444
595	1836
596	1969
597	2200
598	2153
599	2677
600	542
601	439
602	1931
603	3487
604	3237
605	2329
606	42
607	888
608	3039
609	3309
610	2252
611	3071
612	1087
613	2326
614	5
615	1130
616	582
617	1267
618	1938
619	2395
620	522
621	1244
622	1712
623	453
624	2681
625	1385
626	3402
627	2510
628	470
629	2049
630	3291
631	2247
632	2606
633	3184
634	3033
635	2878
636	2187
637	3269
638	524
639	2626
640	2110
641	800
642	1701
643	1533
644	1955
645	2762
646	1260
647	2738
648	628
649	1895
650	3020
651	238
652	2055
653	2499
654	2813
655	710
656	3274
657	1036
658	571
659	1499
660	1325
661	20
662	2034
663	1825
664	1917
665	2392
666	2786
667	763
668	259
669	2554
670	2754
671	2590
672	2351
673	3484
674	452
675	3082
676	2025
677	1878
678	915
679	2465
680	3295
681	1219
682	2550
683	3244
684	3306
685	1385
686	2601
687	2004
688	3140
689	395
690	1153
691	156
692	2375
693	1162
694	405
695	2822
696	1287
697	172
698	808
699	2979
700	2343
701	2526
702	3076
703	1408
704	2278
705	2804
706	3339
707	2768
708	3270
709	473
710	2879
711	1010
712	2807
713	1054
714	2348
715	2002
716	1362
717	2047
718	1850
719	1785
720	1832
721	606
722	487
723	317
724	596
725	2388
726	1248
727	2146
728	1842
729	2398
730	982
731	953
732	3010
733	2350
734	501
735	323
736	863
737	1655
738	875
739	2910
740	2187
741	2206
742	1741
743	602
744	1877
745	1155
746	3366
747	2645
748	2092
749	759
750	1443
751	2260
752	343
753	2558
754	2914
755	2312
756	211
757	776
758	3103
759	3414
760	3421
761	1316
762	3197
763	94
764	381
765	2924
766	1381
767	1249
768	1381
769	3482
770	2424
771	2570
772	1825
773	3466
774	1156
775	3496
776	1924
777	2884
778	2061
779	806
780	1718
781	1200
782	14
783	1540
784	2871
785	2379
786	1959
787	501
788	2576
789	1665
790	1326
791	1126
792	3254
793	1057
794	1082
795	476
796	887
797	2345
798	1730
799	2357
800	934
801	2439
802	1040
803	2240
804	603
805	1548
806	1526
807	1786
808	1873
809	418
810	2169
811	1683
812	752
813	2939
814	2224
815	396
816	954
817	3019
818	61
819	2686
820	643
821	3394
822	1237
823	42
824	1933
825	2509
826	2876
827	2442
828	805
829	536
830	1405
831	405
832	2159
833	1661
834	2201
835	1723
836	1076
837	1597
838	1358
839	2669
840	3217
841	1873
842	3261
843	170
844	338
845	1885
846	2442
847	1192
848	2978
849	2438
850	3439
851	1275
852	1814
853	1059
854	2616
855	2446
856	1843
857	1103
858	2754
859	2299
860	2016
861	75
862	2702
863	2838
864	2998
865	1366
866	3025
867	71
868	276
869	2758
870	1076
871	1361
872	2543
873	2604
874	2550
875	974
876	1378
877	1577
878	1684
879	2773
880	2626
881	3051
882	1458
883	2607
884	2411
885	709
886	2200
887	2950
888	3494
889	1415
890	2122
891	2618
892	1812
893	1230
894	3148
895	1994
896	3053
897	1414
898	1278
899	2765
900	1043
901	371
902	1439
903	1224
904	932
905	1612
906	2973
907	2085
908	1012
909	2154
910	1542
911	1075
912	1984
913	2990
914	2153
915	2884
916	3075
917	1178
918	1115
919	867
920	2062
921	1106
922	1539
923	2823
924	3125
925	1671
926	2393
927	263
928	1297
929	1132
930	3382
931	2184
932	2830
933	564
934	2245
935	1483
936	2090
937	1599
938	3449
939	1890
940	895
941	404
942	3378
943	662
944	3382
945	1469
946	542
947	1591
948	3313
949	3255
950	2702
951	112
952	3415
953	3305
954	2921
955	1534
956	128
957	587
958	2865
959	2106
960	1632
961	3364
962	1733
963	2087
964	3438
965	3223
966	2360
967	627
968	2605
969	276
970	3005
971	1701
972	523
973	2500
974	1921
975	2369
976	935
977	2268
978	1826
979	205
980	2769
981	61
982	1686
983	1572
984	2365
985	1435
986	1129
987	2205
988	1816
989	6
990	3249
991	565
992	1515
993	71
994	409
995	2438
996	232
997	2126
998	183
999	1552
1000	1863
1001	3337
1002	1792
1003	3383
1004	1464
1005	3291
1006	952
1007	2841
1008	934
1009	3007
1010	725
1011	2608
1012	1139
1013	1144
1014	2230
1015	1139
1016	1272
1017	1994
1018	3177
1019	1297
1020	1658
1021	2603
1022	176
1023	1217
1024	2467
1025	2059
1026	2534
1027	3492
1028	1810
1029	1417
1030	158
1031	1913
1032	2940
1033	3104
1034	2531
1035	2745
1036	1013
1037	1409
1038	1012
1039	3470
1040	1462
1041	3457
1042	2809
1043	1962
1044	3032
1045	1913
1046	2083
1047	789
1048	1262
1049	2250
1050	362
1051	1123
1052	903
1053	1677
1054	891
1055	1363
1056	2400
1057	1089
1058	1305
1059	1460
1060	574
1061	311
1062	1660
1063	642
1064	2730
1065	1258
1066	1474
1067	876
1068	1075
1069	1265
1070	2274
1071	2054
1072	2846
1073	3347
1074	152
1075	1293
1076	107
1077	1177
1078	2774
1079	3237
1080	1637
1081	1125
1082	1409
1083	2920
1084	3065
1085	1143
1086	1625
1087	2251
1088	2728
1089	1903
1090	2961
1091	2393
1092	1850
1093	528
1094	1787
1095	839
1096	506
1097	742
1098	2989
1099	2785
1100	310
1101	2084
1102	33
1103	601
1104	524
1105	665
1106	577
1107	3412
1108	1810
1109	609
1110	1746
1111	1563
1112	237
1113	2597
1114	224
1115	1319
1116	3103
1117	1277
1118	3478
1119	2424
1120	3190
1121	3435
1122	2329
1123	986
1124	3042
1125	3111
1126	2664
1127	2278
1128	1365
1129	2296
1130	3160
1131	967
1132	2868
1133	1199
1134	1197
1135	2044
1136	2963
1137	1682
1138	1892
1139	466
1140	951
1141	3472
1142	734
1143	2412
1144	2444
1145	2382
1146	2924
1147	240
1148	633
1149	1889
1150	3192
1151	2088
1152	2466
1153	2567
1154	2058
1155	842
1156	3006
1157	2293
1158	1964
1159	2181
1160	1202
1161	3155
1162	2972
1163	2464
1164	3195
1165	660
1166	1550
1167	1269
1168	88
1169	1718
1170	1505
1171	3094
1172	3485
1173	2355
1174	2588
1175	3474
1176	2916
1177	510
1178	1370
1179	2266
1180	384
1181	1017
1182	3218
1183	589
1184	1306
1185	674
1186	481
1187	1935
1188	1348
1189	1282
1190	134
1191	503
1192	631
1193	2436
1194	2039
1195	227
1196	2235
1197	1940
1198	2869
1199	558
1200	3425
1201	2963
1202	3500
1203	786
1204	2469
1205	3217
1206	2947
1207	2572
1208	2290
1209	1235
1210	1202
1211	2154
1212	1938
1213	3353
1214	3292
1215	1606
1216	2645
1217	1401
1218	138
1219	922
1220	2842
1221	2325
1222	639
1223	1578
1224	979
1225	930
1226	3258
1227	1416
1228	127
1229	2008
1230	2613
1231	514
1232	297
1233	3500
1234	105
1235	1350
1236	2011
1237	348
1238	1827
1239	1737
1240	3469
1241	1626
1242	843
1243	2706
1244	1284
1245	2057
1246	25
1247	1764
1248	2055
1249	3048
1250	1310
1251	1489
1252	2262
1253	52
1254	3079
1255	3032
1256	204
1257	1906
1258	2210
1259	2897
1260	3030
1261	620
1262	576
1263	3430
1264	2730
1265	311
1266	2447
1267	891
1268	1706
1269	584
1270	333
1271	502
1272	2147
1273	1738
1274	1364
1275	399
1276	1342
1277	2551
1278	1083
1279	245
1280	793
1281	1437
1282	3444
1283	1558
1284	978
1285	718
1286	781
1287	1369
1288	2836
1289	2792
1290	2685
1291	1827
1292	1220
1293	3068
1294	1030
1295	2141
1296	3308
1297	2339
1298	2796
1299	740
1300	1932
1301	3257
1302	3107
1303	3250
1304	2787
1305	763
1306	1891
1307	3290
1308	2063
1309	1429
1310	78
1311	3369
1312	2662
1313	3165
1314	1631
1315	1240
1316	2280
1317	3147
1318	769
1319	1610
1320	459
1321	916
1322	2455
1323	833
1324	818
1325	3011
1326	2385
1327	3463
1328	1289
1329	1092
1330	1820
1331	270
1332	52
1333	2574
1334	1119
1335	2020
1336	3054
1337	2899
1338	2305
1339	200
1340	2771
1341	1735
1342	1258
1343	273
1344	1527
1345	798
1346	1594
1347	1676
1348	1174
1349	409
1350	518
1351	3081
1352	1358
1353	3309
1354	577
1355	2823
1356	1607
1357	1165
1358	1919
1359	2788
1360	2005
1361	1784
1362	1329
1363	1801
1364	1019
1365	1464
1366	3056
1367	3197
1368	2338
1369	357
1370	1555
1371	2081
1372	697
1373	2542
1374	1751
1375	487
1376	867
1377	1480
1378	3455
1379	2864
1380	2013
1381	2300
1382	605
1383	1215
1384	208
1385	3086
1386	2784
1387	89
1388	1804
1389	3099
1390	728
1391	2577
1392	1908
1393	2079
1394	837
1395	438
1396	148
1397	2906
1398	221
1399	387
1400	610
1401	1172
1402	1534
1403	2467
1404	2363
1405	290
1406	2375
1407	2374
1408	2863
1409	1311
1410	2632
1411	466
1412	1921
1413	2489
1414	695
1415	1813
1416	2201
1417	2030
1418	2611
1419	544
1420	3490
1421	1916
1422	1935
1423	1818
1424	2321
1425	3239
1426	3255
1427	435
1428	1752
1429	223
1430	2068
1431	1221
1432	2127
1433	2882
1434	1455
1435	2292
1436	3056
1437	550
1438	1985
1439	703
1440	2109
1441	66
1442	648
1443	196
1444	3036
1445	69
1446	3162
1447	1452
1448	558
1449	168
1450	302
1451	365
1452	2004
1453	1565
1454	3265
1455	2311
1456	37
1457	2493
1458	2017
1459	1298
1460	674
1461	1418
1462	2400
1463	2254
1464	1789
1465	3399
1466	458
1467	2851
1468	2871
1469	2864
1470	2045
1471	691
1472	2361
1473	2928
1474	682
1475	2005
1476	2614
1477	2609
1478	3374
1479	2908
1480	2654
1481	1380
1482	1743
1483	845
1484	2818
1485	3493
1486	480
1487	10
1488	2980
1489	168
1490	977
1491	3121
1492	1268
1493	2029
1494	63
1495	443
1496	2888
1497	540
1498	473
1499	1611
1500	433
1501	685
1502	64
1503	2069
1504	1755
1505	2944
1506	225
1507	3252
1508	2967
1509	2387
1510	3173
1511	2673
1512	815
1513	1878
1514	751
1515	3480
1516	2561
1517	497
1518	2075
1519	1342
1520	1337
1521	313
1522	356
1523	3193
1524	2933
1525	2865
1526	1160
1527	2989
1528	2701
1529	443
1530	773
1531	1595
1532	2839
1533	2683
1534	209
1535	1770
1536	1082
1537	2930
1538	784
1539	1093
1540	2250
1541	51
1542	2429
1543	2561
1544	3446
1545	278
1546	2529
1547	3202
1548	2356
1549	232
1550	873
1551	1095
1552	1585
1553	1411
1554	1717
1555	431
1556	1
1557	556
1558	3177
1559	1293
1560	2687
1561	2340
1562	1514
1563	616
1564	1169
1565	2731
1566	1482
1567	986
1568	2589
1569	3251
1570	2270
1571	1600
1572	53
1573	381
1574	2513
1575	3173
1576	1374
1577	2195
1578	2555
1579	3486
1580	81
1581	155
1582	2453
1583	2114
1584	994
1585	999
1586	3132
1587	2753
1588	119
1589	132
1590	544
1591	2553
1592	2072
1593	3289
1594	2778
1595	1240
1596	1428
1597	2740
1598	1032
1599	121
1600	1860
1601	2603
1602	3132
1603	541
1604	2041
1605	2537
1606	1263
1607	2686
1608	963
1609	2521
1610	1066
1611	1717
1612	3050
1613	1633
1614	2384
1615	3156
1616	1709
1617	1703
1618	960
1619	2718
1620	356
1621	2657
1622	926
1623	1975
1624	686
1625	2096
1626	3489
1627	3322
1628	3285
1629	1055
1630	1285
1631	3314
1632	1546
1633	3477
1634	131
1635	858
1636	479
1637	1175
1638	2647
1639	437
1640	1788
1641	3275
1642	1466
1643	682
1644	2660
1645	339
1646	1616
1647	1050
1648	3330
1649	287
1650	113
1651	307
1652	1058
1653	2399
1654	2023
1655	1068
1656	2324
1657	3012
1658	721
1659	981
1660	725
1661	308
1662	3071
1663	3046
1664	3239
1665	334
1666	1236
1667	3119
1668	1386
1669	2236
1670	375
1671	3150
1672	1083
1673	23
1674	1875
1675	3343
1676	2726
1677	462
1678	3250
1679	2496
1680	2519
1681	3398
1682	2317
1683	2995
1684	3349
1685	1286
1686	1281
1687	210
1688	1635
1689	729
1690	1521
1691	1755
1692	2507
1693	1339
1694	3450
1695	1068
1696	665
1697	738
1698	1634
1699	3367
1700	1110
1701	3050
1702	819
1703	12
1704	2846
1705	2208
1706	1210
1707	361
1708	3268
1709	2275
1710	2236
1711	1739
1712	1980
1713	972
1714	174
1715	985
1716	2337
1717	447
1718	820
1719	598
1720	921
1721	3485
1722	1349
1723	1494
1724	2416
1725	3205
1726	1990
1727	2528
1728	3081
1729	1853
1730	3155
1731	594
1732	2581
1733	2939
1734	252
1735	181
1736	2330
1737	3296
1738	673
1739	3145
1740	88
1741	895
1742	3211
1743	252
1744	214
1745	2028
1746	591
1747	3004
1748	2921
1749	1470
1750	1510
1751	2901
1752	2159
1753	1156
1754	617
1755	1347
1756	3009
1757	209
1758	562
1759	1447
1760	2144
1761	2728
1762	2193
1763	1069
1764	3328
1765	2595
1766	1197
1767	3117
1768	1781
1769	1596
1770	594
1771	2592
1772	3376
1773	1331
1774	605
1775	811
1776	2432
1777	31
1778	3076
1779	2046
1780	1143
1781	468
1782	3463
1783	2875
1784	546
1785	322
1786	475
1787	3001
1788	1518
1789	1617
1790	1074
1791	1328
1792	1346
1793	435
1794	2030
1795	2559
1796	2610
1797	489
1798	1405
1799	1191
1800	309
1801	141
1802	733
1803	2649
1804	1583
1805	2873
1806	1442
1807	789
1808	3410
1809	715
1810	44
1811	1438
1812	1298
1813	560
1814	953
1815	199
1816	592
1817	1019
1818	2736
1819	489
1820	3105
1821	2904
1822	2592
1823	3481
1824	2957
1825	1577
1826	3464
1827	1682
1828	278
1829	1813
1830	749
1831	1581
1832	2883
1833	3180
1834	851
1835	3038
1836	2931
1837	1618
1838	3439
1839	823
1840	906
1841	2929
1842	2709
1843	555
1844	1887
1845	230
1846	1190
1847	3372
1848	211
1849	1980
1850	1014
1851	2824
1852	1318
1853	2465
1854	888
1855	1417
1856	3301
1857	2143
1858	3145
1859	2366
1860	3354
1861	1814
1862	1067
1863	948
1864	3061
1865	1127
1866	51
1867	734
1868	1275
1869	2549
1870	1190
1871	1073
1872	3098
1873	2614
1874	698
1875	1823
1876	3178
1877	260
1878	3235
1879	2186
1880	2268
1881	689
1882	3437
1883	2742
1884	1392
1885	1949
1886	2108
1887	994
1888	485
1889	1685
1890	526
1891	3182
1892	1061
1893	2723
1894	2945
1895	2720
1896	3456
1897	3137
1898	3235
1899	1117
1900	491
1901	2323
1902	2684
1903	2087
1904	1473
1905	1109
1906	2454
1907	1519
1908	69
1909	1211
1910	46
1911	1780
1912	2284
1913	3146
1914	1047
1915	738
1916	1805
1917	2100
1918	2812
1919	26
1920	1858
1921	966
1922	1164
1923	1581
1924	1095
1925	642
1926	2960
1927	2274
1928	743
1929	304
1930	1086
1931	1605
1932	1155
1933	2805
1934	2505
1935	416
1936	1481
1937	808
1938	2967
1939	3006
1940	3085
1941	2144
1942	1193
1943	1085
1944	1651
1945	3310
1946	2366
1947	1695
1948	2189
1949	3246
1950	881
1951	2031
1952	687
1953	2544
1954	319
1955	3012
1956	936
1957	2218
1958	2180
1959	1816
1960	2983
1961	2
1962	1278
1963	2867
1964	3480
1965	403
1966	2727
1967	2950
1968	2797
1969	2789
1970	3093
1971	2413
1972	1932
1973	671
1974	169
1975	2203
1976	2985
1977	1330
1978	3014
1979	126
1980	424
1981	1888
1982	1601
1983	1765
1984	3060
1985	2065
1986	1676
1987	2128
1988	3363
1989	2611
1990	2143
1991	823
1992	630
1993	1972
1994	2216
1995	1304
1996	3476
1997	634
1998	3294
1999	462
2000	3286
2001	2929
2002	2237
2003	399
2004	971
2005	2923
2006	1789
2007	916
2008	1704
2009	307
2010	1218
2011	1843
2012	323
2013	2586
2014	2193
2015	1370
2016	3323
2017	1844
2018	3473
2019	2609
2020	2317
2021	748
2022	1473
2023	959
2024	1315
2025	23
2026	2313
2027	148
2028	1038
2029	1250
2030	3026
2031	796
2032	1915
2033	1853
2034	442
2035	3413
2036	1607
2037	1603
2038	39
2039	350
2040	181
2041	353
2042	2638
2043	1018
2044	3281
2045	556
2046	2576
2047	68
2048	708
2049	2401
2050	2802
2051	482
2052	1999
2053	1194
2054	304
2055	296
2056	1351
2057	920
2058	3405
2059	2515
2060	66
2061	2976
2062	965
2063	644
2064	733
2065	1176
2066	2516
2067	3288
2068	713
2069	1391
2070	2583
2071	2523
2072	2437
2073	1933
2074	2232
2075	1265
2076	3362
2077	298
2078	1314
2079	654
2080	2362
2081	1672
2082	3123
2083	1384
2084	3301
2085	1316
2086	714
2087	1557
2088	2446
2089	3208
2090	72
2091	1454
2092	10
2093	636
2094	1296
2095	1054
2096	607
2097	1242
2098	287
2099	2130
2100	2488
2101	545
2102	2062
2103	2629
2104	2227
2105	3273
2106	1653
2107	2261
2108	1576
2109	2712
2110	1353
2111	1192
2112	1005
2113	1547
2114	717
2115	613
2116	618
2117	1304
2118	1655
2119	2822
2120	3064
2121	165
2122	3101
2123	1949
2124	3482
2125	2733
2126	889
2127	1171
2128	89
2129	492
2130	990
2131	3495
2132	2941
2133	449
2134	478
2135	866
2136	1529
2137	2622
2138	2235
2139	3046
2140	2234
2141	2758
2142	3055
2143	801
2144	2616
2145	900
2146	1700
2147	3318
2148	268
2149	453
2150	508
2151	1859
2152	1905
2153	2515
2154	1924
2155	1871
2156	3084
2157	2667
2158	3052
2159	585
2160	731
2161	2478
2162	1328
2163	2309
2164	1056
2165	917
2166	559
2167	2073
2168	525
2169	839
2170	1101
2171	2167
2172	1963
2173	3327
2174	3127
2175	2282
2176	1049
2177	3469
2178	1663
2179	2676
2180	2955
2181	2167
2182	1279
2183	2115
2184	1204
2185	2940
2186	570
2187	1315
2188	2414
2189	2334
2190	2432
2191	520
2192	1185
2193	807
2194	1830
2195	1692
2196	433
2197	2460
2198	1272
2199	2659
2200	3179
2201	2445
2202	2474
2203	3407
2204	2593
2205	3279
2206	1613
2207	1220
2208	2265
2209	2918
2210	2825
2211	560
2212	2234
2213	834
2214	3312
2215	2724
2216	1148
2217	3406
2218	2891
2219	767
2220	448
2221	1005
2222	851
2223	253
2224	2024
2225	2579
2226	1113
2227	1526
2228	799
2229	3357
2230	2641
2231	2915
2232	1327
2233	3378
2234	1983
2235	2070
2236	1578
2237	375
2238	3180
2239	820
2240	44
2241	761
2242	1613
2243	812
2244	1673
2245	2384
2246	2168
2247	2802
2248	1024
2249	3246
2250	784
2251	2656
2252	1063
2253	1113
2254	354
2255	1963
2256	3121
2257	2461
2258	416
2259	1950
2260	2211
2261	1800
2262	2008
2263	1891
2264	385
2265	1698
2266	2237
2267	936
2268	990
2269	3181
2270	1158
2271	2337
2272	1499
2273	95
2274	92
2275	1557
2276	210
2277	596
2278	3364
2279	2835
2280	2125
2281	60
2282	2692
2283	1242
2284	2958
2285	312
2286	1299
2287	2807
2288	587
2289	3043
2290	1675
2291	1157
2292	2873
2293	2202
2294	1840
2295	2117
2296	2285
2297	2764
2298	3481
2299	1140
2300	3415
2301	778
2302	1403
2303	1237
2304	2857
2305	856
2306	115
2307	2555
2308	1736
2309	1034
2310	1916
2311	945
2312	613
2313	2204
2314	1432
2315	1692
2316	3367
2317	1904
2318	3186
2319	2401
2320	3468
2321	893
2322	429
2323	1023
2324	3350
2325	1309
2326	1882
2327	2746
2328	1353
2329	947
2330	3472
2331	1703
2332	2113
2333	373
2334	1362
2335	388
2336	2032
2337	2180
2338	2765
2339	113
2340	948
2341	2227
2342	391
2343	2251
2344	46
2345	1658
2346	2475
2347	632
2348	365
2349	1147
2350	2634
2351	3316
2352	3035
2353	298
2354	1080
2355	1209
2356	901
2357	346
2358	464
2359	241
2360	388
2361	92
2362	3238
2363	448
2364	2050
2365	319
2366	2919
2367	2226
2368	1003
2369	2151
2370	2636
2371	3160
2372	3360
2373	1084
2374	2328
2375	3368
2376	1743
2377	1229
2378	654
2379	1149
2380	1699
2381	2204
2382	2357
2383	2262
2384	2448
2385	293
2386	477
2387	785
2388	3004
2389	2683
2390	2017
2391	803
2392	1867
2393	1377
2394	198
2395	2102
2396	2468
2397	2533
2398	1654
2399	2839
2400	1930
2401	1161
2402	1057
2403	2793
2404	1477
2405	2729
2406	2469
2407	511
2408	195
2409	3054
2410	941
2411	817
2412	3446
2413	1791
2414	2813
2415	2582
2416	1361
2417	1117
2418	2544
2419	2546
2420	876
2421	137
2422	634
2423	723
2424	2311
2425	3027
2426	272
2427	718
2428	3175
2429	1645
2430	2741
2431	3116
2432	1639
2433	3334
2434	3330
2435	579
2436	3394
2437	1844
2438	1285
2439	950
2440	2579
2441	1586
2442	2685
2443	2342
2444	35
2445	597
2446	3009
2447	3329
2448	1273
2449	2819
2450	818
2451	221
2452	213
2453	1441
2454	894
2455	1944
2456	1507
2457	2689
2458	768
2459	1453
2460	1248
2461	2492
2462	3130
2463	699
2464	1538
2465	1280
2466	2935
2467	3393
2468	3075
2469	134
2470	2312
2471	1032
2472	827
2473	520
2474	1335
2475	2826
2476	2477
2477	206
2478	902
2479	2195
2480	1329
2481	1840
2482	627
2483	3224
2484	1855
2485	1118
2486	3182
2487	57
2488	2696
2489	3312
2490	189
2491	2881
2492	1647
2493	478
2494	136
2495	2676
2496	3368
2497	1758
2498	2891
2499	3410
2500	653
2501	1833
2502	394
2503	2978
2504	3359
2505	1750
2506	2815
2507	1364
2508	2403
2509	1456
2510	3113
2511	106
2512	2703
2513	132
2514	2902
2515	3373
2516	312
2517	1351
2518	2156
2519	2513
2520	1725
2521	2506
2522	1961
2523	3003
2524	3393
2525	204
2526	2558
2527	1127
2528	2474
2529	2734
2530	2867
2531	693
2532	1648
2533	16
2534	192
2535	1757
2536	1452
2537	1826
2538	3403
2539	118
2540	2459
2541	3444
2542	1026
2543	582
2544	3462
2545	1880
2546	2660
2547	212
2548	1639
2549	1593
2550	1434
2551	2927
2552	2530
2553	1245
2554	1429
2555	1033
2556	1246
2557	106
2558	546
2559	935
2560	387
2561	722
2562	2320
2563	931
2564	1411
2565	942
2566	2043
2567	3123
2568	2280
2569	3086
2570	2917
2571	1332
2572	1253
2573	3141
2574	3344
2575	2306
2576	1195
2577	896
2578	305
2579	2833
2580	125
2581	1796
2582	2091
2583	2333
2584	2089
2585	2373
2586	2970
2587	1198
2588	2537
2589	1214
2590	85
2591	1471
2592	341
2593	3036
2594	2520
2595	1934
2596	1805
2597	1106
2598	1484
2599	755
2600	2710
2601	629
2602	1908
2603	3016
2604	228
2605	939
2606	2554
2607	2175
2608	2590
2609	422
2610	2318
2611	1985
2612	1101
2613	584
2614	575
2615	2806
2616	2623
2617	526
2618	424
2619	2918
2620	2535
2621	19
2622	2292
2623	2281
2624	2502
2625	2422
2626	1900
2627	60
2628	1454
2629	1512
2630	3221
2631	349
2632	1011
2633	2760
2634	2764
2635	1175
2636	83
2637	2906
2638	3471
2639	2127
2640	3230
2641	650
2642	1078
2643	957
2644	2903
2645	3242
2646	1941
2647	2327
2648	403
2649	1563
2650	2389
2651	411
2652	2946
2653	103
2654	2682
2655	372
2656	124
2657	1698
2658	1326
2659	541
2660	2649
2661	728
2662	2781
2663	3450
2664	3336
2665	54
2666	2349
2667	341
2668	579
2669	1551
2670	2086
2671	472
2672	2522
2673	398
2674	1859
2675	1480
2676	1010
2677	2395
2678	1091
2679	1837
2680	602
2681	329
2682	418
2683	139
2684	2636
2685	3320
2686	3325
2687	3379
2688	2264
2689	1664
2690	3095
2691	1001
2692	2625
2693	2037
2694	2218
2695	1592
2696	364
2697	1641
2698	2323
2699	2449
2700	140
2701	2451
2702	2464
2703	2571
2704	3297
2705	2652
2706	547
2707	3001
2708	2943
2709	1341
2710	993
2711	1575
2712	337
2713	62
2714	3409
2715	1796
2716	3082
2717	559
2718	163
2719	707
2720	1271
2721	2567
2722	2397
2723	2473
2724	1528
2725	1235
2726	1201
2727	623
2728	837
2729	389
2730	1436
2731	2842
2732	2726
2733	1318
2734	914
2735	1582
2736	1628
2737	1623
2738	137
2739	2854
2740	686
2741	196
2742	246
2743	1649
2744	1807
2745	2197
2746	1823
2747	1606
2748	930
2749	2845
2750	122
2751	2322
2752	2372
2753	3328
2754	2755
2755	2038
2756	604
2757	3062
2758	2212
2759	2528
2760	2131
2761	3355
2762	3257
2763	3202
2764	2494
2765	293
2766	1576
2767	2285
2768	1888
2769	754
2770	1706
2771	855
2772	3063
2773	732
2774	344
2775	3284
2776	191
2777	971
2778	2665
2779	482
2780	667
2781	3315
2782	2668
2783	2715
2784	2886
2785	1592
2786	2958
2787	3122
2788	2166
2789	1244
2790	182
2791	86
2792	456
2793	721
2794	162
2795	1224
2796	1507
2797	3242
2798	2086
2799	1478
2800	72
2801	33
2802	3049
2803	2877
2804	3125
2805	2577
2806	826
2807	305
2808	1470
2809	3030
2810	353
2811	637
2812	1145
2813	551
2814	2483
2815	1333
2816	2388
2817	335
2818	2223
2819	1069
2820	1161
2821	2073
2822	977
2823	2557
2824	1549
2825	1191
2826	2408
2827	2363
2828	2037
2829	794
2830	2065
2831	427
2832	884
2833	1037
2834	2151
2835	1485
2836	485
2837	2504
2838	2459
2839	1922
2840	266
2841	3498
2842	286
2843	1688
2844	3115
2845	3165
2846	1440
2847	2340
2848	2174
2849	3188
2850	704
2851	1638
2852	1881
2853	1907
2854	2231
2855	2943
2856	1809
2857	150
2858	277
2859	770
2860	411
2861	1423
2862	296
2863	3078
2864	2019
2865	722
2866	386
2867	629
2868	2767
2869	80
2870	2824
2871	1608
2872	1957
2873	1543
2874	3017
2875	571
2876	368
2877	2952
2878	1884
2879	472
2880	2033
2881	697
2882	1882
2883	1680
2884	1071
2885	1802
2886	3027
2887	3479
2888	2198
2889	768
2890	441
2891	1800
2892	3262
2893	377
2894	2816
2895	339
2896	1291
2897	2364
2898	3247
2899	2160
2900	3398
2901	2382
2902	285
2903	2316
2904	4
2905	782
2906	2692
2907	43
2908	2799
2909	2798
2910	2966
2911	1269
2912	691
2913	2647
2914	1458
2915	1099
2916	2875
2917	152
2918	2222
2919	2996
2920	167
2921	913
2922	2435
2923	3203
2924	1986
2925	383
2926	1647
2927	2662
2928	548
2929	1390
2930	1471
2931	2472
2932	1365
2933	1044
2934	1067
2935	2535
2936	364
2937	3157
2938	3429
2939	2926
2940	1806
2941	2499
2942	2876
2943	771
2944	1947
2945	973
2946	1188
2947	669
2948	2233
2949	2364
2950	1387
2951	640
2952	2489
2953	414
2954	266
2955	3391
2956	336
2957	903
2958	2666
2959	1568
2960	1002
2961	1746
2962	3115
2963	1357
2964	1230
2965	2819
2966	915
2967	1390
2968	1555
2969	2972
2970	2623
2971	1397
2972	1476
2973	1574
2974	1760
2975	1031
2976	716
2977	2067
2978	116
2979	3365
2980	812
2981	2296
2982	726
2983	2485
2984	2675
2985	1934
2986	1884
2987	34
2988	2521
2989	879
2990	536
2991	1950
2992	3448
2993	3253
2994	2107
2995	3172
2996	1587
2997	2650
2998	422
2999	1626
3000	1060
3001	2441
3002	3320
3003	3424
3004	1876
3005	1756
3006	513
3007	3063
3008	3287
3009	192
3010	3230
3011	767
3012	174
3013	3099
3014	205
3015	3232
3016	332
3017	2739
3018	1048
3019	2801
3020	2300
3021	2901
3022	2035
3023	65
3024	3326
3025	1901
3026	2367
3027	2343
3028	680
3029	1516
3030	774
3031	2907
3032	3408
3033	3127
3034	3396
3035	2976
3036	2041
3037	1119
3038	1380
3039	1424
3040	2654
3041	447
3042	2221
3043	277
3044	3126
3045	3203
3046	1819
3047	1271
3048	2385
3049	2477
3050	2416
3051	581
3052	920
3053	2491
3054	991
3055	703
3056	1702
3057	1894
3058	3445
3059	1006
3060	491
3061	592
3062	3
3063	3369
3064	714
3065	3429
3066	2119
3067	5
3068	2152
3069	2192
3070	2491
3071	2221
3072	1628
3073	1667
3074	1583
3075	517
3076	1296
3077	1561
3078	2391
3079	1704
3080	1159
3081	2486
3082	182
3083	701
3084	1442
3085	1295
3086	904
3087	631
3088	3333
3089	3119
3090	2681
3091	1149
3092	2620
3093	2992
3094	836
3095	2859
3096	2079
3097	1386
3098	3349
3099	48
3100	3039
3101	2684
3102	3371
3103	641
3104	1392
3105	1449
3106	1096
3107	1431
3108	1044
3109	570
3110	672
3111	2997
3112	1765
3113	523
3114	1431
3115	1212
3116	476
3117	250
3118	1518
3119	3179
3120	1188
3121	1243
3122	3060
3123	1982
3124	1355
3125	1709
3126	1678
3127	732
3128	826
3129	249
3130	2640
3131	3473
3132	663
3133	3461
3134	1794
3135	1463
3136	3443
3137	1791
3138	2791
3139	1761
3140	2013
3141	1622
3142	2271
3143	1503
3144	522
3145	1871
3146	235
3147	189
3148	727
3149	297
3150	2199
3151	3370
3152	1756
3153	2532
3154	158
3155	2326
3156	1702
3157	1055
3158	1646
3159	3375
3160	2381
3161	2228
3162	1861
3163	2536
3164	284
3165	2035
3166	3315
3167	2435
3168	1744
3169	1485
3170	2076
3171	831
3172	156
3173	1727
3174	2349
3175	2284
3176	1678
3177	367
3178	3430
3179	2140
3180	2948
3181	1502
3182	2869
3183	123
3184	1912
3185	2009
3186	3167
3187	1097
3188	2176
3189	637
3190	169
3191	419
3192	3138
3193	2983
3194	446
3195	1548
3196	3141
3197	1397
3198	3108
3199	1029
3200	1111
3201	3154
3202	37
3203	1410
3204	180
3205	3014
3206	2900
3207	1869
3208	2392
3209	1890
3210	3040
3211	1906
3212	1604
3213	159
3214	1162
3215	1048
3216	2484
3217	2637
3218	1081
3219	2473
3220	1478
3221	1849
3222	1182
3223	3194
3224	3327
3225	128
3226	3352
3227	2671
3228	740
3229	3324
3230	1332
3231	1986
3232	1899
3233	1183
3234	2483
3235	420
3236	662
3237	3113
3238	1675
3239	2987
3240	871
3241	2010
3242	1093
3243	855
3244	1449
3245	3226
3246	3220
3247	696
3248	1288
3249	2197
3250	3404
3251	2872
3252	2748
3253	336
3254	1695
3255	3498
3256	2533
3257	1457
3258	2507
3259	2994
3260	404
3261	796
3262	2009
3263	151
3264	2878
3265	2145
3266	2877
3267	988
3268	340
3269	2937
3270	816
3271	3256
3272	261
3273	2064
3274	3247
3275	3344
3276	2969
3277	2128
3278	2714
3279	3200
3280	2271
3281	2436
3282	1041
3283	243
3284	1685
3285	1355
3286	1194
3287	54
3288	3333
3289	2953
3290	638
3291	3317
3292	214
3293	144
3294	410
3295	2397
3296	2064
3297	219
3298	1077
3299	2941
3300	1078
3301	1817
3302	2287
3303	2192
3304	1130
3305	362
3306	3442
3307	561
3308	810
3309	1863
3310	1665
3311	2466
3312	2606
3313	598
3314	2838
3315	518
3316	2248
3317	2914
3318	1132
3319	1856
3320	151
3321	1122
3322	2991
3323	2050
3324	2904
3325	1116
3326	155
3327	2371
3328	2168
3329	1636
3330	847
3331	2793
3332	2336
3333	1631
3334	1415
3335	2543
3336	507
3337	2487
3338	2892
3339	2925
3340	1520
3341	1231
3342	2378
3343	744
3344	1150
3345	965
3346	741
3347	1513
3348	924
3349	3116
3350	2719
3351	441
3352	3151
3353	1953
3354	1047
3355	3335
3356	110
3357	1552
3358	1401
3359	940
3360	2418
3361	1052
3362	2161
3363	2294
3364	3371
3365	838
3366	1484
3367	127
3368	766
3369	1567
3370	1976
3371	2920
3372	2916
3373	310
3374	1841
3375	2259
3376	2667
3377	793
3378	606
3379	726
3380	2060
3381	2598
3382	2932
3383	217
3384	3293
3385	486
3386	3003
3387	3347
3388	3448
3389	2470
3390	490
3391	2520
3392	790
3393	719
3394	555
3395	2810
3396	2249
3397	95
3398	1727
3399	933
3400	608
3401	1991
3402	1338
3403	798
3404	724
3405	2664
3406	2772
3407	1131
3408	1783
3409	1107
3410	1460
3411	118
3412	2213
3413	568
3414	3018
3415	2562
3416	3304
3417	1359
3418	1433
3419	1872
3420	40
3421	1051
3422	2796
3423	652
3424	3432
3425	1849
3426	1366
3427	1066
3428	3148
3429	3124
3430	611
3431	3293
3432	2529
3433	2519
3434	1543
3435	586
3436	3214
3437	1954
3438	3167
3439	1349
3440	1373
3441	2783
3442	282
3443	1897
3444	17
3445	2358
3446	431
3447	78
3448	3443
3449	2594
3450	2516
3451	864
3452	849
3453	2191
3454	3070
3455	1570
3456	692
3457	243
3458	540
3459	2633
3460	970
3461	117
3462	932
3463	223
3464	480
3465	469
3466	3140
3467	1645
3468	1541
3469	2346
3470	1407
3471	2257
3472	3015
3473	483
3474	1998
3475	874
3476	2376
3477	3238
3478	2655
3479	358
3480	2716
3481	1541
3482	2495
3483	1157
3484	1943
3485	3219
3486	2497
3487	1602
3488	2324
3489	2112
3490	603
3491	1121
3492	2628
3493	2488
3494	2099
3495	2194
3496	3228
3497	563
3498	3322
3499	2275
3500	1763
3501	2471
3502	1259
3503	1741
3504	3025
3505	552
3506	2411
3507	3059
3508	1918
3509	2721
3510	2674
3511	791
3512	947
3513	2711
3514	3092
3515	2762
3516	2233
3517	3435
3518	371
3519	1565
3520	2034
3521	1279
3522	1739
3523	898
3524	2672
3525	3231
3526	995
3527	2949
3528	651
3529	1973
3530	3363
3531	162
3532	2267
3533	717
3534	2441
3535	672
3536	2267
3537	1500
3538	2506
3539	1605
3540	2587
3541	1074
3542	569
3543	739
3544	2084
3545	2450
3546	565
3547	2458
3548	246
3549	3381
3550	675
3551	1835
3552	1733
3553	996
3554	200
3555	1062
3556	581
3557	2345
3558	1286
3559	1711
3560	3213
3561	2478
3562	1400
3563	1883
3564	86
3565	1728
3566	216
3567	1146
3568	1719
3569	2652
3570	212
3571	802
3572	3073
3573	597
3574	2526
3575	2889
3576	2053
3577	2745
3578	2057
3579	621
3580	1336
3581	110
3582	2270
3583	1806
3584	2948
3585	1257
3586	1758
3587	183
3588	2286
3589	369
3590	2374
3591	1687
3592	513
3593	274
3594	495
3595	770
3596	1267
3597	2856
3598	1218
3599	14
3600	2341
3601	1673
3602	3031
3603	1459
3604	774
3605	1522
3606	1204
3607	2495
3608	492
3609	1125
3610	693
3611	1976
3612	456
3613	1520
3614	1521
3615	2965
3616	3440
3617	2613
3618	2172
3619	2937
3620	1488
3621	2028
3622	2462
3623	1757
3624	2934
3625	2880
3626	2212
3627	219
3628	2330
3629	306
3630	108
3631	1303
3632	910
3633	344
3634	2445
3635	1858
3636	2309
3637	2665
3638	495
3639	931
3640	2986
3641	1201
3642	143
3643	3037
3644	3231
3645	1669
3646	988
3647	3276
3648	2264
3649	1025
3650	2552
3651	463
3652	739
3653	2288
3654	2071
3655	563
3656	3454
3657	1666
3658	3389
3659	521
3660	2367
3661	1786
3662	265
3663	2930
3664	2532
3665	2494
3666	3488
3667	383
3668	460
3669	2
3670	3048
3671	483
3672	614
3673	761
3674	1559
3675	3419
3676	2779
3677	1441
3678	993
3679	2158
3680	580
3681	1877
3682	3496
3683	914
3684	799
3685	1288
3686	2570
3687	65
3688	3008
3689	1671
3690	40
3691	3417
3692	2026
3693	3346
3694	3272
3695	2060
3696	1920
3697	3370
3698	2541
3699	3266
3700	3262
3701	1041
3702	2548
3703	2648
3704	2222
3705	3109
3706	1511
3707	3276
3708	1603
3709	1025
3710	1611
3711	589
3712	2696
3713	217
3714	1802
3715	751
3716	760
3717	2573
3718	1210
3719	1015
3720	1424
3721	1952
3722	3458
3723	1880
3724	2663
3725	1262
3726	884
3727	2589
3728	3189
3729	2966
3730	666
3731	1467
3732	2174
3733	1696
3734	1341
3735	2339
3736	3229
3737	2405
3738	2447
3739	998
3740	1846
3741	2646
3742	3198
3743	3224
3744	2534
3745	2663
3746	3278
3747	1734
3748	3489
3749	797
3750	3447
3751	2808
3752	213
3753	3152
3754	350
3755	2096
3756	346
3757	3299
3758	306
3759	3441
3760	2849
3761	419
3762	1779
3763	241
3764	430
3765	2935
3766	1940
3767	2347
3768	2669
3769	551
3770	3475
3771	2266
3772	17
3773	2126
3774	2566
3775	1450
3776	1604
3777	2743
3778	1432
3779	2257
3780	1978
3781	2678
3782	1238
3783	3478
3784	475
3785	883
3786	265
3787	3220
3788	1369
3789	1435
3790	3307
3791	4
3792	1290
3793	3470
3794	2352
3795	1081
3796	2701
3797	2254
3798	762
3799	3226
3800	803
3801	2241
3802	1206
3803	1729
3804	2729
3805	2341
3806	2725
3807	3129
3808	681
3809	1847
3810	958
3811	2836
3812	736
3813	1058
3814	392
3815	2486
3816	3215
3817	670
3818	2658
3819	658
3820	1545
3821	3428
3822	2105
3823	470
3824	1708
3825	3345
3826	19
3827	1612
3828	2977
3829	2025
3830	2157
3831	1982
3832	2982
3833	2552
3834	2986
3835	1493
3836	1798
3837	420
3838	3268
3839	854
3840	2018
3841	2108
3842	2070
3843	1737
3844	1545
3845	394
3846	545
3847	2457
3848	1176
3849	893
3850	2146
3851	1102
3852	2850
3853	1564
3854	3022
3855	668
3856	2881
3857	659
3858	471
3859	2569
3860	206
3861	3021
3862	1753
3863	1752
3864	3283
3865	535
3866	874
3867	1960
3868	2263
3869	1091
3870	1410
3871	1077
3872	1649
3873	1662
3874	1426
3875	1118
3876	3044
3877	2912
3878	1978
3879	122
3880	2965
3881	1379
3882	995
3883	154
3884	1382
3885	2530
3886	264
3887	3314
3888	2120
3889	2879
3890	1494
3891	2015
3892	1629
3893	1336
3894	2569
3895	2027
3896	984
3897	1620
3898	3100
3899	804
3900	34
3901	1780
3902	514
3903	2190
3904	2536
3905	3474
3906	1491
3907	2241
3908	787
3909	2417
3910	2566
3911	3013
3912	1872
3913	817
3914	3359
3915	2674
3916	150
3917	194
3918	1374
3919	3269
3920	758
3921	3380
3922	1761
3923	2181
3924	3436
3925	1052
3926	1049
3927	1595
3928	769
3929	976
3930	964
3931	2575
3932	449
3933	2787
3934	1568
3935	1222
3936	1652
3937	1144
3938	413
3939	2051
3940	3047
3941	765
3942	271
3943	939
3944	1196
3945	650
3946	943
3947	646
3948	3021
3949	2658
3950	2761
3951	593
3952	269
3953	1954
3954	507
3955	3000
3956	2336
3957	2145
3958	368
3959	7
3960	2202
3961	320
3962	1209
3963	1486
3964	1324
3965	3497
3966	1569
3967	1635
3968	1638
3969	2870
3970	1837
3971	2768
3972	957
3973	47
3974	1659
3975	785
3976	846
3977	1094
3978	244
3979	2573
3980	1122
3981	1320
3982	320
3983	428
3984	1868
3985	207
3986	3101
3987	2834
3988	1999
3989	1523
3990	3308
3991	1899
3992	1236
3993	2781
3994	2886
3995	1529
3996	1400
3997	229
3998	1311
3999	1910
4000	2354
4001	617
4002	2020
4003	2258
4004	2843
4005	2076
4006	694
4007	1716
4008	1165
4009	2423
4010	1508
4011	2299
4012	3149
4013	1031
4014	50
4015	973
4016	406
4017	2698
4018	2833
4019	2338
4020	109
4021	2767
4022	1801
4023	1902
4024	303
4025	1346
4026	3209
4027	1116
4028	2759
4029	3
4030	390
4031	2834
4032	2598
4033	412
4034	648
4035	2122
4036	1847
4037	2789
4038	1379
4039	639
4040	539
4041	2083
4042	3045
4043	2333
4044	2019
4045	28
4046	149
4047	2314
4048	1334
4049	2887
4050	2014
4051	2704
4052	3157
4053	3385
4054	907
4055	1729
4056	899
4057	3190
4058	2413
4059	1479
4060	67
4061	59
4062	1475
4063	1001
4064	1455
4065	1680
4066	2307
4067	3387
4068	1821
4069	2717
4070	773
4071	3186
4072	2832
4073	843
4074	862
4075	2215
4076	3096
4077	687
4078	3461
4079	949
4080	62
4081	958
4082	1053
4083	1097
4084	898
4085	1456
4086	1196
4087	3062
4088	1344
4089	2256
4090	3423
4091	498
4092	461
4093	1142
4094	3462
4095	806
4096	1009
4097	1909
4098	2990
4099	3187
4100	2157
4101	13
4102	3352
4103	3052
4104	2027
4105	1919
4106	1503
4107	779
4108	2511
4109	1524
4110	439
4111	3041
4112	2182
4113	548
4114	2724
4115	3332
4116	280
4117	486
4118	370
4119	1056
4120	1160
4121	2732
4122	3150
4123	3353
4124	2225
4125	1433
4126	1868
4127	2362
4128	1389
4129	1977
4130	2369
4131	928
4132	2316
4133	813
4134	1474
4135	1007
4136	1824
4137	1648
4138	1372
4139	1819
4140	678
4141	2407
4142	2913
4143	783
4144	1585
4145	2476
4146	374
4147	562
4148	885
4149	2422
4150	3134
4151	1722
4152	2947
4153	1821
4154	2112
4155	3366
4156	437
4157	2770
4158	3405
4159	1450
4160	2751
4161	2861
4162	2868
4163	772
4164	1705
4165	1063
4166	3431
4167	3005
4168	1217
4169	2887
4170	178
4171	2418
4172	3340
4173	567
4174	614
4175	533
4176	1747
4177	2872
4178	848
4179	3290
4180	2166
4181	3216
4182	1725
4183	946
4184	325
4185	264
4186	926
4187	1966
4188	308
4189	2129
4190	1794
4191	3289
4192	3069
4193	1711
4194	1927
4195	145
4196	2770
4197	2782
4198	135
4199	1967
4200	502
4201	3414
4202	2437
4203	3126
4204	780
4205	530
4206	1501
4207	2942
4208	2031
4209	1633
4210	2068
4211	2892
4212	400
4213	2036
4214	55
4215	2912
4216	3118
4217	299
4218	2101
4219	1894
4220	3310
4221	286
4222	1181
4223	795
4224	2456
4225	1923
4226	2150
4227	2734
4228	2628
4229	2405
4230	454
4231	3307
4232	2011
4233	3152
4234	29
4235	1570
4236	2162
4237	2259
4238	2281
4239	1468
4240	3379
4241	3064
4242	712
4243	2415
4244	677
4245	359
4246	2690
4247	1367
4248	3466
4249	815
4250	3420
4251	1211
4252	557
4253	1759
4254	2998
4255	615
4256	3065
4257	1952
4258	3245
4259	2591
4260	566
4261	460
4262	2671
4263	1023
4264	1164
4265	852
4266	1881
4267	1615
4268	2346
4269	904
4270	2158
4271	2178
4272	2407
4273	2165
4274	2624
4275	2803
4276	2101
4277	1751
4278	1214
4279	3294
4280	3112
4281	531
4282	2657
4283	2088
4284	3166
4285	633
4286	3189
4287	2243
4288	2434
4289	827
4290	923
4291	1911
4292	3477
4293	618
4294	2827
4295	1772
4296	146
4297	2359
4298	1644
4299	2448
4300	1334
4301	2747
4302	2835
4303	1600
4304	115
4305	2426
4306	1730
4307	2310
4308	1142
4309	791
4310	1566
4311	875
4312	257
4313	3345
4314	2225
4315	3084
4316	607
4317	1249
4318	741
4319	2410
4320	1476
4321	1493
4322	2342
4323	1257
4324	2354
4325	3419
4326	2571
4327	3041
4328	337
4329	2782
4330	2098
4331	750
4332	97
4333	835
4334	3028
4335	1624
4336	2661
4337	2677
4338	1525
4339	1988
4340	1468
4341	1971
4342	1301
4343	859
4344	1414
4345	104
4346	2331
4347	2003
4348	2430
4349	3412
4350	881
4351	348
4352	1749
4353	2731
4354	1135
4355	3067
4356	949
4357	2260
4358	1691
4359	1377
4360	2964
4361	730
4362	2508
4363	1875
4364	251
4365	1223
4366	2911
4367	2988
4368	2213
4369	1901
4370	2617
4371	1883
4372	25
4373	1307
4374	321
4375	290
4376	2505
4377	1567
4378	2170
4379	1325
4380	390
4381	2595
4382	1065
4383	1344
4384	3452
4385	816
4386	744
4387	2110
4388	832
4389	2584
4390	668
4391	36
4392	477
4393	985
4394	833
4395	2117
4396	975
4397	850
4398	1790
4399	3427
4400	1145
4401	2522
4402	1656
4403	831
4404	3072
4405	1509
4406	2014
4407	2208
4408	3300
4409	2289
4410	3295
4411	119
4412	315
4413	2828
4414	1510
4415	316
4416	2956
4417	1862
4418	2023
4419	1634
4420	2319
4421	1971
4422	1147
4423	125
4424	3451
4425	103
4426	2776
4427	1892
4428	2415
4429	2713
4430	1811
4431	2482
4432	1371
4433	1960
4434	3431
4435	67
4436	2946
4437	1742
4438	3343
4439	31
4440	1792
4441	1943
4442	2849
4443	1501
4444	440
4445	1308
4446	1652
4447	3198
4448	47
4449	983
4450	96
4451	2707
4452	886
4453	3129
4454	1395
4455	2772
4456	864
4457	2902
4458	438
4459	147
4460	282
4461	2944
4462	2898
4463	3288
4464	2756
4465	1993
4466	3348
4467	109
4468	2750
4469	750
4470	2451
4471	3395
4472	680
4473	1620
4474	1713
4475	1747
4476	2269
4477	1422
4478	1035
4479	1312
4480	426
4481	1616
4482	3210
4483	2800
4484	2852
4485	3159
4486	1406
4487	2503
4488	1879
4489	295
4490	2078
4491	190
4492	393
4493	2313
4494	3300
4495	2563
4496	2196
4497	792
4498	641
4499	2287
4500	1035
4501	2462
4502	1513
4503	3143
4504	1340
4505	2230
4506	167
4507	1229
4508	1593
4509	1525
4510	3229
4511	3211
4512	1953
4513	1394
4514	3111
4515	2742
4516	2361
4517	2140
4518	2804
4519	1630
4520	1917
4521	2294
4522	1983
4523	1096
4524	3244
4525	2969
4526	2525
4527	2578
4528	1280
4529	1152
4530	100
4531	992
4532	1760
4533	3163
4534	2239
4535	21
4536	2398
4537	267
4538	942
4539	3108
4540	1396
4541	157
4542	737
4543	321
4544	1046
4545	2631
4546	2095
4547	2975
4548	517
4549	962
4550	2053
4551	743
4552	2777
4553	2932
4554	900
4555	2444
4556	924
4557	2679
4558	2840
4559	2831
4560	222
4561	1596
4562	2115
4563	600
4564	199
4565	1768
4566	2622
4567	3002
4568	2356
4569	1666
4570	3214
4571	813
4572	300
4573	2276
4574	1824
4575	1038
4576	2816
4577	1051
4578	2468
4579	3375
4580	2829
4581	1461
4582	2256
4583	2147
4584	1497
4585	678
4586	979
4587	2964
4588	3222
4589	1148
4590	1172
4591	3451
4592	135
4593	2694
4594	497
4595	2927
4596	2756
4597	3192
4598	1589
4599	464
4600	908
4601	2774
4602	1178
4603	1026
4604	1905
4605	619
4606	1166
4607	3323
4608	595
4609	3270
4610	758
4611	2785
4612	521
4613	3225
4614	2263
4615	3321
4616	2321
4617	1438
4618	2913
4619	1769
4620	2182
4621	3178
4622	3212
4623	2176
4624	1790
4625	2962
4626	3236
4627	2203
4628	2837
4629	530
4630	70
4631	329
4632	2888
4633	2066
4634	2651
4635	12
4636	1669
4637	3332
4638	171
4639	1929
4640	1154
4641	996
4642	2541
4643	902
4644	838
4645	1621
4646	108
4647	765
4648	2605
4649	869
4650	1939
4651	355
4652	2732
4653	2433
4654	746
4655	595
4656	1539
4657	688
4658	2682
4659	1486
4660	716
4661	711
4662	622
4663	1301
4664	2714
4665	3133
4666	166
4667	2129
4668	2556
4669	91
4670	3221
4671	800
4672	645
4673	919
4674	2078
4675	3436
4676	3227
4677	2307
4678	2688
4679	3281
4680	1546
4681	775
4682	1745
4683	897
4684	2302
4685	1420
4686	2383
4687	2497
4688	1926
4689	1668
4690	161
4691	1273
4692	764
4693	2255
4694	2244
4695	1094
4696	2574
4697	1167
4698	2069
4699	3120
4700	2908
4701	2310
4702	857
4703	2297
4704	130
4705	1914
4706	1506
4707	413
4708	2163
4709	695
4710	1807
4711	756
4712	1070
4713	2048
4714	1644
4715	3313
4716	1199
4717	877
4718	3047
4719	2383
4720	1180
4721	1231
4722	3010
4723	316
4724	2029
4725	215
4726	2780
4727	1622
4728	2498
4729	3015
4730	3102
4731	2348
4732	488
4733	1817
4734	3306
4735	2000
4736	615
4737	3254
4738	2291
4739	2848
4740	2351
4741	347
4742	2639
4743	3475
4744	3465
4745	3437
4746	515
4747	436
4748	2890
4749	1039
4750	1775
4751	3438
4752	3228
4753	3174
4754	1897
4755	1070
4756	1582
4757	1004
4758	2549
4759	2165
4760	736
4761	757
4762	1228
4763	1947
4764	1313
4765	2848
4766	3418
4767	912
4768	1477
4769	2856
4770	1708
4771	2119
4772	2209
4773	451
4774	2853
4775	452
4776	2854
4777	1340
4778	197
4779	2653
4780	49
4781	2938
4782	2524
4783	3396
4784	389
4785	1416
4786	3199
4787	1941
4788	3213
4789	3089
4790	245
4791	2514
4792	945
4793	352
4794	334
4795	227
4796	2594
4797	1308
4798	1808
4799	2514
4800	2788
4801	440
4802	1327
4803	1395
4804	1489
4805	3218
4806	1686
4807	177
4808	2186
4809	1927
4810	1042
4811	2858
4812	1832
4813	3219
4814	444
4815	2568
4816	3158
4817	2487
4818	3351
4819	1445
4820	3493
4821	3348
4822	2584
4823	1384
4824	2959
4825	100
4826	1187
4827	1533
4828	1024
4829	1104
4830	519
4831	1177
4832	1105
4833	1436
4834	2957
4835	1418
4836	698
4837	1799
4838	997
4839	1073
4840	3426
4841	392
4842	982
4843	186
4844	3163
4845	2379
4846	677
4847	77
4848	802
4849	237
4850	2936
4851	3181
4852	2450
4853	28
4854	2602
4855	1779
4856	2860
4857	2655
4858	1989
4859	2690
4860	3491
4861	1904
4862	2510
4863	105
4864	2790
4865	2443
4866	3016
4867	1034
4868	2051
4869	1387
4870	735
4871	943
4872	379
4873	3043
4874	811
4875	2071
4876	2899
4877	1778
4878	2092
4879	83
4880	396
4881	2688
4882	1017
4883	2460
4884	1310
4885	436
4886	3282
4887	2722
4888	2502
4889	2960
4890	519
4891	2306
4892	2359
4893	1804
4894	2642
4895	835
4896	1922
4897	251
4898	139
4899	1589
4900	2480
4901	1957
4902	2056
4903	940
4904	2638
4905	1946
4906	2334
4907	3256
4908	229
4909	2163
4910	1636
4911	271
4912	2137
4913	2414
4914	1879
4915	2769
4916	3245
4917	2111
4918	1608
4919	927
4920	1373
4921	1707
4922	427
4923	1508
4924	3401
4925	260
4926	670
4927	711
4928	2394
4929	667
4930	2749
4931	2173
4932	1472
4933	2773
4934	3013
4935	1402
4936	3272
4937	1226
4938	775
4939	2452
4940	1559
4941	573
4942	2135
4943	2808
4944	352
4945	393
4946	2821
4947	1793
4948	3265
4949	516
4950	1323
4951	29
4952	2539
4953	539
4954	2308
4955	2185
4956	2810
4957	1668
4958	3067
4959	2142
4960	778
4961	3297
4962	2988
4963	794
4964	880
4965	583
4966	1207
4967	1050
4968	2320
4969	369
4970	1420
4971	45
4972	2518
4973	3319
4974	2624
4975	382
4976	829
4977	279
4978	2993
4979	1166
4980	2173
4981	3044
4982	434
4983	292
4984	450
4985	1586
4986	2109
4987	683
4988	2104
4989	735
4990	673
4991	2559
4992	2372
4993	2177
4994	2081
4995	1479
4996	136
4997	1020
4998	291
4999	1965
5000	822
5001	2597
5002	3195
5003	1423
5004	832
5005	325
5006	93
5007	883
5008	1391
5009	2152
5010	2427
5011	2090
5012	121
5013	26
5014	1754
5015	1264
5016	3325
5017	705
5018	3055
5019	2722
5020	1618
5021	849
5022	2631
5023	3154
5024	2239
5025	790
5026	417
5027	1337
5028	1241
5029	3261
5030	1246
5031	1309
5032	853
5033	1080
5034	987
5035	622
5036	2463
5037	2903
5038	2853
5039	1822
5040	3407
5041	2691
5042	3263
5043	1105
5044	116
5045	1845
5046	2897
5047	1123
5048	1189
5049	944
5050	853
5051	3091
5052	1867
5053	1773
5054	131
5055	3095
5056	2303
5057	2045
5058	3029
5059	3356
5060	609
5061	2179
5062	2335
5063	2959
5064	1168
5065	504
5066	343
5067	1936
5068	3234
5069	45
5070	3411
5071	2161
5072	2355
5073	868
5074	3280
5075	2265
5076	1681
5077	382
5078	3240
5079	1394
5080	911
5081	2360
5082	261
5083	1742
5084	292
5085	2617
5086	1043
5087	2720
5088	1174
5089	1008
5090	3356
5091	3432
5092	239
5093	2736
5094	98
5095	2209
5096	2952
5097	3319
5098	2713
5099	3107
5100	2353
5101	1092
5102	2693
5103	3365
5104	2850
5105	3187
5106	640
5107	98
5108	3341
5109	1599
5110	2747
5111	585
5112	1283
5113	3149
5114	500
5115	1348
5116	1562
5117	599
5118	73
5119	1463
5120	186
5121	370
5122	1322
5123	3204
5124	253
5125	2517
5126	407
5127	2188
5128	590
5129	2778
5130	3193
5131	1426
5132	3164
5133	2503
5134	3169
5135	679
5136	3109
5137	3022
5138	2562
5139	2687
5140	201
5141	1016
5142	2709
5143	455
5144	2651
5145	2253
5146	666
5147	1260
5148	2845
5149	1735
5150	1556
5151	120
5152	2419
5153	262
5154	2644
5155	1324
5156	2621
5157	1261
5158	3465
5159	434
5160	2199
5161	3074
5162	133
5163	70
5164	989
5165	1389
5166	3361
5167	3191
5168	2847
5169	2917
5170	3409
5171	1724
5172	805
5173	2539
5174	3441
5175	2749
5176	1378
5177	1338
5178	828
5179	1759
5180	3114
5181	1803
5182	1866
5183	1705
5184	3395
5185	1467
5186	3045
5187	771
5188	1895
5189	1643
5190	2185
5191	1206
5192	2909
5193	2568
5194	3433
5195	928
5196	2659
5197	3422
5198	1734
5199	2315
5200	692
5201	2328
5202	3042
5203	2672
5204	255
5205	1500
5206	3428
5207	1646
5208	1490
5209	2905
5210	3445
5211	2196
5212	3222
5213	1560
5214	3413
5215	201
5216	2295
5217	1007
5218	557
5219	969
5220	391
5221	552
5222	2431
5223	1951
5224	2116
5225	1535
5226	1357
5227	525
5228	6
5229	1833
5230	3066
5231	1173
5232	1163
5233	1239
5234	3078
5235	2242
5236	3302
5237	624
5238	509
5239	1619
5240	1774
5241	638
5242	1104
5243	787
5244	2304
5245	2500
5246	1553
5247	1490
5248	644
5249	1059
5250	1773
5251	2928
5252	3130
5253	1766
5254	2428
5255	1911
5256	3402
5257	2492
5258	857
5259	1972
5260	284
5261	2512
5262	1086
5263	1745
5264	3024
5265	395
5266	3205
5267	2512
5268	1750
5269	3131
5270	1281
5271	2040
5272	2945
5273	3399
5274	3303
5275	1939
5276	1453
5277	123
5278	905
5279	792
5280	2210
5281	3271
5282	3278
5283	2273
5284	1848
5285	3460
5286	1862
5287	1003
5288	2862
5289	458
5290	880
5291	2056
5292	180
5293	3384
5294	3484
5295	222
5296	2817
5297	3058
5298	2832
5299	3335
5300	2661
5301	2716
5302	2727
5303	2602
5304	2985
5305	1333
5306	1532
5307	224
5308	3011
5309	549
5310	2434
5311	203
5312	2162
5313	331
5314	3350
5315	3158
5316	1009
5317	3240
5318	1530
5319	1150
5320	944
5321	1818
5322	679
5323	177
5324	3037
5325	133
5326	2229
5327	531
5328	2048
5329	1788
5330	1045
5331	208
5332	1528
5333	3248
5334	1398
5335	2113
5336	1981
5337	2344
5338	713
5339	236
5340	2641
5341	1809
5342	858
5343	1419
5344	2601
5345	538
5346	3279
5347	407
5348	257
5349	856
5350	780
5351	2517
5352	2889
5353	2596
5354	1064
5355	871
5356	345
5357	2744
5358	821
5359	15
5360	690
5361	505
5362	359
5363	2723
5364	493
5365	657
5366	2733
5367	3280
5368	3326
5369	2752
5370	3080
5371	2417
5372	3380
5373	3338
5374	2229
5375	1168
5376	892
5377	2919
5378	1282
5379	3168
5380	75
5381	1553
5382	3019
5383	30
5384	2291
5385	2915
5386	955
5387	2750
5388	1443
5389	2105
5390	1036
5391	1173
5392	2314
5393	3287
5394	2043
5395	645
5396	2607
5397	2656
5398	1469
5399	3408
5400	3253
5401	1064
5402	2821
5403	41
5404	2155
5405	845
5406	1660
5407	1509
5408	274
5409	862
5410	1753
5411	2214
5412	2010
5413	925
5414	1383
5415	143
5416	1388
5417	3241
5418	1294
5419	163
5420	1481
5421	1360
5422	3124
5423	1087
5424	2721
5425	1700
5426	2282
5427	580
5428	397
5429	3479
5430	361
5431	3206
5432	647
5433	2302
5434	2371
5435	101
5436	1238
5437	3488
5438	1396
5439	275
5440	1661
5441	1185
5442	1748
5443	1946
5444	2040
5445	173
5446	194
5447	2012
5448	1475
5449	1198
5450	247
5451	2987
5452	3144
5453	1624
5454	2761
5455	2133
5456	1343
5457	2164
5458	1372
5459	1079
5460	1793
5461	846
5462	1428
5463	1936
5464	1445
5465	197
5466	786
5467	461
5468	3072
5469	2402
5470	591
5471	989
5472	220
5473	2766
5474	49
5475	1732
5476	2695
5477	1918
5478	869
5479	2776
5480	553
5481	215
5482	101
5483	2926
5484	2827
5485	2880
5486	1502
5487	1771
5488	504
5489	2699
5490	283
5491	8
5492	117
5493	1536
5494	1492
5495	2380
5496	841
5497	946
5498	2066
5499	1535
5500	303
5501	328
5502	1856
5503	2557
5504	2390
5505	3209
5506	840
5507	1716
5508	2653
5509	2925
5510	1367
5511	1457
5512	1784
5513	255
5514	1065
5515	2120
5516	2038
5517	2905
5518	3040
5519	1399
5520	1498
5521	2286
5522	1434
5523	970
5524	2748
5525	2860
5526	1925
5527	2220
5528	2861
5529	3144
5530	2279
5531	3401
5532	1713
5533	2481
5534	1071
5535	22
5536	2091
5537	553
5538	1221
5539	2844
5540	543
5541	3114
5542	22
5543	1430
5544	2585
5545	3355
5546	2131
5547	1343
5548	2639
5549	576
5550	2705
5551	543
5552	35
5553	749
5554	727
5555	1602
5556	3403
5557	2923
5558	2394
5559	1811
5560	2956
5561	3392
5562	527
5563	3200
5564	950
5565	2095
5566	1651
5567	2327
5568	467
5569	1137
5570	2456
5571	2975
5572	1243
5573	2420
5574	866
5575	2332
5576	664
5577	1542
5578	2223
5579	1193
5580	385
5581	809
5582	2646
5583	1159
5584	1090
5585	1672
5586	195
5587	2217
5588	2984
5589	3161
5590	2907
5591	611
5592	1988
5593	1689
5594	1659
5595	1072
5596	2454
5597	18
5598	294
5599	1537
5600	2936
5601	3089
5602	2630
5603	2973
5604	2794
5605	1869
5606	730
5607	15
5608	2803
5609	847
5610	3372
5611	2484
5612	3389
5613	2125
5614	2982
5615	2666
5616	694
5617	2999
5618	1045
5619	1731
5620	2911
5621	2443
5622	2104
5623	1640
5624	569
5625	3390
5626	484
5627	2188
5628	1714
5629	463
5630	1345
5631	550
5632	3090
5633	1992
5634	1851
5635	2837
5636	534
5637	707
5638	2036
5639	1291
5640	1266
5641	1303
5642	1483
5643	2874
5644	959
5645	1487
5646	1268
5647	870
5648	358
5649	1084
5650	2591
5651	2632
5652	797
5653	3057
5654	699
5655	3252
5656	2332
5657	2752
5658	547
5659	1834
5660	1008
5661	2551
5662	2022
5663	3176
5664	262
5665	1300
5666	2741
5667	2545
5668	498
5669	2795
5670	3464
5671	170
5672	1011
5673	1446
5674	2799
5675	1419
5676	187
5677	1855
5678	2283
5679	2191
5680	415
5681	840
5682	1732
5683	357
5684	254
5685	3374
5686	566
5687	2258
5688	1016
5689	2283
5690	3266
5691	1413
5692	175
5693	2074
5694	144
5695	720
5696	1614
5697	1630
5698	756
5699	1227
5700	870
5701	2995
5702	2794
5703	1522
5704	1926
5705	11
5706	68
5707	1141
5708	3051
5709	983
5710	2968
5711	1663
5712	829
5713	2226
5714	2015
5715	2133
5716	1254
5717	3225
5718	1549
5719	3066
5720	2141
5721	828
5722	1033
5723	184
5724	7
5725	2630
5726	844
5727	573
5728	2560
5729	824
5730	795
5731	228
5732	279
5733	1152
5734	1247
5735	753
5736	1674
5737	2565
5738	2463
5739	77
5740	511
5741	2365
5742	910
5743	1721
5744	2496
5745	3031
5746	2637
5747	2991
5748	2427
5749	378
5750	2121
5751	1504
5752	2689
5753	1170
5754	309
5755	27
5756	3191
5757	459
5758	235
5759	1154
5760	1975
5761	3427
5762	455
5763	1965
5764	2828
5765	3420
5766	1887
5767	1799
5768	1167
5769	1307
5770	1261
5771	474
5772	2691
5773	218
5774	397
5775	2977
5776	2825
5777	1839
5778	2052
5779	647
5780	80
5781	2680
5782	2540
5783	3386
5784	2136
5785	980
5786	147
5787	2322
5788	469
5789	442
5790	1886
5791	1554
5792	3196
5793	3168
5794	2118
5795	2910
5796	588
5797	2600
5798	2618
5799	1857
5800	2996
5801	378
5802	2648
5803	2811
5804	2994
5805	2137
5806	220
5807	3321
5808	646
5809	2175
5810	907
5811	3100
5812	3362
5813	2098
5814	2178
5815	2224
5816	2490
5817	690
5818	3251
5819	1446
5820	2093
5821	781
5822	1276
5823	1102
5824	2890
5825	2106
5826	963
5827	616
5828	111
5829	1368
5830	114
5831	3377
5832	772
5833	2679
5834	104
5835	2475
5836	73
5837	2277
5838	1447
5839	3385
5840	1182
5841	331
5842	2955
5843	493
5844	1973
5845	1876
5846	2022
5847	1731
5848	1375
5849	3483
5850	1255
5851	729
5852	2269
5853	3204
5854	2246
5855	2938
5856	2743
5857	386
5858	3139
5859	1089
5860	2814
5861	532
5862	3138
5863	2909
5864	372
5865	1368
5866	3136
5867	1189
5868	2217
5869	1979
5870	2545
5871	1640
5872	3331
5873	2670
5874	992
5875	24
5876	1215
5877	3248
5878	1967
5879	2885
5880	1109
5881	1677
5882	32
5883	724
5884	2335
5885	1203
5886	574
5887	567
5888	283
5889	964
5890	2844
5891	2242
5892	146
5893	1512
5894	1674
5895	1561
5896	3128
5897	3459
5898	203
5899	1
5900	2708
5901	2318
5902	415
5903	140
5904	3136
5905	3292
5906	3029
5907	1216
5908	1100
5909	2419
5910	636
5911	1931
5912	3128
5913	987
5914	568
5915	1643
5916	410
5917	114
5918	157
5919	2295
5920	1762
5921	776
5922	3117
5923	2621
5924	2934
5925	2298
5926	1028
5927	1536
5928	3454
5929	821
5930	684
5931	2815
5932	159
5933	421
5934	1137
5935	2668
5936	454
5937	1205
5938	2148
5939	3068
5940	2791
5941	1306
5942	1829
5943	1222
5944	3079
5945	2708
5946	2228
5947	2814
5948	1532
5949	3053
5950	3091
5951	1099
5952	3277
5953	2707
5954	1169
5955	494
5956	1171
5957	1216
5958	1098
5959	1693
5960	2508
5961	314
5962	1923
5963	3142
5964	1037
5965	2725
5966	2627
5967	575
5968	1461
5969	1740
5970	74
5971	2974
5972	2046
5973	2075
5974	474
5975	2207
5976	1785
5977	1866
5978	1650
5979	2052
5980	991
5981	39
5982	2219
5983	1141
5984	3434
5985	1254
5986	451
5987	2054
5988	1187
5989	488
5990	2047
5991	335
5992	3459
5993	886
5994	1004
5995	2452
5996	2033
5997	2717
5998	184
5999	2074
6000	3110
6001	3049
6002	342
6003	153
6004	338
6005	3087
6006	3267
6007	16
6008	1491
6009	2082
6010	1707
6011	2408
6012	2455
6013	2094
6014	3296
6015	1448
6016	2018
6017	377
6018	2216
6019	142
6020	3458
6021	2565
6022	684
6023	1425
6024	1762
6025	2898
6026	3185
6027	1693
6028	1562
6029	1710
6030	1575
6031	1942
6032	3361
6033	1314
6034	892
6035	3387
6036	2373
6037	1227
6038	2780
6039	2981
6040	1228
6041	178
6042	2021
6043	2843
6044	1404
6045	129
6046	3455
6047	149
6048	2746
6049	1170
6050	2421
6051	401
6052	2194
6053	2315
6054	1619
6055	956
6056	2627
6057	2249
6058	882
6059	63
6060	2150
6061	1448
6062	782
6063	1842
6064	2325
6065	190
6066	3360
6067	2893
6068	494
6069	984
6070	619
6071	1459
6072	2700
6073	2198
6074	956
6075	2248
6076	2894
6077	2097
6078	1538
6079	8
6080	1302
6081	2553
6082	3271
6083	3057
6084	1763
6085	2525
6086	1723
6087	1654
6088	1412
6089	2172
6090	1430
6091	1241
6092	2862
6093	2272
6094	1664
6095	997
6096	3277
6097	2826
6098	417
6099	2089
6100	3383
6101	1803
6102	2396
6103	2792
6104	1778
6105	406
6106	2220
6107	2404
6108	1352
6109	1979
6110	1726
6111	2347
6112	3184
6113	1996
6114	1900
6115	56
6116	1412
6117	1715
6118	901
6119	3143
6120	379
6121	2847
6122	432
6123	360
6124	3185
6125	1107
6126	30
6127	2358
6128	2032
6129	1726
6130	1990
6131	2992
6132	1609
6133	896
6134	889
6135	471
6136	465
6137	3384
6138	2759
6139	2156
6140	2431
6141	1110
6142	2737
6143	3058
6144	1861
6145	1234
6146	929
6147	746
6148	3034
6149	3434
6150	1253
6151	96
6152	532
6153	1203
6154	1771
6155	1864
6156	499
6157	2954
6158	2625
6159	534
6160	3000
6161	267
6162	2097
6163	2389
6164	625
6165	2039
6166	625
6167	925
6168	2858
6169	1427
6170	1437
6171	280
6172	3074
6173	1632
6174	21
6175	2870
6176	1382
6177	1100
6178	628
6179	2440
6180	2301
6181	3483
6182	702
6183	588
6184	1425
6185	2352
6186	918
6187	3161
6188	1516
6189	289
6190	719
6191	3317
6192	239
6193	1120
6194	3260
6195	512
6196	1768
6197	1006
6198	1517
6199	1120
6200	1524
6201	2644
6202	2136
6203	2021
6204	1609
6205	1276
6206	1798
6207	1290
6208	1970
6209	2874
6210	432
6211	254
6212	3390
6213	3170
6214	2531
6215	3377
6216	1948
6217	1767
6218	1062
6219	2739
6220	2738
6221	2289
6222	2123
6223	825
6224	1506
6225	193
6226	1519
6227	841
6228	202
6229	3460
6230	193
6231	3467
6232	850
6233	1531
6234	2481
6235	3342
6236	877
6237	430
6238	153
6239	929
6240	1860
6241	2795
6242	809
6243	1854
6244	160
6245	1564
6246	1135
6247	289
6248	1764
6249	1079
6250	2288
6251	142
6252	90
6253	1584
6254	1662
6255	256
6256	1835
6257	1359
6258	467
6259	1225
6260	216
6261	747
6262	649
6263	3088
6264	2350
6265	3373
6266	1371
6267	2524
6268	2797
6269	688
6270	2279
6271	126
6272	671
6273	301
6274	3088
6275	3302
6276	1699
6277	1232
6278	2244
6279	355
6280	401
6281	1910
6282	2599
6283	1427
6284	1767
6285	3331
6286	2922
6287	3208
6288	1283
6289	2642
6290	1637
6291	3447
6292	860
6293	978
6294	3298
6295	3264
6296	702
6297	505
6298	1614
6299	1021
6300	13
6301	3110
6302	1523
6303	32
6304	1653
6305	3201
6306	2399
6307	969
6308	1128
6309	788
6310	2538
6311	1421
6312	1974
6313	324
6314	537
6315	676
6316	586
6317	24
6318	2951
6319	1163
6320	188
6321	1134
6322	1294
6323	2116
6324	3002
6325	1511
6326	621
6327	1556
6328	2953
6329	3336
6330	2272
6331	1247
6332	3263
6333	3038
6334	56
6335	2134
6336	2586
6337	656
6338	1184
6339	1498
6340	762
6341	1684
6342	318
6343	2556
6344	1103
6345	1537
6346	2981
6347	3183
6348	1383
6349	423
6350	2246
6351	2353
6352	2527
6353	508
6354	1598
6355	2811
6356	2620
6357	3422
6358	1205
6359	1232
6360	2490
6361	233
6362	962
6363	1621
6364	909
6365	2080
6366	2801
6367	3188
6368	3073
6369	2308
6370	844
6371	450
6372	1642
6373	538
6374	1657
6375	819
6376	2893
6377	659
6378	1124
6379	3275
6380	1360
6381	1184
6382	968
6383	1848
6384	340
6385	2954
6386	1321
6387	1256
6388	1274
6389	1964
6390	2501
6391	275
6392	1838
6393	2376
6394	1560
6395	1970
6396	1020
6397	1121
6398	3351
6399	3416
6400	2866
6401	1948
6402	402
6403	1772
6404	130
6405	1208
6406	509
6407	2402
6408	2900
6409	412
6410	2124
6411	1928
6412	921
6413	2303
6414	1769
6415	655
6416	2344
6417	366
6418	854
6419	1989
6420	3120
6421	2184
6422	188
6423	332
6424	660
6425	2922
6426	814
6427	2737
6428	2261
6429	2784
6430	179
6431	2077
6432	1111
6433	3135
6434	2593
6435	166
6436	1601
6437	777
6438	2693
6439	2138
6440	185
6441	696
6442	342
6443	2142
6444	723
6445	1090
6446	1720
6447	578
6448	2080
6449	1345
6450	3241
6451	1722
6452	3153
6453	1284
6454	1186
6455	1027
6456	179
6457	1928
6458	1846
6459	1250
6460	2134
6461	347
6462	2042
6463	1321
6464	2840
6465	102
6466	653
6467	2094
6468	1588
6469	414
6470	3304
6471	961
6472	3338
6473	3283
6474	2099
6475	3388
6476	2710
6477	91
6478	535
6479	2412
6480	760
6481	705
6482	423
6483	2290
6484	1393
6485	3092
6486	1028
6487	3171
6488	2518
6489	2712
6490	90
6491	400
6492	1352
6493	952
6494	2894
6495	3169
6496	923
6497	1728
6498	124
6499	76
6500	1915
6501	1128
6502	3303
6503	1997
6504	1495
6505	1363
6506	515
6507	887
6508	129
6509	2381
6510	2883
6511	2404
6512	1777
6513	2735
6514	1569
6515	2735
6516	712
6517	635
6518	79
6519	649
6520	175
6521	2615
6522	1834
6523	919
6524	878
6525	2498
6526	1323
6527	2380
6528	82
6529	681
6530	3133
6531	2581
6532	3142
6533	933
6534	3274
6535	2763
6536	1974
6537	2635
6538	2596
6539	1462
6540	879
6541	2700
6542	2440
6543	1968
6544	1715
6545	1777
6546	814
6547	1252
6548	291
6549	27
6550	1251
6551	583
6552	612
6553	380
6554	2753
6555	1472
6556	529
6557	2426
6558	1114
6559	2999
6560	1795
6561	2790
6562	1134
6563	3305
6564	2016
6565	3426
6566	326
6567	1317
6568	328
6569	604
6570	2077
6571	3243
6572	1968
6573	102
6574	1942
6575	2470
6576	1207
6577	2177
6578	3298
6579	3260
6580	1587
6581	345
6582	1584
6583	2817
6584	324
6585	2148
6586	2179
6587	3342
6588	41
6589	1376
6590	1748
6591	2493
6592	1151
6593	3264
6594	2149
6595	457
6596	2273
6597	3400
6598	1886
6599	572
6600	1627
6601	747
6602	1226
6603	1694
6604	3172
6605	669
6606	1015
6607	1404
6608	2619
6609	1865
6610	2896
6611	3112
6612	2377
6613	1579
6614	860
6615	1317
6616	1399
6617	1138
6618	2560
6619	549
6620	561
6621	1996
6622	1421
6623	599
6624	1650
6625	2820
6626	428
6627	2809
6628	1496
6629	3080
6630	868
6631	2643
6632	754
6633	1852
6634	909
6635	2255
6636	3164
6637	2757
6638	2599
6639	3153
6640	624
6641	1958
6642	1696
6643	1393
6644	402
6645	2564
6646	836
6647	111
6648	3090
6649	97
6650	2968
6651	529
6652	1233
6653	1376
6654	2319
6655	3497
6656	1851
6657	1959
6658	1838
6659	3491
6660	445
6661	273
6662	1598
6663	3201
6664	1072
6665	912
6666	84
6667	1898
6668	2705
6669	294
6670	376
6671	2378
6672	288
6673	2962
6674	2049
6675	1495
6676	384
6677	554
6678	1997
6679	2704
6680	635
6681	1259
6682	2396
6683	1544
6684	1233
6685	745
6686	3337
6687	164
6688	3388
6689	1566
6690	249
6691	1402
6692	1808
6693	2219
6694	3106
6695	1179
6696	2951
6697	3452
6698	314
6699	2149
6700	256
6701	79
6702	3471
6703	2421
6704	1112
6705	247
6706	1573
6707	1744
6708	663
6709	961
6710	1292
6711	612
6712	327
6713	533
6714	1627
6715	1998
6716	554
6717	1000
6718	2695
6719	801
6720	2458
6721	2214
6722	1530
6723	2000
6724	1451
6725	938
6726	764
6727	1995
6728	3386
6729	2006
6730	593
6731	176
6732	1413
6733	2974
6734	1854
6735	2600
6736	3341
6737	1679
6738	1407
6739	2006
6740	1300
6741	3400
6742	2277
6743	1451
6744	2390
6745	3499
6746	1255
6747	938
6748	865
6749	2123
6750	2527
6751	3499
6752	527
6753	2377
6754	2253
6755	226
6756	2980
6757	1046
6758	1208
6759	3139
6760	683
6761	1180
6762	380
6763	202
6764	3096
6765	882
6766	3311
6767	2012
6768	1027
6769	3467
6770	937
6771	288
6772	610
6773	1266
6774	2386
6775	1573
6776	1022
6777	3171
6778	1022
6779	1158
6780	1580
6781	706
6782	3210
6783	1714
6784	1251
6785	2406
6786	425
6787	360
6788	2757
6789	512
6790	2640
6791	1322
6792	74
6793	968
6794	269
6795	1108
6796	3440
6797	1179
6798	1914
6799	2711
6800	745
6801	1108
6802	3024
6803	3106
6804	1138
6805	1517
6806	500
6807	1112
6808	3411
6809	2420
6810	3232
6811	657
6812	3166
6813	1857
6814	2139
6815	1088
6816	173
6817	2896
6818	1991
6819	2003
6820	1615
6821	1898
6822	1274
6823	57
6824	3267
6825	1993
6826	2118
6827	1579
6828	231
6829	623
6830	1987
6831	2370
6832	1925
6833	2205
6834	2433
6835	1642
6836	1580
6837	1151
6838	3243
6839	1234
6840	1213
6841	2820
6842	281
6843	3299
6844	906
6845	1977
6846	1554
6847	3227
6848	2024
6849	2800
6850	2026
6851	1252
6852	3083
6853	76
6854	1356
6855	3083
6856	87
6857	2121
6858	2635
6859	537
6860	226
6861	425
6862	1902
6863	578
6864	1277
6865	2866
6866	2130
6867	1782
6868	3234
6869	1815
6870	87
6871	1829
6872	1124
6873	1995
6874	457
6875	1937
6876	164
6877	3346
6878	1775
6879	1874
6880	145
6881	2103
6882	1540
6883	3199
6884	2298
6885	2578
6886	3358
6887	3176
6888	1937
6889	1815
6890	318
6891	3118
6892	421
6893	3170
6894	1864
6895	3215
6896	1822
6897	1641
6898	3097
6899	1000
6900	2538
6901	2160
6902	2386
6903	1992
6904	1839
6905	161
6906	185
6907	1356
6908	1239
6909	2138
6910	2855
6911	2479
6912	84
6913	1697
6914	160
6915	1681
6916	263
6917	327
6918	376
6919	3212
6920	2984
6921	2368
6922	1874
6923	1766
6924	1354
6925	2643
6926	2103
6927	1544
6928	465
6929	737
6930	3311
6931	1625
6932	1114
6933	848
6934	2678
6935	2207
6936	1870
6937	1497
6938	1186
6939	3097
6940	1213
6941	1694
6942	2501
6943	1679
6944	248
6945	2588
6946	2540
6947	1697
6948	2779
6949	2615
6950	1496
6951	2580
6952	1354
6953	1656
6954	1088
6955	351
6956	2971
6957	3023
6958	2971
6959	2575
6960	354
6961	2744
6962	2406
6963	980
6964	1966
6965	2007
6966	2763
6967	2007
6968	2139
6969	3334
6970	9
6971	1987
6972	927
6973	2673
6974	777
6975	913
6976	248
6977	865
6978	2370
6979	1782
6980	1870
6981	2812
6982	2542
6983	1852
6984	2001
6985	3023
6986	281
6987	1958
6988	2699
6989	2670
6990	2855
6991	1504
6992	3358
6993	2580
6994	2585
6995	2001
6996	2124
6997	351
6998	2425
6999	2425
7000	187
