Class Times	10
Rooms	1000
1	293
2	951
3	436
4	539
5	193
6	395
7	183
8	299
9	511
10	319
11	832
12	959
13	436
14	126
15	292
16	902
17	790
18	161
19	404
20	463
21	126
22	192
23	600
24	282
25	908
26	311
27	58
28	638
29	460
30	213
31	857
32	840
33	930
34	523
35	206
36	988
37	493
38	231
39	669
40	198
41	237
42	523
43	439
44	185
45	572
46	725
47	750
48	76
49	116
50	653
51	409
52	945
53	483
54	934
55	819
56	545
57	106
58	114
59	690
60	666
61	462
62	183
63	544
64	498
65	77
66	438
67	102
68	144
69	447
70	198
71	879
72	277
73	655
74	35
75	134
76	580
77	877
78	537
79	170
80	300
81	373
82	635
83	316
84	426
85	333
86	811
87	388
88	339
89	49
90	467
91	739
92	970
93	969
94	230
95	541
96	90
97	777
98	374
99	415
100	661
101	739
102	212
103	334
104	651
105	786
106	671
107	944
108	160
109	558
110	128
111	165
112	616
113	820
114	665
115	767
116	357
117	602
118	917
119	170
120	307
121	850
122	548
123	173
124	813
125	998
126	374
127	974
128	33
129	874
130	435
131	523
132	71
133	704
134	13
135	997
136	143
137	438
138	481
139	504
140	795
141	535
142	151
143	272
144	867
145	494
146	611
147	353
148	905
149	572
150	511
151	352
152	112
153	805
154	228
155	138
156	960
157	122
158	693
159	365
160	436
161	870
162	313
163	457
164	697
165	420
166	472
167	877
168	22
169	722
170	873
171	266
172	823
173	247
174	252
175	380
176	145
177	688
178	172
179	229
180	556
181	193
182	219
183	973
184	546
185	249
186	205
187	680
188	893
189	264
190	686
191	356
192	958
193	652
194	300
195	285
196	58
197	893
198	889
199	124
200	658
201	984
202	872
203	283
204	946
205	104
206	995
207	440
208	176
209	521
210	511
211	867
212	203
213	754
214	471
215	343
216	798
217	115
218	408
219	121
220	633
221	513
222	933
223	17
224	896
225	460
226	702
227	786
228	849
229	866
230	679
231	306
232	500
233	597
234	783
235	831
236	127
237	187
238	428
239	891
240	250
241	940
242	583
243	339
244	347
245	420
246	624
247	744
248	260
249	637
250	142
251	547
252	746
253	327
254	610
255	47
256	978
257	624
258	140
259	955
260	425
261	636
262	18
263	329
264	851
265	143
266	917
267	501
268	813
269	632
270	596
271	362
272	57
273	818
274	504
275	573
276	794
277	20
278	263
279	140
280	446
281	688
282	457
283	109
284	29
285	695
286	271
287	536
288	423
289	586
290	169
291	757
292	851
293	509
294	918
295	391
296	89
297	517
298	807
299	160
300	205
301	246
302	768
303	43
304	998
305	507
306	608
307	295
308	402
309	724
310	179
311	87
312	552
313	236
314	342
315	350
316	288
317	815
318	485
319	677
320	656
321	664
322	864
323	711
324	434
325	320
326	333
327	608
328	609
329	439
330	412
331	393
332	741
333	770
334	624
335	367
336	549
337	448
338	622
339	886
340	317
341	92
342	587
343	637
344	67
345	459
346	93
347	330
348	874
349	667
350	784
351	962
352	337
353	115
354	742
355	789
356	877
357	530
358	522
359	736
360	272
361	790
362	830
363	866
364	696
365	458
366	42
367	407
368	949
369	302
370	457
371	914
372	319
373	811
374	11
375	551
376	961
377	54
378	482
379	842
380	316
381	71
382	420
383	403
384	17
385	918
386	526
387	99
388	857
389	424
390	554
391	501
392	532
393	435
394	63
395	97
396	32
397	231
398	934
399	482
400	40
401	80
402	139
403	604
404	646
405	956
406	308
407	345
408	93
409	97
410	194
411	369
412	577
413	685
414	409
415	181
416	74
417	932
418	352
419	832
420	278
421	848
422	122
423	44
424	54
425	842
426	174
427	111
428	225
429	143
430	727
431	536
432	397
433	796
434	353
435	924
436	883
437	917
438	497
439	752
440	998
441	137
442	944
443	140
444	591
445	521
446	460
447	351
448	367
449	682
450	817
451	125
452	851
453	107
454	334
455	972
456	67
457	210
458	585
459	628
460	532
461	503
462	771
463	738
464	607
465	191
466	160
467	736
468	371
469	750
470	670
471	49
472	53
473	871
474	963
475	935
476	341
477	313
478	164
479	997
480	106
481	516
482	440
483	53
484	517
485	318
486	978
487	588
488	155
489	356
490	785
491	99
492	116
493	234
494	445
495	834
496	884
497	848
498	272
499	433
500	632
501	334
502	657
503	663
504	934
505	29
506	120
507	71
508	152
509	424
510	997
511	393
512	409
513	504
514	928
515	582
516	35
517	10
518	701
519	594
520	833
521	141
522	69
523	141
524	571
525	878
526	245
527	719
528	727
529	510
530	522
531	677
532	399
533	848
534	852
535	786
536	477
537	780
538	347
539	931
540	641
541	692
542	721
543	592
544	166
545	600
546	935
547	747
548	443
549	147
550	593
551	63
552	521
553	661
554	754
555	990
556	439
557	912
558	484
559	759
560	24
561	729
562	928
563	689
564	590
565	142
566	761
567	210
568	857
569	475
570	870
571	891
572	837
573	721
574	458
575	124
576	524
577	576
578	583
579	619
580	809
581	348
582	786
583	895
584	295
585	940
586	497
587	336
588	36
589	657
590	52
591	360
592	124
593	689
594	898
595	557
596	891
597	309
598	700
599	92
600	95
601	828
602	618
603	704
604	922
605	132
606	219
607	48
608	689
609	233
610	435
611	604
612	711
613	626
614	455
615	521
616	63
617	434
618	964
619	16
620	250
621	471
622	696
623	242
624	429
625	448
626	56
627	120
628	342
629	256
630	232
631	98
632	969
633	411
634	397
635	201
636	176
637	256
638	170
639	96
640	381
641	356
642	332
643	537
644	35
645	240
646	739
647	62
648	538
649	954
650	653
651	249
652	747
653	620
654	466
655	988
656	898
657	244
658	177
659	880
660	429
661	465
662	734
663	375
664	221
665	662
666	352
667	596
668	525
669	836
670	245
671	247
672	535
673	981
674	594
675	75
676	537
677	94
678	169
679	716
680	600
681	548
682	103
683	733
684	76
685	376
686	595
687	348
688	69
689	311
690	819
691	532
692	291
693	674
694	750
695	901
696	146
697	153
698	173
699	40
700	356
701	147
702	563
703	315
704	746
705	420
706	129
707	862
708	760
709	263
710	936
711	760
712	451
713	651
714	171
715	182
716	140
717	776
718	571
719	669
720	978
721	717
722	38
723	423
724	380
725	847
726	424
727	707
728	463
729	392
730	521
731	732
732	853
733	33
734	178
735	10
736	907
737	486
738	854
739	91
740	636
741	82
742	744
743	577
744	163
745	266
746	813
747	740
748	671
749	662
750	690
751	238
752	708
753	726
754	663
755	676
756	208
757	994
758	692
759	425
760	690
761	867
762	271
763	363
764	619
765	492
766	594
767	979
768	586
769	610
770	124
771	687
772	432
773	293
774	440
775	375
776	50
777	419
778	855
779	935
780	60
781	348
782	721
783	694
784	707
785	161
786	868
787	324
788	595
789	320
790	674
791	742
792	628
793	682
794	922
795	69
796	854
797	173
798	694
799	412
800	601
801	135
802	357
803	24
804	471
805	813
806	210
807	985
808	407
809	611
810	247
811	444
812	51
813	541
814	117
815	318
816	741
817	286
818	219
819	953
820	991
821	181
822	708
823	223
824	453
825	325
826	873
827	682
828	784
829	284
830	382
831	482
832	370
833	393
834	724
835	208
836	150
837	575
838	658
839	318
840	89
841	593
842	335
843	320
844	944
845	972
846	280
847	436
848	744
849	755
850	884
851	499
852	307
853	427
854	616
855	919
856	898
857	118
858	829
859	635
860	678
861	548
862	592
863	445
864	418
865	108
866	104
867	849
868	699
869	902
870	370
871	822
872	407
873	65
874	676
875	186
876	671
877	230
878	447
879	672
880	160
881	36
882	577
883	454
884	742
885	537
886	639
887	478
888	68
889	794
890	67
891	972
892	75
893	551
894	136
895	606
896	661
897	475
898	909
899	544
900	306
901	62
902	342
903	720
904	931
905	744
906	808
907	798
908	212
909	242
910	579
911	369
912	231
913	815
914	458
915	264
916	267
917	86
918	582
919	941
920	261
921	742
922	863
923	141
924	621
925	66
926	789
927	839
928	887
929	611
930	412
931	631
932	911
933	277
934	932
935	206
936	605
937	408
938	537
939	586
940	21
941	77
942	844
943	751
944	818
945	64
946	802
947	179
948	983
949	43
950	634
951	89
952	514
953	337
954	801
955	837
956	155
957	812
958	316
959	70
960	956
961	689
962	767
963	835
964	427
965	946
966	729
967	332
968	680
969	198
970	223
971	551
972	808
973	353
974	185
975	384
976	150
977	917
978	748
979	200
980	180
981	429
982	390
983	470
984	153
985	962
986	179
987	683
988	322
989	259
990	650
991	219
992	243
993	394
994	595
995	157
996	593
997	377
998	813
999	21
1000	74
Classes	8000
Teachers	4000
1	3726
2	2330
3	631
4	1097
5	3629
6	1530
7	1110
8	10
9	1189
10	2594
11	2249
12	996
13	3140
14	2172
15	3843
16	3764
17	807
18	1039
19	3635
20	1906
21	2899
22	231
23	839
24	3007
25	442
26	1209
27	2128
28	1012
29	2229
30	144
31	2496
32	1918
33	3152
34	2088
35	2516
36	717
37	641
38	1281
39	1345
40	3943
41	1447
42	2399
43	1165
44	1338
45	3899
46	3302
47	288
48	1661
49	2377
50	3263
51	3397
52	726
53	2497
54	1990
55	1640
56	2260
57	1784
58	3519
59	3629
60	1320
61	2556
62	2755
63	2775
64	3809
65	3285
66	1563
67	559
68	1576
69	2647
70	2615
71	1776
72	571
73	2364
74	2249
75	1019
76	3335
77	3216
78	2220
79	2606
80	2771
81	2425
82	1232
83	2115
84	3395
85	30
86	3376
87	162
88	3483
89	1720
90	2044
91	3875
92	429
93	1472
94	509
95	986
96	745
97	3794
98	1289
99	1898
100	1331
101	1540
102	2649
103	3443
104	2537
105	3409
106	2519
107	1311
108	2201
109	22
110	1772
111	1872
112	1897
113	865
114	1674
115	3867
116	369
117	632
118	1716
119	520
120	1268
121	229
122	2401
123	1125
124	1241
125	726
126	3367
127	961
128	1053
129	3168
130	162
131	2366
132	1191
133	811
134	2488
135	1294
136	3400
137	3953
138	3687
139	300
140	3350
141	130
142	263
143	571
144	2407
145	2602
146	1188
147	2573
148	836
149	2436
150	1558
151	1694
152	200
153	2279
154	2664
155	725
156	1839
157	1420
158	1858
159	2476
160	774
161	3702
162	2709
163	2457
164	941
165	308
166	1009
167	1587
168	2002
169	1710
170	2413
171	1969
172	1145
173	758
174	2113
175	3783
176	2888
177	3051
178	268
179	2570
180	1311
181	491
182	1339
183	3142
184	3916
185	52
186	2450
187	3928
188	54
189	2948
190	875
191	1920
192	3272
193	48
194	371
195	3012
196	1604
197	1815
198	2914
199	2220
200	735
201	1251
202	2141
203	1187
204	1780
205	2388
206	3297
207	3828
208	2195
209	2232
210	347
211	3888
212	2873
213	515
214	3323
215	2375
216	3064
217	2250
218	3530
219	3907
220	3171
221	2265
222	1238
223	3414
224	1360
225	804
226	2590
227	1751
228	1468
229	3045
230	2038
231	3682
232	2596
233	220
234	1079
235	313
236	1941
237	1533
238	364
239	881
240	1452
241	1850
242	2231
243	3036
244	465
245	796
246	2475
247	146
248	474
249	3953
250	2972
251	781
252	3482
253	3025
254	2381
255	1978
256	1000
257	3192
258	2557
259	1439
260	2991
261	970
262	1074
263	667
264	3888
265	1528
266	593
267	1830
268	1290
269	1250
270	1933
271	1028
272	548
273	1273
274	1665
275	268
276	1944
277	539
278	3569
279	1257
280	2687
281	3686
282	998
283	2763
284	3787
285	667
286	3578
287	1371
288	3837
289	1582
290	1866
291	3804
292	1768
293	3831
294	1751
295	3181
296	139
297	625
298	2279
299	758
300	1098
301	3315
302	2966
303	2462
304	1731
305	1270
306	2000
307	1147
308	1433
309	2551
310	263
311	710
312	3753
313	3767
314	1047
315	418
316	1701
317	3807
318	3568
319	2847
320	1115
321	2229
322	3553
323	283
324	1735
325	3456
326	1044
327	2208
328	61
329	2418
330	2261
331	308
332	1981
333	1523
334	2238
335	1360
336	1984
337	3755
338	2886
339	155
340	3349
341	3055
342	3016
343	555
344	3052
345	980
346	2197
347	737
348	1653
349	1925
350	3658
351	1032
352	2901
353	957
354	2922
355	1484
356	3107
357	1744
358	3577
359	1934
360	2971
361	3332
362	423
363	2070
364	3003
365	3857
366	776
367	1250
368	57
369	28
370	2601
371	2121
372	938
373	2754
374	1482
375	2985
376	3178
377	39
378	1575
379	3810
380	892
381	2735
382	3282
383	670
384	2113
385	2541
386	3444
387	3692
388	2932
389	2305
390	1695
391	3354
392	1776
393	3014
394	787
395	3743
396	3498
397	517
398	1225
399	2397
400	35
401	3903
402	1551
403	1294
404	2985
405	2363
406	3791
407	1640
408	3708
409	1291
410	3589
411	1381
412	720
413	2336
414	3838
415	1962
416	127
417	96
418	2355
419	1019
420	2465
421	2376
422	472
423	3766
424	2030
425	534
426	104
427	3004
428	2222
429	702
430	2654
431	3587
432	1472
433	1867
434	470
435	3064
436	364
437	3401
438	1795
439	1790
440	56
441	1933
442	2372
443	2533
444	56
445	1139
446	983
447	3286
448	3958
449	489
450	3956
451	1193
452	3384
453	2993
454	1678
455	2155
456	3083
457	1119
458	2640
459	1522
460	3826
461	174
462	836
463	2289
464	2125
465	2244
466	3323
467	2322
468	2409
469	254
470	260
471	3421
472	1401
473	748
474	3418
475	526
476	1332
477	3553
478	3375
479	3318
480	1764
481	2619
482	2986
483	2822
484	3439
485	704
486	467
487	3290
488	3388
489	3171
490	3110
491	2668
492	1575
493	3959
494	3227
495	3248
496	1375
497	2909
498	460
499	1113
500	1497
501	11
502	1202
503	1698
504	350
505	2428
506	2768
507	2708
508	3442
509	3873
510	531
511	1467
512	581
513	1493
514	1289
515	1234
516	1948
517	2431
518	2779
519	3317
520	1111
521	179
522	17
523	1944
524	1513
525	1808
526	1320
527	3470
528	823
529	3175
530	3011
531	1159
532	2485
533	1038
534	3349
535	1756
536	954
537	3356
538	1927
539	2625
540	1344
541	1186
542	97
543	2114
544	3673
545	918
546	1817
547	1089
548	681
549	2061
550	2352
551	1506
552	1485
553	1249
554	1363
555	2152
556	2419
557	2387
558	1032
559	3256
560	1579
561	223
562	3931
563	3211
564	3542
565	3374
566	410
567	3651
568	1665
569	2187
570	2679
571	3453
572	1977
573	2172
574	1928
575	1318
576	2534
577	3465
578	2392
579	963
580	894
581	2579
582	3336
583	1915
584	2675
585	1712
586	880
587	3160
588	2002
589	2100
590	1937
591	1298
592	30
593	2521
594	425
595	1430
596	947
597	2731
598	1209
599	2773
600	2641
601	2826
602	376
603	1425
604	3103
605	829
606	3102
607	2299
608	2791
609	3059
610	1827
611	2947
612	3326
613	1261
614	3788
615	1930
616	2429
617	2797
618	1660
619	1327
620	541
621	2865
622	2987
623	313
624	3042
625	2857
626	2349
627	1480
628	2380
629	1715
630	3826
631	2916
632	3645
633	227
634	856
635	3712
636	2050
637	22
638	3188
639	3960
640	2602
641	3207
642	160
643	2757
644	1976
645	331
646	1332
647	3759
648	888
649	3736
650	2758
651	1911
652	39
653	410
654	2650
655	3731
656	3750
657	1971
658	1052
659	3243
660	3732
661	3402
662	553
663	2003
664	69
665	2752
666	3938
667	882
668	2558
669	1079
670	3197
671	3312
672	3144
673	1962
674	1139
675	1794
676	3942
677	94
678	1258
679	88
680	3048
681	3257
682	1616
683	2964
684	3586
685	2781
686	1228
687	3975
688	2944
689	2878
690	168
691	2986
692	3685
693	2966
694	3283
695	3447
696	3540
697	44
698	3883
699	2814
700	2764
701	1911
702	2661
703	2616
704	3426
705	445
706	2196
707	1231
708	1297
709	2975
710	2853
711	148
712	2118
713	3131
714	3157
715	226
716	3078
717	93
718	2605
719	3045
720	3212
721	3284
722	2390
723	3883
724	2618
725	9
726	1115
727	1048
728	499
729	789
730	2952
731	472
732	111
733	1170
734	3837
735	1553
736	3904
737	2051
738	1599
739	624
740	3364
741	1300
742	939
743	2201
744	831
745	150
746	3964
747	779
748	573
749	862
750	3744
751	2643
752	3762
753	238
754	3690
755	2548
756	2930
757	3013
758	1362
759	524
760	2904
761	2958
762	2817
763	1187
764	1822
765	2083
766	260
767	3346
768	3224
769	741
770	2509
771	82
772	1696
773	2239
774	1635
775	1609
776	2376
777	3958
778	2683
779	945
780	684
781	3694
782	3258
783	1520
784	3853
785	209
786	203
787	1388
788	697
789	3694
790	3817
791	3589
792	2081
793	453
794	3965
795	2575
796	910
797	3455
798	2838
799	495
800	3275
801	181
802	3577
803	1878
804	3454
805	2364
806	3877
807	1496
808	2536
809	262
810	2751
811	1598
812	932
813	2978
814	3485
815	1701
816	1043
817	2210
818	493
819	818
820	375
821	2254
822	1063
823	2459
824	2520
825	1811
826	2133
827	1910
828	3145
829	1994
830	141
831	599
832	1807
833	1023
834	3369
835	638
836	1349
837	1829
838	3688
839	2194
840	3067
841	1605
842	3288
843	2407
844	700
845	2260
846	641
847	3106
848	1731
849	1003
850	559
851	1093
852	2510
853	2257
854	1746
855	1748
856	555
857	403
858	2853
859	330
860	3185
861	644
862	1702
863	2746
864	797
865	2791
866	2418
867	3511
868	1810
869	627
870	1840
871	2890
872	1176
873	3816
874	1074
875	1160
876	3595
877	121
878	1909
879	1066
880	829
881	1504
882	2341
883	1379
884	3061
885	293
886	1696
887	850
888	1787
889	2538
890	3996
891	761
892	3584
893	3918
894	782
895	1344
896	241
897	1288
898	3456
899	2089
900	3038
901	573
902	1008
903	1447
904	1603
905	12
906	3212
907	798
908	1178
909	3195
910	1916
911	3518
912	703
913	3704
914	1628
915	1463
916	582
917	1396
918	408
919	1002
920	2863
921	3493
922	182
923	1233
924	3567
925	3272
926	3167
927	3377
928	730
929	3944
930	1906
931	1185
932	1083
933	3706
934	2964
935	2633
936	2115
937	1607
938	453
939	399
940	54
941	2338
942	1697
943	1963
944	278
945	608
946	1947
947	2425
948	2453
949	2616
950	3652
951	1707
952	1719
953	1790
954	951
955	3932
956	780
957	3638
958	2655
959	2927
960	1893
961	2338
962	2494
963	1063
964	2812
965	2817
966	447
967	444
968	2427
969	1963
970	1221
971	702
972	361
973	421
974	741
975	1100
976	1016
977	3296
978	3399
979	1205
980	953
981	1098
982	2014
983	1887
984	1791
985	2553
986	3960
987	3468
988	1580
989	631
990	1715
991	574
992	336
993	581
994	1712
995	216
996	156
997	3266
998	1404
999	3169
1000	3294
1001	1939
1002	3204
1003	1541
1004	371
1005	353
1006	1431
1007	1931
1008	3410
1009	1172
1010	1656
1011	585
1012	3643
1013	3537
1014	1105
1015	3366
1016	2050
1017	1918
1018	1359
1019	3203
1020	2243
1021	74
1022	1152
1023	1917
1024	1315
1025	3596
1026	791
1027	3630
1028	1088
1029	3578
1030	3975
1031	3604
1032	1351
1033	295
1034	3427
1035	2537
1036	677
1037	3
1038	3474
1039	707
1040	197
1041	3328
1042	1581
1043	2955
1044	944
1045	1193
1046	1762
1047	3142
1048	2440
1049	1318
1050	306
1051	1584
1052	275
1053	3008
1054	1444
1055	2612
1056	810
1057	1174
1058	889
1059	2042
1060	1024
1061	599
1062	3639
1063	3640
1064	1136
1065	1670
1066	64
1067	3428
1068	3832
1069	3452
1070	3884
1071	2269
1072	1913
1073	2933
1074	914
1075	2704
1076	193
1077	1003
1078	858
1079	1425
1080	1663
1081	3475
1082	1761
1083	3993
1084	759
1085	1791
1086	1160
1087	3870
1088	1639
1089	2347
1090	743
1091	1999
1092	1500
1093	83
1094	1319
1095	2932
1096	913
1097	1174
1098	1138
1099	3937
1100	2483
1101	298
1102	3391
1103	1934
1104	3387
1105	2421
1106	3612
1107	902
1108	171
1109	1895
1110	3419
1111	3334
1112	3094
1113	2064
1114	3436
1115	567
1116	3880
1117	2497
1118	3176
1119	2351
1120	2169
1121	1871
1122	437
1123	1594
1124	3005
1125	375
1126	1584
1127	3890
1128	133
1129	2633
1130	2824
1131	2915
1132	3951
1133	880
1134	3042
1135	40
1136	2451
1137	2533
1138	2168
1139	3005
1140	3137
1141	2443
1142	954
1143	2066
1144	753
1145	153
1146	3964
1147	3460
1148	436
1149	172
1150	2446
1151	2587
1152	2611
1153	2840
1154	2033
1155	3487
1156	716
1157	3500
1158	1919
1159	2309
1160	2923
1161	2699
1162	3091
1163	2928
1164	393
1165	2832
1166	3178
1167	980
1168	998
1169	2057
1170	1288
1171	3452
1172	2034
1173	451
1174	233
1175	1878
1176	3422
1177	2837
1178	3279
1179	801
1180	1968
1181	1691
1182	1315
1183	1171
1184	979
1185	2146
1186	1348
1187	3905
1188	2532
1189	857
1190	3458
1191	3308
1192	3363
1193	2593
1194	2377
1195	2109
1196	1448
1197	1375
1198	3026
1199	1530
1200	3162
1201	354
1202	2727
1203	1571
1204	1445
1205	3138
1206	3390
1207	1995
1208	3961
1209	1907
1210	3734
1211	585
1212	2731
1213	2845
1214	2528
1215	951
1216	1384
1217	3417
1218	166
1219	3512
1220	504
1221	3706
1222	2251
1223	1989
1224	2922
1225	3399
1226	3253
1227	391
1228	2067
1229	857
1230	1108
1231	3116
1232	3663
1233	3495
1234	676
1235	2017
1236	94
1237	2960
1238	2509
1239	3886
1240	26
1241	2215
1242	1733
1243	1947
1244	1903
1245	845
1246	844
1247	2994
1248	1559
1249	1119
1250	2390
1251	3873
1252	1659
1253	2588
1254	3168
1255	1024
1256	348
1257	2520
1258	2244
1259	3485
1260	3244
1261	947
1262	1405
1263	3848
1264	1844
1265	465
1266	480
1267	3385
1268	1363
1269	1538
1270	2476
1271	208
1272	86
1273	2892
1274	2102
1275	1607
1276	2200
1277	1938
1278	324
1279	1251
1280	3225
1281	1830
1282	3745
1283	2903
1284	2908
1285	3340
1286	289
1287	3410
1288	232
1289	1877
1290	3232
1291	2134
1292	2023
1293	186
1294	3043
1295	3277
1296	3970
1297	709
1298	2764
1299	2761
1300	2212
1301	3626
1302	318
1303	179
1304	110
1305	3395
1306	762
1307	3981
1308	1498
1309	700
1310	423
1311	2368
1312	1339
1313	1409
1314	2020
1315	2613
1316	2100
1317	3468
1318	3657
1319	1545
1320	2845
1321	2551
1322	328
1323	3512
1324	2562
1325	3794
1326	1505
1327	995
1328	2898
1329	1391
1330	3625
1331	2283
1332	3297
1333	1655
1334	20
1335	2287
1336	3626
1337	2823
1338	437
1339	403
1340	2088
1341	1374
1342	568
1343	1516
1344	3375
1345	1737
1346	3309
1347	2675
1348	419
1349	3462
1350	1223
1351	1064
1352	1554
1353	2732
1354	2293
1355	1788
1356	3839
1357	2928
1358	2404
1359	3686
1360	3219
1361	1741
1362	3885
1363	3891
1364	177
1365	92
1366	3662
1367	2531
1368	3216
1369	1461
1370	1264
1371	2192
1372	723
1373	695
1374	2808
1375	799
1376	1656
1377	1623
1378	3081
1379	1162
1380	2671
1381	3695
1382	1481
1383	2460
1384	216
1385	77
1386	739
1387	3041
1388	3710
1389	3592
1390	841
1391	2433
1392	1483
1393	3001
1394	1573
1395	1634
1396	450
1397	3117
1398	1677
1399	1755
1400	1461
1401	831
1402	8
1403	587
1404	3842
1405	1365
1406	3463
1407	1687
1408	1610
1409	3169
1410	331
1411	3190
1412	3524
1413	608
1414	3111
1415	207
1416	2149
1417	514
1418	537
1419	2083
1420	3827
1421	593
1422	176
1423	3325
1424	3098
1425	2787
1426	767
1427	2203
1428	3228
1429	735
1430	454
1431	2347
1432	1955
1433	3265
1434	3930
1435	3086
1436	2013
1437	113
1438	1746
1439	3999
1440	2449
1441	2447
1442	1595
1443	556
1444	1445
1445	3852
1446	2398
1447	858
1448	323
1449	1639
1450	2340
1451	1805
1452	2496
1453	67
1454	3240
1455	591
1456	1887
1457	511
1458	1405
1459	473
1460	1516
1461	1742
1462	2698
1463	619
1464	3237
1465	3143
1466	147
1467	3124
1468	243
1469	3484
1470	82
1471	1991
1472	415
1473	1991
1474	105
1475	1392
1476	1544
1477	1492
1478	3818
1479	2593
1480	3802
1481	496
1482	1433
1483	2413
1484	3189
1485	214
1486	2362
1487	2768
1488	1112
1489	3187
1490	3621
1491	572
1492	2962
1493	900
1494	2772
1495	99
1496	1185
1497	2060
1498	2401
1499	3173
1500	2057
1501	169
1502	1322
1503	334
1504	1165
1505	2203
1506	1979
1507	931
1508	1006
1509	3833
1510	1587
1511	685
1512	2319
1513	1538
1514	3565
1515	315
1516	1077
1517	3128
1518	2157
1519	2187
1520	3367
1521	2443
1522	3698
1523	3492
1524	3572
1525	2590
1526	2692
1527	1883
1528	1837
1529	303
1530	569
1531	2631
1532	2651
1533	524
1534	912
1535	2606
1536	2310
1537	3398
1538	1908
1539	2227
1540	2550
1541	380
1542	782
1543	2314
1544	943
1545	2053
1546	592
1547	3674
1548	3822
1549	3730
1550	2437
1551	723
1552	1444
1553	441
1554	2310
1555	1409
1556	1860
1557	3206
1558	683
1559	3773
1560	1747
1561	1542
1562	912
1563	345
1564	3982
1565	2051
1566	3700
1567	152
1568	2839
1569	957
1570	3011
1571	503
1572	757
1573	138
1574	262
1575	2397
1576	107
1577	3052
1578	3101
1579	65
1580	2114
1581	1505
1582	673
1583	3006
1584	3503
1585	2592
1586	1755
1587	3008
1588	363
1589	763
1590	1948
1591	1810
1592	3898
1593	2196
1594	672
1595	3661
1596	2957
1597	3920
1598	594
1599	343
1600	2487
1601	2621
1602	1164
1603	3967
1604	1674
1605	2333
1606	1356
1607	1456
1608	1362
1609	3492
1610	755
1611	2686
1612	2103
1613	1954
1614	1572
1615	1969
1616	2816
1617	3940
1618	3181
1619	3267
1620	1765
1621	3156
1622	886
1623	3224
1624	1521
1625	3721
1626	3277
1627	31
1628	2061
1629	298
1630	3829
1631	2053
1632	2582
1633	3581
1634	2843
1635	2641
1636	1897
1637	746
1638	3602
1639	376
1640	2706
1641	2657
1642	2684
1643	3117
1644	2503
1645	1545
1646	1496
1647	2432
1648	2026
1649	244
1650	3636
1651	1438
1652	1327
1653	2454
1654	724
1655	2243
1656	1335
1657	36
1658	3792
1659	2609
1660	862
1661	363
1662	175
1663	3409
1664	2320
1665	2809
1666	1473
1667	750
1668	3524
1669	828
1670	387
1671	842
1672	2975
1673	1298
1674	2258
1675	531
1676	1340
1677	226
1678	2205
1679	709
1680	2066
1681	3275
1682	1899
1683	1467
1684	1854
1685	1377
1686	1541
1687	3725
1688	148
1689	1740
1690	233
1691	3777
1692	2420
1693	3
1694	826
1695	1255
1696	445
1697	240
1698	3621
1699	3160
1700	1846
1701	2346
1702	1373
1703	1109
1704	2018
1705	3568
1706	2955
1707	3609
1708	1673
1709	1982
1710	70
1711	2336
1712	3179
1713	482
1714	1984
1715	398
1716	2610
1717	46
1718	3805
1719	1285
1720	1495
1721	1083
1722	1341
1723	3721
1724	3226
1725	785
1726	2341
1727	3889
1728	2897
1729	3346
1730	2006
1731	1453
1732	2652
1733	2652
1734	170
1735	738
1736	993
1737	2090
1738	332
1739	1620
1740	3735
1741	1285
1742	715
1743	123
1744	725
1745	3072
1746	768
1747	3541
1748	3132
1749	2085
1750	899
1751	462
1752	1350
1753	292
1754	1904
1755	3236
1756	2186
1757	1135
1758	809
1759	2510
1760	3009
1761	284
1762	996
1763	433
1764	1391
1765	2483
1766	3351
1767	1014
1768	3318
1769	2334
1770	3864
1771	2358
1772	3043
1773	2814
1774	2319
1775	804
1776	144
1777	2029
1778	1006
1779	380
1780	3077
1781	2285
1782	3573
1783	493
1784	1672
1785	3661
1786	1988
1787	1092
1788	1033
1789	3543
1790	2008
1791	1407
1792	385
1793	1526
1794	3036
1795	1069
1796	3507
1797	1393
1798	1724
1799	2226
1800	1909
1801	1404
1802	3113
1803	3572
1804	2742
1805	2268
1806	2261
1807	1855
1808	2657
1809	1597
1810	1011
1811	968
1812	2856
1813	1323
1814	3095
1815	2320
1816	1654
1817	810
1818	2297
1819	3069
1820	335
1821	925
1822	425
1823	2420
1824	21
1825	2695
1826	2149
1827	2790
1828	539
1829	2683
1830	2434
1831	2226
1832	807
1833	2744
1834	1831
1835	332
1836	1388
1837	2884
1838	1915
1839	2524
1840	2822
1841	907
1842	2075
1843	1903
1844	3151
1845	1966
1846	1202
1847	3566
1848	3748
1849	2441
1850	2482
1851	2914
1852	3901
1853	27
1854	3114
1855	3802
1856	3674
1857	922
1858	776
1859	3193
1860	3803
1861	3688
1862	201
1863	16
1864	120
1865	351
1866	3013
1867	3814
1868	1720
1869	1779
1870	1603
1871	3211
1872	1168
1873	2982
1874	1595
1875	771
1876	3559
1877	2972
1878	1106
1879	3813
1880	2060
1881	3822
1882	3351
1883	3111
1884	849
1885	1249
1886	3517
1887	3962
1888	1580
1889	239
1890	982
1891	1732
1892	2967
1893	962
1894	2295
1895	2584
1896	694
1897	2437
1898	3159
1899	2129
1900	2721
1901	1925
1902	1235
1903	1856
1904	3790
1905	1153
1906	366
1907	176
1908	3567
1909	842
1910	1617
1911	1637
1912	1676
1913	2736
1914	864
1915	953
1916	1077
1917	1844
1918	3693
1919	3248
1920	747
1921	2612
1922	3775
1923	2265
1924	3040
1925	1329
1926	3758
1927	1302
1928	1796
1929	311
1930	3339
1931	190
1932	1138
1933	2263
1934	3124
1935	1218
1936	33
1937	2128
1938	3244
1939	2999
1940	2482
1941	3416
1942	2277
1943	1971
1944	258
1945	2564
1946	2548
1947	219
1948	3909
1949	2632
1950	3675
1951	2923
1952	1886
1953	3362
1954	2530
1955	1025
1956	2603
1957	2216
1958	640
1959	1854
1960	1010
1961	993
1962	1274
1963	448
1964	2969
1965	3356
1966	2757
1967	3874
1968	476
1969	2118
1970	1414
1971	2373
1972	1080
1973	931
1974	2801
1975	2545
1976	3588
1977	1786
1978	2592
1979	3806
1980	3339
1981	3945
1982	844
1983	2525
1984	193
1985	1875
1986	3704
1987	3314
1988	2936
1989	1843
1990	1236
1991	3533
1992	2876
1993	1624
1994	1218
1995	3631
1996	2644
1997	2752
1998	1442
1999	282
2000	2625
2001	766
2002	1552
2003	386
2004	1618
2005	150
2006	1649
2007	2236
2008	2780
2009	768
2010	2500
2011	2712
2012	386
2013	3906
2014	2079
2015	2781
2016	1565
2017	1945
2018	19
2019	3274
2020	3650
2021	2910
2022	3859
2023	2862
2024	2841
2025	1765
2026	1413
2027	404
2028	2587
2029	1371
2030	3698
2031	3983
2032	3977
2033	69
2034	1492
2035	1148
2036	3966
2037	2639
2038	3293
2039	2324
2040	649
2041	3480
2042	163
2043	1652
2044	2168
2045	3465
2046	3377
2047	1065
2048	1396
2049	1374
2050	2946
2051	3922
2052	891
2053	3432
2054	3176
2055	3253
2056	1869
2057	2487
2058	251
2059	2393
2060	2334
2061	2389
2062	2486
2063	1039
2064	1814
2065	3379
2066	1151
2067	2648
2068	1464
2069	816
2070	3892
2071	551
2072	3475
2073	744
2074	3516
2075	2046
2076	541
2077	3522
2078	2184
2079	34
2080	3925
2081	2518
2082	2688
2083	1894
2084	2815
2085	122
2086	3736
2087	401
2088	2541
2089	2389
2090	167
2091	3631
2092	1194
2093	2054
2094	1880
2095	3812
2096	3586
2097	550
2098	3625
2099	2839
2100	1245
2101	3819
2102	830
2103	2540
2104	3604
2105	2480
2106	3440
2107	427
2108	560
2109	21
2110	1316
2111	1331
2112	1882
2113	121
2114	3981
2115	228
2116	2664
2117	355
2118	1466
2119	2133
2120	2147
2121	3258
2122	190
2123	638
2124	3208
2125	2766
2126	2296
2127	2343
2128	1469
2129	2205
2130	3338
2131	676
2132	737
2133	2874
2134	3928
2135	1325
2136	1518
2137	3332
2138	1345
2139	995
2140	287
2141	3413
2142	698
2143	1758
2144	2315
2145	1913
2146	1004
2147	1500
2148	3439
2149	923
2150	3818
2151	3482
2152	784
2153	2508
2154	1650
2155	2705
2156	3165
2157	2750
2158	1415
2159	1573
2160	2014
2161	3026
2162	2047
2163	345
2164	2646
2165	2119
2166	3450
2167	1051
2168	2406
2169	3544
2170	3849
2171	2826
2172	1229
2173	1029
2174	914
2175	3059
2176	3990
2177	2422
2178	1449
2179	3445
2180	3954
2181	3666
2182	480
2183	1941
2184	1031
2185	543
2186	2869
2187	1509
2188	3728
2189	1130
2190	1877
2191	3338
2192	1361
2193	3901
2194	2464
2195	3246
2196	1025
2197	1660
2198	1080
2199	562
2200	1606
2201	1108
2202	2393
2203	49
2204	3173
2205	3561
2206	687
2207	66
2208	3125
2209	1253
2210	2156
2211	118
2212	204
2213	3657
2214	1762
2215	3911
2216	2693
2217	3358
2218	3588
2219	2973
2220	1097
2221	3758
2222	521
2223	635
2224	295
2225	68
2226	2237
2227	2199
2228	2416
2229	351
2230	2716
2231	59
2232	2893
2233	1958
2234	798
2235	1510
2236	2530
2237	1772
2238	533
2239	1831
2240	823
2241	1710
2242	722
2243	6
2244	427
2245	2372
2246	3255
2247	1997
2248	1329
2249	3319
2250	1273
2251	797
2252	2685
2253	2639
2254	3764
2255	231
2256	1219
2257	2694
2258	1714
2259	3591
2260	1953
2261	1495
2262	177
2263	2934
2264	3271
2265	3242
2266	3310
2267	2816
2268	1583
2269	3861
2270	540
2271	3313
2272	2422
2273	2427
2274	1767
2275	448
2276	711
2277	1767
2278	1161
2279	3186
2280	516
2281	813
2282	2991
2283	3921
2284	2788
2285	1049
2286	2996
2287	3790
2288	395
2289	2543
2290	840
2291	127
2292	3316
2293	3498
2294	2599
2295	3115
2296	1939
2297	3378
2298	2236
2299	2670
2300	634
2301	1111
2302	3587
2303	1292
2304	3098
2305	2012
2306	917
2307	847
2308	853
2309	3381
2310	3071
2311	377
2312	3062
2313	544
2314	655
2315	2762
2316	1871
2317	1732
2318	1535
2319	3579
2320	2770
2321	770
2322	715
2323	935
2324	112
2325	2101
2326	2577
2327	487
2328	3863
2329	2680
2330	896
2331	365
2332	2033
2333	3057
2334	194
2335	2189
2336	3844
2337	2285
2338	1457
2339	2601
2340	1100
2341	3757
2342	3702
2343	1616
2344	44
2345	247
2346	155
2347	1431
2348	20
2349	3382
2350	1343
2351	516
2352	750
2353	2371
2354	1879
2355	2553
2356	1914
2357	3358
2358	1861
2359	3333
2360	2216
2361	3078
2362	3959
2363	896
2364	355
2365	1523
2366	2984
2367	666
2368	1453
2369	2135
2370	1967
2371	2920
2372	2275
2373	1992
2374	924
2375	1293
2376	2435
2377	220
2378	2018
2379	2720
2380	3745
2381	3205
2382	1770
2383	2589
2384	2101
2385	136
2386	2706
2387	1705
2388	1457
2389	2907
2390	3079
2391	1567
2392	240
2393	1608
2394	2438
2395	490
2396	324
2397	2453
2398	275
2399	3458
2400	1569
2401	3929
2402	2803
2403	3113
2404	1502
2405	3250
2406	3188
2407	2428
2408	306
2409	1662
2410	2708
2411	390
2412	3565
2413	870
2414	2155
2415	124
2416	3025
2417	319
2418	43
2419	1245
2420	3714
2421	2360
2422	1848
2423	2699
2424	25
2425	3732
2426	1796
2427	1601
2428	1382
2429	1588
2430	2460
2431	2426
2432	3467
2433	1176
2434	2669
2435	3012
2436	3605
2437	253
2438	2289
2439	2252
2440	553
2441	98
2442	1319
2443	3671
2444	3571
2445	908
2446	3640
2447	3623
2448	3483
2449	3811
2450	290
2451	55
2452	475
2453	3689
2454	3513
2455	3683
2456	1483
2457	302
2458	122
2459	2546
2460	3624
2461	1412
2462	2702
2463	3127
2464	131
2465	1012
2466	3067
2467	902
2468	1506
2469	3722
2470	2031
2471	1788
2472	827
2473	2349
2474	3502
2475	3066
2476	2773
2477	630
2478	778
2479	2825
2480	905
2481	3105
2482	1272
2483	904
2484	2694
2485	2094
2486	2995
2487	1799
2488	52
2489	1226
2490	2785
2491	1891
2492	1633
2493	3156
2494	2759
2495	865
2496	3414
2497	2027
2498	455
2499	2506
2500	2936
2501	3627
2502	3501
2503	2796
2504	3747
2505	2970
2506	904
2507	2877
2508	1599
2509	3546
2510	2916
2511	1494
2512	3886
2513	3255
2514	3001
2515	1750
2516	149
2517	3993
2518	760
2519	416
2520	3847
2521	2069
2522	2654
2523	3037
2524	1761
2525	2298
2526	243
2527	3381
2528	2596
2529	2188
2530	657
2531	3163
2532	1794
2533	3892
2534	2156
2535	1010
2536	3175
2537	3407
2538	3056
2539	936
2540	1935
2541	3742
2542	2753
2543	3343
2544	1386
2545	3866
2546	2755
2547	2566
2548	3317
2549	739
2550	2572
2551	3643
2552	1008
2553	2102
2554	884
2555	3668
2556	87
2557	215
2558	1666
2559	1408
2560	2555
2561	1203
2562	2911
2563	2884
2564	106
2565	3520
2566	3983
2567	510
2568	2094
2569	2562
2570	2227
2571	1155
2572	2825
2573	3742
2574	495
2575	2958
2576	128
2577	2832
2578	761
2579	2716
2580	1702
2581	845
2582	3028
2583	752
2584	283
2585	481
2586	3096
2587	3971
2588	3058
2589	1511
2590	2228
2591	340
2592	2969
2593	3220
2594	936
2595	3388
2596	235
2597	2309
2598	3080
2599	3282
2600	3344
2601	3691
2602	1809
2603	2877
2604	2887
2605	2805
2606	3815
2607	2970
2608	3935
2609	3910
2610	2087
2611	1427
2612	1864
2613	169
2614	311
2615	1868
2616	1048
2617	99
2618	3562
2619	800
2620	513
2621	123
2622	269
2623	1081
2624	1650
2625	483
2626	3561
2627	3470
2628	3484
2629	1921
2630	2900
2631	778
2632	1851
2633	3924
2634	3824
2635	1268
2636	2517
2637	1546
2638	1959
2639	2565
2640	811
2641	1356
2642	602
2643	458
2644	1147
2645	681
2646	2634
2647	1805
2648	2164
2649	888
2650	1021
2651	6
2652	1741
2653	90
2654	2559
2655	3039
2656	42
2657	1533
2658	1269
2659	3947
2660	2835
2661	2365
2662	3961
2663	3494
2664	2361
2665	659
2666	1376
2667	3549
2668	3062
2669	2194
2670	1407
2671	2353
2672	1929
2673	1423
2674	370
2675	2857
2676	139
2677	274
2678	3611
2679	3300
2680	521
2681	3024
2682	1880
2683	1227
2684	1993
2685	876
2686	3931
2687	2634
2688	928
2689	1466
2690	2594
2691	978
2692	1912
2693	225
2694	2539
2695	755
2696	2820
2697	1718
2698	3973
2699	3273
2700	1233
2701	2506
2702	65
2703	70
2704	2707
2705	3222
2706	3050
2707	1427
2708	2294
2709	3518
2710	2599
2711	84
2712	1945
2713	969
2714	1154
2715	2615
2716	2861
2717	2143
2718	2278
2719	2810
2720	1303
2721	2074
2722	1927
2723	3285
2724	3497
2725	3828
2726	342
2727	64
2728	3017
2729	2454
2730	1177
2731	3370
2732	566
2733	1633
2734	3849
2735	1462
2736	1266
2737	1274
2738	1851
2739	397
2740	3421
2741	2197
2742	1009
2743	915
2744	455
2745	1680
2746	1485
2747	1016
2748	327
2749	3600
2750	2159
2751	523
2752	1452
2753	2438
2754	3750
2755	658
2756	543
2757	7
2758	2296
2759	342
2760	2828
2761	2210
2762	2163
2763	3523
2764	1852
2765	575
2766	451
2767	966
2768	1241
2769	3639
2770	2350
2771	2865
2772	3827
2773	1737
2774	2910
2775	58
2776	111
2777	3086
2778	2436
2779	2778
2780	617
2781	3581
2782	1862
2783	3276
2784	646
2785	51
2786	626
2787	370
2788	3926
2789	588
2790	2293
2791	113
2792	2682
2793	2836
2794	3685
2795	1558
2796	2901
2797	666
2798	1861
2799	184
2800	1307
2801	3447
2802	1827
2803	158
2804	2919
2805	2666
2806	3984
2807	3957
2808	670
2809	163
2810	3428
2811	251
2812	1707
2813	3489
2814	1262
2815	1207
2816	3708
2817	2055
2818	411
2819	976
2820	3570
2821	2317
2822	1359
2823	181
2824	2867
2825	3234
2826	1240
2827	1583
2828	2623
2829	1062
2830	763
2831	2466
2832	2598
2833	2861
2834	1346
2835	2352
2836	3800
2837	515
2838	860
2839	1133
2840	930
2841	2039
2842	2967
2843	1917
2844	3816
2845	1875
2846	1101
2847	1978
2848	1501
2849	2311
2850	2771
2851	1229
2852	435
2853	1872
2854	839
2855	2751
2856	186
2857	3014
2858	297
2859	2584
2860	1271
2861	348
2862	3940
2863	2772
2864	3201
2865	1106
2866	1333
2867	168
2868	3095
2869	2274
2870	1126
2871	3137
2872	383
2873	792
2874	2617
2875	1033
2876	1526
2877	580
2878	2055
2879	1014
2880	178
2881	869
2882	1750
2883	650
2884	2979
2885	2710
2886	394
2887	3099
2888	3723
2889	3182
2890	3887
2891	1206
2892	2785
2893	1662
2894	378
2895	2317
2896	939
2897	2079
2898	3097
2899	300
2900	3755
2901	3727
2902	1390
2903	3900
2904	1659
2905	1116
2906	2032
2907	3300
2908	1670
2909	1340
2910	2813
2911	3256
2912	2004
2913	68
2914	3054
2915	206
2916	3746
2917	3717
2918	992
2919	1093
2920	2834
2921	1436
2922	2314
2923	2027
2924	171
2925	3932
2926	938
2927	105
2928	2248
2929	1099
2930	37
2931	1226
2932	1714
2933	1
2934	1593
2935	1974
2936	1764
2937	296
2938	851
2939	3597
2940	3749
2941	2513
2942	1088
2943	3507
2944	3420
2945	2637
2946	2379
2947	248
2948	2105
2949	3200
2950	1304
2951	3402
2952	420
2953	3668
2954	46
2955	614
2956	2129
2957	2039
2958	2103
2959	3094
2960	2898
2961	1988
2962	2823
2963	1753
2964	799
2965	2447
2966	1819
2967	3740
2968	1501
2969	2642
2970	3304
2971	89
2972	551
2973	2339
2974	3597
2975	1549
2976	3898
2977	2468
2978	3641
2979	1852
2980	421
2981	613
2982	3544
2983	1705
2984	368
2985	2351
2986	1759
2987	1049
2988	1543
2989	3115
2990	3326
2991	1953
2992	2912
2993	1839
2994	2199
2995	2430
2996	2750
2997	3606
2998	3193
2999	3607
3000	2624
3001	3763
3002	2762
3003	2147
3004	131
3005	2840
3006	3099
3007	1140
3008	795
3009	646
3010	3266
3011	1240
3012	3885
3013	2355
3014	3397
3015	506
3016	1874
3017	2010
3018	2994
3019	3535
3020	2622
3021	2682
3022	3448
3023	1225
3024	3088
3025	2325
3026	2942
3027	1064
3028	2693
3029	2459
3030	3352
3031	282
3032	611
3033	3214
3034	732
3035	1040
3036	3542
3037	3813
3038	876
3039	946
3040	1217
3041	2563
3042	2671
3043	3910
3044	416
3045	1998
3046	3804
3047	367
3048	1719
3049	924
3050	3290
3051	2784
3052	2163
3053	867
3054	925
3055	1216
3056	3079
3057	1497
3058	3972
3059	3148
3060	23
3061	3299
3062	1178
3063	3476
3064	617
3065	1026
3066	3509
3067	746
3068	1637
3069	1380
3070	3345
3071	1372
3072	1062
3073	3307
3074	2247
3075	3487
3076	675
3077	507
3078	3947
3079	1346
3080	1692
3081	3537
3082	3871
3083	2598
3084	2116
3085	530
3086	3051
3087	2262
3088	3201
3089	2557
3090	2019
3091	3114
3092	3753
3093	2298
3094	1239
3095	2851
3096	1671
3097	674
3098	3538
3099	615
3100	1171
3101	3220
3102	1326
3103	360
3104	2433
3105	2837
3106	1259
3107	563
3108	3312
3109	2282
3110	2944
3111	3287
3112	1137
3113	219
3114	3748
3115	2998
3116	2137
3117	3525
3118	2074
3119	2222
3120	2159
3121	2880
3122	3145
3123	1499
3124	4000
3125	2783
3126	981
3127	433
3128	1809
3129	3719
3130	2294
3131	1103
3132	3719
3133	791
3134	1540
3135	1619
3136	3355
3137	821
3138	2812
3139	3977
3140	1643
3141	1477
3142	3938
3143	1403
3144	3693
3145	2575
3146	3322
3147	863
3148	1655
3149	3608
3150	1333
3151	1395
3152	2774
3153	3840
3154	1196
3155	1117
3156	2815
3157	3305
3158	2022
3159	753
3160	15
3161	1901
3162	2151
3163	1460
3164	1956
3165	591
3166	1596
3167	1743
3168	1488
3169	3709
3170	1415
3171	1780
3172	2182
3173	3460
3174	3383
3175	3531
3176	3110
3177	830
3178	837
3179	3387
3180	1510
3181	286
3182	2148
3183	1952
3184	2580
3185	1691
3186	3645
3187	765
3188	261
3189	3069
3190	424
3191	3791
3192	3937
3193	2780
3194	1645
3195	3039
3196	651
3197	3132
3198	1186
3199	2742
3200	3776
3201	2237
3202	2854
3203	710
3204	2808
3205	1262
3206	703
3207	74
3208	2978
3209	3194
3210	1129
3211	2852
3212	598
3213	161
3214	854
3215	3267
3216	728
3217	1520
3218	1334
3219	3419
3220	97
3221	2445
3222	2267
3223	1777
3224	576
3225	514
3226	3363
3227	1725
3228	2885
3229	2373
3230	3941
3231	3038
3232	3957
3233	1895
3234	390
3235	934
3236	192
3237	3278
3238	1896
3239	1704
3240	3002
3241	714
3242	354
3243	1015
3244	1610
3245	1195
3246	3433
3247	3016
3248	3306
3249	1253
3250	372
3251	547
3252	3990
3253	2885
3254	2627
3255	3925
3256	3027
3257	3949
3258	3251
3259	1803
3260	3311
3261	1142
3262	203
3263	2561
3264	2783
3265	3147
3266	1814
3267	3500
3268	3867
3269	1317
3270	2729
3271	2084
3272	84
3273	3138
3274	406
3275	361
3276	2076
3277	3070
3278	2938
3279	654
3280	1383
3281	1904
3282	81
3283	161
3284	3865
3285	1869
3286	2181
3287	3536
3288	2350
3289	850
3290	3000
3291	1675
3292	2655
3293	3464
3294	1480
3295	3833
3296	619
3297	2997
3298	196
3299	3225
3300	3955
3301	3530
3302	2495
3303	2912
3304	490
3305	35
3306	1214
3307	3551
3308	378
3309	2337
3310	1864
3311	2737
3312	1672
3313	2241
3314	1434
3315	2835
3316	1350
3317	2419
3318	1398
3319	2353
3320	3153
3321	2998
3322	1156
3323	2464
3324	2099
3325	3722
3326	116
3327	2871
3328	3592
3329	442
3330	3576
3331	3554
3332	2573
3333	3767
3334	2140
3335	391
3336	3434
3337	2117
3338	3718
3339	2020
3340	3215
3341	3834
3342	1419
3343	3164
3344	3080
3345	2904
3346	1801
3347	3562
3348	2834
3349	1230
3350	3493
3351	1657
3352	2191
3353	967
3354	1215
3355	1306
3356	2987
3357	2974
3358	557
3359	108
3360	983
3361	2189
3362	86
3363	225
3364	188
3365	3182
3366	2618
3367	1835
3368	2759
3369	2388
3370	2004
3371	2000
3372	2962
3373	1997
3374	198
3375	3676
3376	1799
3377	806
3378	396
3379	3984
3380	3502
3381	2981
3382	1367
3383	2828
3384	3509
3385	317
3386	1384
3387	1104
3388	1704
3389	2017
3390	285
3391	3514
3392	3840
3393	1370
3394	1946
3395	1894
3396	1775
3397	187
3398	3662
3399	3034
3400	1819
3401	826
3402	2670
3403	937
3404	561
3405	523
3406	2684
3407	886
3408	2253
3409	459
3410	205
3411	990
3412	2831
3413	3980
3414	630
3415	2846
3416	2807
3417	1929
3418	1393
3419	83
3420	3731
3421	915
3422	471
3423	2843
3424	153
3425	2164
3426	3238
3427	3166
3428	3819
3429	1693
3430	1985
3431	3104
3432	1101
3433	14
3434	299
3435	1464
3436	2763
3437	3407
3438	2748
3439	3615
3440	2150
3441	2247
3442	748
3443	959
3444	3980
3445	1676
3446	964
3447	732
3448	265
3449	1096
3450	3919
3451	1228
3452	1007
3453	3973
3454	48
3455	1525
3456	3843
3457	104
3458	1973
3459	1975
3460	2821
3461	1588
3462	1609
3463	590
3464	2941
3465	2668
3466	654
3467	72
3468	3392
3469	1667
3470	315
3471	1151
3472	2021
3473	588
3474	2139
3475	720
3476	609
3477	704
3478	3033
3479	1254
3480	2183
3481	1888
3482	2591
3483	1490
3484	3996
3485	1658
3486	1055
3487	3504
3488	1970
3489	1054
3490	110
3491	2286
3492	1046
3493	851
3494	3196
3495	3516
3496	385
3497	1075
3498	536
3499	3847
3500	717
3501	3055
3502	1646
3503	2796
3504	23
3505	3024
3506	1569
3507	3279
3508	1576
3509	2498
3510	1535
3511	3032
3512	53
3513	3035
3514	270
3515	1411
3516	1570
3517	1511
3518	229
3519	3227
3520	3590
3521	1419
3522	2306
3523	1037
3524	719
3525	1129
3526	3803
3527	1437
3528	2997
3529	2434
3530	3746
3531	3271
3532	609
3533	2313
3534	1756
3535	1931
3536	3021
3537	1283
3538	3701
3539	3806
3540	815
3541	694
3542	1149
3543	1980
3544	3436
3545	3923
3546	322
3547	2665
3548	3433
3549	1231
3550	2879
3551	91
3552	158
3553	1135
3554	3525
3555	643
3556	3962
3557	520
3558	3390
3559	990
3560	1581
3561	2368
3562	734
3563	3289
3564	2442
3565	3912
3566	2722
3567	3040
3568	3453
3569	3556
3570	3239
3571	3948
3572	2154
3573	1716
3574	3425
3575	3191
3576	1850
3577	310
3578	314
3579	2271
3580	2907
3581	706
3582	3779
3583	112
3584	1902
3585	197
3586	1284
3587	2072
3588	2603
3589	2609
3590	1264
3591	718
3592	1252
3593	3733
3594	3617
3595	230
3596	478
3597	3348
3598	2984
3599	2656
3600	3934
3601	1678
3602	1965
3603	792
3604	37
3605	3347
3606	1163
3607	3443
3608	2521
3609	1777
3610	392
3611	1618
3612	1112
3613	1416
3614	1787
3615	1373
3616	1208
3617	2554
3618	3228
3619	1748
3620	1990
3621	1254
3622	600
3623	3315
3624	3852
3625	1385
3626	3231
3627	3863
3628	3265
3629	2048
3630	2402
3631	2516
3632	1631
3633	849
3634	827
3635	1224
3636	1124
3637	491
3638	3503
3639	259
3640	687
3641	2873
3642	249
3643	337
3644	816
3645	2807
3646	1307
3647	2726
3648	1189
3649	228
3650	1793
3651	837
3652	1271
3653	2925
3654	927
3655	3943
3656	970
3657	544
3658	1456
3659	1825
3660	475
3661	665
3662	999
3663	2842
3664	156
3665	2765
3666	338
3667	3023
3668	2829
3669	2211
3670	978
3671	1493
3672	1649
3673	1297
3674	900
3675	2311
3676	633
3677	3954
3678	1434
3679	1011
3680	2990
3681	3450
3682	708
3683	1316
3684	1398
3685	1683
3686	1208
3687	2271
3688	1695
3689	2792
3690	2248
3691	2394
3692	1023
3693	3209
3694	3836
3695	1211
3696	3221
3697	242
3698	1551
3699	1196
3700	2242
3701	3431
3702	2577
3703	3159
3704	3164
3705	58
3706	1822
3707	2316
3708	2204
3709	644
3710	3529
3711	1145
3712	2340
3713	652
3714	1054
3715	775
3716	281
3717	677
3718	1881
3719	2323
3720	1348
3721	547
3722	24
3723	628
3724	284
3725	574
3726	822
3727	1531
3728	2702
3729	2097
3730	3394
3731	2869
3732	1439
3733	2044
3734	2176
3735	860
3736	338
3737	1387
3738	2488
3739	13
3740	2177
3741	341
3742	1627
3743	1766
3744	3186
3745	1089
3746	1549
3747	727
3748	661
3749	2610
3750	754
3751	3252
3752	3369
3753	1868
3754	1417
3755	3797
3756	170
3757	1046
3758	1766
3759	2492
3760	3203
3761	2737
3762	3304
3763	2868
3764	3396
3765	145
3766	1636
3767	2643
3768	3566
3769	1563
3770	3112
3771	159
3772	1468
3773	871
3774	3003
3775	883
3776	982
3777	3403
3778	434
3779	2692
3780	1081
3781	136
3782	2215
3783	489
3784	1368
3785	3365
3786	2900
3787	606
3788	3872
3789	3073
3790	2619
3791	889
3792	187
3793	2889
3794	3122
3795	2414
3796	1486
3797	440
3798	898
3799	206
3800	90
3801	2270
3802	1068
3803	1159
3804	2576
3805	1199
3806	1881
3807	3009
3808	210
3809	2552
3810	1703
3811	277
3812	2555
3813	2170
3814	3834
3815	589
3816	2110
3817	449
3818	2415
3819	3691
3820	2714
3821	1801
3822	2695
3823	1357
3824	988
3825	2556
3826	1682
3827	3641
3828	2703
3829	2578
3830	2119
3831	3579
3832	916
3833	607
3834	881
3835	3870
3836	3766
3837	1267
3838	1075
3839	833
3840	194
3841	2021
3842	3226
3843	3274
3844	1518
3845	3165
3846	3781
3847	3667
3848	3379
3849	3865
3850	2411
3851	441
3852	780
3853	98
3854	3952
3855	3786
3856	2374
3857	2111
3858	967
3859	224
3860	1908
3861	3676
3862	2507
3863	36
3864	2218
3865	126
3866	1687
3867	2718
3868	1246
3869	3476
3870	545
3871	238
3872	1328
3873	463
3874	1358
3875	1301
3876	3002
3877	2211
3878	1615
3879	3354
3880	2579
3881	2819
3882	2899
3883	503
3884	288
3885	3162
3886	1095
3887	2545
3888	2990
3889	3543
3890	213
3891	3075
3892	2346
3893	2672
3894	1440
3895	568
3896	2048
3897	3004
3898	412
3899	3714
3900	3118
3901	3795
3902	3104
3903	719
3904	2631
3905	241
3906	3210
3907	530
3908	1601
3909	435
3910	1602
3911	2802
3912	590
3913	191
3914	2642
3915	3084
3916	2193
3917	663
3918	3613
3919	589
3920	2280
3921	1836
3922	3770
3923	3835
3924	2178
3925	2645
3926	986
3927	3298
3928	2595
3929	1402
3930	805
3931	2472
3932	1608
3933	1263
3934	3128
3935	3489
3936	2704
3937	1627
3938	1613
3939	932
3940	3222
3941	1092
3942	75
3943	1206
3944	3923
3945	3217
3946	3569
3947	890
3948	476
3949	2012
3950	2190
3951	2451
3952	3617
3953	2235
3954	1085
3955	1646
3956	740
3957	2445
3958	549
3959	3713
3960	3647
3961	533
3962	1272
3963	3751
3964	661
3965	749
3966	3496
3967	447
3968	2505
3969	133
3970	365
3971	1907
3972	3073
3973	1782
3974	208
3975	1051
3976	2659
3977	369
3978	2559
3979	2426
3980	1144
3981	546
3982	1873
3983	3907
3984	3610
3985	3041
3986	690
3987	304
3988	2698
3989	1411
3990	1222
3991	3862
3992	2818
3993	1899
3994	1980
3995	3909
3996	828
3997	2687
3998	1149
3999	464
4000	3401
4001	937
4002	2947
4003	3786
4004	2278
4005	1537
4006	2122
4007	3047
4008	2503
4009	2362
4010	3893
4011	2724
4012	2929
4013	3021
4014	392
4015	3715
4016	2566
4017	2507
4018	2166
4019	627
4020	1430
4021	3756
4022	1596
4023	467
4024	2915
4025	2800
4026	102
4027	3053
4028	689
4029	1201
4030	3219
4031	806
4032	1367
4033	3805
4034	2658
4035	1462
4036	2148
4037	3696
4038	749
4039	1275
4040	2778
4041	1490
4042	413
4043	3249
4044	3884
4045	3823
4046	534
4047	2116
4048	2414
4049	536
4050	3785
4051	2630
4052	1996
4053	3777
4054	973
4055	3101
4056	487
4057	2411
4058	3306
4059	2409
4060	3309
4061	471
4062	125
4063	1284
4064	3322
4065	3068
4066	3022
4067	3838
4068	1068
4069	509
4070	1623
4071	2184
4072	3627
4073	2659
4074	213
4075	773
4076	3333
4077	1385
4078	679
4079	2302
4080	760
4081	577
4082	1556
4083	2032
4084	2304
4085	428
4086	3583
4087	1675
4088	2862
4089	3252
4090	3936
4091	2848
4092	2960
4093	242
4094	1998
4095	387
4096	672
4097	1866
4098	1890
4099	2136
4100	2761
4101	2011
4102	603
4103	1334
4104	3789
4105	3361
4106	3344
4107	3082
4108	1114
4109	3411
4110	532
4111	1821
4112	1820
4113	1747
4114	2830
4115	1641
4116	1030
4117	2193
4118	1828
4119	3303
4120	1248
4121	3927
4122	3545
4123	1667
4124	3425
4125	3955
4126	1924
4127	1164
4128	1283
4129	3771
4130	622
4131	3063
4132	1423
4133	2741
4134	1703
4135	2178
4136	3438
4137	660
4138	3540
4139	2473
4140	1494
4141	2069
4142	757
4143	3902
4144	2667
4145	2472
4146	3532
4147	3100
4148	2082
4149	3066
4150	569
4151	3924
4152	772
4153	1020
4154	3831
4155	2076
4156	1142
4157	1554
4158	3242
4159	1239
4160	267
4161	3534
4162	2186
4163	2951
4164	2544
4165	3292
4166	287
4167	3945
4168	3573
4169	2665
4170	2160
4171	2303
4172	2705
4173	2206
4174	140
4175	1905
4176	3155
4177	3856
4178	2523
4179	1574
4180	1013
4181	1446
4182	2523
4183	3754
4184	166
4185	1570
4186	2903
4187	1107
4188	2569
4189	352
4190	1921
4191	279
4192	3389
4193	784
4194	3770
4195	3270
4196	296
4197	3146
4198	2646
4199	1341
4200	655
4201	625
4202	1042
4203	3077
4204	2792
4205	2720
4206	256
4207	867
4208	1281
4209	2005
4210	502
4211	1565
4212	1668
4213	1237
4214	1323
4215	1838
4216	759
4217	1041
4218	3880
4219	2749
4220	2097
4221	1150
4222	2126
4223	1342
4224	742
4225	2999
4226	3177
4227	1959
4228	2461
4229	2423
4230	1300
4231	2561
4232	3673
4233	1806
4234	2995
4235	1847
4236	106
4237	1242
4238	3508
4239	115
4240	314
4241	680
4242	908
4243	2299
4244	450
4245	1000
4246	2775
4247	29
4248	1682
4249	1532
4250	1022
4251	438
4252	2225
4253	2608
4254	4000
4255	2937
4256	2982
4257	2374
4258	1863
4259	1317
4260	873
4261	1525
4262	1389
4263	43
4264	2255
4265	3372
4266	3835
4267	2605
4268	3511
4269	2604
4270	724
4271	3249
4272	2811
4273	3109
4274	1725
4275	812
4276	933
4277	3085
4278	33
4279	2258
4280	1195
4281	3633
4282	3352
4283	2524
4284	2701
4285	1641
4286	885
4287	3988
4288	1812
4289	708
4290	1818
4291	2741
4292	3855
4293	12
4294	1257
4295	3302
4296	1090
4297	3653
4298	2711
4299	1668
4300	2740
4301	1708
4302	1354
4303	1760
4304	3593
4305	3469
4306	2359
4307	3904
4308	3497
4309	636
4310	2367
4311	2424
4312	96
4313	2037
4314	3150
4315	1446
4316	696
4317	762
4318	72
4319	949
4320	63
4321	765
4322	3396
4323	1351
4324	164
4325	3918
4326	2681
4327	1663
4328	237
4329	2515
4330	2127
4331	3637
4332	2766
4333	1005
4334	3477
4335	479
4336	217
4337	3366
4338	620
4339	2919
4340	2797
4341	2363
4342	443
4343	3469
4344	976
4345	318
4346	1956
4347	192
4348	3437
4349	3971
4350	3047
4351	3218
4352	2120
4353	1473
4354	3205
4355	3263
4356	2945
4357	793
4358	3875
4359	3424
4360	2547
4361	1874
4362	854
4363	2518
4364	1213
4365	2486
4366	1968
4367	1418
4368	1673
4369	3652
4370	624
4371	1223
4372	325
4373	32
4374	3281
4375	3058
4376	690
4377	1482
4378	3800
4379	1807
4380	394
4381	3927
4382	892
4383	3081
4384	141
4385	3854
4386	2717
4387	1235
4388	3893
4389	1210
4390	697
4391	1727
4392	2690
4393	3392
4394	3635
4395	3942
4396	584
4397	319
4398	3600
4399	3689
4400	3936
4401	2430
4402	406
4403	3404
4404	3991
4405	633
4406	2179
4407	1199
4408	3247
4409	822
4410	2795
4411	878
4412	2608
4413	1543
4414	3068
4415	943
4416	2468
4417	1154
4418	3520
4419	3234
4420	3618
4421	2158
4422	3341
4423	2145
4424	1556
4425	917
4426	1040
4427	420
4428	1237
4429	2842
4430	3490
4431	3854
4432	2917
4433	307
4434	3999
4435	1740
4436	1706
4437	3618
4438	143
4439	2635
4440	890
4441	1635
4442	852
4443	3539
4444	994
4445	1232
4446	1197
4447	1733
4448	3382
4449	2139
4450	3741
4451	1347
4452	3700
4453	118
4454	3950
4455	1390
4456	685
4457	3950
4458	1326
4459	510
4460	3956
4461	578
4462	3630
4463	3946
4464	2976
4465	2711
4466	3792
4467	2212
4468	2765
4469	2867
4470	1922
4471	2831
4472	2448
4473	979
4474	3015
4475	3690
4476	3784
4477	1605
4478	1435
4479	2011
4480	3632
4481	1454
4482	3809
4483	382
4484	1152
4485	1666
4486	2680
4487	930
4488	1736
4489	4
4490	2801
4491	1544
4492	3830
4493	91
4494	1173
4495	1353
4496	1600
4497	2852
4498	368
4499	3510
4500	2280
4501	2784
4502	1369
4503	1892
4504	124
4505	2993
4506	101
4507	2358
4508	2667
4509	3053
4510	1475
4511	1020
4512	2378
4513	3200
4514	1043
4515	663
4516	2798
4517	1828
4518	2348
4519	3948
4520	1148
4521	1499
4522	2909
4523	1514
4524	2542
4525	2157
4526	3496
4527	1923
4528	3590
4529	462
4530	259
4531	3391
4532	2475
4533	3198
4534	696
4535	1688
4536	657
4537	1976
4538	3360
4539	861
4540	3857
4541	3261
4542	2406
4543	3241
4544	2872
4545	1753
4546	3192
4547	2305
4548	415
4549	3785
4550	786
4551	3179
4552	692
4553	3353
4554	813
4555	2179
4556	968
4557	548
4558	2769
4559	1353
4560	396
4561	3342
4562	2896
4563	1036
4564	1244
4565	322
4566	756
4567	873
4568	2617
4569	2800
4570	1982
4571	269
4572	3728
4573	1517
4574	1459
4575	2913
4576	2068
4577	3125
4578	2918
4579	2082
4580	1443
4581	2323
4582	2408
4583	1198
4584	40
4585	2748
4586	2769
4587	2467
4588	1859
4589	3438
4590	2888
4591	28
4592	1347
4593	1342
4594	252
4595	1126
4596	2604
4597	2676
4598	2805
4599	587
4600	2093
4601	201
4602	468
4603	981
4604	3331
4605	1783
4606	430
4607	95
4608	2093
4609	1056
4610	649
4611	3348
4612	1514
4613	135
4614	3155
4615	2733
4616	1227
4617	3311
4618	3941
4619	1460
4620	2810
4621	205
4622	1684
4623	1757
4624	1181
4625	2546
4626	1679
4627	1680
4628	17
4629	1847
4630	2858
4631	1401
4632	2287
4633	1708
4634	853
4635	2600
4636	1507
4637	1706
4638	1786
4639	257
4640	3900
4641	3257
4642	747
4643	1343
4644	1134
4645	660
4646	2576
4647	1498
4648	2423
4649	2087
4650	2568
4651	227
4652	101
4653	2037
4654	2638
4655	1564
4656	972
4657	2892
4658	1566
4659	1553
4660	2578
4661	3319
4662	1491
4663	400
4664	2130
4665	1002
4666	3246
4667	57
4668	250
4669	801
4670	3031
4671	2875
4672	1974
4673	214
4674	927
4675	3019
4676	232
4677	3335
4678	1465
4679	3074
4680	3495
4681	3345
4682	3461
4683	1647
4684	875
4685	1265
4686	87
4687	3361
4688	2956
4689	751
4690	3303
4691	373
4692	239
4693	3926
4694	291
4695	3866
4696	202
4697	436
4698	1825
4699	3106
4700	2977
4701	2321
4702	2135
4703	3522
4704	2369
4705	3717
4706	2277
4707	2658
4708	3658
4709	236
4710	3547
4711	1454
4712	1826
4713	1529
4714	1622
4715	3464
4716	1143
4717	2096
4718	1784
4719	1248
4720	1873
4721	2291
4722	1793
4723	2357
4724	2819
4725	1811
4726	955
4727	529
4728	628
4729	3506
4730	1058
4731	3510
4732	2848
4733	3650
4734	2965
4735	781
4736	3609
4737	2959
4738	3614
4739	2175
4740	2381
4741	3150
4742	1210
4743	1487
4744	430
4745	1304
4746	2339
4747	2230
4748	1817
4749	2933
4750	3299
4751	2442
4752	3841
4753	3434
4754	1824
4755	71
4756	1722
4757	955
4758	2891
4759	1985
4760	1928
4761	207
4762	658
4763	2538
4764	1302
4765	3389
4766	3832
4767	1476
4768	3798
4769	2246
4770	1109
4771	3466
4772	1441
4773	578
4774	3920
4775	418
4776	431
4777	1184
4778	271
4779	2849
4780	125
4781	1846
4782	2458
4783	2749
4784	446
4785	2223
4786	1120
4787	1684
4788	821
4789	771
4790	198
4791	2679
4792	1379
4793	3139
4794	3899
4795	3385
4796	1813
4797	200
4798	874
4799	1428
4800	2267
4801	3027
4802	508
4803	1661
4804	3000
4805	2138
4806	1886
4807	329
4808	3895
4809	252
4810	1653
4811	3789
4812	2043
4813	302
4814	374
4815	2850
4816	632
4817	2868
4818	2851
4819	3614
4820	600
4821	3296
4822	1477
4823	1052
4824	1996
4825	1246
4826	1096
4827	2348
4828	159
4829	3761
4830	3986
4831	1738
4832	276
4833	2942
4834	1389
4835	3481
4836	2268
4837	1252
4838	2327
4839	1091
4840	2006
4841	1729
4842	1459
4843	2806
4844	3882
4845	783
4846	359
4847	956
4848	2505
4849	3839
4850	838
4851	2504
4852	945
4853	1711
4854	2756
4855	2177
4856	2140
4857	357
4858	3583
4859	303
4860	2303
4861	3733
4862	766
4863	2028
4864	3364
4865	2595
4866	3527
4867	1837
4868	1664
4869	1041
4870	3378
4871	949
4872	88
4873	1856
4874	3582
4875	2870
4876	2141
4877	2049
4878	2185
4879	3987
4880	1937
4881	2777
4882	41
4883	353
4884	3504
4885	596
4886	935
4887	2513
4888	1770
4889	3054
4890	2676
4891	2803
4892	1602
4893	3610
4894	623
4895	1001
4896	2931
4897	2054
4898	550
4899	1547
4900	874
4901	3130
4902	117
4903	1038
4904	2723
4905	1034
4906	3350
4907	2474
4908	1275
4909	3844
4910	2511
4911	2256
4912	2886
4913	604
4914	2282
4915	3357
4916	2384
4917	1783
4918	3584
4919	2908
4920	2789
4921	1105
4922	217
4923	117
4924	1557
4925	2890
4926	2399
4927	3868
4928	330
4929	934
4930	3576
4931	901
4932	3049
4933	382
4934	511
4935	1166
4936	838
4937	3373
4938	276
4939	2495
4940	1821
4941	3481
4942	1200
4943	174
4944	3288
4945	3759
4946	3529
4947	3655
4948	3283
4949	2052
4950	2071
4951	1826
4952	3595
4953	3116
4954	527
4955	2626
4956	2307
4957	3154
4958	3340
4959	344
4960	2917
4961	1481
4962	3878
4963	2767
4964	2777
4965	3593
4966	1133
4967	405
4968	3853
4969	1071
4970	864
4971	1168
4972	513
4973	1167
4974	1922
4975	2072
4976	1606
4977	196
4978	563
4979	1220
4980	333
4981	2283
4982	293
4983	3163
4984	893
4985	695
4986	3412
4987	2
4988	1056
4989	3771
4990	2636
4991	812
4992	1579
4993	2480
4994	1722
4995	1260
4996	2798
4997	1256
4998	3268
4999	3642
5000	2251
5001	861
5002	2597
5003	3687
5004	1349
5005	3229
5006	154
5007	1515
5008	248
5009	2879
5010	1352
5011	1215
5012	3987
5013	2663
5014	1806
5015	1365
5016	738
5017	1515
5018	1180
5019	3877
5020	3532
5021	2356
5022	3765
5023	3848
5024	3808
5025	2882
5026	668
5027	959
5028	3606
5029	664
5030	2232
5031	1321
5032	184
5033	3298
5034	1465
5035	424
5036	507
5037	279
5038	1503
5039	458
5040	2611
5041	3547
5042	1044
5043	3647
5044	3812
5045	1162
5046	680
5047	3974
5048	2262
5049	2369
5050	2046
5051	2484
5052	478
5053	3842
5054	2710
5055	1721
5056	3031
5057	774
5058	1860
5059	3423
5060	1177
5061	1758
5062	2365
5063	1631
5064	329
5065	3278
5066	321
5067	1296
5068	2043
5069	1692
5070	992
5071	3820
5072	673
5073	3636
5074	1690
5075	3612
5076	909
5077	566
5078	49
5079	1657
5080	3637
5081	901
5082	3427
5083	2466
5084	2463
5085	1053
5086	713
5087	3231
5088	946
5089	871
5090	960
5091	1912
5092	2169
5093	2330
5094	2700
5095	2830
5096	1280
5097	2144
5098	1513
5099	3028
5100	2162
5101	3102
5102	1643
5103	2977
5104	803
5105	1688
5106	384
5107	1546
5108	1858
5109	2824
5110	1448
5111	221
5112	1785
5113	3046
5114	1102
5115	335
5116	2804
5117	3665
5118	2940
5119	2628
5120	3545
5121	2540
5122	522
5123	41
5124	2022
5125	2324
5126	1694
5127	598
5128	2450
5129	2859
5130	1395
5131	1700
5132	3494
5133	3444
5134	247
5135	426
5136	1955
5137	224
5138	249
5139	3734
5140	3184
5141	2718
5142	1757
5143	1287
5144	2624
5145	1488
5146	2875
5147	236
5148	3353
5149	3724
5150	2408
5151	1182
5152	2929
5153	647
5154	3044
5155	2983
5156	856
5157	2180
5158	1399
5159	3371
5160	235
5161	1491
5162	905
5163	1036
5164	2023
5165	3383
5166	2747
5167	941
5168	1102
5169	682
5170	3966
5171	2586
5172	852
5173	3916
5174	583
5175	2200
5176	1534
5177	73
5178	2715
5179	1763
5180	3071
5181	2463
5182	1335
5183	2462
5184	540
5185	1073
5186	2637
5187	2733
5188	3773
5189	185
5190	1213
5191	2065
5192	1855
5193	546
5194	948
5195	2470
5196	528
5197	1594
5198	3656
5199	3334
5200	3820
5201	2112
5202	2286
5203	1184
5204	1050
5205	1950
5206	2019
5207	2515
5208	1099
5209	512
5210	2429
5211	1729
5212	802
5213	734
5214	405
5215	2415
5216	2235
5217	3360
5218	1586
5219	788
5220	1487
5221	3846
5222	597
5223	1867
5224	3331
5225	3233
5226	3172
5227	960
5228	2717
5229	343
5230	1378
5231	2185
5232	2292
5233	985
5234	3628
5235	285
5236	3754
5237	1613
5238	3776
5239	3343
5240	2491
5241	576
5242	1426
5243	910
5244	1717
5245	788
5246	1774
5247	3506
5248	1137
5249	1898
5250	325
5251	2144
5252	1654
5253	686
5254	2738
5255	3044
5256	3063
5257	164
5258	2860
5259	341
5260	1509
5261	3262
5262	374
5263	3933
5264	3440
5265	3951
5266	1503
5267	2107
5268	2529
5269	621
5270	290
5271	244
5272	3701
5273	173
5274	3310
5275	3130
5276	304
5277	469
5278	2502
5279	1090
5280	3922
5281	730
5282	501
5283	3254
5284	727
5285	2536
5286	3461
5287	1726
5288	2075
5289	3829
5290	26
5291	2108
5292	221
5293	2636
5294	1743
5295	965
5296	344
5297	1612
5298	305
5299	321
5300	2662
5301	2662
5302	2838
5303	1531
5304	2673
5305	3859
5306	3670
5307	971
5308	1260
5309	1295
5310	3808
5311	722
5312	2846
5313	1890
5314	3415
5315	1578
5316	2844
5317	317
5318	1169
5319	2063
5320	1449
5321	3671
5322	3778
5323	204
5324	5
5325	119
5326	1130
5327	577
5328	3218
5329	212
5330	191
5331	3716
5332	3129
5333	1214
5334	3313
5335	1829
5336	3090
5337	3075
5338	2719
5339	389
5340	2629
5341	1221
5342	2770
5343	950
5344	859
5345	684
5346	1203
5347	3760
5348	3441
5349	3370
5350	974
5351	2821
5352	3229
5353	1366
5354	3862
5355	2384
5356	2217
5357	693
5358	3793
5359	3474
5360	151
5361	3664
5362	2747
5363	2239
5364	3890
5365	3653
5366	485
5367	3478
5368	3868
5369	432
5370	3527
5371	3830
5372	185
5373	1417
5374	2572
5375	678
5376	3760
5377	2432
5378	347
5379	1686
5380	733
5381	2721
5382	2380
5383	3622
5384	1224
5385	3781
5386	1236
5387	297
5388	3897
5389	2091
5390	3276
5391	2872
5392	2725
5393	923
5394	1222
5395	1993
5396	3692
5397	183
5398	898
5399	2959
5400	498
5401	2715
5402	223
5403	668
5404	2042
5405	2644
5406	3087
5407	434
5408	2844
5409	3144
5410	66
5411	1896
5412	2502
5413	2820
5414	1324
5415	2333
5416	1361
5417	3457
5418	3167
5419	3119
5420	3551
5421	2672
5422	3247
5423	1132
5424	3237
5425	1759
5426	1104
5427	2897
5428	388
5429	2550
5430	301
5431	538
5432	3286
5433	1394
5434	2739
5435	14
5436	289
5437	2284
5438	906
5439	3596
5440	2356
5441	2176
5442	787
5443	3195
5444	2894
5445	665
5446	1644
5447	76
5448	1645
5449	1286
5450	3715
5451	3033
5452	2719
5453	3413
5454	108
5455	502
5456	2883
5457	3707
5458	1018
5459	1773
5460	2788
5461	971
5462	1597
5463	1681
5464	2740
5465	2359
5466	716
5467	42
5468	2224
5469	1479
5470	446
5471	2736
5472	1116
5473	2446
5474	444
5475	3437
5476	1981
5477	2444
5478	2653
5479	1600
5480	602
5481	439
5482	234
5483	2589
5484	532
5485	820
5486	3934
5487	439
5488	2938
5489	580
5490	1824
5491	558
5492	2158
5493	3152
5494	3965
5495	209
5496	3462
5497	678
5498	2484
5499	2313
5500	1170
5501	1900
5502	3337
5503	3196
5504	2096
5505	1951
5506	984
5507	2448
5508	2787
5509	1555
5510	2996
5511	2269
5512	1952
5513	1021
5514	2745
5515	3442
5516	1723
5517	1644
5518	3328
5519	3092
5520	3939
5521	1183
5522	167
5523	878
5524	1192
5525	1128
5526	199
5527	3659
5528	367
5529	2965
5530	2300
5531	1693
5532	2304
5533	1951
5534	1905
5535	3148
5536	863
5537	2160
5538	1259
5539	2806
5540	594
5541	1664
5542	1265
5543	1547
5544	1422
5545	785
5546	2971
5547	565
5548	1484
5549	1076
5550	1455
5551	1568
5552	470
5553	3841
5554	258
5555	3769
5556	1914
5557	664
5558	2263
5559	3985
5560	802
5561	3825
5562	958
5563	3417
5564	165
5565	1103
5566	3919
5567	2264
5568	554
5569	3768
5570	3976
5571	3724
5572	212
5573	3134
5574	3695
5575	3887
5576	2068
5577	1502
5578	3141
5579	643
5580	178
5581	3952
5582	2627
5583	2734
5584	2724
5585	2734
5586	2312
5587	3316
5588	2794
5589	459
5590	1296
5591	3208
5592	1681
5593	3664
5594	1629
5595	1256
5596	645
5597	1683
5598	2948
5599	562
5600	456
5601	1117
5602	1412
5603	1267
5604	2318
5605	3118
5606	3089
5607	2560
5608	3505
5609	1686
5610	2173
5611	2145
5612	135
5613	899
5614	3184
5615	2457
5616	3799
5617	3856
5618	2539
5619	752
5620	3015
5621	1211
5622	1813
5623	1060
5624	2945
5625	3221
5626	2143
5627	360
5628	3074
5629	3174
5630	1961
5631	1402
5632	674
5633	505
5634	3330
5635	3896
5636	3405
5637	2729
5638	528
5639	3798
5640	1094
5641	2354
5642	743
5643	129
5644	1042
5645	1593
5646	675
5647	3872
5648	255
5649	3264
5650	1938
5651	882
5652	3684
5653	328
5654	2120
5655	3823
5656	2489
5657	616
5658	795
5659	3435
5660	3501
5661	2009
5662	2931
5663	3194
5664	3301
5665	2841
5666	2108
5667	1386
5668	218
5669	525
5670	24
5671	3879
5672	1406
5673	281
5674	918
5675	3611
5676	2403
5677	558
5678	3478
5679	3599
5680	1432
5681	634
5682	549
5683	1778
5684	1158
5685	1377
5686	1723
5687	2322
5688	1797
5689	1658
5690	80
5691	1034
5692	373
5693	412
5694	705
5695	443
5696	2300
5697	389
5698	1841
5699	2174
5700	3666
5701	257
5702	1216
5703	1399
5704	3129
5705	1336
5706	3143
5707	2529
5708	5
5709	3435
5710	1416
5711	3368
5712	3112
5713	469
5714	271
5715	1697
5716	2802
5717	1628
5718	92
5719	488
5720	3090
5721	1263
5722	2583
5723	2686
5724	3183
5725	2586
5726	2307
5727	3860
5728	2492
5729	3037
5730	3269
5731	1437
5732	2528
5733	1564
5734	1754
5735	1127
5736	834
5737	728
5738	2878
5739	1261
5740	800
5741	2786
5742	906
5743	1163
5744	151
5745	2531
5746	1849
5747	1387
5748	2871
5749	691
5750	3876
5751	1324
5752	1172
5753	1309
5754	305
5755	1380
5756	2847
5757	2152
5758	2782
5759	2202
5760	1027
5761	3380
5762	582
5763	2905
5764	972
5765	3050
5766	2983
5767	2111
5768	1078
5769	3895
5770	132
5771	2131
5772	3774
5773	2489
5774	962
5775	614
5776	3105
5777	1238
5778	3738
5779	1779
5780	3264
5781	3974
5782	8
5783	2745
5784	1291
5785	273
5786	160
5787	3869
5788	3305
5789	2441
5790	1521
5791	1219
5792	1622
5793	504
5794	1478
5795	45
5796	893
5797	3515
5798	2312
5799	2499
5800	2554
5801	9
5802	2122
5803	1598
5804	3103
5805	3817
5806	522
5807	1568
5808	2396
5809	211
5810	870
5811	3985
5812	3608
5813	3969
5814	3429
5815	2274
5816	2256
5817	1140
5818	426
5819	1094
5820	77
5821	662
5822	327
5823	3649
5824	2132
5825	95
5826	848
5827	2893
5828	3654
5829	3824
5830	1091
5831	254
5832	671
5833	2123
5834	466
5835	2870
5836	2191
5837	783
5838	402
5839	770
5840	154
5841	501
5842	2754
5843	1422
5844	2500
5845	2273
5846	1798
5847	3085
5848	2328
5849	2403
5850	2508
5851	2547
5852	3772
5853	642
5854	2866
5855	3741
5856	2961
5857	2638
5858	3726
5859	3254
5860	3912
5861	1280
5862	3533
5863	294
5864	3488
5865	142
5866	671
5867	3400
5868	629
5869	2367
5870	3057
5871	129
5872	1736
5873	498
5874	2498
5875	2827
5876	3705
5877	2165
5878	764
5879	3408
5880	334
5881	2939
5882	1884
5883	1690
5884	75
5885	316
5886	3716
5887	2455
5888	464
5889	3065
5890	2836
5891	2874
5892	3030
5893	508
5894	3372
5895	1471
5896	606
5897	180
5898	2028
5899	639
5900	3235
5901	1823
5902	3534
5903	1066
5904	3861
5905	1
5906	3810
5907	1557
5908	2181
5909	956
5910	841
5911	3293
5912	352
5913	1045
5914	733
5915	2491
5916	3119
5917	1792
5918	2003
5919	944
5920	3574
5921	2121
5922	2739
5923	307
5924	1026
5925	3646
5926	3672
5927	1517
5928	2318
5929	940
5930	3632
5931	1325
5932	1709
5933	1143
5934	273
5935	2379
5936	1113
5937	2571
5938	3089
5939	3703
5940	11
5941	2366
5942	612
5943	2137
5944	114
5945	3655
5946	362
5947	3598
5948	1930
5949	3519
5950	250
5951	1857
5952	3548
5953	2647
5954	183
5955	3084
5956	570
5957	3836
5958	2976
5959	3995
5960	2064
5961	1314
5962	911
5963	3076
5964	2166
5965	2939
5966	3135
5967	1279
5968	398
5969	1591
5970	1338
5971	2473
5972	3663
5973	3373
5974	1136
5975	3467
5976	261
5977	919
5978	3860
5979	80
5980	1804
5981	3624
5982	526
5983	3239
5984	1308
5985	2767
5986	320
5987	3765
5988	1410
5989	3811
5990	411
5991	1128
5992	2461
5993	140
5994	3147
5995	1030
5996	366
5997	3457
5998	1566
5999	2905
6000	3779
6001	2621
6002	3784
6003	3060
6004	2833
6005	3660
6006	2253
6007	2241
6008	1634
6009	2266
6010	102
6011	653
6012	2038
6013	301
6014	656
6015	1287
6016	3049
6017	107
6018	1194
6019	2854
6020	2456
6021	1730
6022	2499
6023	2266
6024	3995
6025	2485
6026	1671
6027	372
6028	1967
6029	2056
6030	2455
6031	1882
6032	1870
6033	414
6034	933
6035	1243
6036	3185
6037	27
6038	3558
6039	817
6040	820
6041	19
6042	2386
6043	554
6044	1028
6045	182
6046	3250
6047	3705
6048	2713
6049	78
6050	272
6051	1893
6052	3594
6053	3730
6054	463
6055	419
6056	1522
6057	3921
6058	1397
6059	3594
6060	59
6061	994
6062	786
6063	1243
6064	1889
6065	2953
6066	3782
6067	1582
6068	767
6069	2190
6070	3982
6071	2517
6072	3944
6073	961
6074	1524
6075	381
6076	2827
6077	3197
6078	357
6079	3878
6080	1559
6081	383
6082	894
6083	145
6084	1312
6085	1512
6086	3408
6087	1047
6088	3093
6089	3091
6090	920
6091	381
6092	1442
6093	567
6094	399
6095	3683
6096	3881
6097	1577
6098	707
6099	1833
6100	3232
6101	2988
6102	1950
6103	2302
6104	2444
6105	2233
6106	2092
6107	3649
6108	1989
6109	3284
6110	969
6111	3127
6112	3615
6113	1834
6114	2343
6115	3330
6116	1621
6117	134
6118	1589
6119	1017
6120	999
6121	2746
6122	2743
6123	814
6124	3554
6125	3374
6126	1744
6127	3933
6128	73
6129	346
6130	603
6131	2290
6132	2894
6133	1884
6134	2613
6135	2337
6136	1313
6137	1065
6138	3550
6139	63
6140	2571
6141	142
6142	1310
6143	3601
6144	2198
6145	2167
6146	3357
6147	362
6148	202
6149	3088
6150	2099
6151	529
6152	974
6153	1200
6154	1420
6155	552
6156	55
6157	3994
6158	494
6159	1125
6160	3997
6161	2560
6162	3879
6163	255
6164	16
6165	2988
6166	796
6167	2124
6168	1621
6169	973
6170	3034
6171	2583
6172	3056
6173	1087
6174	3191
6175	349
6176	2896
6177	2036
6178	570
6179	640
6180	1305
6181	2581
6182	833
6183	2029
6184	2276
6185	647
6186	2250
6187	31
6188	346
6189	985
6190	2973
6191	2378
6192	2238
6193	2034
6194	1352
6195	3473
6196	3301
6197	2856
6198	2549
6199	1992
6200	1204
6201	484
6202	3017
6203	2582
6204	2213
6205	3680
6206	47
6207	3355
6208	2035
6209	3902
6210	3896
6211	3774
6212	1773
6213	1478
6214	3488
6215	3548
6216	958
6217	3660
6218	2382
6219	3336
6220	245
6221	2410
6222	2952
6223	3183
6224	2902
6225	1082
6226	3814
6227	3146
6228	2714
6229	669
6230	1408
6231	2328
6232	2195
6233	2469
6234	2580
6235	1782
6236	1647
6237	1440
6238	3601
6239	3337
6240	1414
6241	3154
6242	1749
6243	620
6244	3788
6245	2270
6246	2858
6247	496
6248	777
6249	1567
6250	877
6251	1519
6252	100
6253	950
6254	2663
6255	414
6256	2439
6257	3574
6258	1961
6259	1555
6260	1940
6261	3607
6262	2007
6263	340
6264	2728
6265	3634
6266	1973
6267	3215
6268	1303
6269	3656
6270	1999
6271	1749
6272	1711
6273	635
6274	2063
6275	1204
6276	2640
6277	1277
6278	2345
6279	545
6280	3725
6281	3210
6282	1679
6283	1528
6284	1652
6285	2001
6286	34
6287	1458
6288	3325
6289	2691
6290	3894
6291	929
6292	1180
6293	2678
6294	909
6295	1891
6296	147
6297	3327
6298	2297
6299	564
6300	2276
6301	3585
6302	481
6303	3472
6304	3180
6305	3287
6306	1255
6307	616
6308	2935
6309	3976
6310	1943
6311	1305
6312	2645
6313	1022
6314	1247
6315	621
6316	835
6317	2728
6318	718
6319	1870
6320	3262
6321	843
6322	3675
6323	3992
6324	1638
6325	721
6326	2394
6327	1902
6328	3894
6329	1121
6330	2259
6331	895
6332	2758
6333	278
6334	2688
6335	2511
6336	1615
6337	824
6338	575
6339	3446
6340	1078
6341	2949
6342	2738
6343	3619
6344	2882
6345	1436
6346	3076
6347	3206
6348	2291
6349	1383
6350	2257
6351	777
6352	2691
6353	2925
6354	3441
6355	3424
6356	499
6357	3815
6358	3739
6359	2242
6360	3535
6361	3563
6362	2440
6363	773
6364	1698
6365	3174
6366	565
6367	1849
6368	1519
6369	3371
6370	2490
6371	1314
6372	3538
6373	2707
6374	3384
6375	1815
6376	47
6377	2344
6378	2255
6379	3845
6380	2818
6381	1455
6382	2478
6383	2008
6384	2387
6385	1308
6386	3454
6387	1539
6388	3448
6389	1669
6390	2799
6391	1970
6392	93
6393	1942
6394	461
6395	764
6396	2058
6397	1835
6398	128
6399	2913
6400	2112
6401	3308
6402	2989
6403	2934
6404	2811
6405	429
6406	1577
6407	2569
6408	2474
6409	85
6410	1572
6411	460
6412	2130
6413	1190
6414	1060
6415	1901
6416	3100
6417	2544
6418	461
6419	114
6420	1626
6421	2481
6422	1775
6423	1739
6424	3466
6425	1244
6426	2895
6427	2405
6428	2804
6429	3273
6430	3713
6431	1368
6432	32
6433	1728
6434	2477
6435	3628
6436	3429
6437	2946
6438	879
6439	3153
6440	1734
6441	1910
6442	1642
6443	1035
6444	2090
6445	172
6446	2681
6447	1279
6448	1932
6449	3729
6450	3616
6451	612
6452	119
6453	3787
6454	3161
6455	1432
6456	754
6457	264
6458	2202
6459	3737
6460	2549
6461	3531
6462	2173
6463	2776
6464	2125
6465	984
6466	1167
6467	1620
6468	3108
6469	2165
6470	2935
6471	1571
6472	2974
6473	3783
6474	3423
6475	1479
6476	1157
6477	3157
6478	2354
6479	116
6480	1121
6481	1321
6482	2192
6483	2059
6484	1685
6485	2776
6486	1372
6487	2585
6488	1936
6489	1542
6490	1763
6491	1548
6492	2481
6493	2782
6494	3677
6495	1173
6496	1699
6497	2926
6498	1337
6499	3998
6500	689
6501	3768
6502	350
6503	2382
6504	834
6505	1247
6506	3743
6507	2449
6508	2259
6509	292
6510	2335
6511	3243
6512	2231
6513	2963
6514	2301
6515	3659
6516	3280
6517	3526
6518	1781
6519	1055
6520	81
6521	2753
6522	1418
6523	688
6524	2224
6525	3029
6526	2690
6527	388
6528	2316
6529	1638
6530	637
6531	3046
6532	2375
6533	3035
6534	1290
6535	3314
6536	883
6537	3233
6538	3187
6539	731
6540	2651
6541	3491
6542	2725
6543	2756
6544	2126
6545	692
6546	1435
6547	3097
6548	393
6549	1312
6550	3709
6551	2036
6552	3477
6553	1527
6554	2956
6555	2992
6556	2264
6557	3712
6558	2246
6559	2921
6560	928
6561	3772
6562	651
6563	3505
6564	1381
6565	527
6566	3917
6567	3235
6568	564
6569	1590
6570	2221
6571	165
6572	3744
6573	2478
6574	2326
6575	3295
6576	506
6577	3295
6578	3416
6579	2519
6580	408
6581	2918
6582	3324
6583	1169
6584	401
6585	1004
6586	988
6587	3320
6588	2104
6589	3158
6590	3864
6591	2525
6592	3882
6593	751
6594	3680
6595	2073
6596	230
6597	1230
6598	1364
6599	3526
6600	1560
6601	1061
6602	1512
6603	3756
6604	1592
6605	2614
6606	2902
6607	3126
6608	1832
6609	3752
6610	1087
6611	604
6612	1234
6613	2009
6614	2273
6615	794
6616	62
6617	2386
6618	2332
6619	3989
6620	859
6621	349
6622	2025
6623	3914
6624	473
6625	1355
6626	449
6627	2209
6628	2626
6629	2697
6630	794
6631	1781
6632	691
6633	1552
6634	3499
6635	2234
6636	3093
6637	246
6638	3556
6639	1636
6640	920
6641	2208
6642	2204
6643	1443
6644	1441
6645	1354
6646	146
6647	713
6648	2623
6649	2543
6650	3281
6651	1629
6652	3738
6653	1328
6654	1803
6655	814
6656	1086
6657	538
6658	1721
6659	601
6660	2895
6661	336
6662	3245
6663	1975
6664	3141
6665	3988
6666	2620
6667	2327
6668	3365
6669	3678
6670	2025
6671	1932
6672	2493
6673	404
6674	3752
6675	3699
6676	623
6677	1995
6678	3560
6679	2563
6680	2213
6681	2070
6682	2980
6683	61
6684	379
6685	2677
6686	2417
6687	789
6688	2522
6689	683
6690	2301
6691	2622
6692	3490
6693	2161
6694	3347
6695	1286
6696	1949
6697	929
6698	2071
6699	1183
6700	2218
6701	1859
6702	2501
6703	1853
6704	3412
6705	1366
6706	60
6707	1769
6708	965
6709	3120
6710	246
6711	2391
6712	2849
6713	2081
6714	1122
6715	1966
6716	2073
6717	85
6718	45
6719	4
6720	1752
6721	642
6722	2829
6723	1153
6724	2
6725	1972
6726	3591
6727	2591
6728	2700
6729	2405
6730	2335
6731	2927
6732	1840
6733	2091
6734	3030
6735	2456
6736	3669
6737	2041
6738	3710
6739	2292
6740	2469
6741	1508
6742	3149
6743	1258
6744	847
6745	2552
6746	3642
6747	629
6748	3998
6749	1717
6750	1158
6751	79
6752	277
6753	872
6754	1848
6755	3136
6756	714
6757	1364
6758	2648
6759	3963
6760	3970
6761	2361
6762	1175
6763	1451
6764	1406
6765	120
6766	1685
6767	537
6768	3775
6769	7
6770	422
6771	3432
6772	2883
6773	2504
6774	397
6775	3368
6776	818
6777	2992
6778	2154
6779	3654
6780	67
6781	1067
6782	1076
6783	885
6784	3151
6785	2941
6786	1322
6787	2981
6788	790
6789	597
6790	3459
6791	2534
6792	2056
6793	3667
6794	987
6795	71
6796	3585
6797	3897
6798	2424
6799	79
6800	2744
6801	2876
6802	975
6803	2183
6804	486
6805	138
6806	3280
6807	3189
6808	825
6809	975
6810	1560
6811	512
6812	53
6813	2600
6814	3763
6815	1037
6816	3386
6817	3546
6818	2089
6819	2024
6820	2911
6821	115
6822	2943
6823	3362
6824	3929
6825	3644
6826	991
6827	1166
6828	618
6829	2016
6830	1118
6831	877
6832	2400
6833	3223
6834	3747
6835	1745
6836	3329
6837	3644
6838	2949
6839	3523
6840	3906
6841	2092
6842	1592
6843	2650
6844	3851
6845	3825
6846	333
6847	2175
6848	1863
6849	2275
6850	3072
6851	769
6852	525
6853	2371
6854	2906
6855	607
6856	2150
6857	483
6858	3096
6859	1534
6860	2866
6861	2136
6862	775
6863	1107
6864	188
6865	3917
6866	584
6867	1797
6868	1946
6869	2225
6870	1604
6871	3260
6872	422
6873	312
6874	3751
6875	1808
6876	3913
6877	1619
6878	3321
6879	1031
6880	2674
6881	1735
6882	611
6883	134
6884	2527
6885	772
6886	286
6887	339
6888	2031
6889	3139
6890	3473
6891	3121
6892	721
6893	2860
6894	479
6895	2047
6896	2398
6897	3528
6898	1067
6899	3082
6900	2162
6901	1277
6902	3121
6903	2937
6904	2906
6905	1122
6906	2527
6907	1768
6908	1476
6909	3010
6910	3707
6911	2431
6912	2957
6913	1730
6914	1358
6915	1804
6916	3161
6917	1798
6918	132
6919	3563
6920	89
6921	1146
6922	648
6923	2790
6924	3083
6925	3327
6926	2059
6927	3994
6928	1800
6929	1718
6930	3006
6931	705
6932	1471
6933	310
6934	1818
6935	3018
6936	679
6937	2760
6938	3603
6939	2198
6940	1754
6941	2107
6942	744
6943	1428
6944	583
6945	3180
6946	1070
6947	3850
6948	688
6949	3430
6950	2167
6951	3060
6952	1270
6953	1889
6954	2678
6955	2161
6956	2786
6957	3946
6958	2565
6959	3613
6960	682
6961	474
6962	3514
6963	1785
6964	2171
6965	3405
6966	3418
6967	1192
6968	2329
6969	1842
6970	2058
6971	2013
6972	3623
6973	1845
6974	711
6975	1212
6976	2084
6977	2392
6978	693
6979	2230
6980	3769
6981	1057
6982	2628
6983	2331
6984	942
6985	2174
6986	1050
6987	1527
6988	2344
6989	742
6990	2568
6991	2077
6992	3796
6993	1337
6994	817
6995	2315
6996	3757
6997	3291
6998	2290
6999	1845
7000	1943
7001	500
7002	1179
7003	253
7004	3762
7005	3359
7006	272
7007	3648
7008	2512
7009	2661
7010	1699
7011	1179
7012	1397
7013	457
7014	1217
7015	3646
7016	3270
7017	1842
7018	3850
7019	866
7020	3199
7021	3149
7022	3166
7023	2735
7024	1299
7025	1017
7026	130
7027	3190
7028	2789
7029	1029
7030	2458
7031	2182
7032	1611
7033	517
7034	3778
7035	2041
7036	3479
7037	1450
7038	222
7039	407
7040	1313
7041	1403
7042	103
7043	2062
7044	2669
7045	267
7046	3846
7047	1841
7048	1382
7049	3446
7050	407
7051	966
7052	809
7053	3217
7054	1127
7055	1677
7056	180
7057	1591
7058	3508
7059	1760
7060	3019
7061	3236
7062	1426
7063	299
7064	1205
7065	409
7066	3991
7067	940
7068	2095
7069	3969
7070	887
7071	952
7072	440
7073	997
7074	610
7075	3449
7076	3669
7077	3651
7078	1983
7079	1114
7080	1630
7081	237
7082	1728
7083	615
7084	1926
7085	2881
7086	1940
7087	2889
7088	605
7089	1942
7090	358
7091	2953
7092	977
7093	1709
7094	1611
7095	2402
7096	3010
7097	872
7098	1561
7099	686
7100	2532
7101	2989
7102	3979
7103	485
7104	3749
7105	2151
7106	2666
7107	38
7108	1562
7109	706
7110	3528
7111	2526
7112	1923
7113	843
7114	1299
7115	2016
7116	2558
7117	143
7118	848
7119	3445
7120	173
7121	2321
7122	3422
7123	488
7124	699
7125	2581
7126	3403
7127	815
7128	1958
7129	3406
7130	2131
7131	3198
7132	3517
7133	991
7134	3289
7135	3120
7136	157
7137	3294
7138	919
7139	431
7140	18
7141	895
7142	2272
7143	701
7144	339
7145	1529
7146	1486
7147	15
7148	2153
7149	2439
7150	175
7151	264
7152	2607
7153	379
7154	2685
7155	2660
7156	2794
7157	1156
7158	2921
7159	356
7160	2383
7161	2007
7162	866
7163	3393
7164	1739
7165	2400
7166	1429
7167	637
7168	1548
7169	3549
7170	2465
7171	825
7172	3678
7173	2171
7174	3241
7175	3126
7176	2095
7177	3398
7178	3605
7179	595
7180	1301
7181	1378
7182	2567
7183	1745
7184	903
7185	2743
7186	2635
7187	2951
7188	2234
7189	3679
7190	51
7191	456
7192	3711
7193	3393
7194	3240
7195	38
7196	3807
7197	1590
7198	1919
7199	3204
7200	1082
7201	2793
7202	3108
7203	1474
7204	3876
7205	3682
7206	1617
7207	1578
7208	3539
7209	3207
7210	50
7211	3793
7212	579
7213	3677
7214	2245
7215	3761
7216	2245
7217	3665
7218	1015
7219	1035
7220	2252
7221	2514
7222	2024
7223	1832
7224	78
7225	1085
7226	477
7227	1045
7228	756
7229	2632
7230	3619
7231	1879
7232	2284
7233	556
7234	1964
7235	3620
7236	1355
7237	76
7238	3598
7239	560
7240	948
7241	1146
7242	3911
7243	648
7244	1144
7245	2306
7246	482
7247	3341
7248	3032
7249	2331
7250	2477
7251	3891
7252	454
7253	1625
7254	3107
7255	879
7256	2080
7257	779
7258	2308
7259	1061
7260	2674
7261	2726
7262	3855
7263	13
7264	484
7265	3603
7266	1651
7267	377
7268	1392
7269	2760
7270	1926
7271	1965
7272	1771
7273	2370
7274	1935
7275	3048
7276	2188
7277	3122
7278	3552
7279	3903
7280	2217
7281	1507
7282	3376
7283	1964
7284	2968
7285	3602
7286	3796
7287	1816
7288	2221
7289	3616
7290	921
7291	1489
7292	2512
7293	291
7294	1700
7295	3515
7296	1972
7297	466
7298	265
7299	2153
7300	3979
7301	3463
7302	1936
7303	2065
7304	729
7305	2567
7306	1155
7307	2110
7308	1774
7309	1802
7310	2597
7311	650
7312	2342
7313	596
7314	2404
7315	3386
7316	3795
7317	519
7318	326
7319	3915
7320	3023
7321	2479
7322	2920
7323	323
7324	1834
7325	1960
7326	2104
7327	3307
7328	989
7329	3740
7330	645
7331	2723
7332	1888
7333	497
7334	3968
7335	3889
7336	417
7337	109
7338	1470
7339	1713
7340	3209
7341	3329
7342	2880
7343	18
7344	1742
7345	1727
7346	1789
7347	1924
7348	1585
7349	1532
7350	2109
7351	805
7352	149
7353	3881
7354	3633
7355	2712
7356	3320
7357	2493
7358	1713
7359	3582
7360	3177
7361	2206
7362	1266
7363	3559
7364	1424
7365	486
7366	3845
7367	3989
7368	2954
7369	824
7370	2067
7371	3491
7372	1648
7373	3541
7374	2077
7375	3109
7376	656
7377	337
7378	1865
7379	3968
7380	891
7381	3431
7382	1983
7383	989
7384	2370
7385	2649
7386	921
7387	601
7388	2629
7389	199
7390	653
7391	320
7392	452
7393	3521
7394	3092
7395	3223
7396	1475
7397	3213
7398	1977
7399	2015
7400	1734
7401	309
7402	3782
7403	3134
7404	3449
7405	3214
7406	3799
7407	1614
7408	1550
7409	3259
7410	29
7411	2968
7412	1470
7413	1084
7414	2855
7415	1820
7416	1489
7417	1508
7418	103
7419	3967
7420	2542
7421	3123
7422	500
7423	1857
7424	3260
7425	1336
7426	505
7427	3718
7428	2010
7429	3915
7430	3261
7431	1586
7432	2722
7433	659
7434	1957
7435	1198
7436	1900
7437	1201
7438	636
7439	2701
7440	2080
7441	3696
7442	210
7443	2412
7444	152
7445	2727
7446	1778
7447	3087
7448	384
7449	3874
7450	1269
7451	1057
7452	1058
7453	2673
7454	3342
7455	3869
7456	1110
7457	3939
7458	1574
7459	1220
7460	3486
7461	1073
7462	497
7463	2357
7464	1141
7465	3022
7466	1648
7467	2134
7468	274
7469	963
7470	266
7471	3727
7472	1585
7473	2779
7474	3251
7475	2288
7476	1624
7477	1394
7478	256
7479	2887
7480	1084
7481	3140
7482	2228
7483	2001
7484	2180
7485	1175
7486	309
7487	62
7488	1642
7489	2105
7490	3620
7491	126
7492	911
7493	1013
7494	2850
7495	3672
7496	2223
7497	25
7498	245
7499	2570
7500	2132
7501	2930
7502	1424
7503	3723
7504	3291
7505	1400
7506	2564
7507	3681
7508	2954
7509	2391
7510	1458
7511	1463
7512	3638
7513	1188
7514	622
7515	2085
7516	3499
7517	3245
7518	579
7519	2254
7520	1007
7521	189
7522	808
7523	3411
7524	1802
7525	1059
7526	3972
7527	2421
7528	1369
7529	356
7530	3292
7531	1282
7532	518
7533	2943
7534	2585
7535	942
7536	3230
7537	3486
7538	3552
7539	610
7540	552
7541	1769
7542	2833
7543	3699
7544	1005
7545	3018
7546	952
7547	1134
7548	2809
7549	215
7550	413
7551	2326
7552	2015
7553	2295
7554	2855
7555	1789
7556	316
7557	2045
7558	913
7559	492
7560	2514
7561	2490
7562	1724
7563	3634
7564	1072
7565	736
7566	2435
7567	712
7568	2272
7569	2526
7570	1771
7571	2677
7572	922
7573	1293
7574	2950
7575	2207
7576	2653
7577	3571
7578	3558
7579	457
7580	3472
7581	270
7582	3455
7583	840
7584	2146
7585	1357
7586	793
7587	3065
7588	3851
7589	3321
7590	1292
7591	2696
7592	1539
7593	50
7594	3564
7595	1986
7596	916
7597	3729
7598	402
7599	2412
7600	1410
7601	1550
7602	428
7603	100
7604	3555
7605	2713
7606	2501
7607	1957
7608	3914
7609	731
7610	808
7611	997
7612	1504
7613	1450
7614	2209
7615	2924
7616	1001
7617	745
7618	613
7619	3737
7620	595
7621	358
7622	1651
7623	2574
7624	2325
7625	3136
7626	561
7627	2926
7628	586
7629	2732
7630	3703
7631	2660
7632	926
7633	2799
7634	869
7635	1474
7636	2049
7637	740
7638	855
7639	2697
7640	3871
7641	701
7642	2607
7643	1862
7644	1838
7645	1181
7646	1562
7647	2329
7648	926
7649	903
7650	1059
7651	712
7652	1994
7653	3711
7654	2123
7655	1816
7656	572
7657	2730
7658	3133
7659	1150
7660	1865
7661	592
7662	1833
7663	1916
7664	3521
7665	1669
7666	2979
7667	2395
7668	729
7669	3380
7670	468
7671	2062
7672	2980
7673	1306
7674	3202
7675	2233
7676	3471
7677	2098
7678	2467
7679	1118
7680	1451
7681	452
7682	846
7683	1853
7684	3735
7685	1276
7686	1182
7687	2924
7688	109
7689	2452
7690	887
7691	884
7692	1276
7693	1625
7694	3550
7695	652
7696	1131
7697	1124
7698	1400
7699	3797
7700	1018
7701	1949
7702	1207
7703	3471
7704	2881
7705	1310
7706	137
7707	1979
7708	3213
7709	2345
7710	769
7711	2332
7712	3359
7713	1537
7714	1120
7715	2961
7716	3780
7717	2127
7718	964
7719	3908
7720	2219
7721	1070
7722	2859
7723	1920
7724	1823
7725	1131
7726	2863
7727	2040
7728	395
7729	1883
7730	1689
7731	977
7732	3949
7733	2588
7734	2470
7735	1954
7736	3739
7737	211
7738	2052
7739	3622
7740	662
7741	3430
7742	1027
7743	3801
7744	1738
7745	699
7746	846
7747	3269
7748	3648
7749	400
7750	1191
7751	3930
7752	3238
7753	1836
7754	3997
7755	137
7756	669
7757	1069
7758	2106
7759	2494
7760	3268
7761	312
7762	2040
7763	1626
7764	3324
7765	294
7766	3905
7767	2703
7768	1242
7769	3480
7770	1132
7771	2417
7772	819
7773	3670
7774	1157
7775	2106
7776	2078
7777	3681
7778	2281
7779	1960
7780	1792
7781	3172
7782	2045
7783	3406
7784	698
7785	2124
7786	1876
7787	2214
7788	835
7789	2214
7790	3070
7791	3420
7792	359
7793	3135
7794	605
7795	2864
7796	3202
7797	3557
7798	2950
7799	10
7800	1612
7801	832
7802	3564
7803	803
7804	3679
7805	2098
7806	3780
7807	2709
7808	1632
7809	2396
7810	3061
7811	1212
7812	1630
7813	1795
7814	3978
7815	3199
7816	3913
7817	2963
7818	2730
7819	218
7820	3020
7821	2630
7822	3935
7823	2026
7824	1123
7825	1309
7826	518
7827	3451
7828	409
7829	2035
7830	2281
7831	3720
7832	2891
7833	3684
7834	2142
7835	1726
7836	586
7837	3513
7838	2030
7839	897
7840	1524
7841	519
7842	855
7843	1438
7844	1141
7845	2864
7846	1843
7847	2308
7848	1072
7849	1295
7850	819
7851	2813
7852	2535
7853	618
7854	2288
7855	2005
7856	2774
7857	3963
7858	2795
7859	1282
7860	3259
7861	1892
7862	195
7863	3230
7864	3720
7865	3415
7866	3459
7867	3560
7868	2342
7869	3451
7870	626
7871	987
7872	2138
7873	3133
7874	1429
7875	3536
7876	1561
7877	897
7878	3992
7879	1370
7880	417
7881	492
7882	1330
7883	1589
7884	736
7885	3858
7886	832
7887	1095
7888	280
7889	3170
7890	2219
7891	790
7892	542
7893	2940
7894	438
7895	195
7896	1086
7897	3123
7898	2395
7899	535
7900	3158
7901	432
7902	2117
7903	2793
7904	1614
7905	3821
7906	2620
7907	2078
7908	2689
7909	3697
7910	2535
7911	1278
7912	868
7913	3599
7914	2410
7915	1689
7916	1071
7917	1197
7918	2471
7919	3821
7920	3575
7921	1161
7922	1986
7923	2207
7924	2471
7925	1278
7926	3029
7927	326
7928	3801
7929	222
7930	3575
7931	2574
7932	494
7933	2689
7934	234
7935	1632
7936	3697
7937	2086
7938	2383
7939	3570
7940	157
7941	3978
7942	3908
7943	266
7944	1190
7945	3858
7946	1987
7947	639
7948	3404
7949	1330
7950	542
7951	2479
7952	3394
7953	3479
7954	868
7955	1987
7956	3986
7957	3020
7958	2416
7959	1123
7960	1469
7961	2086
7962	1885
7963	3007
7964	280
7965	3557
7966	3555
7967	3170
7968	2142
7969	3580
7970	477
7971	2240
7972	1536
7973	1421
7974	535
7975	1876
7976	1812
7977	1885
7978	3580
7979	2656
7980	2614
7981	1800
7982	60
7983	1413
7984	3131
7985	1421
7986	2452
7987	1536
7988	189
7989	3426
7990	1376
7991	2385
7992	2240
7993	2385
7994	2170
7995	1752
7996	907
7997	2360
7998	557
7999	2522
8000	2696
