Class Times	10
Rooms	1000
1	261
2	250
3	447
4	660
5	993
6	49
7	751
8	208
9	830
10	124
11	486
12	545
13	302
14	632
15	579
16	859
17	855
18	49
19	130
20	995
21	728
22	39
23	607
24	840
25	849
26	200
27	207
28	924
29	732
30	466
31	414
32	869
33	106
34	56
35	749
36	567
37	470
38	950
39	550
40	691
41	785
42	503
43	344
44	134
45	995
46	549
47	116
48	540
49	949
50	836
51	888
52	368
53	405
54	75
55	144
56	101
57	410
58	535
59	686
60	986
61	22
62	143
63	376
64	968
65	688
66	580
67	115
68	612
69	164
70	473
71	633
72	621
73	582
74	47
75	753
76	107
77	667
78	453
79	182
80	458
81	600
82	887
83	675
84	46
85	485
86	820
87	543
88	882
89	16
90	683
91	99
92	234
93	372
94	917
95	670
96	878
97	649
98	560
99	161
100	116
101	541
102	263
103	647
104	748
105	855
106	141
107	306
108	238
109	610
110	427
111	987
112	679
113	266
114	347
115	377
116	897
117	840
118	181
119	227
120	780
121	65
122	909
123	836
124	461
125	72
126	376
127	418
128	336
129	671
130	216
131	414
132	765
133	37
134	861
135	516
136	97
137	370
138	451
139	947
140	749
141	181
142	704
143	476
144	643
145	490
146	714
147	622
148	98
149	998
150	227
151	714
152	929
153	437
154	253
155	341
156	569
157	256
158	188
159	917
160	317
161	441
162	401
163	870
164	683
165	120
166	41
167	973
168	695
169	489
170	99
171	335
172	868
173	533
174	568
175	722
176	587
177	422
178	404
179	456
180	627
181	477
182	498
183	222
184	187
185	388
186	624
187	712
188	712
189	755
190	512
191	452
192	914
193	332
194	655
195	384
196	677
197	527
198	999
199	750
200	267
201	131
202	835
203	481
204	762
205	144
206	289
207	703
208	968
209	316
210	355
211	35
212	510
213	437
214	400
215	991
216	326
217	87
218	255
219	158
220	163
221	860
222	674
223	493
224	435
225	389
226	591
227	319
228	357
229	31
230	175
231	796
232	125
233	533
234	806
235	463
236	411
237	435
238	646
239	691
240	368
241	582
242	345
243	892
244	903
245	222
246	308
247	139
248	912
249	298
250	773
251	465
252	285
253	536
254	635
255	986
256	164
257	67
258	182
259	64
260	488
261	257
262	773
263	205
264	41
265	488
266	201
267	463
268	861
269	229
270	544
271	942
272	299
273	861
274	387
275	309
276	850
277	158
278	885
279	181
280	221
281	738
282	667
283	290
284	237
285	602
286	806
287	85
288	436
289	222
290	413
291	787
292	173
293	179
294	967
295	170
296	388
297	403
298	476
299	768
300	450
301	296
302	129
303	126
304	587
305	596
306	773
307	99
308	979
309	244
310	106
311	107
312	719
313	543
314	383
315	504
316	768
317	393
318	684
319	811
320	385
321	915
322	855
323	64
324	265
325	591
326	862
327	622
328	174
329	798
330	604
331	212
332	341
333	689
334	21
335	921
336	658
337	620
338	258
339	588
340	805
341	139
342	376
343	188
344	762
345	374
346	748
347	303
348	726
349	337
350	774
351	361
352	902
353	466
354	569
355	675
356	619
357	249
358	983
359	947
360	372
361	706
362	760
363	480
364	69
365	262
366	110
367	502
368	306
369	309
370	818
371	89
372	24
373	983
374	495
375	208
376	762
377	696
378	156
379	426
380	673
381	20
382	370
383	211
384	369
385	226
386	887
387	393
388	600
389	15
390	702
391	318
392	159
393	418
394	64
395	936
396	426
397	849
398	401
399	71
400	437
401	685
402	639
403	370
404	335
405	602
406	678
407	533
408	529
409	705
410	916
411	110
412	217
413	185
414	594
415	845
416	529
417	705
418	633
419	877
420	368
421	643
422	83
423	116
424	446
425	172
426	770
427	306
428	310
429	755
430	439
431	269
432	315
433	123
434	614
435	784
436	373
437	435
438	341
439	564
440	183
441	357
442	509
443	161
444	448
445	221
446	330
447	452
448	189
449	439
450	146
451	528
452	468
453	649
454	662
455	32
456	312
457	216
458	571
459	762
460	924
461	828
462	781
463	789
464	726
465	964
466	69
467	374
468	74
469	908
470	40
471	38
472	167
473	79
474	913
475	751
476	104
477	564
478	389
479	29
480	42
481	78
482	719
483	519
484	209
485	698
486	739
487	217
488	718
489	765
490	258
491	54
492	957
493	840
494	74
495	715
496	677
497	801
498	47
499	518
500	133
501	601
502	124
503	672
504	865
505	608
506	858
507	382
508	803
509	604
510	559
511	560
512	281
513	298
514	955
515	717
516	296
517	151
518	504
519	88
520	152
521	375
522	494
523	894
524	108
525	523
526	128
527	83
528	998
529	616
530	772
531	696
532	995
533	691
534	584
535	752
536	335
537	507
538	207
539	467
540	61
541	501
542	930
543	683
544	415
545	984
546	421
547	864
548	292
549	126
550	673
551	203
552	516
553	151
554	72
555	464
556	532
557	810
558	646
559	206
560	494
561	561
562	735
563	743
564	892
565	325
566	579
567	971
568	551
569	756
570	138
571	186
572	304
573	492
574	73
575	274
576	787
577	168
578	222
579	561
580	323
581	704
582	74
583	796
584	984
585	419
586	119
587	147
588	777
589	833
590	967
591	258
592	979
593	707
594	848
595	185
596	355
597	234
598	148
599	229
600	881
601	72
602	607
603	922
604	714
605	150
606	452
607	566
608	355
609	175
610	970
611	547
612	595
613	691
614	603
615	413
616	118
617	273
618	882
619	334
620	513
621	63
622	373
623	545
624	895
625	330
626	322
627	93
628	815
629	251
630	609
631	701
632	64
633	284
634	537
635	968
636	131
637	78
638	791
639	288
640	140
641	669
642	639
643	810
644	198
645	428
646	239
647	114
648	812
649	478
650	493
651	605
652	731
653	174
654	453
655	61
656	792
657	183
658	580
659	45
660	763
661	115
662	215
663	897
664	275
665	453
666	232
667	807
668	601
669	589
670	637
671	211
672	951
673	874
674	713
675	969
676	649
677	226
678	355
679	855
680	726
681	324
682	175
683	823
684	871
685	173
686	101
687	716
688	352
689	338
690	892
691	578
692	865
693	118
694	381
695	952
696	883
697	54
698	592
699	642
700	190
701	840
702	768
703	752
704	841
705	574
706	336
707	467
708	807
709	874
710	109
711	480
712	387
713	822
714	542
715	672
716	321
717	154
718	489
719	917
720	353
721	17
722	75
723	743
724	680
725	101
726	229
727	857
728	233
729	818
730	582
731	578
732	325
733	891
734	961
735	64
736	690
737	401
738	736
739	48
740	490
741	746
742	170
743	738
744	748
745	854
746	379
747	109
748	818
749	301
750	685
751	765
752	136
753	921
754	792
755	164
756	382
757	256
758	720
759	42
760	982
761	786
762	411
763	976
764	406
765	263
766	539
767	27
768	625
769	887
770	615
771	66
772	406
773	920
774	454
775	42
776	595
777	652
778	372
779	241
780	342
781	602
782	286
783	551
784	996
785	665
786	125
787	157
788	24
789	283
790	76
791	772
792	691
793	893
794	995
795	509
796	15
797	401
798	219
799	850
800	599
801	813
802	834
803	83
804	887
805	975
806	277
807	218
808	235
809	215
810	414
811	164
812	786
813	757
814	613
815	991
816	132
817	599
818	565
819	448
820	828
821	359
822	764
823	38
824	817
825	797
826	210
827	327
828	291
829	672
830	816
831	609
832	708
833	261
834	58
835	253
836	904
837	799
838	426
839	972
840	89
841	106
842	865
843	171
844	183
845	791
846	49
847	705
848	416
849	767
850	343
851	884
852	72
853	459
854	840
855	111
856	966
857	303
858	283
859	976
860	10
861	255
862	274
863	217
864	738
865	979
866	682
867	27
868	828
869	13
870	720
871	424
872	615
873	154
874	359
875	917
876	697
877	883
878	813
879	386
880	829
881	342
882	221
883	725
884	863
885	492
886	821
887	649
888	653
889	920
890	93
891	481
892	745
893	484
894	419
895	463
896	419
897	565
898	775
899	623
900	528
901	441
902	481
903	203
904	102
905	537
906	541
907	39
908	177
909	902
910	958
911	262
912	728
913	50
914	517
915	959
916	654
917	775
918	849
919	575
920	177
921	150
922	589
923	21
924	794
925	217
926	162
927	526
928	900
929	786
930	260
931	870
932	218
933	250
934	435
935	752
936	727
937	771
938	417
939	591
940	460
941	149
942	790
943	276
944	620
945	165
946	718
947	220
948	592
949	356
950	520
951	300
952	110
953	755
954	72
955	878
956	154
957	568
958	401
959	433
960	990
961	815
962	43
963	766
964	605
965	46
966	593
967	218
968	599
969	85
970	601
971	87
972	239
973	769
974	439
975	497
976	937
977	502
978	232
979	672
980	547
981	616
982	880
983	857
984	876
985	874
986	607
987	67
988	217
989	692
990	333
991	49
992	560
993	639
994	527
995	390
996	837
997	641
998	544
999	372
1000	16
Classes	9000
Teachers	4500
1	2979
2	613
3	1168
4	3182
5	2141
6	4326
7	1259
8	1195
9	4136
10	3287
11	2532
12	443
13	3540
14	780
15	1844
16	4244
17	497
18	1517
19	4472
20	2878
21	4246
22	2225
23	65
24	3082
25	1186
26	6
27	2644
28	3140
29	4044
30	3105
31	1236
32	2814
33	1717
34	1336
35	2032
36	3301
37	3820
38	2504
39	2995
40	2417
41	3869
42	3240
43	3206
44	470
45	3271
46	3169
47	2503
48	260
49	1613
50	4166
51	103
52	3850
53	215
54	958
55	1153
56	288
57	978
58	1699
59	59
60	2765
61	491
62	4282
63	4365
64	4496
65	1364
66	3950
67	3372
68	3743
69	4160
70	1214
71	2227
72	3191
73	1731
74	2760
75	2756
76	1148
77	2499
78	2019
79	249
80	638
81	3359
82	3649
83	4478
84	3179
85	3143
86	3500
87	1597
88	342
89	3479
90	3722
91	3963
92	4243
93	2198
94	1644
95	3565
96	4095
97	2982
98	2327
99	3000
100	2822
101	2122
102	3736
103	3578
104	1851
105	1159
106	110
107	2565
108	926
109	2827
110	3753
111	1791
112	1150
113	1026
114	3197
115	2544
116	3593
117	590
118	8
119	2311
120	540
121	2157
122	3626
123	418
124	189
125	1141
126	757
127	3721
128	361
129	3213
130	2275
131	3162
132	884
133	2118
134	120
135	3979
136	292
137	2390
138	2948
139	1777
140	3262
141	1506
142	960
143	3324
144	736
145	1426
146	3926
147	2976
148	4428
149	642
150	2544
151	2087
152	2946
153	1996
154	4256
155	619
156	2826
157	3473
158	3607
159	4311
160	3260
161	4384
162	2720
163	1509
164	3698
165	1369
166	688
167	3238
168	4388
169	701
170	1419
171	629
172	1709
173	1027
174	2399
175	3121
176	4488
177	2102
178	2614
179	2823
180	2293
181	327
182	3076
183	3914
184	2094
185	4003
186	1474
187	1310
188	4129
189	1337
190	1619
191	159
192	2022
193	1635
194	1644
195	4234
196	2962
197	680
198	97
199	4417
200	4033
201	488
202	2583
203	1761
204	1165
205	4455
206	3100
207	2258
208	2331
209	2685
210	1877
211	2447
212	1462
213	1076
214	2660
215	3244
216	2932
217	2174
218	2847
219	2802
220	236
221	3533
222	4422
223	2942
224	6
225	3321
226	2057
227	624
228	3643
229	407
230	192
231	1796
232	2558
233	2437
234	2420
235	2759
236	1028
237	3258
238	344
239	218
240	2133
241	1154
242	3478
243	999
244	230
245	1499
246	1532
247	953
248	3777
249	4177
250	3036
251	1342
252	1410
253	1321
254	3087
255	212
256	1631
257	1443
258	2217
259	276
260	1415
261	1853
262	3919
263	3650
264	3284
265	2024
266	1166
267	165
268	1013
269	381
270	3736
271	1138
272	2510
273	4249
274	543
275	1692
276	499
277	1214
278	1889
279	2752
280	521
281	1490
282	3641
283	3093
284	2774
285	2078
286	615
287	2672
288	3114
289	2350
290	3884
291	231
292	2443
293	2839
294	521
295	2101
296	435
297	1614
298	1229
299	2729
300	368
301	3311
302	1159
303	1438
304	2073
305	280
306	2405
307	2110
308	2321
309	4480
310	3085
311	2791
312	828
313	3763
314	3247
315	3460
316	3576
317	2585
318	3900
319	1968
320	2782
321	2969
322	334
323	1278
324	2265
325	3218
326	2801
327	292
328	3700
329	2387
330	3436
331	2132
332	1761
333	2892
334	4319
335	1576
336	2362
337	86
338	4346
339	3309
340	3676
341	3396
342	502
343	3218
344	1102
345	131
346	437
347	1522
348	752
349	3180
350	1938
351	3238
352	1692
353	311
354	388
355	3665
356	2516
357	61
358	3665
359	135
360	4149
361	860
362	3857
363	2434
364	4065
365	3127
366	668
367	3705
368	2212
369	4399
370	3489
371	3962
372	3212
373	1393
374	3845
375	4426
376	439
377	2751
378	2994
379	2320
380	4002
381	2025
382	15
383	4168
384	1318
385	501
386	718
387	2483
388	249
389	1781
390	2731
391	2378
392	795
393	1247
394	2465
395	2514
396	4306
397	729
398	2928
399	1950
400	3824
401	3357
402	67
403	4292
404	3708
405	2794
406	615
407	4253
408	4338
409	3794
410	571
411	242
412	2668
413	3250
414	4133
415	3810
416	550
417	2583
418	3162
419	2967
420	1604
421	433
422	1727
423	3249
424	23
425	896
426	3369
427	1221
428	2018
429	2166
430	483
431	3574
432	1261
433	1411
434	4351
435	4045
436	509
437	2178
438	1997
439	3879
440	2422
441	1152
442	2057
443	4273
444	3633
445	712
446	2927
447	2916
448	3264
449	4351
450	2808
451	3953
452	3571
453	3454
454	2436
455	3415
456	3644
457	578
458	4380
459	520
460	3756
461	3947
462	3876
463	2283
464	3144
465	2393
466	1958
467	1258
468	2176
469	2795
470	2434
471	169
472	3394
473	612
474	407
475	3834
476	3007
477	2623
478	3312
479	2517
480	2696
481	958
482	3101
483	1266
484	95
485	1070
486	449
487	21
488	1335
489	1358
490	660
491	4352
492	3019
493	1404
494	173
495	412
496	1777
497	1976
498	1309
499	3065
500	118
501	3295
502	3610
503	2712
504	3508
505	1233
506	2169
507	3486
508	1849
509	298
510	618
511	3028
512	3390
513	1044
514	1709
515	4262
516	1284
517	2156
518	3960
519	48
520	1201
521	3799
522	199
523	1986
524	828
525	1220
526	1434
527	1242
528	3472
529	3288
530	3476
531	1294
532	1933
533	12
534	1623
535	1309
536	3292
537	2201
538	2471
539	2735
540	666
541	274
542	2465
543	1602
544	1955
545	4146
546	3414
547	288
548	458
549	1256
550	3360
551	3239
552	2761
553	3868
554	1088
555	1714
556	3948
557	4050
558	713
559	808
560	3927
561	176
562	607
563	226
564	2547
565	2565
566	3161
567	2762
568	1879
569	2208
570	4182
571	1953
572	542
573	621
574	3496
575	890
576	131
577	3769
578	4315
579	3793
580	548
581	1885
582	1857
583	1757
584	2538
585	1810
586	274
587	866
588	3776
589	685
590	3259
591	1576
592	1623
593	2147
594	2433
595	645
596	1921
597	1294
598	2497
599	4398
600	337
601	2194
602	2791
603	507
604	3156
605	1095
606	201
607	3719
608	1901
609	4268
610	2480
611	3316
612	3486
613	1553
614	4005
615	1620
616	576
617	1902
618	2396
619	681
620	3285
621	2086
622	1035
623	4174
624	2803
625	1183
626	930
627	3391
628	1523
629	2112
630	1906
631	3623
632	3080
633	3507
634	3501
635	4284
636	2455
637	2222
638	2078
639	2696
640	1132
641	2789
642	3296
643	378
644	661
645	1778
646	1511
647	533
648	2558
649	3293
650	484
651	453
652	3499
653	4279
654	2680
655	308
656	3045
657	2256
658	3447
659	620
660	2629
661	2114
662	524
663	1252
664	2795
665	1939
666	2532
667	660
668	3977
669	1753
670	1817
671	2275
672	2051
673	775
674	134
675	2136
676	577
677	3475
678	37
679	2933
680	2100
681	3287
682	2140
683	4149
684	1451
685	3556
686	1370
687	3506
688	3026
689	1868
690	2773
691	174
692	1548
693	2958
694	3581
695	2543
696	2790
697	2496
698	459
699	3583
700	1281
701	1022
702	906
703	2099
704	2343
705	229
706	3985
707	2969
708	1572
709	1647
710	3768
711	2643
712	1969
713	3144
714	2341
715	3879
716	138
717	1137
718	430
719	1559
720	904
721	3116
722	732
723	1713
724	1119
725	4304
726	655
727	2562
728	4274
729	4001
730	1186
731	3209
732	4039
733	22
734	1510
735	2494
736	3264
737	968
738	3038
739	250
740	3467
741	709
742	686
743	4456
744	1510
745	273
746	787
747	4017
748	678
749	1264
750	94
751	1587
752	3538
753	2878
754	976
755	2025
756	172
757	2963
758	2428
759	4243
760	248
761	232
762	3401
763	671
764	401
765	852
766	309
767	3239
768	1180
769	1029
770	1817
771	4316
772	2873
773	3266
774	495
775	91
776	897
777	4033
778	3285
779	2478
780	2052
781	2987
782	4488
783	3855
784	488
785	1060
786	322
787	1933
788	4295
789	2315
790	2814
791	2543
792	2124
793	3781
794	966
795	2371
796	2258
797	3115
798	1460
799	3542
800	221
801	3755
802	458
803	3893
804	4160
805	1430
806	1717
807	4298
808	954
809	247
810	2728
811	954
812	268
813	3398
814	1651
815	1486
816	698
817	3025
818	3925
819	4477
820	1387
821	1353
822	3712
823	1192
824	2602
825	986
826	846
827	3858
828	1586
829	775
830	3072
831	1096
832	570
833	477
834	3323
835	724
836	2728
837	3126
838	4249
839	1964
840	981
841	1613
842	3930
843	1868
844	2256
845	1741
846	3828
847	4285
848	3943
849	2196
850	3221
851	409
852	1852
853	2038
854	3159
855	3174
856	3823
857	549
858	176
859	2359
860	3975
861	253
862	4381
863	3786
864	2701
865	1183
866	1521
867	2928
868	3779
869	2790
870	815
871	4278
872	3222
873	3661
874	4227
875	531
876	2733
877	1466
878	896
879	3997
880	4133
881	1461
882	3640
883	4177
884	4192
885	4140
886	1674
887	3924
888	540
889	3346
890	1962
891	587
892	2832
893	4138
894	3678
895	3042
896	4122
897	1437
898	3647
899	1092
900	776
901	1426
902	3496
903	717
904	2214
905	3236
906	163
907	102
908	1237
909	4148
910	3279
911	318
912	750
913	3765
914	2600
915	4176
916	2359
917	2480
918	1156
919	276
920	3165
921	3319
922	2128
923	443
924	853
925	1715
926	1519
927	437
928	330
929	3079
930	491
931	4455
932	2749
933	4075
934	3584
935	70
936	2603
937	892
938	1438
939	3769
940	4441
941	520
942	767
943	3598
944	472
945	3069
946	2781
947	4419
948	4311
949	3178
950	504
951	1118
952	3666
953	917
954	1680
955	3213
956	504
957	1562
958	3461
959	552
960	3429
961	3019
962	2683
963	3141
964	1909
965	1399
966	1270
967	2283
968	3442
969	3430
970	3603
971	1021
972	3116
973	200
974	2979
975	432
976	1600
977	3044
978	444
979	2391
980	1011
981	2647
982	3691
983	1494
984	3570
985	4313
986	1244
987	500
988	1772
989	464
990	2074
991	3864
992	4169
993	1878
994	508
995	2684
996	843
997	650
998	3921
999	2383
1000	710
1001	1857
1002	2752
1003	4299
1004	2475
1005	3345
1006	1740
1007	1397
1008	4020
1009	2720
1010	572
1011	4318
1012	622
1013	3590
1014	2049
1015	3416
1016	2823
1017	2651
1018	2716
1019	3139
1020	411
1021	3383
1022	3483
1023	1894
1024	1147
1025	3220
1026	1169
1027	2609
1028	2525
1029	260
1030	4195
1031	1745
1032	1317
1033	3491
1034	448
1035	3244
1036	146
1037	2012
1038	1597
1039	2185
1040	1956
1041	869
1042	2548
1043	3613
1044	4151
1045	2753
1046	529
1047	134
1048	1243
1049	3582
1050	2290
1051	2353
1052	2463
1053	2254
1054	1679
1055	426
1056	1136
1057	1714
1058	2305
1059	1405
1060	318
1061	1919
1062	1332
1063	3484
1064	1154
1065	814
1066	4036
1067	4442
1068	3737
1069	4372
1070	2267
1071	3349
1072	3661
1073	1246
1074	1293
1075	2176
1076	162
1077	2603
1078	1337
1079	2330
1080	4097
1081	390
1082	3277
1083	1334
1084	1858
1085	2709
1086	1316
1087	3421
1088	3412
1089	456
1090	317
1091	1657
1092	253
1093	1306
1094	2693
1095	1500
1096	4403
1097	3015
1098	2331
1099	3542
1100	4059
1101	3584
1102	3030
1103	4173
1104	150
1105	2215
1106	1198
1107	1989
1108	2415
1109	1219
1110	1546
1111	2719
1112	402
1113	793
1114	1377
1115	534
1116	3881
1117	2081
1118	2595
1119	2295
1120	3761
1121	1460
1122	336
1123	71
1124	1404
1125	3141
1126	2797
1127	2963
1128	481
1129	373
1130	4306
1131	3149
1132	1302
1133	2171
1134	1050
1135	1567
1136	3383
1137	4046
1138	2964
1139	3201
1140	3926
1141	2377
1142	3185
1143	4316
1144	2807
1145	335
1146	3359
1147	800
1148	522
1149	3143
1150	2207
1151	700
1152	2240
1153	676
1154	2384
1155	2142
1156	1474
1157	2744
1158	2684
1159	680
1160	4424
1161	3393
1162	2063
1163	2379
1164	2644
1165	2191
1166	3378
1167	2308
1168	1679
1169	1242
1170	1846
1171	3050
1172	3129
1173	1387
1174	4164
1175	2534
1176	153
1177	2120
1178	2652
1179	3374
1180	646
1181	3145
1182	947
1183	1553
1184	3228
1185	3751
1186	2526
1187	2120
1188	3703
1189	983
1190	347
1191	2330
1192	5
1193	2805
1194	1071
1195	2802
1196	1752
1197	2899
1198	48
1199	2375
1200	3632
1201	1028
1202	1952
1203	3132
1204	1100
1205	3872
1206	1539
1207	2042
1208	3609
1209	1052
1210	4361
1211	2692
1212	1997
1213	1851
1214	1867
1215	1963
1216	3328
1217	1111
1218	1129
1219	2492
1220	2307
1221	3578
1222	3440
1223	4196
1224	3597
1225	3635
1226	511
1227	1205
1228	86
1229	3413
1230	3416
1231	737
1232	4221
1233	1105
1234	807
1235	857
1236	2766
1237	2044
1238	3335
1239	1246
1240	1087
1241	3066
1242	3290
1243	3167
1244	2228
1245	4075
1246	1165
1247	1174
1248	1333
1249	2056
1250	1913
1251	1098
1252	682
1253	2115
1254	4331
1255	1749
1256	1520
1257	3728
1258	315
1259	2820
1260	4258
1261	1425
1262	2517
1263	2770
1264	1515
1265	1022
1266	3637
1267	1321
1268	2150
1269	1913
1270	2670
1271	2530
1272	348
1273	1254
1274	2115
1275	3212
1276	3025
1277	2765
1278	3282
1279	1227
1280	1376
1281	2285
1282	2107
1283	2237
1284	1434
1285	352
1286	4458
1287	3322
1288	4207
1289	1509
1290	3745
1291	4251
1292	3995
1293	3032
1294	2686
1295	3728
1296	2626
1297	414
1298	2718
1299	35
1300	3675
1301	4295
1302	1674
1303	1603
1304	3808
1305	113
1306	4463
1307	2396
1308	2058
1309	190
1310	908
1311	1945
1312	4205
1313	1152
1314	4482
1315	3503
1316	339
1317	4150
1318	2399
1319	3105
1320	642
1321	4137
1322	739
1323	1704
1324	512
1325	3858
1326	3011
1327	2915
1328	2067
1329	519
1330	2183
1331	4374
1332	1098
1333	2637
1334	1784
1335	4068
1336	2992
1337	1366
1338	4018
1339	1664
1340	556
1341	393
1342	1172
1343	1480
1344	3656
1345	908
1346	1290
1347	3024
1348	1922
1349	2542
1350	3811
1351	1132
1352	3289
1353	2690
1354	3821
1355	3103
1356	1799
1357	1880
1358	2046
1359	1444
1360	3963
1361	3471
1362	2585
1363	3821
1364	90
1365	2336
1366	789
1367	1586
1368	376
1369	4146
1370	2703
1371	343
1372	120
1373	2046
1374	3083
1375	2787
1376	4046
1377	54
1378	3501
1379	469
1380	4112
1381	3316
1382	990
1383	4026
1384	4068
1385	4017
1386	644
1387	3654
1388	745
1389	4483
1390	241
1391	3243
1392	2198
1393	1106
1394	3863
1395	1411
1396	2951
1397	2075
1398	975
1399	2212
1400	398
1401	2557
1402	3395
1403	668
1404	3970
1405	425
1406	324
1407	895
1408	3422
1409	1584
1410	3700
1411	4313
1412	2401
1413	3515
1414	2716
1415	698
1416	143
1417	4390
1418	1096
1419	879
1420	498
1421	3485
1422	3161
1423	1352
1424	1123
1425	495
1426	1204
1427	4326
1428	4225
1429	636
1430	333
1431	4471
1432	2660
1433	1914
1434	1800
1435	3629
1436	1374
1437	2726
1438	783
1439	4052
1440	515
1441	1540
1442	4304
1443	2955
1444	2851
1445	2311
1446	1764
1447	1272
1448	3726
1449	757
1450	1265
1451	2977
1452	839
1453	3150
1454	3188
1455	1745
1456	4137
1457	4441
1458	4422
1459	2435
1460	1616
1461	2004
1462	1297
1463	2494
1464	1519
1465	1311
1466	701
1467	2891
1468	1127
1469	518
1470	214
1471	2469
1472	2958
1473	856
1474	1086
1475	1080
1476	157
1477	4464
1478	3994
1479	105
1480	4211
1481	3802
1482	3419
1483	2723
1484	2070
1485	2370
1486	1546
1487	408
1488	2796
1489	879
1490	2680
1491	1123
1492	392
1493	2987
1494	3444
1495	1898
1496	1771
1497	4011
1498	4333
1499	3515
1500	1554
1501	2158
1502	3534
1503	3765
1504	4158
1505	4285
1506	4072
1507	3537
1508	4221
1509	4130
1510	2088
1511	3529
1512	1858
1513	3627
1514	3756
1515	1306
1516	2966
1517	1659
1518	1956
1519	959
1520	709
1521	1791
1522	289
1523	2911
1524	933
1525	904
1526	2539
1527	298
1528	1537
1529	4500
1530	2190
1531	675
1532	732
1533	565
1534	634
1535	211
1536	3096
1537	898
1538	2617
1539	1244
1540	4024
1541	2023
1542	1616
1543	1620
1544	2813
1545	1368
1546	3107
1547	994
1548	3580
1549	3853
1550	4155
1551	3797
1552	560
1553	259
1554	343
1555	1415
1556	4115
1557	1552
1558	4148
1559	1297
1560	1962
1561	583
1562	2811
1563	4424
1564	3323
1565	1580
1566	3398
1567	2389
1568	1423
1569	770
1570	628
1571	2808
1572	3937
1573	1833
1574	776
1575	3465
1576	1545
1577	1307
1578	530
1579	2925
1580	3307
1581	894
1582	3867
1583	2253
1584	810
1585	934
1586	21
1587	911
1588	3175
1589	3460
1590	2050
1591	3676
1592	2230
1593	361
1594	2610
1595	1262
1596	195
1597	2425
1598	3640
1599	66
1600	273
1601	2270
1602	2170
1603	2357
1604	44
1605	109
1606	2889
1607	2651
1608	2009
1609	2022
1610	1029
1611	2945
1612	4242
1613	2776
1614	1611
1615	2364
1616	2453
1617	1071
1618	2627
1619	2175
1620	1283
1621	1450
1622	3453
1623	1126
1624	2589
1625	1498
1626	1020
1627	2634
1628	4344
1629	545
1630	2835
1631	3348
1632	2067
1633	2726
1634	1139
1635	2172
1636	3138
1637	3759
1638	4278
1639	4417
1640	2333
1641	1258
1642	4330
1643	2888
1644	36
1645	2174
1646	1612
1647	447
1648	4155
1649	2239
1650	1069
1651	4310
1652	4425
1653	2293
1654	4152
1655	1670
1656	1471
1657	3695
1658	1479
1659	2900
1660	1889
1661	1320
1662	261
1663	3842
1664	3799
1665	2322
1666	1599
1667	931
1668	3322
1669	364
1670	1053
1671	2183
1672	1526
1673	3055
1674	2898
1675	1707
1676	2916
1677	478
1678	352
1679	1457
1680	2782
1681	2813
1682	2740
1683	2831
1684	350
1685	3987
1686	1580
1687	263
1688	2500
1689	392
1690	1119
1691	1530
1692	2231
1693	3691
1694	3922
1695	4349
1696	1048
1697	3751
1698	1238
1699	1645
1700	2316
1701	678
1702	17
1703	3328
1704	4248
1705	4369
1706	3435
1707	4156
1708	3668
1709	1443
1710	294
1711	4436
1712	894
1713	588
1714	2562
1715	1928
1716	2339
1717	2827
1718	1935
1719	1884
1720	586
1721	3222
1722	1086
1723	3017
1724	3485
1725	849
1726	1247
1727	270
1728	271
1729	3100
1730	398
1731	2349
1732	571
1733	3503
1734	2254
1735	1355
1736	3307
1737	2408
1738	4391
1739	4109
1740	1088
1741	1149
1742	2308
1743	2688
1744	1667
1745	3084
1746	2621
1747	666
1748	511
1749	3693
1750	364
1751	2470
1752	1503
1753	2586
1754	4125
1755	1630
1756	1547
1757	3313
1758	3819
1759	3610
1760	4293
1761	3953
1762	169
1763	2148
1764	1254
1765	1466
1766	4399
1767	2890
1768	4163
1769	2102
1770	654
1771	3312
1772	3793
1773	1252
1774	1645
1775	2740
1776	471
1777	3443
1778	3904
1779	2393
1780	1068
1781	724
1782	1788
1783	168
1784	1710
1785	1957
1786	3880
1787	1009
1788	1250
1789	2884
1790	3545
1791	844
1792	1245
1793	63
1794	366
1795	2265
1796	2279
1797	3248
1798	3946
1799	2376
1800	1052
1801	1202
1802	2783
1803	4419
1804	1831
1805	639
1806	1727
1807	3276
1808	4494
1809	1369
1810	3573
1811	136
1812	603
1813	4163
1814	632
1815	4074
1816	3049
1817	1004
1818	2413
1819	3402
1820	3401
1821	3115
1822	2818
1823	2612
1824	279
1825	2032
1826	2459
1827	2538
1828	595
1829	3134
1830	1979
1831	1122
1832	793
1833	4073
1834	3420
1835	4360
1836	3808
1837	1185
1838	309
1839	2554
1840	1256
1841	1196
1842	2776
1843	3117
1844	440
1845	3833
1846	754
1847	2234
1848	618
1849	3304
1850	62
1851	1170
1852	795
1853	4037
1854	1958
1855	235
1856	1652
1857	1378
1858	863
1859	868
1860	3990
1861	3992
1862	2159
1863	1015
1864	180
1865	3762
1866	2901
1867	1272
1868	3397
1869	4367
1870	2956
1871	1050
1872	973
1873	1343
1874	587
1875	1732
1876	235
1877	871
1878	4096
1879	163
1880	1731
1881	3999
1882	578
1883	4474
1884	2845
1885	166
1886	4096
1887	1444
1888	1360
1889	1812
1890	1696
1891	832
1892	1743
1893	2092
1894	2085
1895	1973
1896	887
1897	2415
1898	3914
1899	3973
1900	2626
1901	2351
1902	2326
1903	847
1904	428
1905	3457
1906	1402
1907	32
1908	2937
1909	220
1910	4115
1911	719
1912	3724
1913	2039
1914	3126
1915	1768
1916	2764
1917	2513
1918	3702
1919	4352
1920	1372
1921	4002
1922	410
1923	4279
1924	2038
1925	237
1926	3893
1927	4497
1928	3903
1929	3067
1930	4219
1931	1785
1932	2713
1933	1479
1934	2567
1935	639
1936	1315
1937	1048
1938	740
1939	3351
1940	62
1941	4269
1942	16
1943	2304
1944	90
1945	3500
1946	2116
1947	317
1948	982
1949	2908
1950	623
1951	438
1952	3566
1953	139
1954	3781
1955	2136
1956	761
1957	2082
1958	1376
1959	1456
1960	157
1961	2172
1962	2089
1963	1985
1964	2370
1965	3891
1966	1878
1967	3705
1968	2554
1969	188
1970	3715
1971	1977
1972	1846
1973	3299
1974	2457
1975	2357
1976	2012
1977	1053
1978	2792
1979	4463
1980	1657
1981	3590
1982	2140
1983	1157
1984	1125
1985	3868
1986	4016
1987	4314
1988	562
1989	1750
1990	2794
1991	2159
1992	2649
1993	822
1994	3080
1995	1957
1996	1172
1997	3294
1998	751
1999	559
2000	2272
2001	1672
2002	2470
2003	1305
2004	1936
2005	3666
2006	1195
2007	3047
2008	1117
2009	417
2010	4127
2011	3881
2012	1433
2013	3807
2014	1473
2015	3427
2016	755
2017	927
2018	780
2019	3715
2020	860
2021	3457
2022	585
2023	224
2024	3493
2025	607
2026	4173
2027	1713
2028	2351
2029	534
2030	3627
2031	728
2032	2488
2033	2840
2034	708
2035	2411
2036	3860
2037	3841
2038	450
2039	66
2040	1943
2041	4141
2042	2091
2043	378
2044	1352
2045	4027
2046	127
2047	1135
2048	1263
2049	2377
2050	2923
2051	739
2052	54
2053	1863
2054	264
2055	3018
2056	839
2057	2690
2058	3400
2059	4332
2060	2061
2061	3394
2062	899
2063	2008
2064	2966
2065	2955
2066	2282
2067	2838
2068	4025
2069	1813
2070	3461
2071	947
2072	4214
2073	103
2074	2201
2075	226
2076	2297
2077	2657
2078	2978
2079	3586
2080	1401
2081	1092
2082	3951
2083	29
2084	3532
2085	4384
2086	4238
2087	1493
2088	3991
2089	1465
2090	153
2091	1552
2092	3177
2093	3388
2094	1560
2095	1
2096	2024
2097	2203
2098	408
2099	391
2100	3030
2101	3189
2102	3379
2103	513
2104	1336
2105	4291
2106	3964
2107	2410
2108	188
2109	4387
2110	1209
2111	3862
2112	4248
2113	2150
2114	891
2115	2337
2116	3450
2117	3571
2118	3857
2119	2044
2120	3775
2121	2586
2122	3906
2123	977
2124	354
2125	4065
2126	1463
2127	2930
2128	2650
2129	1342
2130	356
2131	1911
2132	3978
2133	2407
2134	1192
2135	3295
2136	41
2137	3431
2138	4286
2139	4102
2140	3404
2141	3255
2142	1359
2143	797
2144	2155
2145	3600
2146	3057
2147	1278
2148	1929
2149	2390
2150	496
2151	3419
2152	1619
2153	3192
2154	3314
2155	3425
2156	1263
2157	2249
2158	2488
2159	2219
2160	2210
2161	33
2162	251
2163	2286
2164	2549
2165	3449
2166	2772
2167	3319
2168	4269
2169	808
2170	2984
2171	248
2172	85
2173	3750
2174	4427
2175	4166
2176	2857
2177	3053
2178	3624
2179	3178
2180	421
2181	4400
2182	849
2183	444
2184	3513
2185	1327
2186	1595
2187	3973
2188	4169
2189	2416
2190	1424
2191	494
2192	1639
2193	4045
2194	502
2195	1988
2196	826
2197	2920
2198	2676
2199	1459
2200	3337
2201	3976
2202	165
2203	1715
2204	1573
2205	2091
2206	1521
2207	1790
2208	523
2209	241
2210	3435
2211	3541
2212	3638
2213	3954
2214	3613
2215	3942
2216	2107
2217	3810
2218	94
2219	1144
2220	1184
2221	2873
2222	64
2223	1104
2224	1348
2225	1304
2226	411
2227	1408
2228	2778
2229	2309
2230	1726
2231	1295
2232	3282
2233	3577
2234	1535
2235	3106
2236	3557
2237	919
2238	2870
2239	2446
2240	3120
2241	312
2242	2749
2243	945
2244	3894
2245	3856
2246	2316
2247	1694
2248	729
2249	1299
2250	125
2251	1403
2252	2595
2253	2636
2254	3566
2255	1932
2256	2912
2257	1293
2258	2739
2259	2892
2260	4329
2261	1373
2262	2529
2263	706
2264	818
2265	2703
2266	3639
2267	2792
2268	4281
2269	3848
2270	478
2271	1009
2272	1103
2273	613
2274	25
2275	2493
2276	3797
2277	2659
2278	2104
2279	1638
2280	360
2281	1057
2282	2180
2283	4174
2284	1697
2285	457
2286	1710
2287	132
2288	2339
2289	451
2290	2460
2291	875
2292	1160
2293	500
2294	4267
2295	3814
2296	1737
2297	3965
2298	347
2299	1436
2300	1639
2301	2005
2302	1506
2303	2646
2304	1961
2305	1057
2306	2448
2307	1383
2308	1194
2309	746
2310	4271
2311	956
2312	4477
2313	1630
2314	674
2315	2378
2316	2419
2317	1
2318	1725
2319	4172
2320	331
2321	3318
2322	3673
2323	125
2324	979
2325	1036
2326	3297
2327	4164
2328	97
2329	3147
2330	3836
2331	3344
2332	69
2333	2498
2334	1130
2335	4140
2336	464
2337	4489
2338	1302
2339	1793
2340	3670
2341	1572
2342	2563
2343	3095
2344	2236
2345	4250
2346	2343
2347	700
2348	1324
2349	4366
2350	4182
2351	3554
2352	2483
2353	275
2354	999
2355	2623
2356	1418
2357	2340
2358	1420
2359	438
2360	531
2361	3528
2362	704
2363	2497
2364	2015
2365	4069
2366	4408
2367	2286
2368	2826
2369	2219
2370	1643
2371	1414
2372	3508
2373	2324
2374	2911
2375	4094
2376	2675
2377	1455
2378	1698
2379	2245
2380	3828
2381	1303
2382	181
2383	2391
2384	3352
2385	1442
2386	2960
2387	4079
2388	3861
2389	3778
2390	81
2391	2411
2392	2860
2393	1538
2394	920
2395	1737
2396	297
2397	3987
2398	271
2399	3712
2400	29
2401	3046
2402	2689
2403	4021
2404	4289
2405	2362
2406	3586
2407	10
2408	1025
2409	2552
2410	23
2411	3250
2412	2154
2413	3689
2414	291
2415	2109
2416	2420
2417	1328
2418	1310
2419	3022
2420	1742
2421	2133
2422	1612
2423	2036
2424	415
2425	2678
2426	1036
2427	2158
2428	3949
2429	1596
2430	2608
2431	2282
2432	2344
2433	1548
2434	1542
2435	2173
2436	2055
2437	579
2438	2864
2439	989
2440	2710
2441	1605
2442	2197
2443	1979
2444	770
2445	1797
2446	616
2447	3008
2448	1271
2449	2584
2450	3054
2451	1449
2452	759
2453	917
2454	788
2455	996
2456	180
2457	834
2458	1067
2459	2600
2460	760
2461	2976
2462	1848
2463	1362
2464	4009
2465	1514
2466	2855
2467	4492
2468	1765
2469	3749
2470	1428
2471	3917
2472	3734
2473	1482
2474	1681
2475	2149
2476	2372
2477	1772
2478	323
2479	2907
2480	4349
2481	1680
2482	572
2483	3361
2484	2770
2485	1317
2486	210
2487	258
2488	416
2489	1825
2490	1686
2491	2549
2492	624
2493	2234
2494	3420
2495	973
2496	2187
2497	497
2498	3898
2499	1473
2500	4094
2501	1176
2502	2051
2503	3205
2504	3689
2505	2773
2506	4426
2507	1607
2508	3623
2509	3943
2510	3550
2511	2486
2512	3096
2513	994
2514	172
2515	1976
2516	2016
2517	731
2518	3517
2519	3039
2520	314
2521	3767
2522	1887
2523	1764
2524	233
2525	2382
2526	3760
2527	594
2528	1803
2529	4206
2530	4204
2531	1175
2532	314
2533	620
2534	4277
2535	2
2536	2522
2537	3846
2538	280
2539	3007
2540	2866
2541	399
2542	931
2543	2771
2544	243
2545	4034
2546	3729
2547	2858
2548	2104
2549	4080
2550	2053
2551	4416
2552	1296
2553	1109
2554	3153
2555	3368
2556	1501
2557	1955
2558	3026
2559	3436
2560	1180
2561	151
2562	212
2563	3951
2564	4028
2565	320
2566	1866
2567	1334
2568	1220
2569	3235
2570	1353
2571	3780
2572	4389
2573	1946
2574	1185
2575	154
2576	2008
2577	1315
2578	3970
2579	1397
2580	2490
2581	1319
2582	4230
2583	1507
2584	2947
2585	1811
2586	2445
2587	422
2588	3279
2589	4175
2590	1487
2591	920
2592	2983
2593	2043
2594	800
2595	1207
2596	3976
2597	3625
2598	2134
2599	2153
2600	1770
2601	1514
2602	1114
2603	1469
2604	1312
2605	150
2606	4443
2607	992
2608	1617
2609	1822
2610	4299
2611	2168
2612	4106
2613	2068
2614	2634
2615	1930
2616	1497
2617	3597
2618	1179
2619	3332
2620	2688
2621	1793
2622	3906
2623	974
2624	2458
2625	4346
2626	2889
2627	121
2628	1358
2629	3777
2630	621
2631	2899
2632	4476
2633	583
2634	4167
2635	36
2636	2528
2637	3054
2638	549
2639	210
2640	536
2641	1325
2642	2162
2643	4425
2644	4103
2645	1900
2646	17
2647	3112
2648	308
2649	3956
2650	3384
2651	233
2652	470
2653	244
2654	3475
2655	2235
2656	2281
2657	1605
2658	1994
2659	2322
2660	4429
2661	1005
2662	4005
2663	4072
2664	3707
2665	1068
2666	2288
2667	4114
2668	1062
2669	3198
2670	2836
2671	731
2672	2937
2673	3922
2674	427
2675	2800
2676	3362
2677	1343
2678	3928
2679	1948
2680	4084
2681	3558
2682	1617
2683	4271
2684	1488
2685	3507
2686	2089
2687	3835
2688	2683
2689	1114
2690	267
2691	1664
2692	425
2693	627
2694	4409
2695	4475
2696	3920
2697	83
2698	3580
2699	3206
2700	2849
2701	1961
2702	2629
2703	1147
2704	948
2705	1464
2706	1681
2707	1447
2708	1112
2709	1161
2710	2083
2711	3744
2712	3619
2713	3792
2714	3966
2715	2545
2716	3087
2717	3695
2718	2173
2719	811
2720	2468
2721	2248
2722	3704
2723	4120
2724	3632
2725	949
2726	1350
2727	282
2728	342
2729	322
2730	1829
2731	2871
2732	1383
2733	1348
2734	1816
2735	529
2736	1471
2737	1685
2738	1267
2739	2607
2740	2845
2741	949
2742	3228
2743	4370
2744	3386
2745	683
2746	2372
2747	3667
2748	2086
2749	3733
2750	1911
2751	1222
2752	2589
2753	2185
2754	3709
2755	2229
2756	2112
2757	2182
2758	1074
2759	1303
2760	2179
2761	452
2762	450
2763	230
2764	3408
2765	3223
2766	857
2767	2200
2768	2890
2769	1425
2770	2392
2771	4152
2772	4434
2773	812
2774	222
2775	2706
2776	3996
2777	3269
2778	4153
2779	2648
2780	924
2781	2750
2782	3711
2783	4150
2784	2717
2785	1577
2786	2307
2787	2951
2788	178
2789	2604
2790	395
2791	3908
2792	4333
2793	2318
2794	1523
2795	2983
2796	1076
2797	2734
2798	1892
2799	220
2800	995
2801	285
2802	4071
2803	206
2804	3047
2805	231
2806	2369
2807	675
2808	3027
2809	1985
2810	396
2811	527
2812	588
2813	3753
2814	1583
2815	457
2816	2910
2817	1916
2818	2815
2819	940
2820	3526
2821	4491
2822	1224
2823	3722
2824	1421
2825	1447
2826	1662
2827	1682
2828	1044
2829	3286
2830	1908
2831	4448
2832	3410
2833	123
2834	4334
2835	121
2836	3190
2837	664
2838	4071
2839	1117
2840	1927
2841	204
2842	1419
2843	1448
2844	3512
2845	2990
2846	2732
2847	4324
2848	110
2849	173
2850	1920
2851	2949
2852	4327
2853	777
2854	528
2855	3449
2856	4275
2857	1743
2858	2567
2859	4129
2860	2671
2861	1870
2862	664
2863	742
2864	753
2865	3518
2866	4144
2867	1954
2868	4141
2869	1699
2870	3782
2871	2114
2872	2829
2873	225
2874	577
2875	4260
2876	2993
2877	1069
2878	68
2879	3903
2880	1137
2881	4383
2882	1722
2883	1108
2884	4159
2885	1078
2886	551
2887	161
2888	2936
2889	3806
2890	3427
2891	266
2892	995
2893	429
2894	790
2895	619
2896	2268
2897	519
2898	2679
2899	4083
2900	627
2901	199
2902	2325
2903	2906
2904	1116
2905	2484
2906	1446
2907	1633
2908	766
2909	1610
2910	4355
2911	3846
2912	3927
2913	3708
2914	2787
2915	982
2916	3650
2917	2945
2918	2109
2919	2959
2920	37
2921	3813
2922	2127
2923	1005
2924	2375
2925	761
2926	1407
2927	2876
2928	30
2929	1914
2930	3036
2931	2142
2932	536
2933	3880
2934	1284
2935	1556
2936	2340
2937	1539
2938	2506
2939	2970
2940	7
2941	326
2942	3088
2943	1999
2944	1587
2945	676
2946	3452
2947	3191
2948	1695
2949	3864
2950	3649
2951	559
2952	385
2953	4144
2954	409
2955	1636
2956	4314
2957	1077
2958	3183
2959	4436
2960	2679
2961	136
2962	4232
2963	533
2964	2708
2965	3029
2966	1135
2967	3296
2968	1149
2969	436
2970	3230
2971	1087
2972	1773
2973	554
2974	3
2975	422
2976	963
2977	1161
2978	1320
2979	2864
2980	1720
2981	2624
2982	3696
2983	3274
2984	2187
2985	1970
2986	2856
2987	3961
2988	1920
2989	539
2990	3537
2991	1512
2992	2253
2993	2423
2994	2828
2995	907
2996	1189
2997	2706
2998	1686
2999	600
3000	300
3001	809
3002	2947
3003	722
3004	891
3005	2948
3006	876
3007	997
3008	2261
3009	4014
3010	4233
3011	4452
3012	2897
3013	358
3014	760
3015	1888
3016	1134
3017	2944
3018	3396
3019	1964
3020	842
3021	1408
3022	1380
3023	2273
3024	4180
3025	4110
3026	4499
3027	4356
3028	1561
3029	523
3030	1487
3031	283
3032	3234
3033	974
3034	4180
3035	2407
3036	1575
3037	1622
3038	13
3039	1999
3040	1128
3041	3283
3042	3711
3043	3215
3044	275
3045	4209
3046	3450
3047	228
3048	1360
3049	545
3050	1928
3051	4472
3052	1706
3053	2633
3054	2608
3055	4124
3056	4235
3057	1233
3058	3742
3059	2061
3060	1776
3061	2184
3062	4211
3063	4006
3064	2754
3065	105
3066	1863
3067	3918
3068	3534
3069	3616
3070	622
3071	3647
3072	1215
3073	3958
3074	1089
3075	1735
3076	1166
3077	144
3078	2675
3079	3856
3080	4461
3081	4195
3082	3822
3083	650
3084	3888
3085	2530
3086	4386
3087	4218
3088	2843
3089	2095
3090	3055
3091	2414
3092	3595
3093	1500
3094	3624
3095	1001
3096	2318
3097	362
3098	541
3099	745
3100	512
3101	2147
3102	2134
3103	3128
3104	1225
3105	1595
3106	880
3107	80
3108	336
3109	3550
3110	2367
3111	3707
3112	4050
3113	3146
3114	1207
3115	3735
3116	254
3117	1977
3118	1298
3119	2844
3120	1134
3121	2861
3122	4204
3123	2366
3124	1208
3125	1396
3126	3727
3127	1799
3128	2803
3129	2714
3130	129
3131	1311
3132	1627
3133	1209
3134	4266
3135	1105
3136	1218
3137	3979
3138	1432
3139	1989
3140	142
3141	4466
3142	821
3143	3134
3144	558
3145	2289
3146	1845
3147	1792
3148	3687
3149	1290
3150	4408
3151	324
3152	3939
3153	4187
3154	2842
3155	1418
3156	1491
3157	3873
3158	3675
3159	1967
3160	28
3161	1388
3162	787
3163	4196
3164	4080
3165	95
3166	1354
3167	2244
3168	2742
3169	2428
3170	2408
3171	223
3172	1205
3173	4008
3174	2533
3175	3732
3176	2786
3177	2744
3178	2244
3179	1574
3180	2251
3181	2512
3182	561
3183	3971
3184	2097
3185	4372
3186	2694
3187	1462
3188	585
3189	1018
3190	4139
3191	516
3192	3536
3193	2556
3194	1881
3195	2631
3196	3215
3197	3028
3198	2920
3199	4191
3200	3848
3201	1496
3202	2977
3203	2279
3204	1963
3205	2694
3206	3653
3207	605
3208	3768
3209	2748
3210	4184
3211	4117
3212	393
3213	3205
3214	1939
3215	2369
3216	3000
3217	4205
3218	34
3219	2828
3220	3938
3221	2222
3222	2309
3223	3909
3224	2188
3225	1827
3226	4396
3227	2381
3228	370
3229	3849
3230	823
3231	2980
3232	416
3233	1515
3234	2681
3235	4478
3236	3008
3237	209
3238	863
3239	1762
3240	1367
3241	2747
3242	3742
3243	3521
3244	3248
3245	3958
3246	1967
3247	3549
3248	501
3249	1493
3250	151
3251	285
3252	1261
3253	2809
3254	2026
3255	1085
3256	3357
3257	1121
3258	2570
3259	4030
3260	3888
3261	215
3262	174
3263	155
3264	996
3265	769
3266	2932
3267	2146
3268	3365
3269	4266
3270	3908
3271	3896
3272	725
3273	2866
3274	1307
3275	4385
3276	1923
3277	1589
3278	2373
3279	2834
3280	2846
3281	67
3282	1862
3283	1429
3284	1374
3285	1257
3286	3363
3287	3313
3288	1856
3289	1024
3290	4032
3291	1769
3292	2306
3293	143
3294	4435
3295	964
3296	2804
3297	1526
3298	2447
3299	1950
3300	1870
3301	2678
3302	2618
3303	3552
3304	3290
3305	4123
3306	2243
3307	3544
3308	460
3309	1196
3310	4270
3311	4487
3312	1338
3313	2199
3314	311
3315	1067
3316	4187
3317	3283
3318	936
3319	2625
3320	2469
3321	4447
3322	3791
3323	2933
3324	3543
3325	4497
3326	1308
3327	1917
3328	3894
3329	2011
3330	2514
3331	674
3332	3447
3333	2901
3334	410
3335	4067
3336	3089
3337	2191
3338	1973
3339	1103
3340	2151
3341	630
3342	2674
3343	3605
3344	1181
3345	119
3346	1002
3347	282
3348	3306
3349	601
3350	4322
3351	3573
3352	3737
3353	702
3354	3107
3355	289
3356	429
3357	1953
3358	3356
3359	1886
3360	3256
3361	2780
3362	3698
3363	476
3364	3581
3365	4151
3366	1483
3367	250
3368	2789
3369	1524
3370	1730
3371	3551
3372	3242
3373	1809
3374	803
3375	3093
3376	969
3377	2332
3378	4382
3379	3792
3380	3462
3381	3622
3382	2292
3383	1182
3384	2202
3385	4413
3386	2179
3387	3367
3388	851
3389	735
3390	4199
3391	2653
3392	2891
3393	1558
3394	2503
3395	1040
3396	3872
3397	743
3398	442
3399	44
3400	1265
3401	2665
3402	198
3403	1707
3404	3318
3405	846
3406	827
3407	2217
3408	2507
3409	1607
3410	2998
3411	341
3412	541
3413	1832
3414	1491
3415	969
3416	885
3417	2957
3418	404
3419	2310
3420	15
3421	388
3422	396
3423	2633
3424	3660
3425	580
3426	1942
3427	1505
3428	3540
3429	1169
3430	1678
3431	689
3432	656
3433	111
3434	3304
3435	1006
3436	4143
3437	2748
3438	2799
3439	3522
3440	659
3441	4339
3442	1900
3443	1732
3444	3816
3445	2520
3446	702
3447	3188
3448	3091
3449	1879
3450	2661
3451	3494
3452	1116
3453	3363
3454	4442
3455	1942
3456	1589
3457	1937
3458	2788
3459	1828
3460	254
3461	603
3462	3964
3463	3413
3464	1492
3465	943
3466	211
3467	1110
3468	1637
3469	2422
3470	3084
3471	1746
3472	4158
3473	2838
3474	3611
3475	82
3476	1748
3477	1305
3478	2672
3479	3764
3480	1227
3481	2566
3482	1991
3483	2631
3484	1708
3485	3338
3486	1280
3487	2534
3488	3142
3489	3088
3490	3983
3491	2341
3492	79
3493	3395
3494	1918
3495	2349
3496	2289
3497	4264
3498	1089
3499	3506
3500	844
3501	3214
3502	2699
3503	7
3504	4147
3505	3965
3506	362
3507	2964
3508	1898
3509	1880
3510	1677
3511	3518
3512	3999
3513	201
3514	3558
3515	4308
3516	353
3517	4004
3518	1663
3519	1340
3520	2906
3521	3220
3522	727
3523	4485
3524	2761
3525	821
3526	426
3527	1629
3528	1782
3529	2693
3530	2745
3531	2313
3532	4380
3533	2822
3534	2970
3535	3562
3536	3795
3537	593
3538	936
3539	38
3540	3310
3541	3269
3542	257
3543	3895
3544	203
3545	1766
3546	3208
3547	1887
3548	1461
3549	2695
3550	2574
3551	1643
3552	3594
3553	357
3554	2161
3555	4234
3556	1773
3557	1622
3558	2657
3559	1237
3560	3045
3561	710
3562	3468
3563	1652
3564	1018
3565	1562
3566	2834
3567	1779
3568	1908
3569	2856
3570	1033
3571	1445
3572	2103
3573	1104
3574	599
3575	3696
3576	2898
3577	4020
3578	2513
3579	1100
3580	537
3581	436
3582	3411
3583	788
3584	4229
3585	4412
3586	4397
3587	4030
3588	2181
3589	2739
3590	3108
3591	1407
3592	3782
3593	4013
3594	895
3595	3814
3596	1560
3597	957
3598	93
3599	1008
3600	374
3601	4280
3602	461
3603	2887
3604	3855
3605	2248
3606	1450
3607	3203
3608	2466
3609	3170
3610	4483
3611	384
3612	294
3613	4011
3614	1590
3615	2990
3616	738
3617	2529
3618	1992
3619	1596
3620	1711
3621	3327
3622	2515
3623	3803
3624	1888
3625	4407
3626	4226
3627	3564
3628	1179
3629	1178
3630	4054
3631	515
3632	4165
3633	3724
3634	232
3635	3804
3636	2241
3637	3772
3638	1771
3639	1428
3640	1091
3641	3538
3642	2646
3643	4124
3644	2991
3645	2952
3646	307
3647	1667
3648	645
3649	560
3650	3432
3651	3414
3652	4043
3653	2736
3654	1346
3655	2292
3656	1907
3657	1198
3658	1399
3659	2712
3660	938
3661	1511
3662	1327
3663	928
3664	2780
3665	2148
3666	965
3667	3620
3668	1837
3669	853
3670	3166
3671	413
3672	2652
3673	2084
3674	2325
3675	1400
3676	2650
3677	4414
3678	3456
3679	2978
3680	2954
3681	50
3682	3123
3683	1330
3684	3686
3685	2052
3686	3256
3687	2117
3688	1862
3689	2071
3690	3815
3691	465
3692	3378
3693	1881
3694	3895
3695	3971
3696	3367
3697	4127
3698	1017
3699	979
3700	1361
3701	1815
3702	4025
3703	3555
3704	2277
3705	869
3706	2630
3707	2648
3708	3259
3709	3738
3710	1158
3711	2967
3712	4089
3713	3058
3714	1729
3715	1347
3716	2225
3717	3467
3718	1832
3719	1055
3720	1762
3721	4191
3722	976
3723	3779
3724	4283
3725	3063
3726	1585
3727	513
3728	1230
3729	2717
3730	4062
3731	599
3732	102
3733	741
3734	3528
3735	291
3736	475
3737	3081
3738	2285
3739	826
3740	2412
3741	2473
3742	2640
3743	4364
3744	2922
3745	1742
3746	3660
3747	1685
3748	934
3749	2123
3750	2929
3751	418
3752	1184
3753	1625
3754	4077
3755	456
3756	2100
3757	625
3758	3588
3759	1496
3760	209
3761	217
3762	2252
3763	1932
3764	2721
3765	3662
3766	3263
3767	3982
3768	2085
3769	4312
3770	3933
3771	4087
3772	3353
3773	1508
3774	1371
3775	22
3776	207
3777	1541
3778	968
3779	1615
3780	2227
3781	2280
3782	528
3783	875
3784	539
3785	3391
3786	552
3787	2840
3788	1723
3789	3464
3790	1156
3791	2578
3792	2572
3793	350
3794	2043
3795	2689
3796	3110
3797	3426
3798	431
3799	2081
3800	1127
3801	543
3802	3547
3803	905
3804	1245
3805	1770
3806	3604
3807	3897
3808	4105
3809	2515
3810	344
3811	421
3812	1285
3813	1494
3814	4063
3815	625
3816	646
3817	2760
3818	1570
3819	4246
3820	4344
3821	4111
3822	2247
3823	1633
3824	2224
3825	18
3826	929
3827	337
3828	1826
3829	365
3830	1445
3831	4315
3832	4095
3833	3049
3834	207
3835	3562
3836	2063
3837	1436
3838	1528
3839	2068
3840	266
3841	3825
3842	4242
3843	1856
3844	132
3845	3934
3846	840
3847	3532
3848	4200
3849	1577
3850	3596
3851	3928
3852	1274
3853	685
3854	2252
3855	2284
3856	3679
3857	2072
3858	1345
3859	981
3860	530
3861	3152
3862	3615
3863	1485
3864	3823
3865	4037
3866	3112
3867	168
3868	2981
3869	3203
3870	2054
3871	2750
3872	1624
3873	3594
3874	432
3875	1550
3876	3544
3877	1591
3878	3089
3879	4114
3880	611
3881	903
3882	1927
3883	542
3884	1318
3885	2810
3886	1792
3887	1828
3888	2854
3889	992
3890	467
3891	3327
3892	2526
3893	1279
3894	3154
3895	1787
3896	667
3897	4453
3898	1268
3899	370
3900	4039
3901	2785
3902	2241
3903	41
3904	367
3905	2072
3906	3284
3907	1569
3908	2681
3909	3677
3910	4122
3911	4256
3912	1292
3913	2387
3914	1968
3915	1683
3916	1482
3917	3348
3918	182
3919	246
3920	771
3921	2635
3922	3599
3923	471
3924	1860
3925	2118
3926	1637
3927	1599
3928	1859
3929	2477
3930	2638
3931	3329
3932	3258
3933	4298
3934	1454
3935	2922
3936	4447
3937	4481
3938	2699
3939	234
3940	1163
3941	3044
3942	1631
3943	2492
3944	2223
3945	749
3946	3233
3947	916
3948	714
3949	1275
3950	3377
3951	2481
3952	252
3953	2635
3954	1502
3955	1439
3956	749
3957	1940
3958	55
3959	2505
3960	238
3961	1259
3962	4337
3963	3824
3964	2164
3965	2453
3966	4074
3967	1678
3968	2342
3969	1740
3970	1037
3971	2224
3972	4077
3973	1129
3974	1230
3975	1330
3976	561
3977	339
3978	1453
3979	3735
3980	4404
3981	3687
3982	1919
3983	2591
3984	3004
3985	2524
3986	4087
3987	3989
3988	2738
3989	2315
3990	3300
3991	2294
3992	2601
3993	2092
3994	2425
3995	3981
3996	2843
3997	884
3998	3775
3999	3354
4000	1457
4001	3127
4002	2540
4003	1984
4004	3132
4005	4105
4006	688
4007	2540
4008	1484
4009	3412
4010	3373
4011	3575
4012	2654
4013	903
4014	1329
4015	3849
4016	1658
4017	1508
4018	755
4019	1312
4020	3939
4021	535
4022	3685
4023	1724
4024	3817
4025	2009
4026	3892
4027	4406
4028	825
4029	1349
4030	1915
4031	2040
4032	1483
4033	1805
4034	3585
4035	1872
4036	2807
4037	3261
4038	3572
4039	1283
4040	26
4041	2138
4042	325
4043	3426
4044	1564
4045	1629
4046	4255
4047	3065
4048	1168
4049	2645
4050	4498
4051	4201
4052	2855
4053	498
4054	2877
4055	2502
4056	3009
4057	579
4058	3332
4059	4341
4060	4377
4061	83
4062	75
4063	847
4064	1571
4065	1212
4066	323
4067	1627
4068	3329
4069	3154
4070	1831
4071	2267
4072	2668
4073	170
4074	4092
4075	3185
4076	3690
4077	369
4078	359
4079	2884
4080	3834
4081	234
4082	4303
4083	227
4084	4100
4085	4448
4086	2188
4087	3442
4088	2557
4089	671
4090	45
4091	3142
4092	2962
4093	1628
4094	1556
4095	569
4096	133
4097	3062
4098	4457
4099	866
4100	2542
4101	2157
4102	1917
4103	764
4104	897
4105	2625
4106	1537
4107	4470
4108	3932
4109	2069
4110	3454
4111	1200
4112	1003
4113	3173
4114	1403
4115	1365
4116	4360
4117	1722
4118	269
4119	3604
4120	1931
4121	4312
4122	377
4123	25
4124	2553
4125	3199
4126	3022
4127	1470
4128	2010
4129	3196
4130	3709
4131	1995
4132	1130
4133	2518
4134	1738
4135	1869
4136	2209
4137	2374
4138	3071
4139	4373
4140	202
4141	802
4142	3920
4143	611
4144	114
4145	4404
4146	854
4147	4368
4148	2695
4149	1751
4150	1111
4151	957
4152	112
4153	2298
4154	3986
4155	2016
4156	302
4157	663
4158	3588
4159	721
4160	9
4161	4467
4162	156
4163	2817
4164	3158
4165	301
4166	1940
4167	3523
4168	4414
4169	1045
4170	1094
4171	3762
4172	4415
4173	648
4174	4118
4175	3947
4176	2121
4177	1446
4178	2885
4179	3091
4180	1095
4181	3845
4182	569
4183	3825
4184	357
4185	1393
4186	1890
4187	3149
4188	3235
4189	644
4190	251
4191	2110
4192	5
4193	2145
4194	1101
4195	526
4196	391
4197	1690
4198	372
4199	1066
4200	2457
4201	2571
4202	961
4203	1867
4204	4281
4205	2809
4206	3428
4207	1796
4208	1236
4209	3672
4210	1554
4211	3067
4212	4257
4213	2045
4214	1530
4215	123
4216	3583
4217	3227
4218	2444
4219	485
4220	3108
4221	3288
4222	3989
4223	2495
4224	4216
4225	693
4226	568
4227	1877
4228	1504
4229	2261
4230	3907
4231	2593
4232	346
4233	3362
4234	1323
4235	1398
4236	2347
4237	948
4238	565
4239	3871
4240	244
4241	1045
4242	1535
4243	2917
4244	1800
4245	3315
4246	91
4247	715
4248	1219
4249	2395
4250	237
4251	4190
4252	3484
4253	2314
4254	133
4255	687
4256	1855
4257	2849
4258	38
4259	2237
4260	484
4261	3299
4262	1097
4263	419
4264	3726
4265	1750
4266	2257
4267	1341
4268	2076
4269	2805
4270	1210
4271	2915
4272	1023
4273	1798
4274	3430
4275	864
4276	2956
4277	2323
4278	4267
4279	3057
4280	3020
4281	1414
4282	2310
4283	2229
4284	1938
4285	1433
4286	3303
4287	3833
4288	3606
4289	2568
4290	4084
4291	1366
4292	2074
4293	2556
4294	721
4295	4244
4296	3069
4297	243
4298	1023
4299	4016
4300	2697
4301	2215
4302	3898
4303	104
4304	3315
4305	1835
4306	4047
4307	3164
4308	2337
4309	1501
4310	2498
4311	3552
4312	3595
4313	2273
4314	2472
4315	195
4316	2177
4317	2704
4318	2736
4319	3664
4320	4099
4321	566
4322	496
4323	3268
4324	2455
4325	3439
4326	3233
4327	161
4328	400
4329	2116
4330	4338
4331	975
4332	4018
4333	435
4334	2998
4335	2946
4336	3060
4337	2548
4338	1032
4339	3109
4340	3446
4341	2591
4342	3051
4343	1032
4344	4476
4345	1759
4346	1241
4347	3497
4348	802
4349	3034
4350	1365
4351	4238
4352	1894
4353	3170
4354	2268
4355	2982
4356	334
4357	3944
4358	9
4359	2165
4360	816
4361	1728
4362	1813
4363	748
4364	130
4365	3981
4366	3547
4367	3246
4368	1996
4369	2656
4370	764
4371	3051
4372	3551
4373	320
4374	1472
4375	2894
4376	3350
4377	3281
4378	3208
4379	1250
4380	868
4381	3165
4382	2572
4383	2005
4384	3090
4385	3202
4386	1783
4387	2588
4388	746
4389	2587
4390	4110
4391	1663
4392	2705
4393	4449
4394	522
4395	3870
4396	2080
4397	114
4398	2767
4399	3097
4400	3020
4401	185
4402	1830
4403	2614
4404	2642
4405	4296
4406	1614
4407	3882
4408	1333
4409	1994
4410	4387
4411	580
4412	1308
4413	784
4414	956
4415	2026
4416	2812
4417	197
4418	3844
4419	2011
4420	1271
4421	3694
4422	3648
4423	1691
4424	2512
4425	3944
4426	2164
4427	3281
4428	3481
4429	2230
4430	1901
4431	1845
4432	2576
4433	3725
4434	2746
4435	1525
4436	1646
4437	198
4438	1145
4439	2984
4440	1821
4441	3923
4442	4056
4443	2926
4444	3862
4445	2429
4446	984
4447	2020
4448	3360
4449	889
4450	4171
4451	752
4452	2228
4453	940
4454	3907
4455	3052
4456	2490
4457	3598
4458	2141
4459	3717
4460	3932
4461	3079
4462	2348
4463	738
4464	1289
4465	3516
4466	4290
4467	3196
4468	2796
4469	4400
4470	1015
4471	3870
4472	2432
4473	3311
4474	2062
4475	4229
4476	2056
4477	4379
4478	4297
4479	789
4480	1287
4481	4361
4482	2278
4483	4116
4484	872
4485	3361
4486	1313
4487	1719
4488	3832
4489	1274
4490	2247
4491	433
4492	2403
4493	2097
4494	1788
4495	1653
4496	3730
4497	2604
4498	386
4499	2926
4500	3062
4501	2239
4502	4371
4503	2151
4504	697
4505	1339
4506	1753
4507	1628
4508	390
4509	3002
4510	3838
4511	2033
4512	3247
4513	873
4514	4423
4515	943
4516	3038
4517	1238
4518	3417
4519	2841
4520	2476
4521	2980
4522	3641
4523	4070
4524	1243
4525	1781
4526	1570
4527	2854
4528	2035
4529	3011
4530	2973
4531	3139
4532	602
4533	2466
4534	3840
4535	146
4536	4139
4537	360
4538	1768
4539	2460
4540	1723
4541	445
4542	1615
4543	906
4544	3386
4545	1000
4546	4111
4547	3232
4548	3120
4549	3617
4550	1004
4551	3236
4552	4192
4553	4445
4554	1273
4555	2427
4556	1869
4557	4364
4558	3249
4559	4418
4560	2031
4561	2209
4562	3984
4563	3261
4564	4054
4565	2454
4566	3474
4567	2682
4568	1454
4569	4125
4570	46
4571	3168
4572	827
4573	181
4574	3117
4575	261
4576	3683
4577	778
4578	3027
4579	3516
4580	4347
4581	3459
4582	4324
4583	3984
4584	964
4585	3099
4586	245
4587	2590
4588	2442
4589	3173
4590	3338
4591	2461
4592	257
4593	3229
4594	3637
4595	2738
4596	2042
4597	2518
4598	2472
4599	3869
4600	3741
4601	4461
4602	1675
4603	3035
4604	876
4605	4090
4606	4474
4607	1255
4608	2250
4609	1696
4610	3531
4611	730
4612	3399
4613	3909
4614	1965
4615	1042
4616	1819
4617	2541
4618	1584
4619	655
4620	1720
4621	3827
4622	4021
4623	4175
4624	526
4625	3629
4626	833
4627	4273
4628	2049
4629	2579
4630	1000
4631	1993
4632	2493
4633	762
4634	3865
4635	1106
4636	951
4637	2698
4638	229
4639	2175
4640	24
4641	1885
4642	2552
4643	1978
4644	544
4645	1199
4646	1282
4647	447
4648	1349
4649	3445
4650	633
4651	1697
4652	2521
4653	2580
4654	1286
4655	1097
4656	1382
4657	733
4658	2303
4659	2676
4660	3847
4661	3111
4662	4032
4663	1574
4664	3570
4665	3151
4666	3967
4667	431
4668	68
4669	4410
4670	2957
4671	4203
4672	1384
4673	3902
4674	2445
4675	2630
4676	2960
4677	2441
4678	3050
4679	1621
4680	2784
4681	2029
4682	1034
4683	2718
4684	3871
4685	1691
4686	1304
4687	2598
4688	4268
4689	1112
4690	2510
4691	3585
4692	3668
4693	219
4694	3974
4695	3102
4696	1606
4697	2065
4698	3241
4699	108
4700	3791
4701	4303
4702	1594
4703	2006
4704	3786
4705	4052
4706	39
4707	73
4708	4331
4709	2501
4710	518
4711	375
4712	3599
4713	1391
4714	2523
4715	824
4716	469
4717	1204
4718	4434
4719	2203
4720	2426
4721	4258
4722	3122
4723	4359
4724	1270
4725	3589
4726	4282
4727	1402
4728	459
4729	1886
4730	2090
4731	3596
4732	3243
4733	2153
4734	481
4735	3262
4736	4486
4737	2925
4738	2259
4739	1345
4740	4469
4741	1043
4742	2996
4743	3804
4744	836
4745	3230
4746	1505
4747	2545
4748	3293
4749	3098
4750	4118
4751	3251
4752	2818
4753	2887
4754	2477
4755	1007
4756	2730
4757	363
4758	3774
4759	3164
4760	1322
4761	2409
4762	1131
4763	2757
4764	2243
4765	1251
4766	3078
4767	1651
4768	3064
4769	3076
4770	111
4771	3175
4772	208
4773	3744
4774	727
4775	1370
4776	4044
4777	1689
4778	1488
4779	1512
4780	970
4781	2479
4782	4438
4783	412
4784	333
4785	2461
4786	462
4787	2722
4788	632
4789	2819
4790	546
4791	3099
4792	2781
4793	1099
4794	2551
4795	3343
4796	2233
4797	2835
4798	1670
4799	476
4800	783
4801	3438
4802	2852
4803	2131
4804	4458
4805	2904
4806	1282
4807	1659
4808	331
4809	3181
4810	1332
4811	490
4812	1779
4813	527
4814	2611
4815	919
4816	2697
4817	3720
4818	3207
4819	3617
4820	1569
4821	2395
4822	3770
4823	4350
4824	1719
4825	4492
4826	1201
4827	1527
4828	3242
4829	2607
4830	3330
4831	1520
4832	2667
4833	3933
4834	315
4835	2659
4836	1666
4837	3852
4838	574
4839	1319
4840	1455
4841	2667
4842	1585
4843	1007
4844	3510
4845	946
4846	2602
4847	2853
4848	4431
4849	4475
4850	661
4851	2582
4852	3320
4853	126
4854	4035
4855	1375
4856	1648
4857	1810
4858	3336
4859	3385
4860	1217
4861	714
4862	3536
4863	2344
4864	2250
4865	3554
4866	2327
4867	1718
4868	4336
4869	1131
4870	1014
4871	3078
4872	3090
4873	3549
4874	4410
4875	3748
4876	558
4877	2881
4878	152
4879	648
4880	3119
4881	4076
4882	3289
4883	1502
4884	3286
4885	963
4886	4102
4887	4206
4888	2333
4889	3308
4890	649
4891	64
4892	1301
4893	3780
4894	659
4895	4286
4896	2129
4897	4197
4898	3601
4899	3452
4900	782
4901	2195
4902	3636
4903	3739
4904	883
4905	2860
4906	1084
4907	4006
4908	4188
4909	921
4910	2874
4911	3725
4912	3347
4913	190
4914	806
4915	2073
4916	2413
4917	286
4918	1289
4919	966
4920	4435
4921	2277
4922	4092
4923	905
4924	4418
4925	1221
4926	2848
4927	753
4928	2816
4929	2559
4930	3884
4931	3892
4932	3758
4933	3171
4934	494
4935	1981
4936	862
4937	3546
4938	419
4939	2481
4940	2356
4941	1988
4942	2819
4943	1329
4944	1485
4945	824
4946	816
4947	657
4948	269
4949	2670
4950	2764
4951	3005
4952	4456
4953	771
4954	4120
4955	3325
4956	2299
4957	3784
4958	80
4959	1965
4960	1941
4961	3681
4962	4363
4963	2882
4964	2484
4965	2801
4966	4385
4967	462
4968	637
4969	3809
4970	400
4971	592
4972	2663
4973	4335
4974	1420
4975	514
4976	3866
4977	26
4978	4353
4979	4063
4980	1125
4981	3643
4982	3703
4983	1014
4984	53
4985	2015
4986	1853
4987	1213
4988	2774
4989	3655
4990	3897
4991	612
4992	2539
4993	1355
4994	4145
4995	3679
4996	3219
4997	1841
4998	2643
4999	2014
5000	872
5001	631
5002	1892
5003	556
5004	2568
5005	2121
5006	735
5007	626
5008	4153
5009	206
5010	2002
5011	3924
5012	191
5013	3432
5014	736
5015	1960
5016	142
5017	246
5018	3487
5019	777
5020	3553
5021	1756
5022	4433
5023	1260
5024	2746
5025	2847
5026	3231
5027	2238
5028	4231
5029	4393
5030	3343
5031	2240
5032	3788
5033	4024
5034	3758
5035	3124
5036	2448
5037	4207
5038	3257
5039	1935
5040	2080
5041	4161
5042	3806
5043	1815
5044	865
5045	2417
5046	629
5047	1298
5048	3407
5049	3835
5050	3807
5051	1575
5052	355
5053	2830
5054	3334
5055	2177
5056	154
5057	2506
5058	1401
5059	4264
5060	2904
5061	4396
5062	1199
5063	3480
5064	4230
5065	4042
5066	1078
5067	4365
5068	3655
5069	3546
5070	2021
5071	223
5072	4222
5073	719
5074	2824
5075	3727
5076	3166
5077	4023
5078	1037
5079	3688
5080	463
5081	2259
5082	722
5083	256
5084	3340
5085	4134
5086	3977
5087	1039
5088	3642
5089	703
5090	3616
5091	3795
5092	1191
5093	1108
5094	925
5095	2323
5096	3439
5097	1054
5098	1468
5099	49
5100	1642
5101	3136
5102	2406
5103	1924
5104	4004
5105	2070
5106	1468
5107	677
5108	673
5109	555
5110	4412
5111	2580
5112	4162
5113	2366
5114	2028
5115	2622
5116	932
5117	124
5118	2192
5119	658
5120	1136
5121	4188
5122	96
5123	1001
5124	3921
5125	1153
5126	4498
5127	3345
5128	2661
5129	461
5130	1364
5131	1090
5132	1475
5133	3180
5134	1555
5135	1931
5136	2590
5137	2606
5138	3098
5139	2328
5140	3541
5141	4143
5142	3495
5143	4376
5144	2501
5145	734
5146	1703
5147	2929
5148	841
5149	751
5150	442
5151	4439
5152	1916
5153	186
5154	1656
5155	297
5156	1655
5157	1145
5158	2846
5159	73
5160	1581
5161	1733
5162	877
5163	880
5164	3280
5165	1895
5166	3761
5167	1188
5168	2006
5169	1228
5170	2145
5171	2014
5172	2872
5173	2029
5174	1767
5175	537
5176	3841
5177	1774
5178	4395
5179	2797
5180	3866
5181	1632
5182	3878
5183	1335
5184	570
5185	4403
5186	1603
5187	877
5188	1082
5189	548
5190	2047
5191	3966
5192	1600
5193	1042
5194	697
5195	3119
5196	4379
5197	4366
5198	129
5199	4202
5200	2775
5201	3195
5202	1126
5203	2384
5204	3317
5205	1300
5206	2755
5207	3174
5208	2571
5209	2641
5210	2437
5211	328
5212	1241
5213	604
5214	2563
5215	3048
5216	2216
5217	990
5218	694
5219	3569
5220	1059
5221	115
5222	871
5223	1240
5224	814
5225	3266
5226	1210
5227	3553
5228	762
5229	1331
5230	2220
5231	2486
5232	3366
5233	2180
5234	4308
5235	3200
5236	4347
5237	2383
5238	3619
5239	4003
5240	2897
5241	3200
5242	479
5243	2521
5244	2949
5245	1522
5246	3410
5247	2686
5248	1075
5249	2551
5250	3770
5251	1260
5252	2495
5253	1421
5254	1665
5255	1075
5256	1115
5257	2908
5258	4443
5259	3459
5260	3859
5261	4409
5262	3612
5263	152
5264	1945
5265	3456
5266	3847
5267	2003
5268	2995
5269	182
5270	1350
5271	1287
5272	2304
5273	3071
5274	313
5275	1163
5276	4222
5277	535
5278	938
5279	3754
5280	4116
5281	2799
5282	3204
5283	825
5284	1056
5285	3748
5286	3910
5287	960
5288	1860
5289	1267
5290	4219
5291	3300
5292	4460
5293	265
5294	2431
5295	1969
5296	3303
5297	3935
5298	4199
5299	2297
5300	2380
5301	2479
5302	2218
5303	930
5304	991
5305	1884
5306	2235
5307	3428
5308	4047
5309	3145
5310	427
5311	1837
5312	592
5313	2730
5314	4027
5315	4184
5316	2519
5317	2246
5318	122
5319	689
5320	499
5321	3354
5322	50
5323	1081
5324	3625
5325	4354
5326	3990
5327	3124
5328	1206
5329	1058
5330	1767
5331	2128
5332	1780
5333	3424
5334	4480
5335	3039
5336	1855
5337	600
5338	3016
5339	3671
5340	507
5341	1840
5342	2996
5343	3561
5344	2123
5345	2317
5346	2811
5347	4343
5348	768
5349	3270
5350	3991
5351	1902
5352	1608
5353	4302
5354	2500
5355	3440
5356	914
5357	3118
5358	651
5359	3074
5360	4009
5361	812
5362	4252
5363	4321
5364	1288
5365	4394
5366	2641
5367	2576
5368	962
5369	959
5370	551
5371	900
5372	2769
5373	4350
5374	2430
5375	2101
5376	367
5377	3352
5378	734
5379	3576
5380	3867
5381	2346
5382	2917
5383	883
5384	2886
5385	2168
5386	3917
5387	16
5388	773
5389	472
5390	2570
5391	1805
5392	2257
5393	13
5394	107
5395	3148
5396	1752
5397	2627
5398	1143
5399	3702
5400	4431
5401	3638
5402	1755
5403	2443
5404	2077
5405	1822
5406	3564
5407	3219
5408	3759
5409	3557
5410	597
5411	1807
5412	1046
5413	3201
5414	325
5415	550
5416	544
5417	3405
5418	327
5419	108
5420	1648
5421	3529
5422	4357
5423	2294
5424	2825
5425	3525
5426	1301
5427	4209
5428	3785
5429	3563
5430	4183
5431	3431
5432	2700
5433	1347
5434	916
5435	270
5436	4183
5437	630
5438	3373
5439	1974
5440	4486
5441	3366
5442	3831
5443	1268
5444	2125
5445	807
5446	4323
5447	3860
5448	744
5449	4147
5450	1478
5451	3587
5452	3014
5453	4012
5454	899
5455	1594
5456	3075
5457	2665
5458	3083
5459	139
5460	3109
5461	4172
5462	2944
5463	468
5464	2440
5465	2264
5466	2533
5467	2918
5468	92
5469	303
5470	4283
5471	262
5472	1842
5473	4067
5474	2130
5475	1162
5476	2989
5477	3421
5478	3210
5479	2036
5480	1049
5481	1392
5482	3910
5483	3046
5484	1356
5485	3657
5486	4136
5487	1904
5488	717
5489	258
5490	1541
5491	1027
5492	1065
5493	1476
5494	3934
5495	4202
5496	2189
5497	1547
5498	1665
5499	591
5500	2255
5501	3607
5502	79
5503	3836
5504	1566
5505	4176
5506	3874
5507	1102
5508	2210
5509	2272
5510	575
5511	3925
5512	706
5513	993
5514	3671
5515	2615
5516	313
5517	677
5518	651
5519	598
5520	2674
5521	606
5522	712
5523	1503
5524	1517
5525	3280
5526	1954
5527	1542
5528	187
5529	1922
5530	1206
5531	3579
5532	3615
5533	3513
5534	1785
5535	1766
5536	2347
5537	3829
5538	3530
5539	805
5540	2959
5541	4487
5542	3644
5543	49
5544	2861
5545	14
5546	1281
5547	843
5548	3877
5549	3822
5550	3171
5551	2216
5552	3499
5553	3840
5554	3543
5555	1598
5556	3575
5557	4307
5558	3388
5559	306
5560	744
5561	4469
5562	1687
5563	3356
5564	3865
5565	845
5566	3956
5567	2427
5568	164
5569	2502
5570	2182
5571	1765
5572	3407
5573	2069
5574	4257
5575	3068
5576	296
5577	2954
5578	60
5579	2817
5580	852
5581	2599
5582	1314
5583	4165
5584	1328
5585	3240
5586	1921
5587	2122
5588	283
5589	3048
5590	2290
5591	2975
5592	3520
5593	2924
5594	4093
5595	3393
5596	482
5597	4277
5598	3739
5599	950
5600	3882
5601	567
5602	4329
5603	3444
5604	3526
5605	2361
5606	3560
5607	3710
5608	3468
5609	1716
5610	2418
5611	2467
5612	1947
5613	836
5614	4320
5615	4040
5616	3522
5617	2491
5618	918
5619	2637
5620	2139
5621	3688
5622	1946
5623	589
5624	428
5625	2881
5626	911
5627	2999
5628	1128
5629	4073
5630	4428
5631	381
5632	1091
5633	3086
5634	3952
5635	820
5636	2727
5637	3773
5638	2921
5639	2936
5640	1751
5641	1492
5642	886
5643	2371
5644	2824
5645	3477
5646	32
5647	3423
5648	832
5649	3438
5650	81
5651	4444
5652	60
5653	3694
5654	2233
5655	2306
5656	2019
5657	57
5658	2053
5659	4310
5660	718
5661	1269
5662	786
5663	1641
5664	1431
5665	708
5666	2382
5667	970
5668	2242
5669	952
5670	1021
5671	1844
5672	3930
5673	1074
5674	2707
5675	3369
5676	889
5677	1564
5678	2943
5679	300
5680	3128
5681	2708
5682	1754
5683	1480
5684	2971
5685	3980
5686	635
5687	2028
5688	1571
5689	397
5690	694
5691	3844
5692	4099
5693	3949
5694	382
5695	3757
5696	1187
5697	2815
5698	1711
5699	1981
5700	4019
5701	175
5702	402
5703	2096
5704	1812
5705	3929
5706	2870
5707	2902
5708	1592
5709	4305
5710	3592
5711	2062
5712	35
5713	2723
5714	1842
5715	3831
5716	3740
5717	4466
5718	107
5719	3377
5720	4000
5721	692
5722	2931
5723	3635
5724	2879
5725	831
5726	3699
5727	3819
5728	582
5729	1056
5730	4107
5731	61
5732	371
5733	2482
5734	1094
5735	1277
5736	1854
5737	2155
5738	2578
5739	669
5740	4336
5741	595
5742	1525
5743	340
5744	3129
5745	51
5746	3234
5747	4358
5748	1803
5749	4135
5750	3998
5751	1960
5752	1424
5753	3905
5754	1396
5755	4389
5756	4394
5757	98
5758	952
5759	3677
5760	1966
5761	1264
5762	3975
5763	3292
5764	4090
5765	2238
5766	3839
5767	3730
5768	4490
5769	3577
5770	1895
5771	3905
5772	3774
5773	4300
5774	3646
5775	4040
5776	4491
5777	3747
5778	1059
5779	1498
5780	2221
5781	3955
5782	945
5783	4496
5784	3670
5785	1175
5786	2757
5787	2575
5788	3443
5789	926
5790	3945
5791	3523
5792	2487
5793	4254
5794	1826
5795	1606
5796	1083
5797	1986
5798	4056
5799	4057
5800	42
5801	2098
5802	628
5803	2195
5804	2403
5805	2664
5806	380
5807	1649
5808	127
5809	4123
5810	597
5811	137
5812	4423
5813	4288
5814	3648
5815	1676
5816	2853
5817	4034
5818	2785
5819	4376
5820	2208
5821	2731
5822	637
5823	1006
5824	4079
5825	1836
5826	1066
5827	1533
5828	3721
5829	3521
5830	3493
5831	1316
5832	3465
5833	203
5834	980
5835	3183
5836	2094
5837	1604
5838	179
5839	1653
5840	2467
5841	2098
5842	1847
5843	988
5844	34
5845	3015
5846	3446
5847	3163
5848	589
5849	2868
5850	3400
5851	1432
5852	2178
5853	1140
5854	3137
5855	3061
5856	2485
5857	2064
5858	3209
5859	141
5860	838
5861	1609
5862	1688
5863	525
5864	3911
5865	386
5866	3455
5867	2023
5868	238
5869	3082
5870	601
5871	1948
5872	3061
5873	2082
5874	4411
5875	937
5876	3314
5877	3509
5878	1970
5879	4369
5880	2489
5881	2213
5882	1871
5883	3463
5884	2896
5885	1277
5886	672
5887	1193
5888	3796
5889	3424
5890	3326
5891	941
5892	3491
5893	4189
5894	262
5895	564
5896	4381
5897	2900
5898	1738
5899	1269
5900	3176
5901	2727
5902	792
5903	4015
5904	3097
5905	3004
5906	2096
5907	3271
5908	2066
5909	11
5910	3156
5911	2117
5912	3592
5913	643
5914	4104
5915	3479
5916	4370
5917	3548
5918	610
5919	2374
5920	3878
5921	3941
5922	3717
5923	3
5924	1410
5925	1786
5926	4060
5927	446
5928	2388
5929	2269
5930	1234
5931	1280
5932	1759
5933	686
5934	4201
5935	2462
5936	2429
5937	2170
5938	423
5939	1735
5940	944
5941	4485
5942	76
5943	3148
5944	449
5945	1876
5946	805
5947	1481
5948	705
5949	855
5950	1279
5951	2997
5952	3838
5953	2611
5954	2619
5955	1423
5956	2193
5957	2211
5958	546
5959	1971
5960	617
5961	3018
5962	1666
5963	3720
5964	2537
5965	355
5966	1806
5967	1641
5968	2666
5969	1441
5970	178
5971	2388
5972	1085
5973	3606
5974	635
5975	2872
5976	63
5977	1463
5978	1847
5979	3587
5980	989
5981	980
5982	2039
5983	882
5984	93
5985	2401
5986	1388
5987	2561
5988	3355
5989	3789
5990	1712
5991	2412
5992	988
5993	1182
5994	3453
5995	554
5996	3718
5997	3101
5998	186
5999	2438
6000	1262
6001	405
6002	3334
6003	4340
6004	1367
6005	3994
6006	3809
6007	3560
6008	88
6009	2930
6010	2071
6011	4142
6012	1213
6013	3355
6014	3474
6015	2111
6016	2287
6017	2598
6018	769
6019	2705
6020	1943
6021	1780
6022	4108
6023	3368
6024	725
6025	568
6026	4317
6027	1609
6028	3690
6029	4101
6030	2352
6031	4059
6032	162
6033	4276
6034	1216
6035	1012
6036	2653
6037	3294
6038	2314
6039	567
6040	2830
6041	2624
6042	3801
6043	1061
6044	1412
6045	1390
6046	779
6047	1144
6048	353
6049	1944
6050	3684
6051	4274
6052	1726
6053	1654
6054	202
6055	3498
6056	1203
6057	4253
6058	4416
6059	1412
6060	3276
6061	70
6062	368
6063	2575
6064	2106
6065	1915
6066	1567
6067	3192
6068	3663
6069	3346
6070	2111
6071	1669
6072	3657
6073	3662
6074	3755
6075	2312
6076	39
6077	763
6078	3136
6079	3317
6080	3940
6081	2837
6082	4239
6083	1782
6084	216
6085	1157
6086	2609
6087	3320
6088	733
6089	1983
6090	2722
6091	584
6092	1299
6093	1683
6094	1228
6095	1382
6096	3630
6097	239
6098	2988
6099	3278
6100	3510
6101	3631
6102	3605
6103	76
6104	3820
6105	946
6106	30
6107	2725
6108	1167
6109	2754
6110	806
6111	1138
6112	3602
6113	3024
6114	1331
6115	3787
6116	2745
6117	4263
6118	1566
6119	2444
6120	858
6121	2033
6122	1739
6123	3998
6124	2852
6125	3502
6126	1035
6127	2335
6128	3614
6129	901
6130	366
6131	3950
6132	1952
6133	509
6134	3031
6135	1148
6136	3418
6137	1775
6138	1489
6139	1429
6140	3723
6141	3827
6142	941
6143	4001
6144	1011
6145	2487
6146	3232
6147	2975
6148	2961
6149	3492
6150	859
6151	156
6152	3789
6153	2941
6154	3041
6155	3305
6156	2713
6157	490
6158	3505
6159	3434
6160	149
6161	3945
6162	902
6163	4294
6164	3210
6165	2882
6166	1291
6167	3719
6168	3034
6169	626
6170	640
6171	2414
6172	1549
6173	3896
6174	3385
6175	3630
6176	3163
6177	4112
6178	2119
6179	2059
6180	2040
6181	1489
6182	3620
6183	2941
6184	3961
6185	2262
6186	1385
6187	955
6188	278
6189	3919
6190	1224
6191	886
6192	2464
6193	1203
6194	4275
6195	797
6196	3767
6197	2365
6198	716
6199	2601
6200	1409
6201	3612
6202	109
6203	144
6204	1980
6205	898
6206	1164
6207	57
6208	553
6209	1266
6210	3130
6211	2953
6212	3253
6213	3118
6214	1435
6215	878
6216	1484
6217	3471
6218	3223
6219	3429
6220	3043
6221	1115
6222	2820
6223	1987
6224	2599
6225	3245
6226	2618
6227	2596
6228	183
6229	4439
6230	1275
6231	830
6232	3151
6233	2442
6234	3723
6235	1448
6236	2768
6237	2972
6238	1608
6239	3488
6240	3504
6241	4097
6242	3167
6243	2088
6244	1632
6245	3291
6246	3938
6247	4339
6248	1292
6249	1003
6250	3942
6251	2418
6252	4237
6253	3254
6254	3611
6255	4082
6256	3801
6257	2126
6258	3876
6259	1325
6260	2837
6261	4328
6262	3890
6263	448
6264	2251
6265	3147
6266	3260
6267	2303
6268	4057
6269	4457
6270	4470
6271	3193
6272	2894
6273	4171
6274	1794
6275	28
6276	2729
6277	2711
6278	928
6279	2084
6280	2361
6281	4432
6282	4471
6283	682
6284	3861
6285	1019
6286	1235
6287	3448
6288	2758
6289	792
6290	3683
6291	2127
6292	4356
6293	4049
6294	441
6295	3874
6296	1025
6297	4106
6298	4319
6299	1718
6300	2264
6301	4035
6302	1824
6303	864
6304	3621
6305	72
6306	2863
6307	2223
6308	4323
6309	870
6310	303
6311	4499
6312	1834
6313	590
6314	4322
6315	2669
6316	2302
6317	1890
6318	1635
6319	3771
6320	1070
6321	2553
6322	1736
6323	4427
6324	1051
6325	2037
6326	3495
6327	312
6328	1706
6329	483
6330	4482
6331	3012
6332	4237
6333	2786
6334	2266
6335	3802
6336	953
6337	3618
6338	2380
6339	606
6340	4225
6341	1065
6342	1918
6343	684
6344	3104
6345	3646
6346	3221
6347	2165
6348	2938
6349	2410
6350	2446
6351	382
6352	268
6353	3531
6354	4086
6355	2783
6356	3567
6357	4086
6358	3489
6359	4401
6360	3263
6361	3813
6362	3406
6363	1470
6364	763
6365	1959
6366	4060
6367	3913
6368	4064
6369	1716
6370	1634
6371	1794
6372	1002
6373	1504
6374	2938
6375	3123
6376	1389
6377	2656
6378	1797
6379	594
6380	2662
6381	2682
6382	453
6383	1784
6384	1866
6385	2059
6386	4200
6387	1226
6388	1747
6389	4391
6390	376
6391	1143
6392	1850
6393	2450
6394	575
6395	2439
6396	850
6397	4317
6398	4342
6399	2220
6400	115
6401	690
6402	4393
6403	1211
6404	413
6405	1550
6406	1827
6407	3699
6408	1757
6409	1257
6410	4348
6411	915
6412	2200
6413	2867
6414	1215
6415	855
6416	3470
6417	1543
6418	4159
6419	2536
6420	385
6421	3111
6422	465
6423	1427
6424	1346
6425	3130
6426	4128
6427	3066
6428	1013
6429	358
6430	2844
6431	1323
6432	1234
6433	1107
6434	122
6435	3883
6436	1758
6437	799
6438	3673
6439	2000
6440	707
6441	1814
6442	944
6443	623
6444	1561
6445	4218
6446	2734
6447	3462
6448	4280
6449	2439
6450	208
6451	2087
6452	2138
6453	3302
6454	1802
6455	3245
6456	759
6457	3633
6458	2756
6459	3040
6460	2645
6461	1276
6462	566
6463	3773
6464	2663
6465	3678
6466	4392
6467	656
6468	2649
6469	2354
6470	1923
6471	3114
6472	885
6473	1951
6474	1324
6475	4276
6476	3525
6477	1072
6478	923
6479	3731
6480	2027
6481	2169
6482	1662
6483	3569
6484	3291
6485	4161
6486	2893
6487	3370
6488	1340
6489	3863
6490	3763
6491	3472
6492	104
6493	3408
6494	2655
6495	2610
6496	3993
6497	4053
6498	3448
6499	2741
6500	4468
6501	196
6502	2888
6503	3974
6504	2582
6505	4467
6506	2597
6507	4058
6508	1906
6509	516
6510	3850
6511	1655
6512	4049
6513	128
6514	179
6515	4000
6516	4233
6517	3321
6518	1588
6519	1051
6520	822
6521	2171
6522	96
6523	2910
6524	126
6525	3634
6526	778
6527	2842
6528	1295
6529	1413
6530	3014
6531	3469
6532	922
6533	2263
6534	2342
6535	4462
6536	222
6537	1672
6538	2373
6539	4292
6540	3993
6541	1848
6542	2869
6543	4216
6544	1834
6545	1638
6546	1704
6547	1897
6548	609
6549	3859
6550	929
6551	2952
6552	1475
6553	40
6554	1528
6555	4378
6556	3621
6557	4023
6558	3190
6559	1456
6560	986
6561	2615
6562	4297
6563	1531
6564	404
6565	2189
6566	1079
6567	1624
6568	4406
6569	848
6570	779
6571	2577
6572	2236
6573	658
6574	1181
6575	1647
6576	3445
6577	340
6578	1823
6579	643
6580	2523
6581	3441
6582	4263
6583	2211
6584	2896
6585	439
6586	3274
6587	1478
6588	256
6589	699
6590	3169
6591	4022
6592	4327
6593	1010
6594	3155
6595	3642
6596	3214
6597	3227
6598	45
6599	3645
6600	46
6601	387
6602	4013
6603	2050
6604	3199
6605	1173
6606	3785
6607	1211
6608	1774
6609	2329
6610	3790
6611	1040
6612	2742
6613	4468
6614	1439
6615	1141
6616	2725
6617	1326
6618	3839
6619	218
6620	2806
6621	1873
6622	1649
6623	2409
6624	24
6625	4265
6626	2528
6627	236
6628	1746
6629	1581
6630	1557
6631	1983
6632	2021
6633	4330
6634	3818
6635	3058
6636	874
6637	2245
6638	1708
6639	2707
6640	1558
6641	1073
6642	799
6643	3095
6644	2305
6645	216
6646	4293
6647	2270
6648	3555
6649	354
6650	1121
6651	1113
6652	2280
6653	1872
6654	2354
6655	2154
6656	2759
6657	2246
6658	2058
6659	3371
6660	4464
6661	4383
6662	1544
6663	2536
6664	4156
6665	2348
6666	3533
6667	2940
6668	2296
6669	3704
6670	346
6671	466
6672	2449
6673	4334
6674	3229
6675	3800
6676	3681
6677	1458
6678	1534
6679	1155
6680	2433
6681	1477
6682	72
6683	1602
6684	3254
6685	3302
6686	4117
6687	3716
6688	118
6689	2004
6690	1422
6691	1905
6692	3308
6693	726
6694	2907
6695	3622
6696	2559
6697	3659
6698	451
6699	1929
6700	3351
6701	3911
6702	158
6703	1910
6704	1058
6705	2772
6706	3843
6707	1763
6708	1625
6709	4398
6710	4041
6711	683
6712	3591
6713	1610
6714	704
6715	99
6716	2721
6717	1806
6718	3402
6719	2458
6720	3423
6721	3159
6722	486
6723	3972
6724	3451
6725	3031
6726	191
6727	3559
6728	2271
6729	1380
6730	1223
6731	100
6732	2655
6733	1573
6734	3548
6735	479
6736	4179
6737	4449
6738	3658
6739	3972
6740	1391
6741	716
6742	997
6743	1453
6744	3275
6745	1882
6746	803
6747	4078
6748	1712
6749	2035
6750	1113
6751	454
6752	1972
6753	1909
6754	4179
6755	2496
6756	838
6757	2903
6758	3255
6759	665
6760	4250
6761	1783
6762	100
6763	4126
6764	1565
6765	796
6766	3060
6767	1124
6768	870
6769	321
6770	3995
6771	1734
6772	1739
6773	1188
6774	3404
6775	784
6776	2162
6777	3425
6778	984
6779	4083
6780	1170
6781	2298
6782	4337
6783	2335
6784	405
6785	4493
6786	609
6787	395
6788	175
6789	2848
6790	1326
6791	2885
6792	937
6793	1313
6794	106
6795	1839
6796	2204
6797	2833
6798	1031
6799	819
6800	3904
6801	4162
6802	2468
6803	1226
6804	3885
6805	2905
6806	4239
6807	2793
6808	183
6809	1790
6810	2537
6811	2389
6812	155
6813	1876
6814	2160
6815	252
6816	117
6817	3053
6818	2436
6819	2927
6820	2876
6821	1452
6822	2336
6823	2358
6824	3747
6825	489
6826	3658
6827	3482
6828	3265
6829	3902
6830	772
6831	3041
6832	1218
6833	4420
6834	2421
6835	1626
6836	1756
6837	3955
6838	1124
6839	1701
6840	1090
6841	2462
6842	2167
6843	415
6844	2793
6845	145
6846	2719
6847	3415
6848	2324
6849	3380
6850	854
6851	375
6852	2262
6853	4415
6854	33
6855	3996
6856	1690
6857	1730
6858	2232
6859	377
6860	1110
6861	3674
6862	290
6863	1437
6864	4300
6865	1041
6866	4210
6867	1020
6868	284
6869	281
6870	1529
6871	4228
6872	3900
6873	1824
6874	55
6875	586
6876	2875
6877	1465
6878	145
6879	3891
6880	2612
6881	1361
6882	351
6883	4348
6884	3803
6885	4121
6886	2836
6887	1795
6888	4070
6889	2363
6890	902
6891	1338
6892	2972
6893	728
6894	296
6895	87
6896	564
6897	4240
6898	3487
6899	3182
6900	3494
6901	3324
6902	4307
6903	993
6904	3476
6905	1578
6906	3470
6907	4413
6908	950
6909	2329
6910	384
6911	11
6912	2066
6913	2961
6914	480
6915	1409
6916	1725
6917	3568
6918	1728
6919	818
6920	3512
6921	2593
6922	3875
6923	1082
6924	3875
6925	1225
6926	4261
6927	1394
6928	848
6929	2312
6930	617
6931	2654
6932	197
6933	2459
6934	2197
6935	1384
6936	3152
6937	2345
6938	1703
6939	1823
6940	3997
6941	117
6942	3746
6943	3265
6944	967
6945	1291
6946	2181
6947	3189
6948	4232
6949	2474
6950	4134
6951	3517
6952	3817
6953	3198
6954	3764
6955	888
6956	2163
6957	467
6958	387
6959	3913
6960	563
6961	2535
6962	3851
6963	3042
6964	2345
6965	1379
6966	170
6967	2397
6968	4255
6969	773
6970	1251
6971	2508
6972	3364
6973	4363
6974	255
6975	4462
6976	4440
6977	1486
6978	88
6979	2581
6980	4014
6981	1951
6982	703
6983	3418
6984	493
6985	51
6986	654
6987	1859
6988	1816
6989	2367
6990	1582
6991	3982
6992	1871
6993	1684
6994	2161
6995	3195
6996	1987
6997	3074
6998	2163
6999	2735
7000	4157
7001	1749
7002	2355
7003	1849
7004	2143
7005	3384
7006	2001
7007	85
7008	224
7009	4342
7010	1449
7011	1378
7012	1459
7013	2758
7014	3492
7015	2857
7016	2363
7017	4437
7018	2509
7019	2368
7020	1235
7021	4015
7022	1363
7023	277
7024	164
7025	2669
7026	2020
7027	3005
7028	785
7029	3016
7030	2968
7031	2613
7032	1430
7033	3177
7034	2218
7035	3497
7036	1634
7037	1980
7038	148
7039	259
7040	493
7041	2456
7042	3618
7043	3788
7044	1107
7045	468
7046	363
7047	286
7048	1654
7049	978
7050	221
7051	2278
7052	3168
7053	2671
7054	430
7055	2416
7056	900
7057	1993
7058	486
7059	1840
7060	338
7061	380
7062	3731
7063	1829
7064	692
7065	2338
7066	1063
7067	1406
7068	1518
7069	2810
7070	278
7071	3241
7072	3563
7073	2850
7074	1755
7075	4113
7076	321
7077	3104
7078	3342
7079	2146
7080	89
7081	1469
7082	1804
7083	2508
7084	4235
7085	2302
7086	893
7087	962
7088	4217
7089	2132
7090	985
7091	4386
7092	747
7093	1705
7094	1700
7095	1551
7096	112
7097	3968
7098	636
7099	3883
7100	4213
7101	649
7102	2664
7103	2677
7104	4168
7105	1062
7106	2365
7107	3309
7108	4411
7109	4041
7110	3609
7111	4270
7112	3885
7113	2874
7114	915
7115	641
7116	3757
7117	4294
7118	4432
7119	3667
7120	1356
7121	2527
7122	4101
7123	1775
7124	2471
7125	92
7126	2622
7127	1174
7128	4170
7129	2616
7130	2202
7131	4296
7132	845
7133	3651
7134	3021
7135	2988
7136	119
7137	2639
7138	1081
7139	1232
7140	4104
7141	3333
7142	1442
7143	3776
7144	3579
7145	2919
7146	2863
7147	1893
7148	3954
7149	842
7150	4288
7151	2402
7152	3072
7153	1934
7154	4429
7155	3784
7156	3983
7157	4261
7158	2379
7159	2619
7160	932
7161	3073
7162	2284
7163	1992
7164	56
7165	3684
7166	1039
7167	2767
7168	3113
7169	4119
7170	820
7171	3634
7172	27
7173	2075
7174	4446
7175	1971
7176	2569
7177	3738
7178	2000
7179	4388
7180	1093
7181	3733
7182	874
7183	4494
7184	3009
7185	3685
7186	302
7187	177
7188	2617
7189	657
7190	791
7191	2732
7192	3490
7193	1406
7194	3197
7195	1621
7196	3278
7197	2968
7198	2839
7199	1197
7200	3251
7201	1079
7202	3659
7203	1033
7204	3155
7205	2577
7206	58
7207	1910
7208	1545
7209	1798
7210	840
7211	3812
7212	3889
7213	1386
7214	4272
7215	3714
7216	4446
7217	1555
7218	1142
7219	972
7220	2569
7221	2299
7222	189
7223	473
7224	3477
7225	2441
7226	2859
7227	2166
7228	2394
7229	4459
7230	1150
7231	228
7232	4378
7233	3481
7234	1804
7235	3017
7236	99
7237	2778
7238	3483
7239	2573
7240	3692
7241	2474
7242	3505
7243	4128
7244	272
7245	31
7246	3842
7247	1139
7248	2753
7249	1984
7250	2368
7251	3110
7252	3978
7253	2914
7254	3253
7255	640
7256	4217
7257	3796
7258	631
7259	1392
7260	3273
7261	747
7262	2519
7263	817
7264	4103
7265	4185
7266	2106
7267	1208
7268	4012
7269	1995
7270	3936
7271	1359
7272	3349
7273	2027
7274	3967
7275	2346
7276	3591
7277	4374
7278	2199
7279	3778
7280	372
7281	2397
7282	3959
7283	2430
7284	901
7285	4220
7286	2381
7287	3371
7288	1164
7289	2953
7290	2376
7291	58
7292	3187
7293	4254
7294	2687
7295	4421
7296	187
7297	397
7298	574
7299	634
7300	1296
7301	772
7302	1534
7303	3226
7304	2588
7305	2931
7306	3434
7307	434
7308	851
7309	774
7310	972
7311	563
7312	2859
7313	74
7314	1362
7315	1133
7316	1891
7317	2993
7318	279
7319	740
7320	4382
7321	1495
7322	1904
7323	1763
7324	4194
7325	82
7326	2018
7327	473
7328	3740
7329	3812
7330	4444
7331	2350
7332	4309
7333	4302
7334	147
7335	2193
7336	3568
7337	3331
7338	3886
7339	1389
7340	1873
7341	3572
7342	2865
7343	914
7344	3589
7345	3257
7346	3800
7347	4318
7348	4309
7349	3138
7350	2825
7351	2440
7352	2762
7353	748
7354	4289
7355	2751
7356	3433
7357	691
7358	3153
7359	3988
7360	348
7361	3466
7362	3614
7363	4245
7364	2691
7365	2355
7366	2714
7367	858
7368	75
7369	12
7370	2338
7371	3674
7372	2031
7373	4
7374	798
7375	1286
7376	2313
7377	4198
7378	3734
7379	3713
7380	4353
7381	1734
7382	2300
7383	2143
7384	3246
7385	3929
7386	786
7387	1054
7388	3923
7389	2093
7390	3980
7391	2943
7392	1288
7393	1495
7394	489
7395	1673
7396	147
7397	1802
7398	1197
7399	2741
7400	406
7401	3639
7402	1864
7403	1043
7404	2406
7405	3852
7406	3106
7407	3216
7408	3364
7409	2353
7410	480
7411	3237
7412	295
7413	3466
7414	653
7415	1187
7416	3745
7417	2205
7418	20
7419	379
7420	4132
7421	3754
7422	1322
7423	2287
7424	1041
7425	3125
7426	3608
7427	3787
7428	1705
7429	602
7430	4437
7431	4452
7432	3325
7433	2865
7434	374
7435	2509
7436	1656
7437	1189
7438	1417
7439	8
7440	4091
7441	1133
7442	3298
7443	463
7444	2541
7445	1838
7446	477
7447	765
7448	3710
7449	961
7450	1046
7451	3805
7452	1789
7453	1821
7454	1899
7455	4107
7456	2184
7457	452
7458	835
7459	890
7460	1373
7461	2806
7462	4043
7463	2041
7464	1646
7465	3854
7466	4064
7467	1300
7468	2877
7469	4395
7470	2985
7471	4223
7472	345
7473	1372
7474	3272
7475	2451
7476	3441
7477	2491
7478	804
7479	3692
7480	1578
7481	1190
7482	487
7483	3204
7484	2639
7485	965
7486	475
7487	2090
7488	3103
7489	2317
7490	591
7491	1276
7492	77
7493	927
7494	593
7495	1760
7496	1820
7497	1591
7498	3037
7499	3935
7500	1959
7501	3451
7502	3455
7503	4451
7504	4473
7505	1055
7506	194
7507	3519
7508	2702
7509	1947
7510	267
7511	4048
7512	4036
7513	2186
7514	3985
7515	3887
7516	4321
7517	4392
7518	4026
7519	1565
7520	2903
7521	2613
7522	148
7523	3886
7524	517
7525	2616
7526	582
7527	1527
7528	2986
7529	3663
7530	4010
7531	140
7532	3818
7533	2274
7534	4058
7535	2934
7536	3815
7537	791
7538	4210
7539	2737
7540	3527
7541	3121
7542	2628
7543	332
7544	2573
7545	1167
7546	1776
7547	1579
7548	553
7549	4272
7550	3651
7551	696
7552	1351
7553	1008
7554	2581
7555	3275
7556	3013
7557	4051
7558	2129
7559	2452
7560	823
7561	713
7562	2160
7563	1642
7564	2126
7565	4359
7566	3063
7567	4453
7568	2831
7569	4231
7570	4284
7571	1786
7572	1490
7573	1440
7574	3988
7575	3631
7576	2296
7577	3488
7578	547
7579	768
7580	4089
7581	1431
7582	3830
7583	1568
7584	328
7585	4194
7586	4193
7587	3890
7588	1941
7589	3940
7590	492
7591	991
7592	909
7593	2999
7594	532
7595	610
7596	3298
7597	4220
7598	455
7599	214
7600	1435
7601	817
7602	200
7603	2064
7604	850
7605	3805
7606	4228
7607	2358
7608	2531
7609	3422
7610	2950
7611	1893
7612	2274
7613	892
7614	691
7615	4029
7616	766
7617	1341
7618	2566
7619	2045
7620	3608
7621	2454
7622	1944
7623	4357
7624	1063
7625	983
7626	2747
7627	3331
7628	225
7629	3003
7630	482
7631	4224
7632	345
7633	2194
7634	2002
7635	2640
7636	3068
7637	3473
7638	1748
7639	14
7640	284
7641	1658
7642	4108
7643	909
7644	510
7645	4247
7646	4290
7647	2779
7648	1190
7649	1676
7650	715
7651	2798
7652	1371
7653	2226
7654	1850
7655	3081
7656	3297
7657	3231
7658	1049
7659	4301
7660	1377
7661	3092
7662	52
7663	2435
7664	1532
7665	1140
7666	1231
7667	1231
7668	166
7669	3085
7670	1109
7671	4343
7672	1836
7673	1413
7674	3511
7675	815
7676	3948
7677	1385
7678	4119
7679	3179
7680	4
7681	667
7682	2456
7683	873
7684	194
7685	277
7686	4019
7687	835
7688	2673
7689	192
7690	3962
7691	3374
7692	2869
7693	2213
7694	695
7695	3073
7696	798
7697	3960
7698	2974
7699	834
7700	3092
7701	2709
7702	1677
7703	796
7704	2636
7705	3397
7706	833
7707	1936
7708	4287
7709	2207
7710	56
7711	3811
7712	987
7713	2942
7714	1559
7715	750
7716	819
7717	3193
7718	3968
7719	2048
7720	538
7721	2196
7722	3752
7723	4091
7724	2868
7725	939
7726	301
7727	487
7728	3052
7729	3003
7730	532
7731	1991
7732	1151
7733	1758
7734	2431
7735	3411
7736	423
7737	2192
7738	2152
7739	3931
7740	2711
7741	4203
7742	4008
7743	4198
7744	2137
7745	1024
7746	330
7747	3113
7748	922
7749	2662
7750	693
7751	3559
7752	124
7753	3854
7754	1668
7755	1592
7756	2862
7757	2482
7758	3122
7759	3732
7760	20
7761	138
7762	2402
7763	4484
7764	1538
7765	263
7766	907
7767	785
7768	3645
7769	2763
7770	1273
7771	3653
7772	1200
7773	1701
7774	4208
7775	4245
7776	2405
7777	4190
7778	517
7779	4325
7780	305
7781	596
7782	42
7783	2065
7784	1543
7785	1193
7786	616
7787	525
7788	1809
7789	1162
7790	1769
7791	4022
7792	3602
7793	4332
7794	663
7795	1540
7796	3032
7797	971
7798	1080
7799	584
7800	135
7801	158
7802	1814
7803	106
7804	2137
7805	2632
7806	2605
7807	4340
7808	130
7809	939
7810	641
7811	3010
7812	2047
7813	2119
7814	2263
7815	3375
7816	3480
7817	4367
7818	2775
7819	3826
7820	3957
7821	3853
7822	1695
7823	3693
7824	2124
7825	2779
7826	2546
7827	1440
7828	4212
7829	4130
7830	59
7831	3086
7832	4430
7833	1875
7834	2
7835	4354
7836	420
7837	3957
7838	4241
7839	1217
7840	3353
7841	160
7842	1754
7843	2555
7844	2632
7845	1160
7846	2276
7847	2833
7848	3952
7849	3001
7850	455
7851	3669
7852	3125
7853	1669
7854	3701
7855	379
7856	1819
7857	1937
7858	4390
7859	1972
7860	1590
7861	87
7862	1601
7863	3556
7864	4197
7865	4131
7866	2950
7867	4028
7868	128
7869	338
7870	2883
7871	2269
7872	3718
7873	47
7874	2934
7875	1899
7876	4377
7877	3370
7878	1120
7879	2449
7880	4081
7881	3157
7882	672
7883	3273
7884	1499
7885	3504
7886	1702
7887	1142
7888	369
7889	1789
7890	2832
7891	373
7892	2003
7893	2295
7894	299
7895	3509
7896	653
7897	293
7898	196
7899	547
7900	4371
7901	2452
7902	4055
7903	2850
7904	1427
7905	985
7906	2986
7907	3469
7908	2561
7909	3277
7910	2394
7911	2821
7912	272
7913	2139
7914	576
7915	3574
7916	998
7917	4100
7918	2914
7919	604
7920	240
7921	4405
7922	690
7923	3561
7924	1912
7925	888
7926	3478
7927	614
7928	3887
7929	967
7930	1811
7931	562
7932	1905
7933	3832
7934	1700
7935	4320
7936	829
7937	287
7938	2893
7939	1673
7940	2965
7941	2579
7942	684
7943	4167
7944	1202
7945	2320
7946	2105
7947	3043
7948	2701
7949	809
7950	1481
7951	767
7952	2858
7953	414
7954	596
7955	730
7956	1990
7957	2862
7958	1924
7959	1533
7960	2991
7961	1354
7962	878
7963	538
7964	1865
7965	1875
7966	4081
7967	4459
7968	2007
7969	247
7970	1684
7971	2560
7972	2511
7973	3680
7974	1416
7975	2478
7976	1747
7977	2352
7978	1239
7979	4328
7980	1061
7981	2743
7982	1865
7983	2560
7984	2981
7985	2076
7986	3335
7987	4051
7988	47
7989	2940
7990	2400
7991	555
7992	2710
7993	2816
7994	3520
7995	1030
7996	1016
7997	293
7998	2829
7999	557
8000	4489
8001	2647
8002	743
8003	2149
8004	1551
8005	4215
8006	1171
8007	923
8008	440
8009	2768
8010	1118
8011	4093
8012	2231
8013	1351
8014	1379
8015	3752
8016	2994
8017	4362
8018	3746
8019	4445
8020	3405
8021	2249
8022	332
8023	865
8024	1395
8025	841
8026	149
8027	2404
8028	4170
8029	446
8030	1795
8031	2356
8032	193
8033	3217
8034	2426
8035	4259
8036	4157
8037	2156
8038	2547
8039	4193
8040	4178
8041	4178
8042	1998
8043	1833
8044	2464
8045	2673
8046	141
8047	1368
8048	2034
8049	2505
8050	1400
8051	887
8052	140
8053	3340
8054	399
8055	492
8056	2226
8057	1171
8058	2404
8059	2555
8060	1864
8061	1891
8062	1820
8063	673
8064	84
8065	723
8066	4362
8067	3267
8068	614
8069	1843
8070	1363
8071	290
8072	2424
8073	3713
8074	711
8075	1375
8076	2034
8077	1982
8078	2886
8079	1671
8080	351
8081	2985
8082	723
8083	2463
8084	1825
8085	326
8086	2875
8087	2971
8088	1568
8089	159
8090	4055
8091	1563
8092	4265
8093	581
8094	2232
8095	781
8096	3837
8097	319
8098	1038
8099	69
8100	434
8101	4215
8102	2704
8103	1314
8104	4113
8105	3701
8106	4493
8107	1896
8108	2281
8109	394
8110	1357
8111	2524
8112	2909
8113	2499
8114	881
8115	1531
8116	3527
8117	2628
8118	2386
8119	4375
8120	4131
8121	2221
8122	1339
8123	524
8124	3306
8125	1084
8126	3539
8127	307
8128	4500
8129	3237
8130	3567
8131	3628
8132	2879
8133	4358
8134	3033
8135	2821
8136	3565
8137	4227
8138	3772
8139	10
8140	3682
8141	1524
8142	204
8143	3664
8144	2206
8145	1178
8146	720
8147	1874
8148	2485
8149	2841
8150	1841
8151	2871
8152	4325
8153	424
8154	1416
8155	2766
8156	4181
8157	804
8158	3224
8159	3399
8160	1497
8161	3749
8162	2386
8163	2204
8164	4042
8165	1724
8166	2105
8167	329
8168	3202
8169	460
8170	935
8171	394
8172	2451
8173	951
8174	2702
8175	782
8176	4438
8177	4142
8178	2989
8179	1394
8180	924
8181	3409
8182	4345
8183	3433
8184	1818
8185	3037
8186	18
8187	3064
8188	2334
8189	705
8190	3226
8191	3837
8192	1583
8193	3225
8194	1903
8195	3816
8196	1357
8197	1212
8198	1417
8199	1882
8200	4212
8201	2152
8202	1477
8203	3729
8204	1073
8205	2587
8206	1689
8207	3380
8208	4121
8209	1998
8210	4109
8211	2992
8212	3059
8213	971
8214	2288
8215	790
8216	19
8217	4341
8218	4407
8219	1852
8220	2291
8221	1047
8222	3706
8223	3511
8224	2692
8225	3184
8226	356
8227	2912
8228	2186
8229	2685
8230	1038
8231	101
8232	1536
8233	2423
8234	1467
8235	77
8236	2902
8237	2206
8238	2360
8239	2271
8240	933
8241	1636
8242	1518
8243	1101
8244	3680
8245	1978
8246	3716
8247	2242
8248	3601
8249	4465
8250	255
8251	2055
8252	859
8253	1422
8254	2913
8255	1285
8256	1949
8257	3381
8258	2620
8259	2054
8260	305
8261	1694
8262	264
8263	2564
8264	217
8265	2060
8266	65
8267	2108
8268	3959
8269	167
8270	3889
8271	669
8272	1682
8273	2905
8274	185
8275	2737
8276	1588
8277	3372
8278	1012
8279	4490
8280	4335
8281	3382
8282	3545
8283	2642
8284	2432
8285	3187
8286	3135
8287	2130
8288	1451
8289	3656
8290	2095
8291	3628
8292	4259
8293	1736
8294	3669
8295	1907
8296	3059
8297	3333
8298	3077
8299	1255
8300	1472
8301	3539
8302	2594
8303	2511
8304	4495
8305	2421
8306	4088
8307	2266
8308	1787
8309	1990
8310	4454
8311	503
8312	3992
8313	1122
8314	856
8315	3937
8316	3714
8317	4241
8318	3873
8319	998
8320	2260
8321	1158
8322	4078
8323	4481
8324	2974
8325	4375
8326	3133
8327	3358
8328	2921
8329	2597
8330	3075
8331	3176
8332	861
8333	2763
8334	3654
8335	3035
8336	4421
8337	1926
8338	794
8339	4465
8340	98
8341	335
8342	3463
8343	921
8344	3013
8345	2666
8346	116
8347	3626
8348	679
8349	1467
8350	2214
8351	306
8352	4287
8353	1838
8354	3409
8355	2301
8356	1640
8357	810
8358	503
8359	2300
8360	445
8361	4132
8362	184
8363	1549
8364	2190
8365	987
8366	1854
8367	754
8368	3252
8369	4029
8370	287
8371	2017
8372	2594
8373	707
8374	1974
8375	1099
8376	4186
8377	1975
8378	1229
8379	1611
8380	329
8381	4345
8382	813
8383	4355
8384	3040
8385	1675
8386	1874
8387	505
8388	1177
8389	1807
8390	2535
8391	608
8392	647
8393	1344
8394	2851
8395	4484
8396	1975
8397	3224
8398	1173
8399	3358
8400	3652
8401	1030
8402	3344
8403	2103
8404	3267
8405	1191
8406	1019
8407	2546
8408	31
8409	4495
8410	2400
8411	862
8412	1507
8413	1034
8414	1741
8415	3268
8416	74
8417	2592
8418	1176
8419	912
8420	910
8421	741
8422	2131
8423	319
8424	4450
8425	281
8426	1912
8427	2438
8428	2923
8429	3498
8430	2334
8431	2360
8432	2260
8433	3706
8434	681
8435	3157
8436	4126
8437	801
8438	2895
8439	670
8440	2392
8441	2108
8442	167
8443	1222
8444	3347
8445	2319
8446	4405
8447	474
8448	3519
8449	830
8450	89
8451	1626
8452	240
8453	4460
8454	3603
8455	1017
8456	1618
8457	2167
8458	3330
8459	4088
8460	3021
8461	1925
8462	510
8463	245
8464	2715
8465	3365
8466	2125
8467	506
8468	171
8469	265
8470	633
8471	2476
8472	2328
8473	811
8474	177
8475	2531
8476	2880
8477	4076
8478	3535
8479	3012
8480	227
8481	2939
8482	304
8483	3337
8484	371
8485	3077
8486	2332
8487	1618
8488	1232
8489	2771
8490	4048
8491	687
8492	2800
8493	1344
8494	781
8495	3936
8496	3697
8497	1896
8498	837
8499	3133
8500	3672
8501	1513
8502	3946
8503	1248
8504	1026
8505	1120
8506	2909
8507	4061
8508	3829
8509	1930
8510	1640
8511	3941
8512	2973
8513	3310
8514	1668
8515	1060
8516	3918
8517	2687
8518	1897
8519	2321
8520	831
8521	3150
8522	4138
8523	1146
8524	3211
8525	774
8526	4479
8527	1687
8528	506
8529	925
8530	4368
8531	3783
8532	3184
8533	1843
8534	695
8535	2691
8536	1452
8537	4061
8538	2769
8539	454
8540	3381
8541	3102
8542	1934
8543	474
8544	3931
8545	2504
8546	1395
8547	1516
8548	3146
8549	417
8550	2918
8551	4189
8552	737
8553	801
8554	1778
8555	861
8556	4397
8557	3160
8558	4066
8559	2755
8560	2700
8561	3217
8562	652
8563	466
8564	3390
8565	341
8566	4473
8567	365
8568	1579
8569	2319
8570	3336
8571	2677
8572	3524
8573	239
8574	403
8575	4226
8576	2880
8577	1146
8578	2450
8579	242
8580	1593
8581	679
8582	4420
8583	1966
8584	3464
8585	3437
8586	3686
8587	581
8588	2048
8589	403
8590	4305
8591	598
8592	913
8593	349
8594	2550
8595	3798
8596	2658
8597	4223
8598	913
8599	3482
8600	2205
8601	2715
8602	3901
8603	1441
8604	813
8605	1721
8606	1476
8607	1464
8608	1582
8609	1671
8610	2743
8611	441
8612	4062
8613	3181
8614	401
8615	3514
8616	3458
8617	699
8618	3375
8619	3160
8620	3750
8621	4066
8622	4085
8623	2895
8624	1386
8625	918
8626	2919
8627	299
8628	3225
8629	1536
8630	955
8631	1093
8632	1883
8633	2596
8634	2037
8635	1253
8636	1702
8637	742
8638	1949
8639	2424
8640	1925
8641	84
8642	3252
8643	1177
8644	2605
8645	3094
8646	160
8647	1557
8648	71
8649	19
8650	295
8651	1529
8652	4262
8653	3158
8654	3023
8655	1830
8656	4402
8657	1835
8658	3094
8659	1083
8660	3877
8661	4085
8662	3392
8663	1808
8664	4082
8665	2924
8666	1601
8667	2913
8668	4260
8669	2777
8670	4454
8671	1064
8672	3140
8673	3001
8674	4401
8675	3916
8676	4181
8677	3502
8678	4135
8679	2812
8680	3070
8681	1801
8682	638
8683	1072
8684	359
8685	2965
8686	647
8687	3029
8688	2083
8689	3131
8690	213
8691	3794
8692	2255
8693	1926
8694	1661
8695	3382
8696	3339
8697	1249
8698	2788
8699	4154
8700	608
8701	2276
8702	316
8703	1216
8704	4291
8705	2099
8706	3002
8707	3389
8708	3697
8709	1861
8710	3211
8711	3342
8712	3389
8713	383
8714	3033
8715	2620
8716	1982
8717	2326
8718	4240
8719	726
8720	2724
8721	1016
8722	2527
8723	3207
8724	3783
8725	1248
8726	3341
8727	3006
8728	4208
8729	1661
8730	3490
8731	3392
8732	2013
8733	1693
8734	2804
8735	3986
8736	1760
8737	837
8738	3270
8739	137
8740	1839
8741	3901
8742	2997
8743	2516
8744	3387
8745	1390
8746	1688
8747	3743
8748	794
8749	514
8750	1381
8751	2733
8752	2883
8753	3741
8754	316
8755	3379
8756	3070
8757	2475
8758	113
8759	4185
8760	4053
8761	3186
8762	573
8763	3326
8764	4251
8765	3216
8766	1544
8767	2550
8768	2473
8769	4031
8770	2867
8771	3798
8772	4247
8773	2520
8774	3830
8775	2592
8776	3912
8777	3826
8778	2079
8779	1253
8780	4186
8781	3760
8782	1660
8783	171
8784	3652
8785	116
8786	101
8787	4214
8788	3272
8789	505
8790	1744
8791	3766
8792	2041
8793	3006
8794	1031
8795	3636
8796	3194
8797	1563
8798	4236
8799	1513
8800	1223
8801	3458
8802	1047
8803	2939
8804	912
8805	4154
8806	2798
8807	3682
8808	2385
8809	2013
8810	2419
8811	2135
8812	4373
8813	53
8814	43
8815	2935
8816	662
8817	3771
8818	935
8819	4402
8820	1010
8821	3530
8822	304
8823	2364
8824	2507
8825	3056
8826	184
8827	2784
8828	3899
8829	1801
8830	27
8831	1516
8832	1405
8833	2077
8834	3969
8835	2564
8836	420
8837	756
8838	1194
8839	2301
8840	662
8841	1721
8842	1593
8843	829
8844	389
8845	424
8846	765
8847	4430
8848	3056
8849	2935
8850	942
8851	4252
8852	3899
8853	3131
8854	4450
8855	670
8856	3376
8857	893
8858	1861
8859	3437
8860	4224
8861	2638
8862	557
8863	605
8864	977
8865	3843
8866	389
8867	867
8868	3912
8869	4007
8870	3790
8871	942
8872	3417
8873	205
8874	3339
8875	3916
8876	1398
8877	383
8878	3194
8879	3766
8880	3403
8881	3387
8882	406
8883	78
8884	205
8885	1729
8886	40
8887	1650
8888	1381
8889	573
8890	485
8891	1151
8892	3186
8893	4213
8894	1660
8895	756
8896	2010
8897	3341
8898	3851
8899	2398
8900	2522
8901	4433
8902	1155
8903	867
8904	665
8905	3969
8906	3301
8907	696
8908	310
8909	1064
8910	2724
8911	2777
8912	1239
8913	2060
8914	3350
8915	2113
8916	4440
8917	881
8918	1693
8919	2001
8920	2291
8921	2658
8922	1598
8923	219
8924	1818
8925	2093
8926	2606
8927	2398
8928	4010
8929	1650
8930	3582
8931	2489
8932	4038
8933	4145
8934	3593
8935	720
8936	1808
8937	4098
8938	4098
8939	1744
8940	3010
8941	1903
8942	3137
8943	78
8944	1077
8945	52
8946	349
8947	3135
8948	2030
8949	4236
8950	1458
8951	910
8952	3915
8953	4038
8954	652
8955	3514
8956	2584
8957	3524
8958	2698
8959	508
8960	2135
8961	310
8962	4031
8963	4451
8964	3915
8965	882
8966	1733
8967	2621
8968	2017
8969	2574
8970	2030
8971	4479
8972	2385
8973	1249
8974	2007
8975	3172
8976	1698
8977	1240
8978	4301
8979	2079
8980	4069
8981	1883
8982	2113
8983	4007
8984	3172
8985	2525
8986	43
8987	3600
8988	3406
8989	193
8990	3305
8991	3376
8992	213
8993	711
8994	2144
8995	3535
8996	3023
8997	3403
8998	758
8999	2144
9000	758
