Students	3000
1	372 84 14 282
2	40 590 701 860
3	652 640 513 632
4	352 868 451 382
5	520 254 328 583
6	503 158 133 304
7	573 406 490 669
8	921 947 662 351
9	97 332 413 678
10	863 450 208 726
11	193 700 611 53
12	952 94 135 854
13	224 411 544 40
14	872 726 747 680
15	643 714 583 224
16	249 554 220 860
17	645 987 682 29
18	149 703 414 836
19	773 400 516 503
20	835 329 506 951
21	548 144 498 425
22	360 416 739 239
23	437 106 333 358
24	360 749 914 483
25	981 625 483 790
26	915 67 638 444
27	726 485 203 895
28	671 67 768 921
29	633 380 608 787
30	524 749 928 436
31	65 889 584 339
32	4 598 449 895
33	33 425 198 803
34	211 193 602 531
35	336 709 682 459
36	531 178 532 801
37	443 84 990 503
38	634 936 857 679
39	419 358 391 208
40	225 949 525 968
41	984 958 544 165
42	806 551 133 829
43	845 867 43 45
44	281 754 585 716
45	765 198 462 927
46	571 830 670 311
47	430 292 518 682
48	542 649 851 840
49	85 905 100 288
50	428 72 335 376
51	87 387 540 255
52	678 315 264 328
53	947 760 713 499
54	547 864 713 355
55	203 261 226 141
56	76 371 1 365
57	462 195 238 681
58	85 8 739 82
59	250 965 201 917
60	656 881 920 899
61	697 131 813 138
62	476 348 532 538
63	223 844 206 117
64	551 616 467 428
65	76 976 926 938
66	551 921 824 271
67	758 486 379 294
68	405 992 641 846
69	786 791 136 134
70	532 506 48 317
71	929 624 383 633
72	945 460 885 802
73	607 226 370 255
74	673 96 552 353
75	624 469 141 988
76	73 160 378 335
77	306 103 895 710
78	221 444 653 285
79	626 386 306 218
80	292 816 809 729
81	76 968 23 917
82	717 181 917 121
83	910 62 320 307
84	959 115 783 996
85	855 624 603 406
86	953 239 461 694
87	561 441 46 981
88	598 738 920 505
89	847 817 154 2
90	217 833 923 895
91	297 771 442 40
92	558 415 943 553
93	840 521 764 428
94	739 499 54 340
95	782 305 18 882
96	526 643 312 906
97	130 518 109 930
98	463 960 90 605
99	193 489 74 941
100	665 938 192 597
101	157 206 217 767
102	557 796 339 472
103	752 696 952 6
104	403 754 821 521
105	175 838 822 674
106	297 204 647 819
107	174 823 781 656
108	131 443 568 605
109	531 620 446 628
110	212 322 688 78
111	246 317 467 272
112	343 893 238 590
113	398 373 543 538
114	657 895 234 417
115	981 453 915 351
116	975 716 418 717
117	39 686 347 681
118	180 271 841 56
119	66 919 706 98
120	974 117 925 842
121	928 767 265 5
122	353 983 631 381
123	562 35 742 522
124	358 823 643 769
125	315 416 945 628
126	942 438 79 758
127	45 162 570 493
128	290 704 319 841
129	77 835 367 145
130	578 434 3 220
131	671 130 398 505
132	932 956 91 69
133	915 182 581 583
134	306 547 166 420
135	854 743 24 98
136	108 988 834 334
137	246 104 955 97
138	668 607 167 525
139	514 673 173 172
140	35 378 591 445
141	373 645 39 771
142	215 796 564 958
143	117 326 986 667
144	642 538 660 103
145	746 259 416 106
146	587 99 376 143
147	944 475 632 319
148	261 964 135 30
149	425 845 146 45
150	552 128 417 662
151	315 748 304 488
152	687 189 946 824
153	49 1 677 643
154	663 564 123 497
155	711 264 68 249
156	894 844 703 309
157	911 950 320 715
158	417 723 799 250
159	4 10 311 250
160	922 418 893 422
161	966 811 671 75
162	54 4 466 517
163	262 752 784 40
164	696 640 233 920
165	851 169 577 196
166	411 215 735 813
167	821 558 459 844
168	818 567 227 440
169	252 133 512 410
170	453 36 371 715
171	590 251 709 12
172	567 799 233 706
173	200 320 493 972
174	394 127 496 135
175	798 348 538 611
176	669 415 579 905
177	130 459 871 609
178	537 623 577 876
179	631 313 846 879
180	565 530 544 525
181	775 560 632 379
182	240 34 658 889
183	477 187 982 528
184	229 598 247 197
185	247 828 67 959
186	647 791 477 887
187	723 907 52 96
188	788 832 739 306
189	861 779 916 697
190	74 949 429 221
191	325 878 747 843
192	464 378 863 430
193	558 234 361 21
194	209 804 519 193
195	601 635 648 897
196	622 122 671 871
197	991 146 467 71
198	500 421 753 199
199	946 630 279 637
200	919 253 451 830
201	624 443 956 632
202	397 325 631 378
203	451 483 365 521
204	851 965 669 999
205	401 325 396 731
206	322 872 675 657
207	598 264 61 843
208	196 925 376 615
209	850 723 206 485
210	530 39 160 379
211	520 601 119 136
212	131 393 872 250
213	665 842 53 48
214	243 644 483 901
215	511 707 242 197
216	48 106 693 887
217	140 985 532 769
218	706 254 835 829
219	760 625 117 949
220	324 329 209 45
221	999 117 232 889
222	62 272 114 809
223	501 261 848 630
224	583 677 388 20
225	482 827 544 381
226	181 975 244 23
227	43 30 800 7
228	200 607 529 493
229	748 660 840 799
230	853 486 331 803
231	392 165 74 610
232	85 694 12 61
233	952 995 871 196
234	975 952 336 25
235	411 22 112 195
236	1 85 367 476
237	543 915 510 498
238	636 423 175 196
239	734 938 163 914
240	945 741 213 619
241	654 755 194 908
242	234 189 442 387
243	886 461 606 918
244	363 365 864 492
245	636 278 683 191
246	35 574 173 426
247	319 13 361 352
248	206 130 660 779
249	80 667 997 943
250	807 447 312 14
251	323 320 880 983
252	111 598 319 743
253	914 766 644 194
254	422 949 833 666
255	7 148 457 922
256	222 449 861 503
257	393 279 510 927
258	583 196 671 646
259	826 185 843 163
260	410 901 903 981
261	81 850 9 383
262	55 958 895 306
263	344 126 404 917
264	933 959 381 41
265	141 226 371 230
266	55 561 803 474
267	200 277 316 960
268	780 857 997 614
269	525 946 176 954
270	696 530 858 828
271	482 244 523 465
272	246 338 943 848
273	895 237 490 70
274	621 722 644 385
275	963 527 464 53
276	477 629 693 554
277	352 69 231 995
278	227 939 272 546
279	908 81 789 15
280	36 271 938 501
281	313 557 618 688
282	130 301 901 332
283	411 168 562 947
284	734 152 929 329
285	105 145 812 390
286	746 859 308 735
287	463 54 696 262
288	259 391 819 124
289	128 278 130 87
290	162 215 686 340
291	221 379 588 301
292	370 943 770 648
293	483 425 518 656
294	147 86 630 165
295	259 212 17 675
296	62 894 811 566
297	76 508 839 547
298	501 179 631 121
299	447 151 456 259
300	993 334 737 909
301	723 289 239 840
302	281 812 339 98
303	304 511 688 519
304	11 560 681 867
305	34 455 623 617
306	793 390 100 981
307	256 654 158 264
308	868 540 757 57
309	241 982 223 876
310	497 469 541 186
311	558 651 798 844
312	639 203 131 862
313	190 826 732 714
314	379 649 672 648
315	391 443 410 285
316	458 231 142 325
317	85 404 832 45
318	907 37 781 55
319	369 707 162 300
320	846 849 861 538
321	267 226 450 379
322	936 805 689 954
323	452 780 997 338
324	892 175 966 985
325	79 870 827 654
326	669 716 556 128
327	223 950 782 504
328	666 326 228 25
329	673 386 67 353
330	347 268 209 550
331	2 319 468 751
332	167 81 216 961
333	873 490 37 420
334	601 373 176 489
335	554 720 784 957
336	366 121 41 389
337	462 130 790 723
338	630 734 912 583
339	358 398 219 782
340	132 136 228 757
341	503 284 874 81
342	639 316 893 936
343	690 448 333 414
344	103 336 34 339
345	555 81 198 83
346	215 590 564 576
347	8 209 648 604
348	789 150 817 55
349	908 599 338 236
350	554 448 329 814
351	369 109 648 602
352	479 142 260 836
353	179 929 424 167
354	734 949 40 346
355	870 665 662 885
356	727 446 565 469
357	911 359 14 902
358	442 310 710 141
359	354 624 631 793
360	489 232 913 116
361	8 773 585 462
362	837 808 385 455
363	870 458 56 470
364	204 10 800 954
365	147 616 551 295
366	484 485 395 514
367	615 697 616 716
368	363 788 73 618
369	509 19 941 284
370	518 841 441 700
371	363 807 253 654
372	380 388 737 389
373	456 929 134 339
374	477 898 211 300
375	601 724 319 804
376	441 882 330 5
377	354 302 834 473
378	320 512 132 877
379	396 901 561 182
380	847 304 801 229
381	52 442 385 631
382	484 82 616 89
383	394 334 885 118
384	747 644 40 931
385	281 163 722 968
386	662 587 113 699
387	6 844 112 327
388	278 145 769 213
389	442 595 668 138
390	738 466 588 124
391	91 172 985 745
392	655 344 996 807
393	722 89 468 726
394	104 612 916 781
395	339 948 98 979
396	362 288 472 270
397	82 589 979 7
398	649 86 404 529
399	264 503 787 672
400	488 103 480 417
401	187 825 471 346
402	14 310 343 492
403	531 292 846 554
404	488 1000 908 598
405	123 721 53 677
406	504 470 644 508
407	593 947 211 256
408	921 52 792 690
409	9 657 954 723
410	327 57 896 688
411	855 227 984 173
412	921 315 768 905
413	836 497 195 889
414	76 784 396 821
415	850 399 427 930
416	469 137 139 792
417	148 501 379 3
418	601 305 972 623
419	123 792 804 255
420	726 731 470 39
421	391 538 617 334
422	691 469 666 50
423	834 573 206 307
424	974 341 939 927
425	57 236 839 551
426	221 54 596 191
427	268 996 725 757
428	950 592 854 581
429	939 962 999 569
430	675 181 558 443
431	741 647 620 181
432	600 843 38 339
433	120 777 918 436
434	213 883 190 997
435	628 463 346 557
436	552 642 39 890
437	525 765 779 702
438	674 524 756 836
439	473 529 578 920
440	828 595 326 23
441	149 378 524 942
442	198 22 878 762
443	416 941 606 481
444	591 253 940 105
445	302 686 656 349
446	358 97 775 168
447	399 237 729 752
448	957 826 276 651
449	457 684 200 595
450	973 982 824 562
451	882 176 537 480
452	161 830 941 607
453	576 54 827 356
454	7 326 514 65
455	42 886 193 450
456	609 975 884 192
457	985 10 400 207
458	218 228 106 390
459	666 641 112 441
460	595 896 231 435
461	158 139 436 792
462	465 613 574 16
463	225 796 651 907
464	738 546 524 747
465	9 370 246 448
466	833 415 624 567
467	845 642 698 156
468	402 343 302 161
469	535 475 753 718
470	986 268 882 624
471	143 208 284 110
472	644 391 213 90
473	905 734 246 423
474	408 661 547 464
475	167 273 600 921
476	477 371 105 723
477	358 678 570 214
478	446 761 87 448
479	886 112 49 4
480	483 919 781 417
481	481 30 501 787
482	313 380 791 76
483	982 743 205 292
484	53 590 365 710
485	746 258 326 185
486	449 759 243 916
487	896 696 816 753
488	797 726 460 798
489	376 380 866 863
490	928 164 33 914
491	359 568 225 480
492	912 812 558 611
493	906 450 434 793
494	471 279 825 878
495	898 840 897 530
496	162 372 838 29
497	78 600 289 494
498	212 763 735 900
499	115 534 889 347
500	4 49 516 572
501	783 426 499 835
502	792 758 930 634
503	583 92 899 58
504	308 441 51 710
505	805 980 683 93
506	816 865 600 737
507	23 108 300 384
508	928 888 776 754
509	289 86 770 218
510	754 411 100 356
511	819 929 590 727
512	896 200 426 118
513	580 387 824 265
514	390 243 775 231
515	979 558 204 746
516	952 768 118 310
517	820 620 366 488
518	764 968 572 848
519	781 617 10 378
520	637 21 721 47
521	951 371 858 739
522	559 971 946 853
523	358 764 771 88
524	536 640 721 835
525	19 811 287 86
526	156 764 774 199
527	757 196 139 398
528	492 246 942 620
529	925 179 17 812
530	790 487 285 764
531	228 101 970 965
532	896 491 744 356
533	12 994 333 215
534	538 636 237 388
535	774 202 24 755
536	355 737 548 582
537	139 269 364 840
538	79 316 831 579
539	221 771 333 77
540	346 785 819 360
541	131 232 295 94
542	441 604 91 337
543	335 728 806 551
544	671 324 850 171
545	757 284 55 366
546	189 831 718 758
547	727 859 247 807
548	56 987 620 624
549	227 909 87 766
550	839 634 903 768
551	334 130 572 473
552	676 123 41 626
553	2 616 378 935
554	553 724 616 150
555	695 569 665 2
556	167 610 354 862
557	436 92 205 538
558	409 494 315 688
559	310 463 343 350
560	76 924 769 148
561	765 748 190 24
562	476 657 939 50
563	796 199 885 821
564	733 720 190 524
565	926 933 499 453
566	319 863 543 80
567	778 796 187 840
568	601 116 410 406
569	876 147 460 941
570	937 74 249 778
571	263 542 71 363
572	189 342 449 273
573	443 965 823 733
574	331 320 120 480
575	153 246 789 745
576	226 101 631 24
577	464 839 827 392
578	518 826 657 4
579	758 937 1000 155
580	39 265 248 425
581	204 200 476 777
582	71 737 900 788
583	441 50 764 873
584	324 760 909 261
585	328 547 688 793
586	480 946 360 294
587	783 392 322 43
588	748 768 919 104
589	913 437 229 112
590	921 755 252 178
591	887 455 725 714
592	83 593 292 847
593	257 563 591 310
594	235 355 745 22
595	698 861 565 265
596	802 813 237 378
597	503 334 224 151
598	193 361 209 628
599	480 3 364 526
600	334 581 227 60
601	310 648 774 952
602	355 911 686 147
603	821 167 403 193
604	427 185 977 896
605	95 761 257 248
606	95 30 43 569
607	791 709 22 362
608	288 238 959 536
609	583 454 312 215
610	612 287 541 343
611	142 60 675 258
612	470 95 273 505
613	682 907 939 549
614	977 957 792 135
615	669 634 281 513
616	677 382 990 317
617	934 956 412 772
618	557 180 326 8
619	121 926 654 543
620	934 734 308 353
621	37 670 231 153
622	359 872 227 535
623	280 353 43 884
624	817 109 113 646
625	200 411 325 721
626	129 350 594 621
627	95 642 76 556
628	680 295 809 991
629	340 810 865 65
630	256 934 755 40
631	998 815 628 786
632	72 472 498 988
633	363 335 392 878
634	808 996 499 975
635	777 70 420 681
636	787 939 865 952
637	35 373 139 460
638	272 206 767 71
639	640 105 362 667
640	232 372 363 798
641	209 1000 719 625
642	792 960 549 763
643	348 700 940 800
644	68 226 556 324
645	398 881 594 735
646	997 219 932 917
647	545 588 177 255
648	298 148 696 523
649	950 946 974 802
650	718 266 556 34
651	660 936 953 595
652	256 503 905 813
653	340 801 66 874
654	171 105 921 553
655	14 963 717 638
656	183 388 548 348
657	317 20 826 160
658	414 490 277 9
659	20 526 884 336
660	744 641 786 924
661	771 625 603 149
662	830 84 77 579
663	696 441 763 814
664	427 401 171 634
665	427 499 855 187
666	457 239 763 86
667	639 558 457 550
668	352 281 813 111
669	107 878 858 139
670	989 564 263 638
671	359 232 862 155
672	74 87 323 355
673	308 965 501 147
674	781 265 267 355
675	82 251 39 558
676	418 27 187 220
677	70 170 40 733
678	702 347 717 923
679	358 14 309 633
680	26 786 527 580
681	330 261 264 65
682	725 186 295 744
683	164 993 657 255
684	930 981 944 621
685	410 146 581 222
686	75 762 158 325
687	559 869 391 475
688	507 585 590 42
689	801 436 518 266
690	904 244 694 777
691	708 628 138 754
692	450 176 858 143
693	675 208 308 190
694	759 921 308 562
695	303 158 521 455
696	596 102 338 68
697	803 627 546 59
698	309 691 520 863
699	702 122 95 24
700	739 920 934 708
701	793 335 106 904
702	78 591 890 199
703	321 148 362 557
704	781 683 287 7
705	844 764 786 200
706	173 75 531 179
707	95 628 965 695
708	844 963 889 688
709	418 794 381 976
710	245 24 248 509
711	42 640 383 37
712	201 658 552 639
713	529 402 142 891
714	164 716 550 640
715	244 808 710 513
716	138 975 110 481
717	552 225 832 824
718	161 210 75 685
719	793 104 346 407
720	113 164 499 50
721	752 188 833 814
722	409 883 185 478
723	496 905 699 969
724	823 844 620 816
725	933 608 10 404
726	293 86 754 907
727	399 817 205 820
728	51 44 624 482
729	906 447 296 703
730	853 146 420 909
731	423 69 270 572
732	384 284 509 273
733	690 602 192 743
734	136 179 817 740
735	670 501 948 372
736	201 300 184 660
737	617 409 648 943
738	450 440 561 408
739	194 438 458 297
740	502 269 377 534
741	778 769 42 741
742	755 192 9 397
743	290 974 848 808
744	481 618 59 80
745	486 550 184 717
746	681 300 52 67
747	601 473 409 682
748	926 776 245 848
749	667 179 588 770
750	912 34 476 340
751	597 294 654 142
752	828 460 351 785
753	368 580 439 172
754	915 802 648 570
755	219 48 961 93
756	801 347 467 225
757	812 884 985 552
758	273 784 555 726
759	753 913 197 689
760	188 223 224 99
761	655 543 294 139
762	87 688 458 245
763	216 789 910 645
764	950 968 123 851
765	392 784 590 826
766	198 107 688 214
767	820 337 930 1
768	720 960 485 844
769	84 553 633 869
770	220 187 347 731
771	309 176 442 281
772	619 762 409 224
773	812 357 830 295
774	610 601 941 603
775	220 785 886 218
776	705 172 394 528
777	569 666 55 320
778	276 22 202 731
779	364 887 246 519
780	172 2 502 515
781	479 786 374 366
782	451 595 639 832
783	93 353 570 327
784	654 165 225 997
785	547 366 132 468
786	834 114 561 369
787	133 908 805 352
788	250 937 430 650
789	348 945 111 165
790	218 881 617 816
791	52 183 270 835
792	138 472 53 75
793	342 193 720 161
794	111 473 106 643
795	648 886 358 811
796	882 936 411 614
797	735 779 416 349
798	78 887 581 640
799	828 137 297 344
800	810 843 290 660
801	57 992 820 1
802	798 783 521 473
803	750 247 41 686
804	55 449 201 482
805	902 559 230 190
806	69 802 82 589
807	313 474 650 546
808	146 301 450 806
809	476 295 492 769
810	249 180 208 852
811	266 555 701 913
812	240 283 912 667
813	911 511 434 458
814	883 129 606 541
815	499 26 608 122
816	382 766 659 271
817	491 329 317 878
818	484 713 373 589
819	329 638 888 111
820	378 696 830 893
821	244 328 21 575
822	727 185 276 191
823	803 388 745 49
824	170 739 398 37
825	548 158 909 366
826	532 9 970 155
827	348 959 523 790
828	817 804 715 392
829	700 63 580 567
830	772 47 665 636
831	298 603 876 828
832	432 564 991 308
833	610 445 982 922
834	608 620 11 121
835	113 744 739 714
836	714 810 94 823
837	52 896 566 295
838	676 432 228 799
839	329 854 420 107
840	920 743 324 475
841	144 352 466 448
842	617 564 738 698
843	553 364 403 920
844	389 544 41 412
845	983 283 885 467
846	698 22 838 206
847	33 664 697 229
848	996 828 308 556
849	621 67 170 653
850	494 558 159 874
851	635 470 806 909
852	134 823 937 815
853	784 983 266 944
854	890 730 949 608
855	242 90 651 177
856	100 374 576 609
857	42 453 503 188
858	873 441 447 648
859	907 383 38 483
860	985 124 737 206
861	326 465 947 826
862	867 407 856 950
863	289 431 490 441
864	442 460 920 620
865	983 332 737 812
866	588 295 702 858
867	186 235 531 751
868	946 80 203 87
869	800 190 152 825
870	665 492 582 190
871	207 935 759 284
872	393 276 969 356
873	652 902 331 96
874	511 742 579 116
875	892 373 280 795
876	175 282 642 316
877	726 279 876 419
878	181 101 870 466
879	822 10 341 929
880	78 278 599 698
881	474 772 794 155
882	215 953 274 331
883	526 500 244 492
884	620 908 627 866
885	734 53 462 298
886	690 56 792 105
887	238 440 875 148
888	692 404 590 945
889	692 134 610 926
890	976 830 377 332
891	791 90 419 2
892	619 661 199 798
893	610 954 489 590
894	946 366 472 990
895	220 104 109 762
896	4 866 11 591
897	490 562 709 473
898	600 890 87 97
899	857 540 81 406
900	954 527 75 965
901	117 348 450 374
902	371 631 417 762
903	972 701 670 558
904	582 999 852 67
905	131 939 985 832
906	585 338 293 64
907	275 585 721 16
908	860 850 320 930
909	81 705 745 976
910	816 905 967 381
911	804 976 768 109
912	220 680 388 973
913	616 13 370 886
914	122 831 14 57
915	30 467 137 840
916	495 219 32 614
917	249 652 457 557
918	411 491 358 528
919	201 951 323 3
920	70 818 789 260
921	367 82 959 778
922	412 432 705 294
923	245 353 216 704
924	364 676 499 163
925	416 417 445 476
926	996 178 892 356
927	779 660 12 993
928	986 399 457 908
929	426 310 681 364
930	833 257 925 5
931	19 510 883 539
932	204 739 345 537
933	320 141 228 945
934	631 424 729 90
935	645 892 750 542
936	568 611 613 554
937	668 170 27 191
938	427 313 870 140
939	924 735 730 325
940	819 739 178 325
941	811 574 171 469
942	692 975 785 974
943	640 426 95 292
944	423 525 615 546
945	514 322 519 220
946	32 268 676 632
947	535 823 200 379
948	981 206 280 783
949	651 478 567 46
950	428 249 64 987
951	286 74 933 123
952	847 515 362 848
953	775 54 872 883
954	984 134 27 197
955	564 175 221 675
956	209 362 78 380
957	442 477 285 811
958	237 209 372 825
959	486 939 989 375
960	238 359 485 968
961	797 752 630 213
962	295 900 43 478
963	817 408 293 824
964	897 397 796 974
965	984 712 193 656
966	892 855 145 788
967	349 10 898 695
968	717 619 211 796
969	908 151 956 249
970	390 113 202 68
971	82 753 942 857
972	480 619 403 494
973	334 925 911 129
974	21 752 616 959
975	476 674 509 501
976	960 349 602 941
977	464 930 454 585
978	175 865 182 72
979	199 118 265 657
980	773 266 989 458
981	291 129 701 614
982	778 769 806 36
983	537 305 907 246
984	771 180 729 79
985	335 296 631 981
986	783 961 169 17
987	390 491 230 356
988	503 637 819 98
989	822 31 401 357
990	890 614 297 87
991	251 293 678 407
992	391 992 91 76
993	492 136 805 234
994	272 489 853 726
995	271 124 19 65
996	11 185 800 720
997	748 407 122 603
998	319 374 198 987
999	726 928 993 998
1000	113 455 479 290
1001	93 167 838 626
1002	672 459 513 122
1003	479 651 46 812
1004	305 513 978 442
1005	70 103 993 746
1006	72 245 551 689
1007	265 150 523 786
1008	503 923 867 677
1009	163 230 113 991
1010	782 890 800 438
1011	881 470 917 229
1012	587 687 632 796
1013	359 34 1 423
1014	618 107 126 503
1015	607 693 58 575
1016	867 302 328 24
1017	330 128 844 962
1018	838 997 176 687
1019	460 788 336 557
1020	279 779 634 717
1021	452 974 398 54
1022	427 448 119 878
1023	82 159 331 54
1024	452 387 464 807
1025	103 494 222 915
1026	539 976 493 880
1027	377 836 470 466
1028	27 126 581 400
1029	954 635 205 312
1030	112 135 242 188
1031	201 489 551 712
1032	891 173 865 183
1033	214 200 886 108
1034	939 886 215 506
1035	707 727 278 191
1036	203 818 194 548
1037	27 523 282 48
1038	693 533 701 23
1039	168 346 143 320
1040	376 637 76 608
1041	493 792 235 502
1042	701 131 785 757
1043	357 491 286 480
1044	388 903 489 994
1045	89 497 145 467
1046	470 580 479 823
1047	912 193 478 83
1048	499 590 586 813
1049	471 62 784 218
1050	35 642 14 647
1051	757 330 869 349
1052	821 216 675 232
1053	652 461 824 1000
1054	552 109 959 499
1055	595 105 733 321
1056	446 364 45 571
1057	100 29 73 88
1058	18 373 83 84
1059	605 744 764 1000
1060	550 67 65 878
1061	622 360 881 724
1062	324 332 974 317
1063	138 960 756 933
1064	337 344 842 226
1065	751 467 820 465
1066	870 519 686 793
1067	69 519 844 853
1068	989 154 880 823
1069	498 354 378 650
1070	781 669 448 401
1071	653 82 91 420
1072	877 521 900 389
1073	289 14 404 761
1074	621 517 705 143
1075	811 908 276 456
1076	52 261 238 517
1077	154 74 260 696
1078	721 874 28 520
1079	49 316 969 321
1080	260 996 468 961
1081	482 582 912 221
1082	509 296 685 32
1083	443 991 254 325
1084	989 357 173 70
1085	910 683 428 128
1086	456 880 896 655
1087	382 509 687 317
1088	296 576 15 820
1089	159 152 614 856
1090	546 5 79 357
1091	19 699 346 852
1092	431 883 525 151
1093	890 39 745 611
1094	359 49 587 993
1095	609 696 57 575
1096	496 378 254 566
1097	892 910 633 239
1098	183 402 763 160
1099	185 797 164 716
1100	655 313 218 198
1101	164 421 485 379
1102	764 310 309 844
1103	256 499 416 844
1104	643 959 785 808
1105	719 210 297 667
1106	570 368 290 943
1107	481 314 846 272
1108	575 475 409 414
1109	170 353 725 10
1110	717 692 271 990
1111	492 231 708 766
1112	324 467 883 509
1113	404 866 692 188
1114	913 86 410 669
1115	319 944 856 432
1116	948 150 18 79
1117	933 997 174 325
1118	68 753 508 950
1119	115 201 127 950
1120	944 305 899 876
1121	722 283 903 981
1122	435 346 332 926
1123	103 892 602 533
1124	315 436 143 651
1125	558 636 953 891
1126	418 406 717 682
1127	953 736 831 264
1128	711 822 802 307
1129	293 913 442 616
1130	427 508 254 782
1131	25 685 368 696
1132	152 381 842 175
1133	511 739 805 639
1134	404 634 591 203
1135	166 403 222 877
1136	83 518 338 881
1137	442 549 376 658
1138	901 604 630 800
1139	9 436 63 170
1140	755 391 807 489
1141	190 103 251 841
1142	599 161 634 962
1143	939 287 537 207
1144	269 334 906 594
1145	948 639 154 338
1146	81 709 742 324
1147	65 285 165 336
1148	901 407 731 277
1149	582 194 762 207
1150	657 642 181 230
1151	391 513 584 812
1152	78 613 16 712
1153	286 37 465 39
1154	698 812 439 353
1155	981 209 675 852
1156	817 614 650 371
1157	893 450 997 976
1158	752 278 525 571
1159	961 864 206 87
1160	834 52 314 259
1161	945 450 976 564
1162	59 876 343 21
1163	714 779 791 51
1164	233 309 215 418
1165	12 736 173 301
1166	715 697 158 249
1167	57 323 428 24
1168	602 261 70 204
1169	133 716 159 780
1170	293 738 256 386
1171	13 726 992 243
1172	911 463 23 413
1173	641 588 316 539
1174	955 267 124 547
1175	51 507 345 739
1176	925 394 474 561
1177	837 713 506 1000
1178	380 690 723 889
1179	891 898 940 291
1180	30 703 13 898
1181	270 727 915 133
1182	39 955 703 33
1183	249 838 88 265
1184	652 589 928 960
1185	604 135 822 717
1186	623 771 619 766
1187	137 410 249 328
1188	713 748 977 737
1189	307 359 340 331
1190	679 191 510 243
1191	563 794 32 310
1192	774 533 401 757
1193	657 447 379 445
1194	757 324 394 113
1195	776 106 753 692
1196	814 235 371 679
1197	801 930 360 260
1198	601 237 526 262
1199	387 710 741 501
1200	797 663 328 177
1201	847 546 441 147
1202	212 303 507 122
1203	997 841 752 593
1204	480 412 931 211
1205	244 804 287 846
1206	812 558 551 728
1207	191 663 151 592
1208	115 491 559 991
1209	926 606 643 771
1210	16 833 529 971
1211	20 77 758 988
1212	981 221 585 188
1213	953 402 230 80
1214	769 700 583 737
1215	311 908 493 141
1216	920 557 866 234
1217	662 611 742 372
1218	840 527 423 871
1219	444 294 221 195
1220	307 252 170 752
1221	534 263 956 135
1222	930 165 624 161
1223	450 391 447 170
1224	120 514 490 451
1225	286 92 223 346
1226	691 56 503 781
1227	532 727 742 715
1228	43 79 446 39
1229	930 563 872 825
1230	210 800 416 880
1231	390 823 50 292
1232	780 842 250 981
1233	761 538 275 246
1234	753 467 559 276
1235	959 904 282 788
1236	999 476 914 164
1237	551 566 618 916
1238	828 180 590 417
1239	405 821 823 809
1240	585 685 694 780
1241	396 15 626 710
1242	863 766 673 82
1243	525 514 855 164
1244	127 8 933 1
1245	987 518 772 787
1246	45 502 758 488
1247	882 620 650 287
1248	818 328 805 268
1249	280 463 743 974
1250	138 245 198 763
1251	313 82 207 603
1252	192 507 635 237
1253	797 484 169 932
1254	302 480 16 962
1255	655 841 893 98
1256	364 792 760 728
1257	61 196 898 495
1258	248 69 418 77
1259	813 968 984 588
1260	722 920 151 221
1261	888 626 332 812
1262	249 743 380 730
1263	536 838 237 444
1264	222 64 231 725
1265	543 84 589 159
1266	829 612 385 485
1267	497 179 897 776
1268	726 42 622 90
1269	971 422 520 561
1270	170 239 650 982
1271	563 106 786 341
1272	53 451 748 66
1273	626 931 836 598
1274	542 53 425 322
1275	353 491 361 654
1276	676 622 528 689
1277	600 325 885 28
1278	304 143 189 400
1279	449 248 887 86
1280	231 572 602 798
1281	72 546 828 98
1282	280 718 831 131
1283	881 402 131 930
1284	268 354 801 765
1285	294 367 245 680
1286	557 764 145 755
1287	739 23 197 696
1288	925 468 812 736
1289	609 1000 443 606
1290	11 686 222 658
1291	36 387 427 145
1292	443 242 255 961
1293	243 200 970 837
1294	108 967 578 418
1295	175 948 487 809
1296	697 348 626 29
1297	857 576 126 334
1298	777 138 81 997
1299	639 979 46 1
1300	183 849 803 75
1301	89 83 477 772
1302	418 583 32 281
1303	769 974 687 572
1304	116 461 88 262
1305	594 919 635 465
1306	329 969 968 409
1307	736 161 953 919
1308	578 916 981 128
1309	296 306 848 144
1310	122 339 21 583
1311	80 723 661 993
1312	896 600 147 590
1313	857 862 141 451
1314	908 148 915 291
1315	419 575 881 317
1316	657 873 277 694
1317	600 558 50 289
1318	322 780 943 154
1319	200 795 235 266
1320	55 729 818 408
1321	364 458 202 408
1322	673 333 486 813
1323	601 53 397 110
1324	490 713 751 36
1325	41 738 276 848
1326	776 701 926 567
1327	947 641 946 574
1328	585 245 900 62
1329	776 692 97 120
1330	272 245 21 704
1331	254 954 968 931
1332	66 764 464 506
1333	73 702 898 259
1334	476 582 87 693
1335	767 502 43 857
1336	154 365 734 84
1337	290 393 16 123
1338	59 287 552 713
1339	597 830 519 581
1340	431 819 202 754
1341	265 455 528 574
1342	124 527 732 176
1343	835 912 219 59
1344	314 148 520 471
1345	63 834 624 403
1346	452 927 897 217
1347	741 896 966 194
1348	602 163 7 198
1349	76 289 701 149
1350	3 201 970 313
1351	877 271 583 345
1352	740 632 683 500
1353	969 520 483 179
1354	938 322 429 497
1355	302 827 251 632
1356	749 967 4 297
1357	214 349 662 659
1358	742 282 258 843
1359	184 985 374 791
1360	983 618 789 569
1361	186 673 838 295
1362	226 713 17 169
1363	453 363 354 592
1364	145 565 26 103
1365	79 157 777 976
1366	474 911 371 152
1367	343 664 904 47
1368	240 572 512 582
1369	114 907 262 698
1370	33 55 652 283
1371	952 236 805 950
1372	385 115 551 593
1373	787 566 44 387
1374	889 640 299 381
1375	172 902 250 469
1376	653 153 150 364
1377	135 591 673 523
1378	34 419 239 570
1379	610 912 170 815
1380	380 128 428 297
1381	275 655 230 664
1382	683 396 566 949
1383	360 106 177 233
1384	614 882 195 618
1385	687 409 210 275
1386	432 633 70 362
1387	732 646 39 816
1388	615 383 908 703
1389	990 77 114 477
1390	902 938 479 986
1391	319 904 805 910
1392	605 428 454 905
1393	191 605 468 598
1394	695 685 470 662
1395	999 361 997 98
1396	176 724 480 945
1397	658 334 344 678
1398	328 800 170 739
1399	614 505 23 42
1400	29 215 174 290
1401	426 603 157 925
1402	379 124 882 321
1403	834 76 557 53
1404	227 999 290 636
1405	504 412 813 857
1406	894 346 487 349
1407	279 545 70 652
1408	541 970 314 937
1409	248 795 106 373
1410	743 572 734 140
1411	705 208 788 203
1412	252 623 892 347
1413	900 233 780 35
1414	209 12 383 389
1415	773 966 525 858
1416	616 189 249 802
1417	907 582 661 602
1418	693 389 789 689
1419	802 158 254 893
1420	873 49 344 294
1421	183 846 435 467
1422	566 722 845 290
1423	467 200 307 694
1424	508 638 66 521
1425	704 546 262 791
1426	448 530 187 710
1427	279 450 183 805
1428	186 543 510 162
1429	404 728 346 392
1430	458 807 880 50
1431	966 924 228 732
1432	6 755 678 267
1433	615 871 847 687
1434	203 359 16 134
1435	73 773 689 412
1436	996 280 144 492
1437	494 212 772 237
1438	565 304 908 835
1439	411 652 902 532
1440	2 573 523 166
1441	189 262 705 697
1442	550 854 844 207
1443	175 386 606 125
1444	385 483 792 448
1445	694 531 518 223
1446	743 684 563 270
1447	848 571 643 110
1448	183 695 795 31
1449	632 728 443 631
1450	160 481 918 583
1451	224 6 556 711
1452	654 852 482 160
1453	426 965 126 867
1454	516 507 408 947
1455	162 107 820 926
1456	351 821 716 937
1457	590 722 544 582
1458	215 250 516 870
1459	906 684 733 474
1460	149 815 698 151
1461	107 606 923 869
1462	574 501 58 639
1463	78 737 196 892
1464	876 322 337 128
1465	119 157 19 455
1466	92 443 965 132
1467	681 166 912 714
1468	464 54 134 341
1469	401 238 410 907
1470	772 568 213 716
1471	728 530 732 901
1472	776 366 379 751
1473	345 770 662 643
1474	806 523 816 851
1475	320 254 177 952
1476	522 856 747 142
1477	418 825 505 814
1478	137 210 100 272
1479	290 938 368 372
1480	924 102 603 923
1481	323 363 403 338
1482	701 711 678 842
1483	758 641 881 419
1484	37 746 577 131
1485	345 117 130 658
1486	373 891 829 462
1487	182 313 277 314
1488	888 380 226 639
1489	577 400 255 1
1490	902 745 219 630
1491	768 742 314 325
1492	850 935 866 797
1493	33 865 643 214
1494	379 819 156 537
1495	330 676 87 418
1496	896 539 859 995
1497	840 465 362 459
1498	13 312 818 781
1499	945 15 610 389
1500	654 55 957 886
1501	8 156 625 327
1502	259 650 153 96
1503	6 209 582 657
1504	430 732 490 261
1505	479 92 640 165
1506	575 658 381 688
1507	515 264 361 143
1508	586 710 479 814
1509	440 352 506 677
1510	349 626 299 39
1511	723 997 370 912
1512	956 307 996 275
1513	118 448 521 87
1514	777 872 822 319
1515	450 435 469 503
1516	203 313 316 669
1517	538 151 547 429
1518	734 632 467 727
1519	702 504 28 119
1520	270 740 699 669
1521	947 389 294 751
1522	915 345 697 419
1523	410 399 708 113
1524	343 736 859 294
1525	901 256 665 289
1526	783 685 336 852
1527	408 285 214 430
1528	986 621 440 435
1529	222 374 537 923
1530	115 905 498 671
1531	990 221 512 952
1532	353 253 53 951
1533	300 159 602 443
1534	175 340 698 512
1535	642 444 263 897
1536	643 180 712 315
1537	464 738 156 443
1538	800 132 117 309
1539	796 424 493 720
1540	205 284 716 66
1541	402 539 953 896
1542	939 533 186 996
1543	713 320 739 177
1544	950 877 305 527
1545	838 839 517 692
1546	420 343 956 695
1547	827 733 173 485
1548	988 448 651 561
1549	947 770 530 709
1550	994 339 911 769
1551	166 917 475 753
1552	648 535 2 321
1553	234 563 176 213
1554	927 755 209 346
1555	679 811 438 104
1556	278 405 44 260
1557	846 49 578 626
1558	689 163 502 174
1559	583 574 577 175
1560	514 525 802 868
1561	533 685 701 978
1562	510 326 800 928
1563	63 485 226 910
1564	889 8 641 887
1565	743 627 343 591
1566	853 856 65 331
1567	942 371 903 824
1568	985 505 183 984
1569	566 608 108 786
1570	81 768 475 694
1571	141 957 921 174
1572	500 250 217 134
1573	500 664 480 673
1574	849 250 547 751
1575	56 770 516 693
1576	914 203 897 179
1577	265 952 375 323
1578	20 239 567 889
1579	177 507 986 833
1580	662 516 825 324
1581	134 193 812 871
1582	124 630 12 152
1583	563 1000 606 684
1584	955 759 800 545
1585	506 513 566 353
1586	663 207 910 609
1587	5 180 308 988
1588	689 634 333 147
1589	693 692 941 323
1590	773 620 325 984
1591	993 678 391 935
1592	75 113 219 972
1593	142 88 48 561
1594	57 995 416 617
1595	815 964 766 667
1596	919 226 745 979
1597	569 778 198 407
1598	599 6 749 163
1599	400 164 481 651
1600	699 943 353 198
1601	725 652 311 540
1602	460 497 817 612
1603	751 955 532 368
1604	859 860 809 287
1605	761 509 449 234
1606	183 977 951 506
1607	55 167 225 973
1608	977 656 212 189
1609	427 410 876 414
1610	98 574 62 464
1611	831 13 579 865
1612	711 504 404 615
1613	570 803 242 38
1614	455 290 917 380
1615	709 69 526 347
1616	691 929 586 354
1617	646 209 809 622
1618	676 619 874 901
1619	680 404 924 780
1620	768 780 224 645
1621	243 464 806 961
1622	264 874 281 56
1623	927 510 623 932
1624	275 305 551 89
1625	803 809 331 329
1626	140 807 971 147
1627	578 927 90 431
1628	204 519 233 854
1629	54 328 397 731
1630	463 342 556 262
1631	978 693 358 509
1632	482 328 15 154
1633	836 521 23 992
1634	200 515 443 28
1635	330 36 288 448
1636	726 114 416 238
1637	328 17 488 737
1638	991 942 786 461
1639	801 935 407 425
1640	165 742 790 384
1641	877 708 129 570
1642	97 415 793 31
1643	446 448 825 657
1644	617 184 311 629
1645	906 813 314 992
1646	455 428 100 313
1647	533 960 983 46
1648	696 236 711 230
1649	632 651 462 872
1650	134 752 135 814
1651	140 736 234 732
1652	651 20 826 88
1653	552 137 256 501
1654	726 357 679 866
1655	101 423 517 236
1656	506 234 276 631
1657	939 272 399 559
1658	452 289 53 682
1659	651 412 623 123
1660	394 353 839 882
1661	800 146 579 513
1662	29 316 633 940
1663	388 174 808 352
1664	267 246 335 720
1665	30 228 481 281
1666	567 434 623 516
1667	367 2 754 746
1668	375 907 91 545
1669	743 947 15 176
1670	47 567 289 220
1671	458 765 145 257
1672	185 263 303 864
1673	974 863 106 467
1674	155 35 89 656
1675	281 604 338 947
1676	642 261 854 515
1677	266 913 696 80
1678	516 627 388 562
1679	350 688 908 861
1680	939 701 416 530
1681	818 526 825 253
1682	598 362 707 248
1683	249 438 55 233
1684	198 507 892 862
1685	216 623 929 197
1686	839 266 692 1000
1687	942 860 131 670
1688	735 406 519 487
1689	918 752 727 56
1690	774 753 242 544
1691	578 881 796 277
1692	807 214 203 590
1693	16 912 326 721
1694	190 434 499 963
1695	372 835 547 863
1696	3 196 888 844
1697	958 802 430 299
1698	612 445 628 654
1699	419 492 632 686
1700	694 189 46 22
1701	222 533 775 290
1702	632 616 579 199
1703	538 268 601 384
1704	206 466 587 409
1705	167 73 168 767
1706	891 75 290 266
1707	485 527 997 43
1708	608 537 759 777
1709	516 932 767 115
1710	731 108 1 902
1711	152 103 938 557
1712	295 336 865 892
1713	219 870 470 125
1714	803 361 626 818
1715	575 442 603 719
1716	771 527 852 811
1717	645 639 558 499
1718	182 723 390 554
1719	871 12 862 717
1720	280 852 85 432
1721	336 34 945 63
1722	757 454 143 618
1723	431 877 571 951
1724	213 758 894 59
1725	802 769 693 244
1726	934 419 79 966
1727	987 563 267 363
1728	437 741 683 958
1729	66 944 655 599
1730	950 470 762 440
1731	390 640 287 692
1732	969 120 684 144
1733	944 138 368 465
1734	316 357 684 30
1735	188 631 543 332
1736	641 208 672 887
1737	270 373 598 18
1738	184 697 776 59
1739	373 172 481 730
1740	675 61 199 678
1741	556 495 141 291
1742	675 882 575 678
1743	879 546 953 485
1744	330 297 173 644
1745	788 715 777 963
1746	441 973 974 254
1747	678 999 29 579
1748	23 655 840 641
1749	353 359 495 958
1750	12 929 769 547
1751	581 478 984 423
1752	593 290 488 525
1753	300 68 372 161
1754	703 749 420 762
1755	89 680 977 632
1756	610 969 450 338
1757	425 982 741 802
1758	121 359 731 854
1759	883 567 169 715
1760	896 666 200 384
1761	884 686 511 303
1762	545 322 395 694
1763	812 733 285 94
1764	662 229 630 451
1765	325 911 782 647
1766	739 714 577 968
1767	469 276 881 147
1768	927 103 816 655
1769	753 291 134 563
1770	956 738 999 904
1771	712 58 800 175
1772	128 291 830 654
1773	594 673 206 82
1774	190 906 198 208
1775	711 505 604 495
1776	76 38 440 206
1777	697 753 460 262
1778	940 885 913 816
1779	384 344 946 61
1780	670 912 729 328
1781	232 72 244 137
1782	44 323 787 325
1783	322 917 173 310
1784	41 273 985 526
1785	709 623 548 180
1786	350 249 821 211
1787	525 965 638 144
1788	13 315 401 849
1789	606 597 65 852
1790	267 870 280 210
1791	584 28 487 228
1792	66 136 417 743
1793	300 42 456 7
1794	487 854 989 465
1795	127 864 921 34
1796	190 567 764 956
1797	305 443 923 241
1798	389 428 205 301
1799	638 514 191 300
1800	306 685 532 972
1801	13 504 498 444
1802	952 871 513 751
1803	997 927 827 833
1804	155 246 818 711
1805	432 646 649 150
1806	163 241 440 192
1807	338 271 845 836
1808	818 472 780 498
1809	624 988 102 445
1810	249 408 716 694
1811	73 343 962 176
1812	279 917 163 525
1813	837 836 997 512
1814	237 734 387 964
1815	176 705 43 275
1816	687 354 606 293
1817	532 948 761 104
1818	644 976 214 982
1819	78 453 307 549
1820	229 904 305 787
1821	795 92 327 489
1822	327 248 48 704
1823	772 762 27 569
1824	776 851 842 357
1825	847 670 580 687
1826	775 124 135 435
1827	972 589 747 372
1828	714 864 249 554
1829	624 424 146 21
1830	390 207 519 747
1831	427 201 257 593
1832	608 563 625 400
1833	663 494 928 312
1834	520 759 8 38
1835	735 398 825 352
1836	627 662 871 838
1837	742 357 990 255
1838	308 209 385 119
1839	251 597 465 66
1840	875 126 355 349
1841	26 394 686 767
1842	616 635 798 417
1843	955 156 209 608
1844	48 51 583 968
1845	667 135 158 382
1846	573 542 537 681
1847	346 591 674 501
1848	73 236 185 195
1849	93 423 582 974
1850	533 521 617 283
1851	743 575 393 59
1852	639 642 779 536
1853	460 36 788 361
1854	470 628 888 492
1855	564 871 694 664
1856	778 203 547 661
1857	981 525 139 605
1858	102 545 581 331
1859	452 586 112 591
1860	913 686 564 423
1861	110 298 789 36
1862	275 889 508 872
1863	327 394 590 66
1864	32 573 216 214
1865	808 206 711 330
1866	396 210 338 95
1867	726 624 985 484
1868	882 153 271 412
1869	353 165 113 155
1870	948 545 659 668
1871	18 350 618 958
1872	375 294 403 899
1873	428 571 122 223
1874	368 590 748 257
1875	354 892 880 619
1876	582 606 265 880
1877	445 538 877 774
1878	834 829 254 237
1879	432 357 145 361
1880	999 930 391 512
1881	351 220 394 801
1882	735 201 230 918
1883	447 121 498 941
1884	983 387 529 65
1885	361 745 837 567
1886	866 136 211 631
1887	799 402 26 608
1888	526 428 197 602
1889	363 515 84 214
1890	628 46 264 324
1891	429 307 682 705
1892	769 593 536 432
1893	952 921 701 518
1894	774 594 229 486
1895	868 11 968 902
1896	923 942 780 804
1897	330 702 712 79
1898	483 337 556 550
1899	346 948 951 986
1900	506 361 905 602
1901	530 507 796 517
1902	795 559 468 121
1903	567 169 358 403
1904	47 198 273 6
1905	698 400 785 455
1906	697 392 359 637
1907	989 263 754 952
1908	684 945 345 378
1909	400 351 586 348
1910	391 542 642 347
1911	714 469 66 327
1912	305 913 761 848
1913	180 957 926 466
1914	531 211 465 692
1915	333 901 944 419
1916	137 107 381 344
1917	835 938 526 567
1918	466 53 19 480
1919	314 1 722 567
1920	961 770 81 53
1921	141 160 594 71
1922	768 222 342 441
1923	800 638 981 168
1924	344 291 371 550
1925	989 215 773 783
1926	591 880 837 56
1927	900 482 965 335
1928	562 436 173 87
1929	167 818 903 467
1930	629 708 940 739
1931	825 560 356 529
1932	111 116 297 776
1933	252 548 246 823
1934	732 287 620 765
1935	464 124 163 321
1936	989 138 453 656
1937	333 703 41 655
1938	437 406 661 540
1939	253 241 729 743
1940	126 658 854 884
1941	549 277 523 305
1942	978 641 916 81
1943	433 737 106 871
1944	651 282 728 533
1945	652 353 782 630
1946	537 785 977 822
1947	39 399 305 588
1948	897 33 314 744
1949	77 394 97 89
1950	781 961 939 104
1951	227 573 175 690
1952	292 630 143 213
1953	230 244 607 732
1954	973 498 222 968
1955	776 553 918 772
1956	569 791 683 249
1957	985 827 475 141
1958	189 902 619 109
1959	875 410 481 556
1960	936 522 665 907
1961	596 821 902 634
1962	417 510 30 107
1963	530 153 348 603
1964	122 594 638 909
1965	498 845 624 273
1966	595 652 565 300
1967	200 367 473 564
1968	463 657 602 365
1969	737 892 779 475
1970	848 402 948 908
1971	499 715 356 422
1972	437 716 749 523
1973	976 70 265 291
1974	480 263 442 273
1975	72 968 528 377
1976	303 913 657 28
1977	319 886 973 637
1978	491 349 697 335
1979	982 431 939 311
1980	758 822 489 443
1981	419 607 516 34
1982	665 910 251 688
1983	221 934 4 9
1984	773 726 15 594
1985	476 347 669 507
1986	278 596 858 169
1987	771 316 561 18
1988	564 530 913 916
1989	781 379 804 567
1990	567 22 639 128
1991	222 273 617 531
1992	522 970 446 511
1993	66 497 857 936
1994	699 656 618 247
1995	579 128 425 551
1996	469 818 986 527
1997	993 584 694 953
1998	614 420 243 469
1999	792 219 823 664
2000	689 582 587 505
2001	634 947 931 396
2002	709 817 54 317
2003	150 367 623 682
2004	631 943 536 116
2005	191 265 308 708
2006	874 758 930 636
2007	626 718 44 908
2008	612 871 335 489
2009	449 446 423 33
2010	679 860 482 636
2011	797 520 133 698
2012	706 282 838 616
2013	443 3 382 99
2014	565 917 936 820
2015	471 584 350 490
2016	250 48 536 528
2017	142 863 170 232
2018	107 471 136 669
2019	412 449 736 690
2020	700 437 240 246
2021	139 696 788 44
2022	687 514 156 830
2023	488 340 103 768
2024	281 628 708 647
2025	179 458 569 159
2026	969 161 459 503
2027	476 844 784 69
2028	457 413 157 293
2029	795 445 889 335
2030	6 339 447 691
2031	353 535 511 720
2032	490 119 702 501
2033	74 310 533 375
2034	192 68 815 235
2035	207 88 245 608
2036	337 683 33 466
2037	376 615 184 425
2038	614 632 939 485
2039	718 792 279 278
2040	686 403 516 6
2041	619 423 485 56
2042	42 141 815 945
2043	568 184 958 650
2044	314 943 121 797
2045	565 98 965 367
2046	621 482 674 793
2047	578 238 137 21
2048	342 398 937 765
2049	553 247 387 822
2050	197 306 124 654
2051	567 556 797 61
2052	439 654 210 656
2053	805 823 41 144
2054	480 881 906 287
2055	195 222 466 763
2056	295 525 165 62
2057	674 708 773 859
2058	474 954 632 66
2059	283 246 363 538
2060	936 420 49 398
2061	483 326 784 872
2062	961 78 409 380
2063	789 421 942 686
2064	510 144 628 812
2065	75 481 320 357
2066	220 905 550 567
2067	574 604 705 852
2068	650 707 740 386
2069	637 921 511 998
2070	944 877 287 753
2071	171 175 55 442
2072	530 72 250 911
2073	473 631 423 185
2074	222 955 619 978
2075	84 820 513 486
2076	803 373 248 524
2077	41 834 691 790
2078	293 841 394 466
2079	801 643 778 177
2080	619 757 702 542
2081	371 714 502 758
2082	826 389 434 253
2083	535 439 100 705
2084	99 434 786 254
2085	859 34 521 574
2086	47 439 912 340
2087	270 330 249 765
2088	323 862 477 737
2089	858 5 59 952
2090	492 531 84 463
2091	759 987 429 465
2092	987 976 951 480
2093	94 610 333 522
2094	353 1000 892 230
2095	95 410 830 466
2096	681 372 459 774
2097	11 490 990 369
2098	578 212 913 758
2099	123 987 458 457
2100	307 538 547 869
2101	205 525 171 820
2102	714 399 769 265
2103	84 487 530 774
2104	435 256 273 721
2105	504 543 632 77
2106	395 519 558 853
2107	395 198 2 895
2108	70 713 52 865
2109	745 995 632 76
2110	64 305 82 680
2111	742 661 47 807
2112	547 81 6 234
2113	524 679 520 171
2114	789 877 851 928
2115	874 711 554 482
2116	536 579 947 954
2117	463 834 216 516
2118	258 584 141 260
2119	785 775 950 937
2120	365 310 377 436
2121	771 202 30 254
2122	309 951 589 679
2123	164 651 933 646
2124	158 361 121 301
2125	134 875 497 876
2126	589 886 94 969
2127	297 200 906 253
2128	477 963 494 943
2129	227 22 192 369
2130	191 541 19 147
2131	823 682 207 861
2132	478 713 109 786
2133	376 815 695 7
2134	365 466 958 597
2135	1000 679 430 358
2136	767 137 716 529
2137	161 151 157 902
2138	656 960 552 814
2139	399 812 409 538
2140	460 111 699 932
2141	985 987 165 687
2142	56 750 137 932
2143	173 720 687 992
2144	149 900 108 943
2145	906 378 826 925
2146	31 406 196 467
2147	335 996 529 12
2148	758 860 362 226
2149	263 553 292 132
2150	507 130 900 942
2151	679 41 807 998
2152	502 37 992 367
2153	876 607 137 505
2154	178 814 213 332
2155	264 48 300 104
2156	436 215 56 342
2157	860 632 299 729
2158	714 509 338 486
2159	636 562 258 109
2160	295 164 107 15
2161	342 389 519 475
2162	743 706 497 979
2163	168 341 264 763
2164	624 110 851 746
2165	608 839 465 456
2166	671 72 293 39
2167	211 450 738 72
2168	397 706 850 384
2169	467 114 997 147
2170	725 523 179 499
2171	934 821 625 295
2172	613 9 926 211
2173	872 769 246 532
2174	781 805 758 938
2175	44 716 107 604
2176	587 241 129 642
2177	82 390 464 500
2178	855 946 949 439
2179	772 813 385 674
2180	900 362 397 710
2181	894 890 821 751
2182	333 250 646 799
2183	862 859 678 251
2184	698 303 666 734
2185	86 610 310 297
2186	708 607 25 130
2187	271 428 662 180
2188	497 218 647 369
2189	531 42 547 991
2190	657 540 346 78
2191	622 646 770 926
2192	732 225 466 566
2193	11 746 161 391
2194	327 135 848 987
2195	938 616 181 220
2196	608 899 692 325
2197	742 725 687 390
2198	59 716 73 489
2199	195 688 99 127
2200	407 799 875 586
2201	881 919 334 714
2202	156 558 274 206
2203	967 384 711 287
2204	638 191 536 5
2205	610 978 732 52
2206	14 308 821 955
2207	625 95 43 646
2208	197 554 901 371
2209	981 890 130 806
2210	226 11 153 232
2211	139 597 276 142
2212	241 290 997 387
2213	259 10 124 534
2214	829 837 958 922
2215	811 886 717 629
2216	179 952 886 369
2217	187 633 253 973
2218	192 432 472 447
2219	501 63 924 534
2220	393 516 74 709
2221	871 439 79 788
2222	291 71 819 153
2223	257 698 46 575
2224	516 382 181 227
2225	458 578 445 393
2226	39 555 280 714
2227	832 908 834 809
2228	88 816 421 182
2229	386 958 844 381
2230	911 795 514 725
2231	357 379 570 777
2232	224 210 163 65
2233	390 244 620 238
2234	663 642 620 188
2235	80 319 789 711
2236	784 698 67 889
2237	759 216 235 451
2238	789 267 311 493
2239	902 998 827 981
2240	66 275 210 454
2241	1 574 289 308
2242	844 341 38 499
2243	74 657 891 442
2244	999 3 591 472
2245	266 404 653 385
2246	94 709 9 62
2247	120 872 503 913
2248	231 636 208 149
2249	204 302 356 686
2250	200 471 296 595
2251	718 841 852 432
2252	698 702 567 920
2253	614 752 348 222
2254	108 640 499 461
2255	524 315 821 149
2256	444 330 671 275
2257	505 615 539 10
2258	570 770 665 282
2259	185 161 700 1
2260	762 347 858 870
2261	429 805 765 758
2262	975 222 424 462
2263	21 750 874 537
2264	949 448 42 360
2265	204 523 564 743
2266	417 991 545 504
2267	125 678 981 524
2268	228 455 199 656
2269	378 634 920 619
2270	171 226 380 935
2271	854 512 329 221
2272	634 965 184 528
2273	65 33 350 176
2274	8 878 881 897
2275	963 556 581 433
2276	926 910 204 770
2277	998 110 9 303
2278	14 130 175 737
2279	868 843 985 751
2280	803 827 534 346
2281	931 645 672 641
2282	861 510 880 138
2283	768 840 657 570
2284	9 859 303 226
2285	733 745 765 704
2286	677 855 634 638
2287	622 577 703 802
2288	89 786 440 840
2289	805 665 825 455
2290	964 538 536 572
2291	218 178 183 387
2292	878 613 102 347
2293	674 602 41 597
2294	228 613 459 779
2295	819 18 196 986
2296	11 497 174 166
2297	881 832 766 86
2298	255 790 446 627
2299	131 976 608 497
2300	1000 60 669 447
2301	518 762 144 607
2302	191 400 634 170
2303	574 507 179 257
2304	687 361 113 440
2305	42 764 251 39
2306	883 761 432 518
2307	95 505 129 68
2308	123 70 244 935
2309	216 873 394 140
2310	121 607 887 718
2311	18 185 389 424
2312	171 627 608 232
2313	300 718 456 967
2314	734 481 465 728
2315	664 443 78 567
2316	383 415 882 323
2317	844 252 438 793
2318	704 266 696 292
2319	727 441 961 253
2320	955 246 17 220
2321	710 168 590 501
2322	722 256 386 781
2323	651 358 915 352
2324	809 682 512 647
2325	173 58 781 738
2326	872 422 356 326
2327	488 559 672 670
2328	102 979 423 499
2329	226 698 991 308
2330	355 799 928 796
2331	987 634 348 611
2332	718 699 927 797
2333	445 32 79 574
2334	442 135 585 453
2335	891 46 549 564
2336	531 259 521 54
2337	26 713 218 867
2338	69 230 546 330
2339	680 342 51 147
2340	509 965 201 257
2341	864 304 646 153
2342	768 610 188 676
2343	262 166 337 678
2344	941 308 185 897
2345	785 466 621 470
2346	833 459 536 3
2347	337 543 507 513
2348	348 571 29 754
2349	285 764 724 881
2350	924 958 271 577
2351	422 149 330 115
2352	881 5 208 355
2353	410 899 913 947
2354	518 449 965 408
2355	787 545 458 998
2356	248 144 494 322
2357	614 502 967 988
2358	891 82 503 53
2359	777 604 70 920
2360	473 12 722 27
2361	732 805 213 610
2362	544 854 894 808
2363	268 590 471 949
2364	48 280 760 269
2365	417 813 683 277
2366	276 199 932 96
2367	243 620 405 281
2368	264 649 787 893
2369	654 803 96 919
2370	289 542 410 119
2371	714 486 115 954
2372	780 988 188 560
2373	230 267 305 834
2374	47 479 851 103
2375	505 51 409 810
2376	734 29 663 94
2377	251 629 114 379
2378	772 487 952 676
2379	605 688 255 365
2380	934 634 382 110
2381	85 348 597 225
2382	785 328 212 226
2383	101 506 673 435
2384	947 940 254 858
2385	339 246 320 150
2386	102 554 438 282
2387	916 308 954 672
2388	118 895 661 478
2389	734 160 110 655
2390	959 786 95 249
2391	847 521 450 378
2392	841 989 226 99
2393	990 269 267 883
2394	202 650 699 49
2395	638 572 493 222
2396	611 207 450 487
2397	86 694 362 605
2398	715 563 723 507
2399	84 420 168 744
2400	672 489 304 169
2401	508 207 8 281
2402	297 757 706 518
2403	385 224 2 784
2404	311 230 103 240
2405	348 169 268 437
2406	693 203 535 341
2407	267 377 807 193
2408	91 613 247 274
2409	363 19 573 880
2410	673 354 103 565
2411	579 362 208 472
2412	579 803 655 55
2413	373 934 305 479
2414	358 867 801 580
2415	379 165 636 220
2416	374 290 990 46
2417	582 490 443 553
2418	208 701 541 598
2419	725 219 784 501
2420	474 914 986 804
2421	719 437 908 75
2422	349 263 293 568
2423	681 89 817 532
2424	296 362 473 776
2425	91 921 507 239
2426	169 515 307 527
2427	258 388 833 302
2428	887 167 928 165
2429	911 763 616 111
2430	352 186 510 219
2431	290 626 371 15
2432	143 494 635 813
2433	527 636 8 389
2434	783 520 761 37
2435	479 988 961 477
2436	65 257 785 288
2437	408 237 448 515
2438	992 201 941 613
2439	94 241 3 808
2440	377 335 95 617
2441	994 807 981 643
2442	71 378 68 625
2443	72 264 482 111
2444	34 946 786 363
2445	785 591 21 227
2446	237 946 898 619
2447	496 903 299 970
2448	441 437 996 972
2449	280 90 673 221
2450	459 492 736 940
2451	701 139 228 919
2452	414 47 959 604
2453	614 201 902 146
2454	837 568 381 62
2455	488 790 778 242
2456	205 422 536 863
2457	36 588 459 542
2458	651 200 449 901
2459	189 203 470 753
2460	125 905 932 142
2461	557 891 708 540
2462	263 792 504 921
2463	565 688 310 414
2464	568 910 670 509
2465	408 616 739 568
2466	281 838 709 96
2467	784 637 462 946
2468	499 889 166 328
2469	162 798 428 443
2470	685 105 972 59
2471	961 575 403 783
2472	690 698 485 62
2473	623 796 324 359
2474	821 185 767 976
2475	998 593 83 16
2476	271 384 102 944
2477	870 808 505 511
2478	452 587 106 997
2479	721 907 841 210
2480	380 688 758 459
2481	38 960 820 368
2482	276 785 365 323
2483	537 499 113 202
2484	979 788 744 828
2485	728 60 132 857
2486	607 857 916 214
2487	111 79 198 280
2488	123 78 184 940
2489	141 373 485 942
2490	129 656 777 513
2491	806 818 600 362
2492	246 13 164 409
2493	306 9 309 365
2494	907 652 733 486
2495	850 599 708 52
2496	251 300 778 722
2497	15 770 88 556
2498	74 865 644 59
2499	502 742 855 712
2500	468 988 430 643
2501	326 562 119 958
2502	877 541 883 761
2503	679 433 998 912
2504	765 214 964 336
2505	753 711 248 268
2506	5 493 121 940
2507	788 328 559 910
2508	387 671 467 877
2509	494 782 758 362
2510	371 257 917 69
2511	765 53 190 18
2512	292 57 823 124
2513	330 754 763 892
2514	781 474 812 214
2515	541 578 477 996
2516	65 59 336 104
2517	38 648 793 824
2518	159 167 892 965
2519	432 676 860 852
2520	692 644 32 392
2521	442 941 429 400
2522	260 812 18 419
2523	193 958 287 671
2524	750 703 442 141
2525	462 393 162 311
2526	36 368 198 8
2527	723 188 363 360
2528	813 324 971 732
2529	784 102 847 42
2530	100 679 777 258
2531	650 861 29 430
2532	134 233 170 213
2533	994 906 412 684
2534	942 907 442 778
2535	302 267 23 197
2536	882 191 506 991
2537	306 475 715 689
2538	834 893 208 66
2539	788 506 659 36
2540	512 377 445 249
2541	689 677 336 606
2542	638 878 924 181
2543	190 681 560 45
2544	45 951 416 908
2545	145 115 904 706
2546	271 656 570 41
2547	785 220 852 328
2548	992 715 768 602
2549	900 890 812 218
2550	206 890 749 777
2551	839 114 135 556
2552	614 703 444 102
2553	794 281 228 789
2554	364 139 422 561
2555	547 126 508 624
2556	596 862 734 757
2557	946 735 895 602
2558	651 27 831 812
2559	392 810 622 100
2560	519 52 664 131
2561	275 359 192 861
2562	71 592 30 467
2563	826 61 426 872
2564	904 544 739 34
2565	148 842 666 427
2566	158 84 178 533
2567	211 610 373 771
2568	506 671 432 38
2569	491 656 555 560
2570	629 417 168 671
2571	508 985 689 715
2572	866 452 159 858
2573	975 715 42 924
2574	416 739 417 770
2575	415 712 620 188
2576	421 280 645 202
2577	106 872 259 296
2578	486 825 867 791
2579	942 763 753 88
2580	711 3 894 955
2581	342 896 279 633
2582	122 239 524 327
2583	648 540 806 258
2584	446 981 188 819
2585	557 831 611 450
2586	550 492 101 646
2587	990 897 516 245
2588	498 950 825 755
2589	474 876 950 661
2590	106 635 579 199
2591	542 976 502 85
2592	82 776 522 855
2593	893 188 183 325
2594	317 4 749 822
2595	20 880 227 175
2596	664 428 677 504
2597	835 237 901 963
2598	587 70 65 130
2599	364 449 441 518
2600	394 757 945 941
2601	925 631 940 378
2602	378 606 349 837
2603	338 657 745 910
2604	80 913 795 582
2605	630 532 672 148
2606	57 617 199 995
2607	361 401 131 849
2608	5 473 14 733
2609	194 72 89 220
2610	809 757 132 377
2611	566 705 649 236
2612	112 621 331 526
2613	363 410 895 290
2614	294 169 800 518
2615	288 602 573 155
2616	344 968 616 231
2617	256 323 145 877
2618	933 979 844 117
2619	460 219 688 291
2620	182 820 337 265
2621	972 474 161 278
2622	7 877 186 822
2623	642 833 584 782
2624	649 6 213 549
2625	784 761 733 834
2626	965 510 852 620
2627	661 917 87 559
2628	337 576 273 53
2629	23 376 870 168
2630	604 639 614 310
2631	68 441 202 474
2632	223 960 736 647
2633	984 484 594 337
2634	35 258 38 827
2635	902 960 196 762
2636	321 420 425 624
2637	474 655 535 63
2638	592 146 749 375
2639	475 243 704 649
2640	447 879 646 515
2641	827 451 331 472
2642	92 552 972 624
2643	147 476 986 142
2644	644 447 726 37
2645	502 809 80 15
2646	111 969 675 453
2647	330 300 710 317
2648	39 242 651 319
2649	601 114 367 507
2650	183 203 877 984
2651	170 207 896 641
2652	171 331 496 738
2653	905 109 594 439
2654	86 205 933 890
2655	651 61 894 143
2656	81 869 587 2
2657	280 36 634 12
2658	615 354 874 207
2659	82 766 526 474
2660	694 776 589 328
2661	555 649 65 552
2662	518 168 101 161
2663	189 355 783 157
2664	281 526 955 841
2665	201 1000 471 239
2666	490 637 17 724
2667	295 4 677 594
2668	28 887 445 539
2669	435 134 586 329
2670	397 635 403 905
2671	299 762 164 603
2672	9 692 623 464
2673	569 100 262 280
2674	128 133 607 1000
2675	431 996 238 560
2676	94 967 563 911
2677	729 907 536 481
2678	749 142 861 303
2679	7 836 582 438
2680	569 9 180 819
2681	268 330 284 487
2682	859 628 297 5
2683	663 133 423 288
2684	518 240 876 681
2685	486 714 226 951
2686	308 826 474 279
2687	766 696 435 974
2688	238 910 463 606
2689	497 152 281 670
2690	701 674 479 777
2691	13 837 856 204
2692	230 5 534 381
2693	345 709 526 427
2694	320 326 936 42
2695	402 483 171 163
2696	552 913 732 661
2697	715 559 264 553
2698	414 943 457 559
2699	77 383 1 293
2700	563 705 607 637
2701	833 197 959 379
2702	973 227 391 450
2703	754 173 79 29
2704	349 99 9 802
2705	410 120 30 14
2706	435 395 903 27
2707	700 329 437 534
2708	361 435 190 679
2709	723 609 774 115
2710	958 562 721 718
2711	504 259 182 740
2712	60 265 81 625
2713	177 521 904 582
2714	186 732 106 89
2715	88 74 493 239
2716	589 362 418 60
2717	960 225 480 351
2718	657 856 867 948
2719	701 794 721 831
2720	768 251 661 764
2721	617 86 205 710
2722	269 665 491 780
2723	861 14 714 780
2724	948 584 901 74
2725	659 130 370 810
2726	464 231 690 993
2727	469 300 745 68
2728	501 941 203 108
2729	550 795 933 314
2730	35 473 944 721
2731	556 825 686 215
2732	990 902 54 389
2733	660 907 498 331
2734	729 52 861 159
2735	417 35 289 453
2736	296 444 887 464
2737	47 279 182 88
2738	35 370 400 682
2739	58 343 708 305
2740	245 31 848 388
2741	156 572 646 1
2742	838 631 295 231
2743	232 129 657 880
2744	510 947 260 195
2745	778 318 772 77
2746	841 165 233 704
2747	482 575 804 426
2748	840 725 472 706
2749	887 246 754 814
2750	911 479 610 338
2751	967 81 305 936
2752	881 746 34 297
2753	172 311 603 35
2754	762 732 924 323
2755	994 311 592 880
2756	136 336 394 486
2757	396 62 320 333
2758	643 607 130 142
2759	520 114 807 336
2760	852 955 548 449
2761	899 250 237 36
2762	924 771 514 360
2763	70 854 493 93
2764	856 294 346 838
2765	860 818 286 890
2766	763 383 915 869
2767	805 907 439 515
2768	640 381 390 506
2769	165 669 198 868
2770	236 376 344 807
2771	706 361 796 215
2772	222 12 711 2
2773	974 856 882 793
2774	625 433 334 664
2775	111 172 846 857
2776	567 91 677 958
2777	328 89 495 689
2778	734 906 578 284
2779	54 302 59 610
2780	604 725 818 721
2781	416 696 950 54
2782	431 98 668 781
2783	157 612 307 75
2784	137 138 499 846
2785	321 451 870 454
2786	801 647 15 582
2787	17 526 371 738
2788	156 745 658 322
2789	369 890 241 144
2790	579 940 250 106
2791	338 730 112 225
2792	372 973 17 628
2793	404 32 266 614
2794	773 786 684 794
2795	267 443 950 943
2796	971 645 496 1000
2797	612 630 181 260
2798	640 797 639 509
2799	657 5 514 876
2800	904 31 727 508
2801	719 358 21 582
2802	416 178 720 513
2803	226 823 598 619
2804	232 873 905 814
2805	677 583 613 612
2806	469 894 332 532
2807	854 933 803 917
2808	312 991 381 723
2809	174 595 279 468
2810	785 416 32 632
2811	463 701 495 287
2812	868 284 706 887
2813	575 471 11 236
2814	937 499 506 907
2815	226 430 955 511
2816	221 213 70 282
2817	135 935 131 587
2818	962 705 254 207
2819	58 901 849 52
2820	218 106 313 585
2821	887 666 818 797
2822	631 301 403 635
2823	100 399 696 653
2824	850 965 666 438
2825	471 973 232 177
2826	33 480 915 388
2827	673 886 968 195
2828	825 996 271 610
2829	849 341 42 180
2830	324 135 510 212
2831	859 363 126 132
2832	136 221 982 213
2833	55 588 220 798
2834	140 281 588 862
2835	937 696 783 451
2836	500 552 848 601
2837	591 907 962 218
2838	933 554 457 245
2839	435 335 457 40
2840	351 538 78 34
2841	648 454 707 709
2842	798 515 332 100
2843	649 417 595 55
2844	4 883 69 547
2845	98 448 880 290
2846	999 118 49 770
2847	217 106 884 729
2848	961 884 111 875
2849	660 769 772 564
2850	882 416 725 51
2851	777 275 887 165
2852	685 986 628 530
2853	872 330 260 410
2854	158 821 855 339
2855	982 924 313 889
2856	431 879 74 385
2857	773 701 266 417
2858	742 472 598 545
2859	385 965 467 212
2860	959 855 836 347
2861	438 760 150 234
2862	609 549 211 495
2863	969 236 685 667
2864	219 336 780 986
2865	755 364 444 238
2866	387 581 902 803
2867	338 889 798 82
2868	330 791 269 201
2869	94 301 627 194
2870	623 71 565 424
2871	834 531 938 42
2872	444 466 804 280
2873	764 13 846 798
2874	953 4 150 371
2875	117 729 222 806
2876	327 623 622 953
2877	394 869 765 275
2878	608 62 651 309
2879	953 784 124 947
2880	726 240 879 274
2881	640 961 971 443
2882	986 592 948 8
2883	248 878 584 251
2884	876 338 278 446
2885	866 702 613 900
2886	229 670 997 869
2887	595 992 156 661
2888	705 413 252 923
2889	679 721 197 239
2890	21 804 102 6
2891	840 213 742 315
2892	592 623 75 392
2893	478 798 707 464
2894	68 108 260 593
2895	460 311 715 934
2896	738 709 496 489
2897	405 870 493 1
2898	954 7 812 461
2899	745 720 480 129
2900	502 815 785 327
2901	336 327 586 983
2902	345 788 897 163
2903	79 292 785 384
2904	268 662 277 216
2905	823 136 379 698
2906	731 568 442 976
2907	821 463 308 763
2908	687 763 800 131
2909	117 518 839 380
2910	185 490 671 570
2911	571 707 350 634
2912	368 622 583 821
2913	666 206 677 739
2914	822 220 383 311
2915	820 400 663 926
2916	355 102 522 615
2917	749 516 166 896
2918	936 58 480 422
2919	277 484 723 717
2920	966 417 904 303
2921	121 757 510 636
2922	6 223 483 475
2923	375 551 1 187
2924	838 428 964 675
2925	823 713 961 129
2926	38 145 27 940
2927	738 232 22 219
2928	242 182 877 566
2929	555 215 90 546
2930	950 806 572 755
2931	615 12 282 183
2932	18 899 56 513
2933	245 51 912 206
2934	944 479 817 151
2935	560 864 295 690
2936	699 837 875 360
2937	722 724 761 194
2938	96 393 562 191
2939	881 312 355 346
2940	668 729 157 422
2941	627 799 123 581
2942	590 176 990 764
2943	617 821 784 800
2944	415 736 69 39
2945	961 856 821 675
2946	340 117 632 987
2947	66 626 733 617
2948	237 105 273 639
2949	914 299 255 961
2950	917 578 478 249
2951	139 392 838 753
2952	966 971 436 633
2953	875 522 605 629
2954	22 116 992 372
2955	57 328 264 682
2956	542 5 489 765
2957	753 189 184 865
2958	943 134 6 597
2959	150 630 967 452
2960	528 834 224 740
2961	15 628 350 304
2962	707 122 736 391
2963	800 395 194 200
2964	896 435 102 250
2965	94 598 682 309
2966	888 814 414 274
2967	773 368 545 924
2968	654 946 385 730
2969	34 934 313 990
2970	273 820 264 150
2971	476 162 131 537
2972	164 571 958 446
2973	542 810 618 117
2974	845 552 817 871
2975	901 831 649 490
2976	222 541 448 768
2977	837 649 675 337
2978	795 508 801 991
2979	282 917 396 505
2980	235 307 505 722
2981	927 906 173 367
2982	507 236 97 943
2983	725 350 555 194
2984	71 411 365 158
2985	224 246 701 50
2986	739 535 490 114
2987	340 848 274 608
2988	430 725 47 155
2989	633 871 581 464
2990	442 722 223 532
2991	635 664 366 989
2992	798 8 806 489
2993	514 989 681 463
2994	943 21 565 143
2995	206 842 656 284
2996	329 960 704 274
2997	155 685 883 338
2998	420 392 909 898
2999	973 332 295 170
3000	239 218 408 117
