Students	3000
1	6386 4173 7825 6315
2	3341 9899 1524 3613
3	2588 2961 4692 6874
4	1966 3479 6526 7438
5	9481 2157 4884 6066
6	6641 1901 5500 2972
7	3516 2722 2876 169
8	3499 9291 8353 9630
9	4853 673 3498 574
10	8116 5401 1883 5911
11	3990 7667 2948 2215
12	2261 6019 4070 9871
13	4635 9361 2443 2582
14	220 4159 5868 5012
15	3100 5417 86 7922
16	4442 4341 1591 5108
17	3514 391 5858 1206
18	650 863 6116 3967
19	2414 9169 1889 5940
20	3268 3749 6912 5158
21	5936 4072 5130 927
22	3039 2745 1602 2340
23	7735 3342 2404 3773
24	69 626 7248 2953
25	6009 2301 8426 5059
26	7146 1938 5810 6808
27	3573 9162 5842 898
28	180 2262 1372 6344
29	5775 7207 2593 8886
30	4857 6100 8617 7188
31	7255 3843 5976 1338
32	1222 8580 8765 6065
33	11 4900 4670 152
34	758 7290 8738 8079
35	2081 9488 9687 9624
36	3800 5799 1675 6887
37	8222 6677 2714 7117
38	8590 9626 2053 9441
39	1447 340 5638 6613
40	7161 8831 6695 1567
41	6988 2602 8187 6858
42	7367 8718 3698 1925
43	8334 9517 1551 4076
44	4841 1639 4943 9644
45	8338 4812 4622 9021
46	3444 8397 4251 5279
47	7102 8870 6065 9535
48	7853 7321 2473 5659
49	2304 451 9792 2713
50	7332 2727 2875 645
51	6978 8090 3654 5263
52	5450 2194 4985 3865
53	4330 6608 1117 6738
54	6536 3837 2768 79
55	9167 1693 3576 7921
56	5990 611 3472 9000
57	686 2145 6526 5858
58	8223 8547 6761 9095
59	1995 5037 6331 7753
60	2970 9789 9871 5196
61	7565 3792 5509 8290
62	7987 9330 3435 576
63	1000 2968 3611 8798
64	3732 6393 4348 7584
65	2026 6397 7577 2121
66	3526 7590 6594 853
67	3381 7268 209 4065
68	918 9143 8299 3685
69	5429 9712 7869 846
70	4490 9780 3447 1280
71	8726 1503 8869 2105
72	9177 4192 9676 4130
73	2552 6600 2115 721
74	2324 9363 9355 1137
75	425 4429 1553 3941
76	2193 2544 9747 4804
77	2038 40 5698 5121
78	6357 120 9495 151
79	4691 5572 3105 1785
80	7556 1260 2871 4974
81	6336 8821 4037 3612
82	4960 8819 288 1490
83	6594 9129 5775 3504
84	9514 2717 3418 8467
85	1808 4301 4008 5914
86	3041 7755 5942 8530
87	5027 4805 5601 9262
88	2160 8673 6404 7479
89	2161 3116 8639 3462
90	9672 152 7971 1213
91	1019 6742 4104 9300
92	8077 8395 972 1072
93	868 3223 9813 3768
94	2138 3963 8029 334
95	6307 4148 1292 4292
96	9988 2616 8300 2944
97	742 3159 6182 5255
98	5202 2043 6919 560
99	1578 9777 8427 2216
100	5448 7572 8046 5532
101	1329 6901 6044 2779
102	6859 9235 5127 5505
103	6308 4888 1561 8203
104	7120 5870 9932 20
105	7287 9200 7391 6535
106	4390 9348 2729 692
107	4587 1812 9286 6287
108	3671 3465 9565 4329
109	3403 8789 9867 9519
110	6985 7560 9028 2711
111	3878 7759 699 4520
112	8825 4485 101 3644
113	4425 9333 5855 1279
114	3738 6231 4765 5389
115	6088 6008 2045 7386
116	8617 8165 3844 571
117	372 507 423 8106
118	8296 4656 2268 6316
119	2898 3105 3021 1965
120	9387 4661 401 4469
121	473 4093 2352 2404
122	3952 5745 1376 9514
123	9739 3191 6217 6791
124	1547 8981 471 2052
125	1416 2468 979 6400
126	5475 5152 1498 2599
127	5349 3126 5660 4847
128	6663 4811 6883 3808
129	8060 9371 6076 7907
130	6460 855 2662 9241
131	6308 4498 2959 4643
132	7904 2482 6989 3327
133	7281 5332 491 8335
134	3492 3700 890 238
135	8481 1187 2008 5830
136	6364 7832 2996 9087
137	8105 2645 7786 5634
138	910 1907 5773 9043
139	9767 3599 5730 8280
140	8339 1239 9361 790
141	3808 7270 9585 7380
142	2462 5053 578 43
143	1083 3198 840 6090
144	1063 8559 8828 4799
145	4137 7539 9872 1686
146	8639 5545 7748 427
147	4986 3489 9107 455
148	6958 8252 1228 5762
149	8312 2061 5952 6139
150	978 8072 5147 8954
151	3853 6064 6083 7845
152	8936 1425 1629 3977
153	1983 1695 8322 7460
154	7123 71 896 7439
155	2032 2851 777 2441
156	1791 4081 6948 588
157	3804 2993 4152 7078
158	2928 8685 7155 3293
159	8874 8209 2263 4277
160	7217 3308 2623 5162
161	9785 2968 1621 315
162	403 2250 5710 3917
163	2067 6984 1679 7016
164	2496 1671 3437 2735
165	6081 7602 4836 9383
166	2778 6791 694 6281
167	3183 7169 612 1834
168	5392 6579 5117 9886
169	3394 8945 1546 2876
170	484 561 6326 7511
171	9848 8307 9325 6327
172	288 3864 5786 1910
173	8649 8219 8387 6964
174	4340 2108 9991 4797
175	1455 9250 834 9911
176	3112 7344 8889 5667
177	2094 4778 888 5974
178	4719 9894 3522 5450
179	7830 1432 9271 9644
180	5087 8622 1677 5173
181	512 3339 7960 2572
182	8013 3967 8050 416
183	2772 6263 3546 2922
184	7837 3880 5870 9501
185	9687 4340 3085 210
186	4154 2692 246 7081
187	6867 7805 9762 5994
188	4904 6928 9581 5066
189	1805 4820 6955 3068
190	1500 54 333 9684
191	6509 4328 8369 9743
192	7201 263 2117 6867
193	5935 9705 8763 1160
194	7869 1536 4697 8148
195	8521 4919 4534 6672
196	2445 8396 5750 5747
197	2281 5884 5889 811
198	9006 9089 8474 8667
199	2312 9743 2695 5549
200	1111 204 1068 1247
201	3340 3942 4200 3206
202	8282 8180 5933 1847
203	3965 5102 8789 2647
204	3943 9569 4996 2131
205	7650 4959 3690 6186
206	3904 2461 9040 6749
207	9180 6932 6114 1031
208	8564 6061 3096 9139
209	4287 2232 6697 7009
210	2431 4027 7025 1625
211	4490 8860 3323 1838
212	5221 9913 256 7044
213	8768 325 8403 6260
214	9885 9803 2327 4691
215	8649 3456 5502 3988
216	4202 8065 6343 5590
217	3534 6308 1868 5603
218	4240 7051 751 744
219	8621 7814 1829 1282
220	9975 510 5956 1373
221	8676 591 2307 4578
222	5586 3509 6198 1946
223	7079 7099 5777 8316
224	9577 8729 3848 5234
225	1055 7212 7842 4132
226	2754 168 2821 3600
227	822 2184 6352 9180
228	5292 442 149 2241
229	2499 5984 6455 7085
230	7686 7202 9950 8231
231	2039 19 1319 5364
232	4164 7459 1962 3832
233	229 1370 1376 8216
234	1351 6046 7649 3801
235	6812 7857 5922 1828
236	9383 5872 458 4174
237	5183 5467 9616 9181
238	7483 3146 3240 4365
239	7797 4977 3049 2685
240	1077 354 5056 5329
241	6393 4996 889 5944
242	2938 3369 1664 4005
243	476 8025 3338 430
244	6554 6821 8796 8283
245	2097 4666 6640 8917
246	5954 3602 5025 7350
247	4909 8628 6182 5167
248	2533 209 1509 9411
249	731 1806 1404 8515
250	6113 9533 9153 2509
251	7387 4384 5127 2791
252	4399 6640 9878 4455
253	7478 9632 1233 1311
254	2279 1128 7565 4726
255	8913 6889 3632 3541
256	27 1709 5997 4575
257	4529 9060 6405 4493
258	7314 4806 5650 1602
259	9917 2913 9658 4902
260	8213 9178 8529 1549
261	5729 1410 8150 8808
262	853 2830 447 3170
263	3120 7374 89 5278
264	4242 6815 3063 1701
265	8768 6921 1614 2708
266	3934 2914 3859 2676
267	8960 9222 8425 7394
268	7647 8642 772 601
269	573 6433 9796 2867
270	1765 3550 9658 6362
271	507 3899 1760 2867
272	9684 5353 6977 3141
273	4083 6133 5671 8788
274	3421 3083 7125 3089
275	7252 8464 5494 1889
276	573 7156 3709 6034
277	7052 7741 2245 1682
278	9763 3007 6694 7105
279	9719 8059 6771 4477
280	9039 5793 2886 2308
281	6060 9024 2741 317
282	3354 8529 5430 9793
283	9291 4820 114 2222
284	9187 5013 9189 9881
285	1383 2014 5674 9036
286	6687 1878 2708 8705
287	164 2875 1233 1998
288	2264 1225 4255 8772
289	894 8823 2021 5634
290	7486 6384 8940 4714
291	2863 5564 7487 5555
292	3332 8625 6273 4015
293	3660 7427 4210 9291
294	2386 1828 2697 602
295	1209 3510 5972 1468
296	5399 5527 1597 3872
297	6393 2304 9176 1260
298	2778 4073 4087 6894
299	7168 4679 2712 8364
300	6051 1166 7474 5378
301	8418 7324 186 3502
302	9105 4483 4729 3273
303	488 55 8931 884
304	4108 4737 7485 1827
305	3337 744 4677 2960
306	2399 7137 7187 6387
307	2545 1065 2884 2323
308	6366 911 3800 9233
309	8033 4721 7821 1674
310	4352 4348 9206 7374
311	6300 7391 8221 392
312	6945 8610 2862 1363
313	2189 4207 4058 5433
314	9704 3496 604 4916
315	6799 6298 2361 5054
316	4286 2269 3577 5407
317	3988 2615 1306 6146
318	7242 674 3175 2157
319	9113 7110 850 9863
320	3348 7376 9637 2838
321	151 4143 5089 5646
322	8195 9167 6447 8288
323	3137 6972 6193 774
324	3030 4514 63 2559
325	982 5125 2306 1108
326	3317 3265 4662 8135
327	7173 6520 2109 8848
328	1360 8693 4568 5884
329	3582 9312 6860 4786
330	2449 415 2806 5562
331	4692 6608 6720 5815
332	3496 3208 2855 5441
333	8895 4446 1881 3254
334	2841 7233 2064 9007
335	1208 9709 621 3923
336	73 9793 9436 2552
337	756 26 5776 3858
338	5032 7360 7533 9981
339	661 2131 8328 4035
340	5938 9325 8082 175
341	7599 8631 1811 8564
342	7573 1701 3563 7841
343	3239 5684 4062 8408
344	1805 9829 2509 965
345	9985 5709 3476 7906
346	4381 4022 4556 6660
347	9038 9918 5372 7103
348	3882 1061 2386 2535
349	9630 5184 345 221
350	1016 7445 1594 2517
351	4489 8583 537 9474
352	8996 7405 6291 4481
353	8079 786 1657 3875
354	8669 9817 7736 2027
355	952 6421 8263 4675
356	5262 3351 5691 4241
357	5701 5481 7357 2662
358	7145 8488 7338 5423
359	7398 4950 622 7635
360	836 8319 6566 1363
361	4168 3878 8812 7097
362	643 7491 7257 28
363	1601 8350 2721 9447
364	5784 70 7769 2252
365	8075 5006 3925 6758
366	2607 2634 265 2413
367	6733 3090 5078 3613
368	4618 8484 7727 9955
369	3873 5332 3893 1419
370	8443 2511 3565 89
371	2796 7440 7184 2094
372	9520 3937 3584 6075
373	6781 4413 1311 1129
374	7400 5950 7712 6023
375	4802 9483 3216 7601
376	6817 7058 9391 4365
377	8826 8061 1871 7957
378	7387 8887 3837 1832
379	2099 4777 3393 1091
380	1721 9110 2434 8080
381	3694 6402 4364 4593
382	9031 6194 9495 7940
383	5778 7280 6938 5893
384	8896 4758 9315 5663
385	6544 6712 6226 7487
386	7750 6451 5996 1551
387	3566 9698 5133 2418
388	8867 1481 5878 1822
389	9453 3419 4340 4747
390	5147 186 2575 5733
391	4110 1859 5435 9906
392	2838 2381 7585 3580
393	5654 144 3340 1465
394	3499 4575 5254 5448
395	5090 8267 137 4142
396	932 1660 9449 3366
397	8237 1175 6125 7680
398	9641 125 741 8843
399	2045 8459 5549 2587
400	1407 4506 7108 3712
401	1468 2241 3814 6681
402	7023 7336 8212 4624
403	7350 6307 164 890
404	886 5659 3166 630
405	5397 2989 4881 3818
406	7242 3854 4354 8828
407	1250 6879 2807 7193
408	8132 3407 5382 5243
409	6915 6031 5684 8551
410	4826 5127 9481 6826
411	9356 2020 4226 3204
412	6417 8272 5823 5729
413	2930 9945 7107 4904
414	1572 4064 5116 8863
415	3536 8252 8107 3463
416	2018 8149 2567 4165
417	3817 6131 4570 8034
418	9208 7712 5852 9960
419	5596 3164 9993 6766
420	8880 4145 8077 5326
421	7812 1873 1102 7110
422	1691 1452 881 7505
423	5679 8885 5077 6168
424	1988 3887 831 7013
425	9519 4520 5725 7186
426	911 3729 3005 2348
427	9789 3807 8354 6528
428	4479 1547 9317 3993
429	8179 4151 1860 5282
430	2103 6817 5511 1713
431	3352 6170 3096 1044
432	6046 6353 9997 100
433	3878 4615 3002 8347
434	7748 1634 9750 4761
435	237 5649 6145 703
436	2663 3832 3330 5583
437	2360 5324 5363 3317
438	1255 7105 8762 4119
439	9144 1572 977 3114
440	169 6548 4474 9270
441	1590 8684 9737 1956
442	4212 7093 4818 9190
443	1775 8912 2040 9653
444	6763 3600 7749 7604
445	5762 549 7296 5673
446	3502 397 1214 9571
447	9699 5673 6317 2380
448	1928 620 6477 5150
449	4881 3572 6546 8011
450	7054 1822 1180 9393
451	9332 7808 608 4654
452	1847 4550 2293 3603
453	610 5853 1178 5013
454	9551 4844 9244 5917
455	6939 304 5505 1912
456	3830 9941 535 8914
457	1540 9746 1031 6144
458	1841 8863 2915 8185
459	8080 5567 9528 1545
460	4801 6032 799 8560
461	3530 8220 900 980
462	385 6550 5027 4064
463	8400 2733 9406 3312
464	1389 6382 4291 3557
465	3313 8661 4409 9345
466	5491 9318 9605 6496
467	5198 4046 4980 4260
468	1641 5290 2037 2284
469	5993 6485 2684 5107
470	9657 1393 6589 2278
471	1666 6930 9697 4560
472	928 7781 592 5668
473	9639 3452 44 6310
474	9784 5520 3285 9182
475	8230 2896 185 3242
476	7049 2404 4319 5827
477	2603 8067 1448 6856
478	9568 5797 2886 9755
479	7902 6902 871 5246
480	2101 8604 5861 2722
481	1747 7940 8904 7421
482	850 5649 2915 2595
483	5046 3314 2123 3743
484	1134 2924 8894 5895
485	2242 6504 6596 5797
486	5215 1449 8937 4445
487	9495 7096 2907 4184
488	144 802 9767 870
489	2093 8956 6925 9369
490	9633 4797 1406 8910
491	404 1352 1404 9000
492	8428 3204 7135 2272
493	7065 4820 2213 4910
494	2421 8959 5980 129
495	6788 4874 9604 4412
496	2856 9870 1178 8247
497	4162 6998 9290 3396
498	8332 7478 174 2211
499	4116 5803 312 3300
500	4092 3424 6513 3252
501	4343 9709 6677 29
502	4037 5467 1681 7765
503	8923 59 7577 563
504	7298 1093 5404 8777
505	7610 190 6624 2177
506	7816 6581 6240 1336
507	5812 5657 4004 9927
508	2368 3318 360 4079
509	6165 1537 6686 410
510	9722 1195 5372 6079
511	3784 6549 918 3638
512	1229 989 7733 1493
513	3766 6579 8105 339
514	1022 3770 6865 4475
515	1309 2126 9882 8991
516	2243 5584 6420 3391
517	1982 5167 696 5445
518	4203 9943 3333 6425
519	2037 1004 6519 8141
520	4261 8951 8250 362
521	6477 9742 6481 3603
522	7323 6327 6726 531
523	5581 240 126 136
524	5348 2004 9193 2678
525	9012 6604 6780 2490
526	9007 8534 9115 6893
527	275 3600 5065 6616
528	3743 4082 2951 9620
529	3315 2714 10 1567
530	2872 5444 2632 2236
531	7326 5014 2386 5137
532	1075 7242 1067 3741
533	5490 461 9892 845
534	2670 198 3893 686
535	8268 5857 2683 6549
536	375 2223 6139 9613
537	2127 5239 6311 9116
538	1934 958 775 6026
539	142 7181 3643 5378
540	3934 5358 7233 9165
541	1773 3241 3551 6854
542	4427 6909 1873 3740
543	5307 535 8264 4668
544	8539 8182 9118 8144
545	7940 9340 3125 1471
546	4176 7533 1525 3673
547	5299 3503 2236 9209
548	8122 3997 9398 797
549	4295 7446 938 5140
550	6373 5659 5720 6620
551	655 8600 1439 3617
552	6369 8152 169 2332
553	5217 8214 997 7862
554	2951 7283 6763 676
555	1114 6645 3049 4192
556	4326 1289 3281 1229
557	7371 1500 406 980
558	9103 3687 7041 5655
559	3101 8262 6227 6015
560	537 7329 818 5977
561	466 3434 2865 8845
562	9548 3846 4746 6408
563	3928 9624 862 9222
564	3756 434 4899 3297
565	7863 498 404 8804
566	5829 7644 6898 8348
567	4605 1084 5346 898
568	773 7723 3391 7433
569	197 5491 5571 2242
570	8423 2898 7526 1022
571	5686 9825 6868 1542
572	4393 6987 647 2575
573	7680 2770 8816 1830
574	9973 1707 1362 8029
575	3062 155 184 7545
576	9105 1165 4862 2985
577	9236 2637 8279 2719
578	8405 4119 5890 4117
579	3115 7590 3356 3628
580	4478 3840 6157 7893
581	9150 7268 1717 7834
582	1239 9643 7109 2776
583	9149 5345 1435 1683
584	8833 2510 1984 742
585	4383 3060 2808 9996
586	4878 9597 6855 153
587	3507 4378 1552 4965
588	8216 8894 8958 4846
589	8224 6776 6533 6049
590	5154 5810 2048 3591
591	2290 616 5406 9079
592	8224 8032 2718 30
593	8432 5379 887 689
594	7941 3681 8691 5639
595	2100 5490 7627 3706
596	8712 431 9916 7326
597	548 1933 4629 200
598	1096 106 5998 6830
599	707 8418 977 1515
600	3933 4021 8940 1296
601	9530 2452 3310 8783
602	1545 9279 8489 3063
603	6065 2370 1876 3208
604	3132 5177 8466 2048
605	5374 1084 8298 2672
606	3788 1871 6397 5897
607	587 6141 2234 140
608	9155 565 5447 1521
609	898 3511 6021 9744
610	8607 5604 7265 6591
611	92 9474 6048 8458
612	5092 4066 6635 1099
613	2332 947 7174 4805
614	3281 7721 4049 7192
615	9342 9651 1762 1212
616	1503 5542 245 140
617	5900 9617 8097 3257
618	7092 2359 7607 4517
619	8577 709 3850 7374
620	9270 695 6851 7476
621	6046 3101 9055 8332
622	8400 8338 3915 5316
623	7970 8885 9603 9219
624	5605 3789 1131 465
625	3462 7428 6659 9600
626	2090 5370 8856 3475
627	9410 445 9609 1999
628	3253 7473 8544 8652
629	3607 1295 137 2937
630	8676 9199 5943 2539
631	7525 522 2876 2382
632	5440 6484 3560 1627
633	8843 6301 3690 4651
634	8847 8671 4828 9409
635	4369 4091 105 4565
636	1597 4472 8530 3134
637	9895 4577 9667 4960
638	9750 257 932 7516
639	4679 2725 1066 5544
640	1391 5713 4805 6013
641	4760 3697 9766 8527
642	1792 8023 9078 294
643	1111 3249 4564 3452
644	7126 5965 197 5036
645	5755 1243 4010 2224
646	7258 9559 6440 8275
647	1392 6948 1972 5440
648	7025 9231 9403 7218
649	7860 3923 9706 2855
650	4528 883 2698 5626
651	1765 434 7808 4022
652	4453 9668 6463 1661
653	4018 8608 5126 9997
654	4187 5814 7725 4449
655	3684 1824 3322 3349
656	608 428 890 3508
657	5553 5183 5130 1680
658	5807 7827 9661 7660
659	3130 8362 1585 9339
660	726 3666 1537 9085
661	8383 3592 8463 3091
662	6710 4908 8737 3773
663	4503 4106 5049 128
664	6335 8481 4830 1780
665	8181 9954 8939 998
666	6475 400 4692 9409
667	3469 8818 9049 5770
668	8600 6048 6460 754
669	145 9137 5266 9090
670	3501 5360 8133 7840
671	5700 1698 7237 8636
672	295 3704 8125 7039
673	1556 3679 6700 1930
674	2401 429 8693 4405
675	911 6080 7412 8471
676	6442 2227 3443 4090
677	7772 1429 4298 7713
678	3520 7727 5344 2107
679	4105 3741 8726 8530
680	6160 3095 9621 2381
681	4835 6789 9953 2525
682	8374 5772 6699 3212
683	8450 9929 3753 1757
684	755 4956 3987 95
685	4341 2956 7976 1306
686	7280 2950 1677 5171
687	6696 2778 1378 8451
688	5599 1079 6997 4483
689	8756 5030 6425 3194
690	7987 7514 3369 1696
691	545 3212 9000 9348
692	5832 2048 5795 975
693	7820 6377 7919 1472
694	6587 4652 1452 2290
695	9888 3986 5017 590
696	8422 442 4952 9597
697	9222 3129 2165 781
698	4488 3607 1025 6064
699	6328 8994 5070 9503
700	5637 6780 3473 768
701	9201 4210 4915 6830
702	7759 374 8184 8169
703	7901 6477 8026 2642
704	7446 8464 9672 5059
705	1236 6761 590 6264
706	7611 3962 5226 9643
707	4403 2264 173 42
708	2910 6001 8024 3971
709	3492 9350 8293 6910
710	3322 6760 800 4007
711	5248 1674 8608 2132
712	3089 3246 4589 1302
713	8189 7854 3439 1088
714	1385 1975 2880 6434
715	4258 1222 7284 8237
716	504 929 118 7190
717	8549 1395 9722 7176
718	7177 3689 4898 3792
719	8315 3751 1713 8135
720	2698 5231 2430 9376
721	1497 8202 8656 7136
722	7921 7510 7897 6411
723	9270 3131 774 598
724	9939 5649 2172 8785
725	6768 3803 6410 187
726	8254 2349 4045 4860
727	1044 7151 6630 5373
728	9590 8927 8558 8975
729	5595 6404 168 5326
730	2168 6317 9378 7586
731	6316 9743 6209 7540
732	2196 8300 4197 1530
733	4631 6863 8730 7888
734	7630 2256 6107 7713
735	9722 6166 240 5697
736	6830 9813 594 1978
737	3278 3121 4597 7845
738	2654 906 7349 9831
739	6982 7289 8312 7923
740	5723 9965 8450 3279
741	5089 1487 7250 33
742	4133 2223 9632 93
743	1862 1594 937 1947
744	732 1452 9336 6490
745	6392 9653 9866 9014
746	3200 7854 1027 5448
747	5381 6048 2089 8490
748	6677 6249 7868 637
749	7817 8824 4181 3746
750	3421 269 5257 311
751	4196 9462 8207 9204
752	9086 7796 5962 6397
753	6883 4842 737 9788
754	609 6570 4630 1513
755	7559 4480 2118 3175
756	6393 6556 3291 643
757	2303 695 4242 9205
758	5533 7475 7163 4838
759	4767 6823 2879 8416
760	9116 5680 526 1424
761	3190 5285 6253 887
762	3335 4494 5725 8965
763	7521 2930 5001 7303
764	1073 6062 4479 5459
765	8798 5845 9933 6471
766	5920 790 9571 5152
767	4114 9618 3034 7410
768	154 2521 6739 2703
769	6997 3879 4091 9560
770	6126 3751 1112 3457
771	4840 1904 9989 1664
772	8706 5381 9909 5066
773	2115 7020 6230 8440
774	4954 9771 3266 8843
775	571 7615 580 4290
776	6054 4204 8042 8850
777	5332 1675 6844 4982
778	5646 4243 5253 2967
779	8881 9918 2754 1478
780	8215 2927 374 2970
781	3280 3857 9682 4932
782	911 2283 7173 9979
783	4661 1413 3490 8213
784	2323 8172 9968 7547
785	3016 8062 5199 7282
786	2070 8188 6234 7162
787	4619 5909 7344 5237
788	5828 4974 1356 9913
789	4033 6603 6935 2913
790	1430 4130 9963 3718
791	7590 6520 8710 2549
792	2983 6700 3790 7635
793	469 4263 3040 5211
794	1656 1108 4270 3526
795	5063 1223 1288 8434
796	3680 8404 9200 594
797	9184 5651 7664 7849
798	8450 7646 6703 197
799	8846 9496 718 5425
800	2158 5377 6463 6714
801	1863 5159 9464 7430
802	5301 4262 7749 5240
803	5278 6176 8871 7173
804	5633 1162 6075 8397
805	1815 1889 6918 1191
806	1626 4213 5541 2661
807	7901 1175 763 2653
808	5384 1772 1849 9245
809	8627 4430 2709 2446
810	8061 3513 1809 5821
811	3012 6175 7576 6660
812	5332 5393 8715 3127
813	6341 2884 1879 8997
814	5216 5744 9435 4861
815	5007 1947 1757 8036
816	5657 9303 8239 172
817	3310 8011 994 2167
818	4660 9660 4465 5525
819	923 2417 2680 9578
820	1485 8288 5962 6753
821	4415 9874 8041 6686
822	3448 98 7919 2702
823	6105 4118 3833 6064
824	9193 1298 7155 9037
825	8783 879 5281 4099
826	5963 5198 5265 4497
827	5404 2159 5025 9350
828	5363 5610 90 2162
829	8691 582 9795 4916
830	9366 5444 3902 5159
831	6822 6340 5572 1984
832	5926 250 8446 9619
833	7806 2150 8937 7172
834	1442 2532 1492 7688
835	7018 3554 6949 3275
836	5537 2931 6920 9913
837	9434 2859 432 1612
838	2143 8572 519 9436
839	585 5103 5886 4263
840	9723 7273 6677 63
841	7937 3507 9330 6198
842	2598 8635 6898 6525
843	7525 60 1376 553
844	4832 9552 9722 8012
845	8982 4136 6564 5110
846	7887 2147 3008 5400
847	5820 8312 1576 4424
848	3337 6747 3797 8533
849	6795 5934 6319 9968
850	2378 1148 7985 2343
851	8520 9418 9080 195
852	4517 127 1913 9679
853	9064 1705 1949 3443
854	8903 5909 636 4259
855	7267 5915 5539 9269
856	3075 1160 3106 9363
857	2681 9787 2668 7971
858	5561 931 2819 6567
859	6662 2200 9103 3809
860	711 8974 3535 4135
861	5963 8811 5738 4756
862	6451 6820 3653 6503
863	6388 2623 657 490
864	8201 1149 9504 4720
865	5538 3169 1379 757
866	5114 6055 7387 2663
867	515 4931 7344 8274
868	8023 2088 6528 5395
869	8537 1579 138 3860
870	1968 3153 302 4106
871	5880 7682 4333 6652
872	58 5730 1033 6772
873	3276 3640 4927 8925
874	9539 2240 4489 4836
875	3983 2776 8313 3296
876	5418 1851 3791 4059
877	4084 1744 2478 9908
878	1769 7531 8849 1979
879	3286 6725 8704 2569
880	5927 7731 6706 5365
881	8438 8237 1416 5747
882	6185 4739 174 8490
883	1350 6801 5038 8843
884	9308 9426 7029 7125
885	7070 213 6702 214
886	230 3904 9664 3687
887	8713 692 1509 1056
888	2602 9412 5627 6210
889	222 6816 2650 8425
890	5539 6668 2712 7453
891	8924 802 2151 7470
892	8868 9859 8393 800
893	5693 6444 9267 5201
894	6442 3482 2338 6419
895	1650 6821 2629 2066
896	4696 3287 2401 4576
897	6858 3723 9116 2981
898	1498 8779 9101 2945
899	8272 2707 7127 6520
900	8579 4870 910 1323
901	1315 8648 4459 9479
902	9339 4599 2842 222
903	1879 6707 1285 4212
904	2675 3137 3825 9489
905	3328 2769 6879 7777
906	2613 5683 4126 9317
907	6073 5547 4693 5210
908	3004 8338 2696 8793
909	5732 9801 4124 4059
910	6315 1540 5716 6482
911	9506 6434 8899 3669
912	5618 221 1881 3440
913	9448 543 1396 670
914	9309 3509 6942 1540
915	5558 2993 9401 1603
916	8781 9488 9960 9009
917	1304 4493 6809 4703
918	303 7296 6309 678
919	9072 3776 2628 5460
920	3701 9682 8006 2604
921	3290 3033 3241 4803
922	2089 4023 205 9458
923	4557 4474 1356 4458
924	8848 8766 3807 8313
925	8935 1581 1319 1397
926	335 5276 8048 4378
927	2781 7469 4552 2123
928	5407 2146 3659 2564
929	4966 572 742 8021
930	5702 174 6738 3790
931	5152 4853 123 4966
932	3892 1411 5812 6443
933	8900 7674 9692 3968
934	590 4958 9753 1506
935	7825 3551 1533 4763
936	4471 5520 2176 4539
937	5756 6102 4538 927
938	4301 8104 8743 8902
939	9922 3681 1786 3365
940	6032 3727 7399 2396
941	9528 6431 4581 8826
942	2898 6490 7987 3857
943	2807 3778 732 1489
944	1539 1979 6906 7130
945	7596 1765 9044 8567
946	2566 588 4540 7325
947	9801 9022 4179 5444
948	9713 7047 8002 8296
949	8738 8684 6056 1844
950	7739 9233 9447 877
951	8274 1102 5796 8226
952	5565 5160 650 8562
953	7906 8804 5834 750
954	7813 6930 7857 1035
955	8523 841 5272 3927
956	4846 4388 7014 6268
957	3422 8380 2815 2363
958	8707 9250 8395 8696
959	6339 7226 8707 6919
960	9925 2536 1377 4441
961	4778 5793 3937 5999
962	8074 4294 4651 4497
963	8687 8969 9730 9734
964	7158 4809 4528 3327
965	1679 9339 2816 3342
966	5456 742 4123 3419
967	4417 7228 2292 6113
968	8265 7998 9233 6021
969	7516 180 2044 4135
970	1153 5495 2475 4458
971	4405 637 8634 8136
972	778 460 5868 9265
973	2911 7842 8314 2629
974	122 6425 3463 3681
975	8055 6253 8400 8919
976	5072 9628 9845 3970
977	7522 8160 7635 2494
978	9664 8220 7375 1499
979	5565 2580 7361 4783
980	8046 1329 4904 2555
981	753 6028 320 372
982	2220 1858 3335 7451
983	7870 3277 6745 3365
984	5970 7662 8901 2651
985	4538 7858 8017 780
986	7038 701 3334 8352
987	8689 2707 6633 6618
988	1551 2679 1162 9257
989	3871 1119 7471 7559
990	7018 8714 8328 8099
991	5576 6940 9409 121
992	2750 7657 3034 9909
993	3237 839 8273 9546
994	9514 8837 9254 9968
995	9394 6352 1731 2678
996	3393 186 5718 9934
997	9605 5463 4310 694
998	2388 1993 8331 4721
999	4130 8454 6010 2619
1000	8115 3852 1983 7365
1001	5167 6935 1132 7308
1002	9102 9756 8472 342
1003	1457 2081 4866 9774
1004	6671 7769 884 9575
1005	5459 2398 3990 7604
1006	9135 6185 1191 1720
1007	6967 6573 4537 4546
1008	5161 7713 7051 6218
1009	1049 7393 3744 1296
1010	2523 6822 5821 1103
1011	7477 2082 5725 8047
1012	4201 3118 8685 5527
1013	3449 2934 382 9379
1014	9797 5377 5422 2643
1015	1337 9641 2845 9723
1016	6582 6693 844 3557
1017	8417 1348 6379 6836
1018	1127 1092 7224 6852
1019	6139 2119 5168 1426
1020	9459 5916 3119 8432
1021	2304 8259 4604 3441
1022	932 2304 7941 3284
1023	752 9707 5816 9372
1024	8600 8167 3312 4175
1025	9625 605 8033 362
1026	6787 4211 6835 2271
1027	1088 6056 7102 7944
1028	4749 3752 1211 1178
1029	2508 3061 958 2758
1030	3869 1345 1853 9032
1031	1526 3709 3185 1755
1032	4623 3577 9064 2899
1033	5189 7756 3950 1065
1034	8769 7763 6712 5972
1035	6392 9953 3511 4958
1036	1601 738 7855 847
1037	9210 4674 7285 6172
1038	8943 468 9269 1490
1039	8422 6731 3029 9206
1040	3628 7767 983 2421
1041	7495 2604 60 6170
1042	6581 4057 4032 6123
1043	3615 735 7650 4242
1044	8388 3815 9444 8686
1045	7966 3042 4737 4880
1046	8209 7116 4167 9341
1047	4395 2331 5921 7540
1048	8271 8510 5122 1641
1049	9848 1915 9328 4853
1050	3791 3363 845 2815
1051	5490 4425 407 1961
1052	182 1756 1288 3069
1053	8351 6508 1955 32
1054	1626 3042 289 8479
1055	9445 4933 4743 2847
1056	7729 1236 1901 9515
1057	5876 7490 5017 5782
1058	7835 2592 1366 2202
1059	1190 8952 4830 8532
1060	5826 1864 3829 482
1061	411 8411 8668 6470
1062	1719 3082 9079 6397
1063	3562 9299 5172 669
1064	257 3955 8577 9410
1065	4290 7553 5870 3299
1066	786 426 1809 7383
1067	8207 6528 3808 3369
1068	7233 9366 2631 9503
1069	8969 9522 3703 7595
1070	1722 2888 2659 5824
1071	8777 2064 1825 2556
1072	484 7368 8016 8975
1073	3989 6464 8201 7228
1074	6113 3884 7755 1056
1075	5825 594 5931 9507
1076	5922 4501 7171 2799
1077	787 1284 2408 6376
1078	2191 587 6844 2637
1079	5321 340 5064 5013
1080	6426 5182 8748 507
1081	4520 7750 9901 1321
1082	6407 1341 4063 4923
1083	5202 2342 4503 3110
1084	1767 2306 3417 2129
1085	9571 4878 8494 7477
1086	1103 7402 9198 3011
1087	6869 2400 3475 5821
1088	1232 9618 1314 6835
1089	6888 5455 1359 5335
1090	7091 6992 2321 850
1091	1046 1796 4720 2862
1092	8980 95 5188 1349
1093	3838 1114 5284 5532
1094	2417 2209 7125 4846
1095	9907 5424 7001 2746
1096	4654 7110 5898 7707
1097	9720 8814 8297 5738
1098	1098 1756 832 8792
1099	9901 8477 4021 4242
1100	4321 7631 9312 2432
1101	2625 6135 1383 4543
1102	8129 5043 1005 8432
1103	2179 5313 5747 9628
1104	9241 9206 6254 1687
1105	5778 5244 1520 57
1106	9537 5630 2140 6473
1107	28 6628 591 3681
1108	2533 5002 9567 9493
1109	4056 7944 5759 3411
1110	8789 4547 7363 1391
1111	5253 3584 9444 4857
1112	6264 3656 4915 8559
1113	3824 6658 8577 9848
1114	3322 6486 3101 5819
1115	7889 13 5034 7600
1116	4001 3181 4414 5821
1117	1759 8755 7232 2610
1118	7501 4370 7080 2864
1119	6180 6327 2578 7227
1120	6367 705 4698 7236
1121	838 4094 2338 7307
1122	789 317 2483 1156
1123	6233 1286 214 1334
1124	9642 2288 3520 8919
1125	4131 8157 3393 6977
1126	2404 3504 3644 1959
1127	3252 231 185 4173
1128	9940 9576 1493 4183
1129	9587 5673 1487 510
1130	6285 7924 1112 4162
1131	8785 934 4251 2936
1132	8018 2551 8066 8554
1133	1459 2104 3916 9653
1134	2616 5573 6440 5461
1135	872 689 9309 7398
1136	2226 144 3343 7342
1137	6543 2873 7925 2285
1138	4732 3046 9558 577
1139	6537 781 1690 6866
1140	9679 2949 9846 2813
1141	5892 2727 3306 2143
1142	2669 2066 4074 9794
1143	8514 6964 1122 872
1144	8146 4815 814 568
1145	5160 115 6090 7721
1146	7170 6947 8354 3673
1147	636 7074 7825 2562
1148	3730 2565 4158 7165
1149	9262 3955 8041 5513
1150	415 4508 2742 2241
1151	8792 9430 8713 6222
1152	1858 5596 3651 3574
1153	9489 2686 9191 5307
1154	2278 4432 5759 9477
1155	6875 8129 1197 2892
1156	1626 9627 1479 1534
1157	3760 7974 3143 7725
1158	3403 589 4639 6429
1159	9627 3886 5536 503
1160	6039 1353 8729 2376
1161	3162 7969 7355 6702
1162	8865 6325 8059 8759
1163	6794 1553 9247 7493
1164	3188 3245 2936 381
1165	459 7488 3154 2097
1166	8742 9227 1400 7064
1167	5519 7932 9522 1346
1168	5893 280 4284 5258
1169	8712 5000 2685 140
1170	4346 3376 7406 770
1171	367 6037 2142 5988
1172	9859 2840 4555 788
1173	694 8814 2532 1899
1174	1437 9582 7584 8928
1175	2916 4423 7863 4501
1176	2887 2546 5441 9233
1177	2253 7338 6241 2470
1178	4188 6629 2197 3743
1179	5307 2716 9754 6090
1180	169 279 5310 3554
1181	5288 792 458 6085
1182	6197 9015 9203 5130
1183	4689 6989 7449 8750
1184	3215 8154 6030 2023
1185	8510 4268 1926 4826
1186	7337 9221 4992 7151
1187	7958 1099 6813 1585
1188	2443 9694 3957 2300
1189	6636 4512 5054 1152
1190	7726 4990 2276 9620
1191	8705 2631 5975 3210
1192	5984 4977 1685 4535
1193	1202 5310 2289 6926
1194	2617 4640 2970 723
1195	800 4575 1221 5201
1196	9723 9998 9657 5578
1197	8634 8868 2023 4137
1198	4486 5921 6437 8956
1199	5504 6376 8714 2017
1200	6132 2010 9242 8855
1201	3769 3060 1247 5015
1202	1113 6413 5926 5213
1203	1549 480 526 1359
1204	1923 5107 1384 6991
1205	9462 6931 2697 1741
1206	943 5973 8573 8333
1207	75 3016 5949 1394
1208	7068 2798 7413 6743
1209	5464 9342 8709 8429
1210	9521 4255 6804 9937
1211	8860 9745 1567 3805
1212	212 6840 1130 8318
1213	2223 8134 6501 595
1214	3279 8792 1502 6866
1215	2739 907 6072 4100
1216	8040 4073 3763 3640
1217	7781 9689 2130 9798
1218	9480 1653 9775 2054
1219	9635 1105 8278 3128
1220	8614 5531 5895 649
1221	8425 1289 2829 3648
1222	3591 5196 2696 7134
1223	4124 2846 9346 6260
1224	1233 4578 2969 3181
1225	6251 1135 9965 3880
1226	7884 9899 846 2622
1227	2925 4886 2656 9156
1228	7850 3324 3465 8528
1229	9322 3419 7338 7693
1230	7559 9804 8032 3979
1231	9253 9008 7335 1587
1232	3588 9092 1363 7217
1233	2570 8336 2046 31
1234	3161 3565 6013 4391
1235	5440 1355 3897 3241
1236	6391 5172 6978 2103
1237	105 9407 7652 7030
1238	599 1609 5597 7564
1239	5726 6967 2988 7972
1240	8351 2646 2778 6339
1241	2102 3007 1867 3300
1242	2539 2429 1955 6376
1243	3660 8644 693 5421
1244	3748 2522 3286 2282
1245	1937 7472 3485 8254
1246	7480 3500 4514 5691
1247	1002 3774 6400 1472
1248	1346 9939 666 5923
1249	1712 1678 5790 9169
1250	5278 4842 4261 168
1251	7547 5248 1692 1471
1252	982 4708 96 3900
1253	6856 5461 6170 1181
1254	431 5728 3827 373
1255	3792 5115 1229 2669
1256	6981 4941 1523 2668
1257	2961 6776 4156 6911
1258	6891 7544 8200 3019
1259	853 2086 9126 4827
1260	3448 3026 6912 1893
1261	508 2963 2613 904
1262	716 8318 6407 3665
1263	4543 6536 6775 421
1264	8970 5704 4585 6649
1265	5655 6018 9320 6595
1266	9328 6917 7032 2672
1267	3038 9135 601 8408
1268	758 2514 4752 5476
1269	7752 4238 8650 5983
1270	8687 7423 2908 7757
1271	30 1734 732 7986
1272	791 9354 2829 3879
1273	6740 5134 5592 4714
1274	2150 6695 2851 8957
1275	7789 1641 4049 1302
1276	8972 6422 9666 5336
1277	6105 6980 6827 7770
1278	7318 627 761 4317
1279	7048 2927 7599 6540
1280	866 2291 252 4378
1281	9549 8905 6097 3452
1282	9665 7110 4976 7140
1283	3128 887 847 5352
1284	23 8380 5038 8827
1285	2038 1882 3586 5862
1286	4209 6196 3200 8097
1287	204 8287 7748 1067
1288	7469 575 444 746
1289	8401 5523 1545 8575
1290	9055 489 874 8036
1291	8142 4543 2100 6616
1292	3358 7259 7677 8176
1293	5131 8038 875 4690
1294	7068 1262 3336 9799
1295	8813 1446 2173 3641
1296	8360 5512 1450 2245
1297	3558 9268 5919 969
1298	4473 8294 4624 9873
1299	1296 1582 3084 6707
1300	4809 9731 2699 6692
1301	5071 9151 7161 6242
1302	7679 3968 8267 3192
1303	7894 8073 7886 9084
1304	145 9437 1919 9398
1305	1522 6514 4077 6796
1306	2109 4604 7925 6914
1307	5359 6766 861 9027
1308	7700 5520 2193 7989
1309	6512 5575 2865 3915
1310	9328 4550 8223 1490
1311	8266 4519 8986 8012
1312	2363 6686 3544 4078
1313	5693 41 6263 1294
1314	1251 1049 8633 9845
1315	3925 9700 49 4870
1316	1162 352 2685 3216
1317	6773 7166 5209 2503
1318	2728 362 5755 7994
1319	754 3538 8392 2257
1320	1301 4767 4791 124
1321	2372 6683 4538 1203
1322	6301 8187 1847 2912
1323	4540 3464 1761 4420
1324	694 1594 6381 1287
1325	1400 1959 7475 9316
1326	5399 9853 9960 5980
1327	9480 2068 5235 7683
1328	8533 729 915 9450
1329	7123 3285 6121 826
1330	4787 8322 8527 2819
1331	3430 7807 710 7624
1332	5935 1602 1208 7130
1333	2574 5664 7680 1433
1334	9539 484 751 2851
1335	9275 6095 2921 9370
1336	9190 7724 5266 8670
1337	6480 5987 8646 6723
1338	6337 4773 6658 4383
1339	6828 1914 5472 9953
1340	675 3744 4637 2939
1341	5368 6984 1667 4086
1342	3369 5594 8154 3554
1343	2178 7573 2853 4194
1344	4948 6758 6888 1228
1345	8 7824 2335 6040
1346	7638 2585 9944 7952
1347	3902 1747 6920 8037
1348	81 6140 6301 7427
1349	6863 3750 5603 5183
1350	947 5208 1660 8236
1351	8044 8432 8817 5785
1352	6753 8651 9398 36
1353	7713 9645 4079 3464
1354	8369 5687 9051 3569
1355	6291 6952 9815 196
1356	160 8080 4394 8099
1357	3107 4879 2901 951
1358	5471 5793 4599 9182
1359	4248 6638 7037 6863
1360	2265 1179 6167 5620
1361	7813 9362 8441 1819
1362	3108 5492 381 6910
1363	9234 2334 2566 6844
1364	4440 4146 871 1527
1365	8933 3150 547 7727
1366	1046 3957 8569 1988
1367	9500 9334 6886 3967
1368	3032 6419 6774 4775
1369	9844 4508 563 1293
1370	4223 5951 7387 1963
1371	9307 8912 155 5777
1372	2887 1029 425 6629
1373	5623 3803 9846 4868
1374	7936 9098 2893 6007
1375	6750 8052 7270 9554
1376	6390 3286 9765 4726
1377	8135 3119 6001 2288
1378	729 40 9433 5479
1379	3760 9534 5219 7348
1380	8035 2038 8261 5962
1381	1429 3959 6583 3809
1382	6290 9991 4119 9045
1383	201 989 3670 6494
1384	7088 270 6690 7795
1385	623 7941 2459 6921
1386	8130 2700 3184 8172
1387	6452 4069 2305 4522
1388	3359 4306 1654 19
1389	9937 7853 5593 8236
1390	3344 324 561 1323
1391	1424 7358 848 9940
1392	3643 3358 2436 1585
1393	8025 8952 8447 4139
1394	4235 5222 1543 7678
1395	5392 9163 283 2811
1396	8858 3693 301 9539
1397	1294 2898 4750 406
1398	9099 8183 6874 3684
1399	9575 8808 6223 1581
1400	4417 4166 6840 9656
1401	8355 9202 3849 3480
1402	5949 6079 5119 8276
1403	6879 7575 7925 5099
1404	8881 2383 457 816
1405	1277 1561 3369 8596
1406	5479 4477 3673 5071
1407	705 2915 8904 1279
1408	8426 3251 2605 7725
1409	1806 8983 7411 2461
1410	2044 3193 1244 2365
1411	1247 2071 7648 6343
1412	7165 4172 7867 9023
1413	3218 4064 18 678
1414	3960 5309 7188 4254
1415	1187 3739 9390 1092
1416	5867 3633 4491 365
1417	966 3311 6129 2602
1418	6901 2661 5518 8693
1419	5207 8901 2422 3160
1420	4106 2462 4475 4543
1421	7781 6900 4750 8840
1422	6682 3296 3960 819
1423	228 4462 4935 6674
1424	3384 9498 4804 3213
1425	1401 7730 1570 9076
1426	235 8919 902 2354
1427	5791 5834 840 3297
1428	1263 5937 3939 7305
1429	5586 2179 746 425
1430	6033 2828 5576 414
1431	6495 7081 5576 1063
1432	9050 5108 169 5684
1433	7580 7436 8091 9002
1434	7792 1351 9347 1535
1435	904 9774 5353 9983
1436	8072 6946 916 4128
1437	7691 2782 373 9915
1438	7708 4281 8439 9251
1439	3838 4184 5826 5845
1440	2078 8901 4598 9199
1441	9153 4726 7981 3363
1442	8027 2344 961 6024
1443	1468 8940 8670 6163
1444	5806 7572 9155 4077
1445	8921 8347 652 7042
1446	2252 2166 3584 2869
1447	1112 7794 7028 4714
1448	2262 7785 3839 5917
1449	2587 9762 8514 7557
1450	9750 1792 5714 2474
1451	174 4619 3321 3617
1452	3744 8406 3363 6822
1453	9051 7065 3149 6028
1454	72 2229 1526 4152
1455	1105 276 5378 4395
1456	4143 6629 6021 2972
1457	3144 9655 5918 5589
1458	5759 3041 2688 1429
1459	1835 7485 9384 1959
1460	2581 5005 9870 9007
1461	6837 8304 3269 972
1462	4930 2497 7154 5607
1463	3563 2323 606 7970
1464	899 7955 3585 7221
1465	2219 874 1254 2884
1466	7443 5280 1857 1102
1467	338 3496 5379 2521
1468	55 7056 1081 3628
1469	1904 1049 3976 2350
1470	910 3264 9659 897
1471	7325 3007 329 5575
1472	2962 6814 1506 5501
1473	5023 9971 3212 2742
1474	5365 7376 3415 2913
1475	7199 4355 7317 2121
1476	3804 5227 8712 7414
1477	9481 3166 8914 9666
1478	7863 1030 2500 634
1479	6548 6903 5060 7480
1480	6369 5863 6797 5394
1481	3622 7631 2825 1422
1482	816 8163 9639 3790
1483	6722 7541 928 1710
1484	6449 721 824 1223
1485	2989 6482 9952 5222
1486	329 1374 8415 7432
1487	6040 3283 8884 4558
1488	5827 5642 4316 1491
1489	324 1033 5088 6859
1490	3355 8162 4286 217
1491	2753 919 2039 4902
1492	7906 2516 7637 8439
1493	9483 2689 4144 4032
1494	4933 5788 4468 5211
1495	697 2378 804 1130
1496	7513 5041 3846 2181
1497	6424 9544 2497 6014
1498	9316 7759 4543 9052
1499	2041 6906 121 1395
1500	9919 7309 1140 6380
1501	2940 5063 5089 4860
1502	1261 7441 2133 7767
1503	4038 3715 1737 5200
1504	6604 6958 3477 1928
1505	1291 8723 5501 5856
1506	6295 6819 499 93
1507	9204 1221 6 259
1508	7827 7152 3487 5718
1509	405 1012 3726 7396
1510	1210 897 7416 1592
1511	837 1517 2193 1065
1512	4519 4163 4269 4071
1513	6814 7652 4872 2982
1514	8618 755 7169 5406
1515	8283 1196 6758 8127
1516	4550 9782 9180 2895
1517	5982 438 3523 561
1518	1817 776 6026 7957
1519	8869 2181 5598 9313
1520	905 350 1209 9127
1521	2197 4580 978 6860
1522	8780 8032 4050 414
1523	5915 8664 8715 7247
1524	1807 6645 6047 560
1525	7684 4917 5096 6950
1526	6558 4362 8573 9255
1527	4744 8823 2299 9203
1528	5336 1387 5452 3595
1529	4107 5899 4982 1713
1530	9861 4124 7221 1736
1531	1094 2412 3692 8439
1532	3559 3624 3 1007
1533	2127 2709 5230 8405
1534	137 3152 809 4592
1535	8854 7891 9218 8427
1536	3747 1757 2857 4283
1537	7170 3424 6951 2034
1538	3920 6910 8978 6789
1539	6538 5205 3349 3913
1540	6677 9449 8602 7619
1541	2082 4576 5322 7717
1542	1737 8355 3914 9646
1543	4410 2853 183 5255
1544	4592 1201 3808 3125
1545	9823 5012 5873 6733
1546	1368 8524 9 149
1547	6663 385 724 4989
1548	3838 6816 8382 9326
1549	1874 5431 4236 1466
1550	1752 5336 9811 5779
1551	5592 9951 1914 8062
1552	9725 6552 9324 7520
1553	513 3483 6599 6915
1554	6312 8641 9111 1667
1555	7146 3037 5929 9686
1556	3648 1187 991 3065
1557	5634 6803 569 8994
1558	7005 1999 6528 3408
1559	9794 1029 676 7242
1560	5012 3768 8462 1171
1561	9254 8878 8691 2293
1562	2880 4214 5439 1343
1563	1106 723 5008 5202
1564	2991 2302 3112 9254
1565	3403 5118 9334 2508
1566	9428 6125 8597 4634
1567	8972 8429 4597 4495
1568	5670 5151 2002 437
1569	9527 9021 2184 1236
1570	7522 655 8305 5957
1571	6870 8789 6965 272
1572	6603 3370 5168 5264
1573	91 809 8058 3318
1574	3227 6646 7487 124
1575	5093 6955 6648 4512
1576	1329 6774 7431 1186
1577	5539 3419 5272 9444
1578	2283 9460 9506 2462
1579	2353 5244 3950 2413
1580	8878 2965 3819 1910
1581	2277 3239 7292 9202
1582	5525 3875 7087 5262
1583	4684 7916 3291 4025
1584	5823 1095 203 1161
1585	9832 5464 8890 2262
1586	4061 7280 3194 3131
1587	1034 205 9609 5047
1588	2892 4616 3253 7943
1589	7873 6450 534 7914
1590	5473 3667 9214 547
1591	7490 228 3787 3258
1592	6705 9771 6305 2857
1593	6237 7971 3231 5621
1594	4835 1439 8291 7462
1595	4531 4917 605 9511
1596	1658 9092 259 7553
1597	3633 727 8569 1818
1598	6848 538 4175 1251
1599	4224 3596 5168 4744
1600	9495 1659 1092 1893
1601	3191 7026 1159 618
1602	7869 6897 8431 5842
1603	6787 5340 6298 6947
1604	6614 4377 8094 5875
1605	5513 4985 3223 8653
1606	9122 4727 1354 1340
1607	8424 8757 7875 4537
1608	1644 1025 9430 5909
1609	2395 9160 3547 6721
1610	4897 9654 4454 9970
1611	4848 5305 1584 5078
1612	8325 8349 4133 7508
1613	6885 4976 5527 3440
1614	2004 8195 4849 6650
1615	7410 9804 7063 801
1616	1237 937 2116 8956
1617	7832 6840 1529 8617
1618	9285 1604 4430 5032
1619	1244 4247 7912 4861
1620	4419 9150 6320 3041
1621	9603 2320 3301 6509
1622	8469 4578 9141 2314
1623	7343 3572 4561 4783
1624	5410 6860 3591 6403
1625	127 7280 655 1683
1626	161 1836 6228 8645
1627	2979 4500 7449 2033
1628	9751 8250 3391 8585
1629	2918 9346 3145 2668
1630	1252 8084 9808 9461
1631	7386 1097 6507 9172
1632	3503 5443 5940 5347
1633	1269 9579 1975 1094
1634	2534 9371 7617 1545
1635	2113 3168 5421 8527
1636	3790 1208 3901 3314
1637	5246 4765 1852 6507
1638	7826 6333 4271 6158
1639	7965 6144 1638 8832
1640	9938 3504 4189 5533
1641	4678 5169 5027 9568
1642	8377 2357 8914 5043
1643	2951 3564 5613 8779
1644	231 1128 9034 10
1645	3787 5160 2229 8822
1646	8856 2142 7584 7623
1647	8136 5812 5251 8928
1648	1819 2207 7875 5783
1649	5626 6589 7743 8733
1650	3699 8697 3166 235
1651	834 1221 4035 5918
1652	3839 9812 4200 3625
1653	6998 7288 8334 9186
1654	5125 9256 8265 683
1655	7042 8196 3819 5430
1656	6260 1436 3926 927
1657	7006 9584 8268 9141
1658	6583 3135 8873 3971
1659	7527 9469 5747 2837
1660	9516 1605 4427 2841
1661	4912 6214 5129 9646
1662	7943 7029 9159 7501
1663	4490 2135 5286 3000
1664	2446 9368 5810 4250
1665	5458 3511 3691 3899
1666	1205 5772 249 6581
1667	8215 9591 9855 3144
1668	8595 4938 8535 9642
1669	2318 4259 7541 4551
1670	8024 9041 8345 3553
1671	5613 4018 9 5261
1672	3410 2231 3988 443
1673	2844 5082 698 949
1674	2832 7044 23 6357
1675	5092 537 7671 6998
1676	7362 6564 7104 1897
1677	9778 5770 3947 1518
1678	7852 669 5083 4867
1679	4640 6665 7377 2451
1680	2547 9271 2646 4056
1681	8074 411 3125 8967
1682	8792 4131 9779 5798
1683	2563 3220 9026 6834
1684	2799 3494 9231 3943
1685	7515 2711 9064 8526
1686	2508 597 5797 9521
1687	2769 5282 3086 1457
1688	9847 7904 7723 8472
1689	4281 395 1443 1902
1690	422 3821 2832 4605
1691	9035 4376 1762 7958
1692	566 7619 3072 183
1693	7131 6067 1256 2149
1694	3989 1277 5098 8392
1695	5141 5477 2082 3236
1696	2856 4065 1224 374
1697	6357 4406 9138 7151
1698	997 6815 4650 4445
1699	321 4995 9381 9036
1700	192 8042 5179 6688
1701	6195 8085 9257 1913
1702	3993 3331 6845 171
1703	1912 8356 2169 2617
1704	7369 2758 6824 4733
1705	3828 7307 1021 2354
1706	4625 8476 5809 459
1707	9637 8324 1852 7463
1708	2509 6086 3621 5808
1709	673 315 3306 5794
1710	183 8898 251 5630
1711	8429 7685 3278 5480
1712	2840 3794 1761 5293
1713	4091 4789 8445 5837
1714	1132 1029 2488 4541
1715	9205 2439 4597 4609
1716	4304 8018 9894 8791
1717	209 2487 5698 1843
1718	931 8931 6018 6149
1719	9511 4120 7402 8327
1720	7528 7729 14 5573
1721	995 2029 6433 5679
1722	1913 2198 9505 5364
1723	8454 2386 627 5955
1724	5197 452 4626 1412
1725	1264 7201 5743 951
1726	3534 9434 7519 1502
1727	2825 1511 4191 5234
1728	8364 6996 1777 5369
1729	3779 662 7726 2412
1730	1763 5299 890 172
1731	3832 6899 846 1111
1732	1750 3455 2066 7602
1733	3100 5437 4151 5736
1734	912 1649 2017 1900
1735	6367 276 7221 7178
1736	548 7232 4220 7768
1737	1359 9081 8744 357
1738	1689 5765 2999 3326
1739	5203 4675 7528 8710
1740	3800 6349 8360 6093
1741	1617 7890 1817 572
1742	1773 1182 6923 9288
1743	5047 2845 5915 8754
1744	1865 3799 8532 1671
1745	6966 1055 2459 2591
1746	7688 9130 5168 6607
1747	3862 5236 5941 1196
1748	8019 1201 8624 5070
1749	6047 7121 8032 7749
1750	9268 1084 6089 2906
1751	1369 6170 8137 7277
1752	6740 8505 8263 4818
1753	8139 7663 3181 4549
1754	513 5449 2901 6277
1755	7143 9348 9152 4483
1756	3698 9021 7796 9826
1757	3492 5529 3099 4763
1758	3110 3866 1150 4106
1759	5221 6313 8443 9259
1760	5007 1515 3951 2330
1761	7064 7557 8263 1253
1762	1412 5167 8599 1903
1763	4630 4015 987 7505
1764	5763 3640 288 8426
1765	6319 4144 370 7739
1766	177 7468 2892 5422
1767	7757 98 7004 9274
1768	417 3458 9035 5749
1769	6269 536 1712 3181
1770	8836 1430 4837 1930
1771	967 7049 2153 6647
1772	15 8298 3416 387
1773	7400 7244 2692 5992
1774	8590 169 7672 8906
1775	4389 8838 4187 6205
1776	3857 2735 2063 7592
1777	4669 9446 4728 5765
1778	1133 3849 5162 1022
1779	278 6195 4535 58
1780	5592 9915 9627 3352
1781	8215 7782 8269 2714
1782	266 9445 3867 8712
1783	1877 9128 5801 1872
1784	6312 3014 181 6410
1785	8966 5399 8138 7522
1786	219 8699 7449 4148
1787	7179 7847 8642 6843
1788	9666 6065 2514 2782
1789	4794 8647 942 6795
1790	6949 9767 3366 2950
1791	4518 5709 4010 7048
1792	6542 5927 8925 7359
1793	5391 1310 1762 1816
1794	1215 571 4785 2441
1795	9395 315 9231 6147
1796	9359 9644 1615 9654
1797	6518 4733 9872 786
1798	4715 4355 3103 9784
1799	4445 1407 8904 9850
1800	8493 3959 3282 3272
1801	6808 8761 5681 7262
1802	3072 468 8890 5800
1803	6983 6677 4085 1115
1804	5894 6232 1008 1164
1805	2770 837 3654 9978
1806	1960 5863 1628 2801
1807	1014 9139 5744 1517
1808	3425 8532 5060 1245
1809	167 3176 8424 1746
1810	5166 5341 1090 7261
1811	3147 2189 963 2732
1812	5959 9148 6689 9440
1813	2437 371 3825 7631
1814	5858 1021 5713 629
1815	4307 984 2860 4575
1816	1778 8287 1534 9728
1817	9303 2325 7069 5097
1818	4874 4078 5813 4122
1819	1667 1276 7707 8556
1820	5314 7207 7743 3262
1821	1262 9899 2804 1323
1822	2297 4218 2001 5812
1823	7726 9335 5222 8375
1824	9760 2557 387 1123
1825	8092 3140 4260 5375
1826	1121 4935 1637 822
1827	5916 9088 517 1325
1828	9612 165 6303 7791
1829	2055 4493 1236 5440
1830	4292 5028 8696 7954
1831	4694 5115 8667 7025
1832	5655 5043 5935 4892
1833	8959 1860 7129 3806
1834	8908 9409 4870 8583
1835	4490 2626 5390 2450
1836	7452 6864 1297 7303
1837	2742 8908 9751 4794
1838	3877 4687 2285 6107
1839	4458 8062 9799 4692
1840	868 2673 1649 6172
1841	1735 2490 3146 3336
1842	9816 7561 668 6809
1843	8431 6439 7722 5392
1844	660 1073 987 5935
1845	7280 9578 143 4377
1846	2473 6508 4310 5423
1847	1988 4087 6545 3303
1848	691 4671 3959 4896
1849	7863 8581 7870 5831
1850	3484 9785 6701 1241
1851	5060 7892 5074 3917
1852	6788 17 9292 1434
1853	4414 2433 952 244
1854	4725 5250 3163 3069
1855	6983 4703 4379 7610
1856	9796 6809 2350 425
1857	4963 3335 9623 2900
1858	5069 14 4347 3870
1859	3404 7006 8103 241
1860	8854 612 905 6921
1861	9289 1535 2473 6532
1862	828 422 5940 8389
1863	6976 3524 3212 2656
1864	7454 5860 745 6688
1865	6745 3023 6072 5357
1866	3673 5384 2434 9608
1867	6228 5861 4658 8050
1868	7294 8386 196 5650
1869	2914 3535 6171 3614
1870	2319 8546 5316 2331
1871	9545 4829 9941 8611
1872	7486 9248 5182 2822
1873	3267 8731 7733 6312
1874	6759 7332 8513 4722
1875	3667 2583 2034 5413
1876	9150 4103 8907 3793
1877	4476 2952 3509 2378
1878	6351 9346 6469 1131
1879	8615 9207 1663 7994
1880	7930 4888 2774 4335
1881	6557 1419 3377 2896
1882	5531 9147 2677 2011
1883	3464 4883 2400 2564
1884	9478 3073 7632 6214
1885	1505 3270 9195 9645
1886	3445 906 9043 9254
1887	9876 1260 4562 284
1888	5443 6226 6961 9757
1889	6577 5309 2363 1618
1890	6301 4959 8916 7764
1891	2803 8184 6383 9579
1892	9992 2169 6089 264
1893	2897 8855 3845 9722
1894	3711 8751 9145 6593
1895	288 4387 3442 8904
1896	9430 7470 4052 7819
1897	2543 4580 8873 2359
1898	2828 5184 9010 5451
1899	6749 3306 9818 8932
1900	9924 9529 7183 2581
1901	9777 2695 1048 7078
1902	6555 3887 6383 4922
1903	6700 7631 6946 5595
1904	895 4022 6054 124
1905	4592 8400 3075 5993
1906	4629 3400 3964 1191
1907	8285 8731 8665 7930
1908	4113 1957 9850 3891
1909	9224 4956 3859 5166
1910	8854 4786 949 8617
1911	8563 9598 3418 7170
1912	1018 3100 4792 4335
1913	810 9266 4184 645
1914	6279 9684 7980 5966
1915	4954 2424 7087 6034
1916	3330 5025 5702 6826
1917	5842 7363 5699 6363
1918	6616 8306 5730 4622
1919	9747 4453 2446 9651
1920	4465 9558 2316 2869
1921	4597 9666 451 1577
1922	2673 5381 9968 9600
1923	7105 8245 3694 2068
1924	1816 858 4447 1744
1925	6185 8402 670 8058
1926	5107 4567 8468 6682
1927	4459 4974 7059 4790
1928	2418 1901 2596 2094
1929	7400 2069 1056 9715
1930	5273 4324 7597 1491
1931	2729 1908 946 6296
1932	7056 8626 3114 5562
1933	1031 4332 8281 9860
1934	2465 768 8954 8832
1935	2262 7686 1592 3971
1936	335 3494 9515 7040
1937	1786 7222 4925 3798
1938	4334 5504 8886 3106
1939	3914 1533 2730 2402
1940	6773 2725 4051 8588
1941	513 1033 7599 6948
1942	1781 8951 6261 3139
1943	7198 5060 212 4495
1944	5435 3968 6135 6615
1945	9867 5785 1449 1173
1946	2098 2174 6328 7224
1947	9886 7750 5090 4333
1948	8158 3657 6726 4370
1949	7094 1660 5798 4547
1950	6663 2707 1021 6709
1951	6011 9791 1114 3250
1952	8910 5821 270 4330
1953	2087 8266 8127 2209
1954	1969 2409 8565 8950
1955	1657 8382 5132 3039
1956	4312 6599 8306 7548
1957	1397 5130 6137 8543
1958	5274 7828 7731 2947
1959	470 6131 1373 2763
1960	7867 1214 1332 9530
1961	1343 8295 119 3351
1962	8669 6106 4588 3479
1963	3282 2699 3080 8091
1964	2932 2677 8033 4716
1965	5893 414 342 7225
1966	7847 1912 2111 2075
1967	8796 3307 7469 4630
1968	1987 3961 3479 4133
1969	7480 4205 6714 3811
1970	4363 3431 5488 5615
1971	4703 241 2508 9177
1972	2209 7925 385 3289
1973	1426 1668 407 9163
1974	2676 7899 8489 5910
1975	1190 6001 6467 5340
1976	9924 1717 43 9880
1977	7114 3940 9710 881
1978	5763 9707 8737 6056
1979	1209 9207 3733 2491
1980	8957 4948 2025 3381
1981	1604 9167 4806 2221
1982	5585 6566 2236 1900
1983	4461 6906 2867 9467
1984	419 3360 4252 1089
1985	3825 8282 8713 8889
1986	7212 1756 16 9431
1987	4484 9419 5366 6995
1988	3977 2275 7544 7688
1989	34 1070 4123 8696
1990	7872 2959 2230 1414
1991	760 6343 6119 5258
1992	3146 6565 1239 7916
1993	3691 7397 8343 6781
1994	4740 680 7574 9096
1995	271 4859 9032 5571
1996	9632 6408 8990 4381
1997	5411 1001 1093 1596
1998	7730 1775 8364 7293
1999	5405 3963 3794 7596
2000	4282 583 6342 5130
2001	1178 5703 2359 9340
2002	6100 6085 4134 3690
2003	7626 768 2259 6050
2004	4662 1569 4184 8007
2005	9455 6453 56 7050
2006	146 6684 9096 5661
2007	8826 7500 5432 3349
2008	1811 9201 4688 1392
2009	382 58 9699 7035
2010	1778 6757 1330 446
2011	4777 322 4520 7129
2012	1219 2138 8828 3393
2013	2705 3009 832 7848
2014	272 8604 4032 6987
2015	7589 3617 2040 4101
2016	5542 8911 7076 4037
2017	6618 6265 7429 9503
2018	1978 2783 1692 259
2019	6589 5875 1446 4167
2020	9128 2793 7401 7566
2021	3162 9387 1998 3114
2022	5281 7911 6550 1409
2023	9542 5800 6263 1265
2024	6862 7268 7137 4373
2025	3366 8905 5611 7668
2026	4594 4107 3163 9518
2027	8621 9777 2202 9865
2028	2383 1337 7848 4676
2029	2780 8300 8592 9116
2030	9690 5607 1467 3320
2031	8046 4339 8221 8581
2032	3217 6439 4790 8481
2033	9566 9481 9082 9486
2034	9142 546 1155 3687
2035	2797 9753 5030 4830
2036	2854 9225 5049 8922
2037	6818 8144 9221 6206
2038	9168 8422 2740 204
2039	324 3370 1998 6994
2040	2313 6957 989 8526
2041	2264 7890 1150 4331
2042	1681 8241 3151 7652
2043	9666 3863 5947 3022
2044	6237 4788 8085 498
2045	1031 496 7591 6889
2046	7811 2865 6208 731
2047	4893 9993 7809 6919
2048	1049 6666 8754 9575
2049	9611 2209 4199 1004
2050	5709 7555 839 7820
2051	2275 26 5619 7079
2052	5219 4148 6291 9536
2053	1724 8447 3443 34
2054	3906 3227 2374 7119
2055	3114 453 4824 2882
2056	4172 9854 5493 6923
2057	9212 1807 2214 4382
2058	4030 7423 4788 978
2059	6632 5115 9387 8532
2060	4877 4832 9098 3060
2061	3650 737 7912 6207
2062	9158 8515 4223 6739
2063	9837 8402 9654 5551
2064	7664 1596 1613 8924
2065	6827 8775 217 5700
2066	6602 1135 6662 4910
2067	3783 8624 5469 7899
2068	5297 7079 4660 9950
2069	764 6727 8291 9148
2070	6406 3348 5085 7991
2071	8141 219 5509 6145
2072	1852 2279 420 336
2073	429 2674 5616 1461
2074	9361 8577 3976 5772
2075	8479 5903 6317 9657
2076	6427 7841 2281 8915
2077	4826 7182 7215 8369
2078	806 7784 1528 5430
2079	3189 2413 7010 8229
2080	9243 7332 4309 1170
2081	4602 3607 6470 5981
2082	9022 9911 2386 7227
2083	9453 5968 8140 7112
2084	148 2483 3615 4463
2085	6855 5874 1261 7897
2086	9496 1102 6300 9154
2087	174 6083 5676 1889
2088	2091 7140 2243 6042
2089	298 8608 1669 2572
2090	8853 5698 522 6327
2091	6292 8872 3596 2131
2092	4580 9180 7670 5897
2093	6439 7011 3951 6137
2094	4735 4524 6305 3448
2095	1372 3461 1062 5292
2096	4684 2169 3519 9045
2097	4952 6355 8024 8347
2098	430 8472 2359 1171
2099	7918 7660 2642 4775
2100	5607 999 4593 4301
2101	3892 3483 8184 1881
2102	5522 7884 613 9681
2103	7291 1516 2576 8627
2104	5366 8272 2824 9116
2105	7931 5200 9277 7667
2106	6368 755 2128 5304
2107	7664 9881 6549 7802
2108	635 688 3246 2544
2109	262 928 3070 1439
2110	2684 5244 3524 8475
2111	6929 7633 6948 5432
2112	3272 7195 1584 918
2113	6351 9522 2019 9218
2114	9025 4522 6763 3883
2115	9954 3676 86 1065
2116	9575 3155 7572 3292
2117	195 2616 187 1909
2118	2453 4450 7650 6113
2119	2129 2360 6367 6299
2120	4809 7286 594 6232
2121	6241 9395 3525 1719
2122	185 7104 890 6600
2123	3586 3442 6863 777
2124	8045 642 6748 20
2125	2650 161 4243 5578
2126	3504 5642 2060 223
2127	1035 4231 2288 9965
2128	4841 9383 8943 845
2129	4051 8588 6503 3268
2130	6721 8543 9354 2357
2131	6611 52 2839 8677
2132	7812 5595 4126 6041
2133	4459 5045 3158 454
2134	2486 3700 441 9702
2135	5653 1647 9888 6786
2136	7624 2915 4230 1962
2137	3521 5868 5759 9310
2138	7226 5392 2287 707
2139	7825 662 2993 6063
2140	9451 6230 9971 6538
2141	1747 5966 2564 1935
2142	3012 9641 4314 3916
2143	8507 6842 8207 9593
2144	2443 7186 9062 1113
2145	2899 4641 1771 4254
2146	4629 5953 7711 5048
2147	9847 3074 6167 7716
2148	2229 9794 2977 8604
2149	4198 7009 9706 606
2150	3146 5961 6285 6142
2151	3408 6907 933 6929
2152	9001 2859 8844 7575
2153	7509 5900 6182 1705
2154	9782 1971 6681 2574
2155	8814 9680 3058 708
2156	6227 8520 5580 4289
2157	7176 1628 1772 1173
2158	6344 920 8330 6279
2159	5312 6895 2863 3675
2160	7513 8636 5865 7297
2161	2669 9501 4204 8344
2162	1030 1762 5974 5988
2163	5664 5968 2391 3086
2164	1674 3282 8058 1658
2165	6695 7463 3625 7528
2166	892 6773 125 7810
2167	4285 9986 7027 4049
2168	8537 8129 4659 2336
2169	1964 8755 8938 6433
2170	4746 9799 3305 1968
2171	4033 8606 243 7447
2172	520 9936 6415 8858
2173	2241 6962 9959 8945
2174	2808 6947 2414 4024
2175	8576 9731 7469 1996
2176	7533 1936 3669 5802
2177	5874 3345 2607 9951
2178	1858 7730 93 1395
2179	9744 8089 7537 4387
2180	5227 3366 9065 6182
2181	2448 8834 6859 2412
2182	7222 7167 413 8498
2183	1778 9360 2702 3959
2184	9143 9897 8192 7304
2185	5739 5559 9701 9371
2186	5339 1854 6761 6335
2187	6899 963 700 843
2188	9791 4221 7294 1156
2189	8621 5316 7785 6096
2190	3238 5516 2257 4835
2191	9099 3165 4820 9030
2192	6202 8560 9615 3914
2193	8096 4841 7043 59
2194	3680 2030 5572 8783
2195	5580 6613 483 8306
2196	7990 3346 4517 1622
2197	1116 268 8962 8934
2198	7271 6453 7482 654
2199	7740 4949 9275 1488
2200	8470 8836 5939 1629
2201	4349 5673 5761 9319
2202	5339 7041 6014 6161
2203	6143 3625 3947 5929
2204	3857 8913 9323 1837
2205	3567 3075 9189 1370
2206	9851 3772 549 854
2207	6359 8551 321 713
2208	6100 8845 8596 2350
2209	804 3767 178 7055
2210	9167 1399 7711 8577
2211	5116 721 4611 3507
2212	9380 1240 7310 6573
2213	9968 3385 9062 2208
2214	920 7502 4409 5114
2215	8651 5433 7118 3494
2216	2819 6969 550 1357
2217	4048 5577 8615 5083
2218	5808 8596 5885 2836
2219	7701 7255 5769 9350
2220	4430 314 6704 8228
2221	9604 1657 4604 6614
2222	8592 9756 9102 4671
2223	6024 4347 5505 3706
2224	3852 88 692 306
2225	6680 6142 1110 59
2226	5080 5801 4349 8219
2227	1877 8293 1961 8028
2228	3915 1002 2775 1948
2229	4832 532 323 239
2230	6398 4527 394 3340
2231	4372 8064 435 4383
2232	3558 2018 9518 721
2233	8399 237 9051 5055
2234	4326 5001 1044 9011
2235	9099 9248 3620 3009
2236	7159 961 6037 3748
2237	6722 2023 6668 4484
2238	3998 6426 3466 7805
2239	9961 2179 4069 7164
2240	7799 7142 1103 3005
2241	7437 1853 1717 4755
2242	2746 5586 1113 8787
2243	6607 5098 9874 9171
2244	4509 6244 9235 6651
2245	3537 5530 6911 7886
2246	6383 3368 6621 2157
2247	9404 981 4541 4127
2248	6038 4241 6356 5946
2249	7346 6991 4742 9292
2250	6710 3386 2509 1463
2251	6332 9166 4520 205
2252	6171 9597 8130 9831
2253	7078 1670 8438 8650
2254	6542 8200 51 1696
2255	8747 5403 388 7005
2256	8158 5511 2575 1747
2257	4142 4782 5486 1718
2258	1036 1144 9156 4098
2259	5402 6478 151 5894
2260	8265 6458 1060 5757
2261	1866 6932 3453 3307
2262	6610 4276 4629 989
2263	6652 8027 5635 8782
2264	1011 5786 4279 1545
2265	8788 1922 326 4098
2266	1253 5442 6634 6455
2267	3255 6682 5459 4279
2268	1114 3641 2305 356
2269	2191 4143 4102 6501
2270	2494 9981 5745 1187
2271	6681 176 551 2677
2272	9692 6948 337 6457
2273	42 5431 8856 7248
2274	1842 5067 5409 2323
2275	346 1545 695 3706
2276	4759 5732 4226 1178
2277	1999 3770 7003 6920
2278	6971 7194 7183 1595
2279	3683 6061 3072 3504
2280	8544 2534 2386 9118
2281	2648 8733 1 9100
2282	5445 5826 6606 7596
2283	3463 2016 6294 9755
2284	6694 4160 3205 8567
2285	2640 1028 2195 4349
2286	6269 8699 33 510
2287	9285 9012 5879 6424
2288	6877 7545 9532 735
2289	5883 6051 5052 6698
2290	8060 6804 5315 103
2291	2642 9863 9667 2056
2292	6837 3978 4368 4843
2293	3463 3812 1501 2859
2294	5119 9543 1644 305
2295	1483 4770 4146 8068
2296	4435 8441 4345 8650
2297	7450 128 2607 6833
2298	5204 3070 6440 6206
2299	4680 8877 5153 5982
2300	4719 3335 99 6493
2301	261 6457 1306 5134
2302	5284 7336 9617 1777
2303	3326 6854 8952 5054
2304	1564 8336 5144 9403
2305	7732 8267 429 304
2306	4063 9823 8083 9150
2307	8255 644 2136 4230
2308	3905 644 7342 4367
2309	6576 4308 4741 2924
2310	2572 6501 5834 2756
2311	5721 8992 1356 4883
2312	9130 2390 9568 2313
2313	9386 1688 9219 4817
2314	6606 2991 7472 4172
2315	5642 9898 6332 3280
2316	8640 4441 8691 6881
2317	2844 4114 8296 8633
2318	7311 1463 5531 5963
2319	9316 9633 2137 4211
2320	3146 8389 4437 8556
2321	7301 3208 3303 1514
2322	8686 1266 4426 5367
2323	6037 4432 9227 9740
2324	7719 944 2275 1230
2325	8400 5247 7830 3041
2326	3317 3791 6407 1132
2327	506 3520 2192 9515
2328	9139 7531 6900 761
2329	3894 8244 3232 138
2330	111 4595 7354 9315
2331	5478 4584 697 1577
2332	589 4308 5424 7610
2333	1331 6731 9010 4159
2334	328 8276 2768 6390
2335	6526 5336 8610 5134
2336	1229 399 1879 8108
2337	4769 4131 5294 7823
2338	698 4108 6806 458
2339	8368 7296 9772 9219
2340	674 4571 7129 1445
2341	1182 5105 7152 2214
2342	4915 2962 9720 3894
2343	4649 424 1399 3698
2344	950 3132 794 1933
2345	9723 2761 2948 6528
2346	7293 8492 1546 3247
2347	5601 9741 8584 1557
2348	925 8298 4289 8623
2349	9512 8093 1487 5770
2350	4876 8121 2392 4720
2351	494 7569 5884 3933
2352	789 8791 6580 6845
2353	4103 1549 5161 4095
2354	6783 1816 2180 6035
2355	4290 7518 4462 1812
2356	6601 6922 6751 8738
2357	3304 9101 8832 3982
2358	2099 9170 5201 8021
2359	420 8861 5764 856
2360	7449 8921 9996 2347
2361	5514 7708 6668 3945
2362	68 7796 7313 1734
2363	4091 2423 5202 8299
2364	271 7773 6131 1345
2365	6225 7538 1677 9975
2366	8909 8537 6160 9433
2367	3038 1620 1834 3351
2368	9848 308 2220 9968
2369	881 858 5141 8402
2370	2022 5507 7245 232
2371	5139 4783 2496 5067
2372	4050 2815 3433 216
2373	2733 9947 5696 372
2374	2884 1467 1217 3746
2375	4810 7394 1380 4121
2376	6833 1931 8729 902
2377	8864 8940 275 654
2378	2423 1540 216 7559
2379	2576 5369 8528 7422
2380	4054 65 454 610
2381	49 6964 1652 5936
2382	5152 781 3641 6823
2383	4762 3027 3220 7034
2384	9631 7111 9480 9149
2385	2615 2464 9787 346
2386	2865 3605 6177 6819
2387	2684 1869 731 7333
2388	2088 2716 9971 4546
2389	2962 1097 6737 8358
2390	7166 5577 3444 1790
2391	3289 8801 3430 6845
2392	4024 5850 369 5176
2393	7903 2070 7326 7804
2394	4643 580 3110 5878
2395	5622 4942 9712 3725
2396	9552 950 9729 9084
2397	6505 323 316 8173
2398	951 8868 1837 4474
2399	68 8640 6716 6300
2400	7240 2374 979 5073
2401	1573 4411 7305 1895
2402	2615 4002 881 6808
2403	9758 8834 5334 2647
2404	8587 1452 5213 2623
2405	1463 2504 9079 8810
2406	7829 9184 5736 3101
2407	6067 7394 8461 5625
2408	4590 2863 3630 225
2409	5368 1354 1636 6514
2410	42 6006 7636 2089
2411	2612 1569 5975 2331
2412	5430 9615 6203 4189
2413	7752 5630 6623 1773
2414	626 1099 7297 7254
2415	4664 184 2432 9402
2416	813 8380 8699 2491
2417	99 7505 3392 711
2418	9404 8711 3731 2570
2419	3393 9708 5932 8129
2420	1014 9439 2128 750
2421	632 8870 2433 7955
2422	4345 9716 3495 1088
2423	6856 8829 9153 5816
2424	1159 7998 1247 9883
2425	5168 1057 2370 7446
2426	4191 48 8212 2187
2427	2139 2680 6011 2332
2428	3781 6131 1201 7525
2429	4784 9461 5287 90
2430	327 4095 741 5799
2431	5577 329 9941 3300
2432	7195 7115 3920 7767
2433	8439 2945 7577 5978
2434	6672 1032 2817 4440
2435	459 1682 2261 3875
2436	9726 6396 8351 6308
2437	1234 397 6068 1329
2438	8880 4623 9539 6359
2439	4122 2427 1603 9549
2440	2335 5973 1153 558
2441	1464 9339 1627 2889
2442	6643 9485 8535 5627
2443	8880 8149 7886 2926
2444	4670 1424 6935 6796
2445	2127 3957 4995 4956
2446	5387 9333 4178 7498
2447	3660 1246 6805 7926
2448	2101 3365 9651 8929
2449	5060 2445 2053 6736
2450	6145 5202 9688 9835
2451	5792 6796 3316 5349
2452	3756 7572 9247 5930
2453	8356 6039 8268 232
2454	4896 4166 2471 3956
2455	4856 5982 5095 6249
2456	4110 542 167 7532
2457	236 4629 4531 1341
2458	5166 1555 566 689
2459	2992 8230 9440 2064
2460	3172 9744 811 236
2461	5038 6325 9122 9378
2462	175 2178 524 9980
2463	8599 5681 9600 2954
2464	2784 313 5563 8215
2465	9475 866 3021 2709
2466	3314 8558 9593 4860
2467	2835 6131 9006 8275
2468	9105 2461 3466 6178
2469	9848 9256 8300 684
2470	8256 6696 7550 3092
2471	823 3078 4378 5653
2472	3789 6340 168 3761
2473	3360 4501 1817 4583
2474	2470 2360 6033 2332
2475	1987 4002 1185 7592
2476	8915 3635 2236 3525
2477	9199 839 8940 2752
2478	447 3414 5722 7102
2479	6432 511 7440 7064
2480	3201 7632 5418 7124
2481	7562 1340 4522 7633
2482	5414 6195 4233 8422
2483	6771 6495 4298 6030
2484	9539 6027 996 6713
2485	7275 6263 871 4880
2486	826 6440 59 9389
2487	7329 2904 4438 3329
2488	6397 3228 6786 1175
2489	5173 7051 4920 7267
2490	5434 7775 416 2562
2491	5125 302 1708 892
2492	8121 1410 1921 9223
2493	2917 3344 9333 8563
2494	8206 3280 3360 7434
2495	9548 2815 8005 9714
2496	1676 2082 7003 3962
2497	9391 2897 4781 5090
2498	1902 8123 6997 8840
2499	154 9616 5873 9537
2500	9870 2422 3726 5969
2501	9361 6785 3098 5145
2502	6581 3781 1171 9611
2503	4478 2567 7778 8690
2504	3600 3138 572 4471
2505	1555 4776 3562 8987
2506	6837 6859 9451 3292
2507	291 1169 5568 3026
2508	8145 7117 3694 8685
2509	1822 8257 7013 4588
2510	9049 8003 1792 5243
2511	9204 8434 6064 5402
2512	1069 606 4561 3896
2513	9541 594 5039 6837
2514	7436 8925 711 2959
2515	1049 3830 1271 9656
2516	1757 1208 8497 9330
2517	7939 7306 3962 388
2518	206 8047 6325 8903
2519	932 1910 4190 5514
2520	5119 9423 692 7418
2521	1493 948 5840 8867
2522	9585 7760 8114 1699
2523	3386 7783 3703 3377
2524	4518 3011 8800 6491
2525	6061 8069 1227 5609
2526	2023 8828 3756 3985
2527	532 3038 4501 440
2528	1444 5925 3721 1496
2529	9925 8138 897 3634
2530	7351 9917 7879 7757
2531	3664 8269 546 2081
2532	1990 6078 2662 9802
2533	6396 6823 6280 5060
2534	8198 2787 6088 525
2535	171 820 3032 4961
2536	2649 8698 1099 1655
2537	1157 8494 815 2638
2538	3440 6125 2124 8092
2539	210 8902 6320 793
2540	487 4528 2714 7365
2541	9998 5346 6974 8607
2542	1980 3554 8494 2285
2543	50 5688 7840 2217
2544	5228 4635 8931 5791
2545	5114 3020 6149 8575
2546	5642 3803 3430 4461
2547	1485 9552 416 4726
2548	3283 6076 2141 1185
2549	621 5098 1161 606
2550	2475 3558 9530 8091
2551	9251 9050 8002 1091
2552	6270 5187 9219 7984
2553	471 1369 3598 2217
2554	4247 6007 1932 6266
2555	845 3803 8306 7231
2556	9059 7751 4441 5603
2557	4410 7232 715 479
2558	4427 570 6369 2429
2559	5670 4904 8274 968
2560	4885 7802 3393 7812
2561	154 4132 9119 2922
2562	5439 1836 9961 5154
2563	2912 975 909 7623
2564	7567 9317 1979 3750
2565	2453 3409 4974 9421
2566	6475 8209 89 303
2567	67 8526 4416 8882
2568	3367 7570 7134 177
2569	2187 8440 2941 7787
2570	5665 3273 9216 6372
2571	6540 7723 7122 3895
2572	7535 9383 8329 6995
2573	1183 2451 8590 8234
2574	2884 5380 5987 1346
2575	9209 7225 4183 4042
2576	3076 4055 1487 643
2577	895 1902 1506 4426
2578	1986 3477 5480 1890
2579	9391 4200 4519 5311
2580	1779 9210 9401 2412
2581	5628 7801 8806 1304
2582	3761 9664 3942 8190
2583	3112 8168 8979 4745
2584	46 8327 5258 1271
2585	3456 9853 1319 2381
2586	3395 1515 5875 270
2587	9099 9796 3206 9883
2588	4559 9216 8369 3248
2589	514 810 7128 1702
2590	8734 9646 3813 4096
2591	1398 8278 1168 2667
2592	5327 5187 3709 1971
2593	6808 920 9713 8168
2594	8122 8548 3653 8302
2595	6052 3443 7851 1732
2596	6152 3175 9370 7402
2597	4225 4842 429 2418
2598	9123 1201 875 4841
2599	3734 1201 2065 9544
2600	5047 5586 8526 2363
2601	9900 5919 7526 8957
2602	1907 454 5526 9394
2603	2761 3492 2870 3328
2604	9654 5107 5009 8911
2605	603 5198 6458 8737
2606	3577 2712 6295 9857
2607	9393 6340 5571 1223
2608	5198 4246 4100 9135
2609	6308 5061 8694 9881
2610	2255 1899 6543 3717
2611	4842 2164 5777 7619
2612	5009 3869 2642 7443
2613	3614 9868 8762 6738
2614	2187 4241 7649 7642
2615	899 4969 2490 4114
2616	6162 7467 5070 3918
2617	2185 8486 1756 9981
2618	3668 6853 7494 5115
2619	8590 9561 3705 5039
2620	5265 440 4455 799
2621	9853 6090 6027 2927
2622	4084 5644 4476 411
2623	6785 8403 499 9005
2624	1944 6134 179 6670
2625	4578 5115 8281 1783
2626	8846 555 9862 9764
2627	161 2259 8082 395
2628	53 2900 6325 5422
2629	3906 7743 830 11
2630	3509 8628 3871 3017
2631	8448 3251 4788 7276
2632	9152 8926 7402 9558
2633	5091 4818 3195 9507
2634	874 7919 3309 1599
2635	1354 1465 2480 4647
2636	1299 4105 480 9915
2637	1565 8549 2808 3793
2638	9353 7761 1120 1128
2639	6106 8736 4356 4489
2640	685 702 5373 6362
2641	3893 8912 2034 909
2642	1382 3385 707 9487
2643	6994 5746 8617 6559
2644	6156 7056 6935 6565
2645	5894 6105 1234 6209
2646	3187 5414 367 3658
2647	8859 1077 8985 6358
2648	9161 1104 6096 2369
2649	9090 3969 106 7756
2650	9677 7218 5699 1170
2651	8916 3326 5539 9244
2652	2167 2964 8730 5876
2653	1141 1728 2017 9496
2654	757 5666 328 4457
2655	3845 9954 1862 2108
2656	5068 8341 3950 9793
2657	6437 3952 8569 9936
2658	7859 3253 7808 8956
2659	1550 8958 6948 6582
2660	9652 7016 5949 9111
2661	9508 1122 4108 6486
2662	1962 2138 42 8263
2663	9507 2036 2877 210
2664	4634 3173 5973 3692
2665	4411 5665 2419 8196
2666	6910 3079 82 2172
2667	4113 359 1708 4528
2668	6323 6824 3531 3837
2669	5772 869 323 2045
2670	4304 4783 9657 5907
2671	7952 6580 7581 1509
2672	2438 8087 8450 3393
2673	9629 2530 5400 518
2674	8758 1679 4275 1378
2675	4392 9226 2506 2300
2676	9127 8580 7868 7486
2677	4755 5738 7582 631
2678	4819 615 1259 3776
2679	1421 8100 6804 4721
2680	3731 6677 4775 4431
2681	7618 1677 6819 7123
2682	9321 9502 8567 9330
2683	9143 1813 7686 8446
2684	8310 5904 7195 3913
2685	6645 1811 1560 4997
2686	5483 3388 4739 2538
2687	7851 1108 1946 9327
2688	1500 8208 9616 5986
2689	3944 9361 5279 9113
2690	7525 5996 2834 3710
2691	6076 4079 1239 6804
2692	8713 6382 768 7974
2693	5171 434 751 1022
2694	7094 7216 3701 119
2695	547 1929 924 839
2696	3243 2383 4355 8842
2697	679 9697 4331 5741
2698	5298 9570 6440 6608
2699	2454 6412 5957 7333
2700	3294 810 1829 3102
2701	3632 7986 4945 3668
2702	6627 9143 6402 3944
2703	6949 2572 9787 3454
2704	2486 9304 8828 8838
2705	3236 1712 5029 5317
2706	3547 9011 3581 5767
2707	5284 2921 4760 6836
2708	3874 118 9361 6896
2709	3767 6471 3129 9085
2710	3074 5651 6744 7430
2711	1505 1692 4992 5088
2712	12 9624 4352 839
2713	2540 9721 411 4743
2714	9099 1350 1163 2576
2715	8119 294 5179 4559
2716	4111 5005 3637 9714
2717	2493 9924 5786 7833
2718	6756 8126 288 5742
2719	7644 7604 1350 9799
2720	9824 9901 3033 8209
2721	7560 2023 6886 2688
2722	7633 1160 4218 1836
2723	9456 1231 2003 7678
2724	9700 3259 548 1279
2725	1476 1647 6621 4248
2726	7106 2254 324 5800
2727	3851 8379 630 2584
2728	4840 8144 8376 2792
2729	3194 2918 7535 1387
2730	7579 6312 3866 8268
2731	7732 7448 3093 1667
2732	803 9777 9732 288
2733	4571 7255 8695 6933
2734	3939 6371 8969 5555
2735	8839 4004 5829 1564
2736	7299 4550 2174 401
2737	8495 3040 2334 2081
2738	9994 5168 2803 4789
2739	7931 7247 3364 548
2740	1699 4278 1478 2031
2741	8100 8549 9977 5392
2742	7193 3762 8308 7508
2743	834 5616 6108 2553
2744	8912 2446 2690 6821
2745	259 3014 281 9081
2746	9420 226 3343 7543
2747	4784 2659 1918 2022
2748	2665 1712 7437 9020
2749	8990 3208 3305 7781
2750	144 3895 6574 1502
2751	5948 6803 7389 1006
2752	5722 4417 9127 9306
2753	6963 5435 8446 7476
2754	716 3204 2988 2688
2755	7576 1156 7360 2489
2756	9085 367 103 9619
2757	5758 5302 5764 4811
2758	1104 7606 4363 1758
2759	662 1978 3617 6352
2760	2708 8637 7389 8600
2761	8046 163 2924 9461
2762	6860 6576 2545 9947
2763	1552 6940 6256 6946
2764	2780 2665 6098 9688
2765	7351 1619 2478 4765
2766	8591 1232 5898 3181
2767	3407 6824 3689 3708
2768	3096 385 2129 6453
2769	3556 7941 6717 4310
2770	2742 6546 1771 7904
2771	924 6786 9775 8766
2772	571 3660 8237 2235
2773	4832 8824 9819 4665
2774	4975 4685 322 1915
2775	251 5806 9042 7980
2776	7419 3772 86 3654
2777	9133 7330 9518 6970
2778	9919 2471 7573 6075
2779	8484 5477 3485 4366
2780	5063 2228 1386 71
2781	929 6426 3022 2556
2782	3606 8471 8032 5160
2783	9683 1753 6911 5343
2784	7282 8645 9712 3562
2785	1355 9972 4410 303
2786	7354 7732 9733 8721
2787	6809 5791 5313 7754
2788	2660 9953 7109 6477
2789	2417 575 3222 5936
2790	4411 4657 7058 5243
2791	1497 2518 4243 7103
2792	8866 7702 2088 6157
2793	8433 9162 6487 5941
2794	3130 7045 9177 5431
2795	6080 8068 6670 9956
2796	3803 2705 2104 8877
2797	373 3674 8901 1309
2798	2975 6783 4472 2955
2799	4785 9698 7285 945
2800	1162 8792 8131 7588
2801	1254 6753 8383 8793
2802	2143 5221 3786 3454
2803	3496 4344 1745 8333
2804	436 9922 5424 520
2805	3264 4813 6750 9880
2806	8093 3717 7848 5138
2807	25 4429 1825 4565
2808	3914 7418 7083 233
2809	9775 3370 7714 173
2810	4767 2372 6742 6793
2811	9284 2059 9954 775
2812	5701 6578 9496 5166
2813	7901 6021 6948 4373
2814	2799 2458 1745 1528
2815	274 5254 9110 6676
2816	310 4426 1299 8271
2817	9780 6949 1437 4563
2818	1496 555 2415 7057
2819	4322 2327 6561 9781
2820	854 2850 9917 9788
2821	3232 9342 7847 1988
2822	3878 4883 4247 5866
2823	6458 3057 2415 409
2824	9385 3898 2316 3752
2825	4968 4601 2125 5015
2826	8571 6872 4788 1068
2827	4358 7787 6462 1417
2828	4414 6481 9051 272
2829	1998 9730 5080 8491
2830	4844 3438 8526 6261
2831	1771 8070 9286 4090
2832	3156 6239 3217 8186
2833	9417 2786 1148 2173
2834	9569 8009 3425 232
2835	5828 5016 6124 4164
2836	8532 2839 8408 5132
2837	5232 8765 81 8434
2838	7404 778 4455 9803
2839	169 3948 4440 4397
2840	3481 1452 2278 4630
2841	5378 819 3780 1943
2842	7983 1219 1966 6658
2843	8279 6518 8703 2646
2844	7594 7669 4812 2229
2845	4613 4183 3011 6509
2846	6396 8348 5255 6452
2847	3968 3914 8334 6906
2848	3649 7619 2908 5292
2849	1431 2685 1207 6786
2850	5767 6756 4182 1045
2851	8393 7277 7313 1234
2852	4042 7540 5363 3500
2853	7674 238 5111 5036
2854	3196 8913 4184 7165
2855	5546 3980 6398 9020
2856	9693 9568 4880 9631
2857	5996 2182 4461 5644
2858	2869 6750 2546 7320
2859	614 886 1467 2545
2860	6430 2991 6182 2693
2861	856 3873 5460 2580
2862	2617 8031 6261 1296
2863	8139 8231 3925 272
2864	6428 2741 1845 7978
2865	1186 6383 5257 7504
2866	2725 5525 4360 9036
2867	9371 248 1679 5814
2868	4701 9367 9949 1112
2869	5417 1719 7150 8707
2870	8265 9472 32 8246
2871	748 1185 1637 5023
2872	3222 7256 141 5658
2873	2016 2416 8757 3591
2874	8749 6371 413 2529
2875	7909 7835 7229 154
2876	7689 357 7228 6367
2877	1195 2910 7872 9868
2878	1394 9581 4376 8374
2879	2145 2216 6903 2534
2880	4485 7163 3885 2617
2881	5969 2564 3232 3194
2882	6782 9753 1182 1828
2883	8721 535 2095 7697
2884	7859 9220 6586 9135
2885	3216 2722 9923 1414
2886	8214 5592 5346 8160
2887	8971 7060 5630 9421
2888	9892 9897 1363 3562
2889	7903 2692 1654 8127
2890	8528 7968 5566 334
2891	575 4053 4046 1616
2892	8256 2711 8492 2926
2893	6156 2026 4622 753
2894	696 2876 8057 4636
2895	2950 1374 9811 9502
2896	9330 925 7700 3608
2897	5317 8984 193 819
2898	964 1250 7167 4241
2899	7150 1897 1904 4034
2900	6697 2705 8012 1857
2901	1664 7569 6137 6629
2902	5841 6149 8598 4068
2903	2198 1382 5747 6012
2904	7569 8587 8821 4432
2905	8966 8008 8626 1043
2906	6722 315 3105 2728
2907	2269 3919 5960 8815
2908	2177 504 1294 1438
2909	3517 8071 9734 9540
2910	8428 9612 1005 9893
2911	1627 6583 7917 1219
2912	3661 4139 1709 5932
2913	3830 5099 7668 6269
2914	458 356 372 9902
2915	6738 9439 6570 4232
2916	8510 8857 834 7359
2917	5647 1140 9437 8286
2918	2243 1042 4249 4923
2919	7467 9525 3534 8401
2920	72 1981 5937 8399
2921	5431 6060 8214 660
2922	6186 1479 4730 3501
2923	1782 9935 5897 525
2924	196 6659 4540 7290
2925	8006 6017 94 7656
2926	4780 4833 4283 2797
2927	869 7661 2740 1229
2928	6527 5089 1508 194
2929	6503 7189 7489 7690
2930	596 594 7139 5355
2931	4082 6299 7831 7340
2932	5505 1357 3584 688
2933	5286 7127 8874 2237
2934	420 8972 6118 3700
2935	5629 2267 9488 5513
2936	3596 641 7966 5933
2937	9013 8621 7123 1406
2938	7344 9733 2735 8605
2939	7421 5671 1067 6047
2940	1802 4046 4031 1609
2941	3498 3464 1159 1364
2942	7086 969 938 9331
2943	4997 9432 8072 8343
2944	994 829 9806 178
2945	6540 5991 8130 1313
2946	7327 5834 7336 6676
2947	5924 2836 346 1946
2948	8087 2258 7279 9534
2949	9387 8785 5865 204
2950	1376 7729 3257 2137
2951	2604 8116 330 9611
2952	5620 3881 3174 1641
2953	1990 5420 7807 5900
2954	9919 6958 6498 9016
2955	3899 1201 865 1353
2956	9766 5452 4266 3192
2957	7715 7636 5171 1964
2958	7172 4367 3115 3795
2959	2473 285 8508 909
2960	4312 270 8851 2890
2961	5681 6820 3545 9789
2962	202 9952 2101 8582
2963	7288 8325 847 8569
2964	651 8198 8478 2403
2965	1384 2185 3658 6240
2966	2725 6973 8312 7967
2967	3146 8112 8785 6818
2968	6331 9115 6526 568
2969	8769 516 8554 9529
2970	7158 4559 1480 6095
2971	1711 1044 7274 7732
2972	7182 6051 2748 2921
2973	9419 4886 1873 8496
2974	1216 4321 1681 2292
2975	906 3245 469 3576
2976	580 9785 5365 1114
2977	7025 2198 4503 3012
2978	7848 8980 4091 6042
2979	2116 5141 9789 4551
2980	9877 9129 4834 9289
2981	7794 1962 9294 5676
2982	9795 3519 8399 4658
2983	7100 3151 5850 129
2984	2535 3696 5861 6995
2985	9968 1177 6076 7528
2986	2563 1866 717 9447
2987	9028 4605 7759 2926
2988	7009 8376 6795 696
2989	8115 2699 1719 2948
2990	2096 4611 8341 8713
2991	4565 9531 5726 6564
2992	5914 1299 7976 8452
2993	348 6981 2433 1454
2994	5949 5773 219 8389
2995	6402 5450 5501 1448
2996	5513 9531 3154 4849
2997	9155 9574 8066 6583
2998	9229 9120 8469 3647
2999	8159 3797 5578 4930
3000	4072 9269 576 5738
