Students	3000
1	696 1609 1000 1400
2	1389 211 109 63
3	199 1913 503 321
4	1579 1332 563 713
5	618 1472 574 176
6	1450 1735 439 1540
7	1845 186 735 1258
8	1624 450 1658 1535
9	1693 1807 1044 336
10	282 1717 1722 396
11	1149 756 933 1395
12	1945 1492 1131 1573
13	682 1668 975 744
14	1590 1192 1223 177
15	809 1233 1115 309
16	1063 1304 1121 1438
17	195 1086 1881 1213
18	1183 990 56 1112
19	1909 701 1825 1554
20	1741 1276 1760 1640
21	1152 591 1029 1651
22	644 1050 855 710
23	1777 439 886 998
24	904 705 1200 403
25	199 224 573 1636
26	1829 1965 1009 1099
27	1944 896 638 745
28	852 223 1218 923
29	1996 690 1951 862
30	729 1529 76 680
31	1359 1798 1882 1341
32	1526 271 202 1931
33	787 1773 1057 1404
34	1731 1535 456 163
35	539 785 1261 1460
36	154 160 1916 1845
37	161 1657 148 1246
38	1825 583 941 1553
39	807 442 1311 764
40	1025 1695 867 1361
41	435 1269 953 1023
42	784 1160 1239 1166
43	1286 121 889 129
44	713 1892 1628 1782
45	1551 302 1987 409
46	1871 1738 73 230
47	808 1434 224 1940
48	522 1782 1987 918
49	1919 17 1527 1110
50	97 1168 1950 1163
51	418 794 1314 1643
52	450 826 247 869
53	111 497 220 1905
54	1585 1106 218 69
55	613 891 880 253
56	1449 923 1553 518
57	823 445 1832 1670
58	58 747 493 555
59	3 1487 1632 15
60	1293 550 581 52
61	1014 191 1072 841
62	1015 609 1077 413
63	538 414 39 1903
64	1809 16 448 1328
65	649 1025 3 262
66	614 640 1447 1249
67	984 147 1365 172
68	1800 1353 193 409
69	940 490 997 851
70	811 389 437 1630
71	799 1853 1163 1635
72	413 841 1679 1089
73	1525 1771 717 48
74	791 1524 206 817
75	1072 1279 990 1879
76	263 690 1271 722
77	468 1814 99 1466
78	1228 1417 585 652
79	1707 1381 531 1105
80	96 867 140 189
81	1524 1301 1820 722
82	426 1098 922 1675
83	489 1059 892 794
84	1278 594 1543 306
85	1562 122 1212 856
86	1853 1296 1013 34
87	217 1895 269 882
88	904 1513 1930 1504
89	1572 472 1118 1322
90	1139 855 1224 264
91	565 1267 1724 1660
92	808 1032 1234 102
93	1163 206 1649 961
94	1058 262 411 1507
95	1821 731 1297 1075
96	268 855 193 986
97	970 1587 330 1929
98	1526 1556 732 1234
99	188 1042 1181 631
100	705 207 1052 1022
101	1881 1057 610 5
102	184 377 953 1052
103	796 1708 1182 1600
104	1140 1769 507 19
105	505 167 1205 1241
106	1571 397 361 1649
107	1098 1455 195 1719
108	1725 806 224 558
109	784 299 1261 1387
110	1448 919 1866 471
111	1807 484 1918 1077
112	1119 532 809 524
113	174 302 806 1040
114	1302 870 1414 182
115	1043 1906 1536 392
116	7 1189 1561 638
117	1299 698 470 1964
118	574 968 1293 476
119	1855 236 603 1359
120	1546 861 862 1829
121	503 562 953 531
122	653 319 1457 335
123	1777 1335 1831 1287
124	33 533 572 1753
125	1204 1735 1211 709
126	1158 184 1441 274
127	1583 663 46 694
128	1577 395 256 291
129	469 1484 838 1573
130	1573 199 1996 659
131	916 1260 1997 1073
132	1069 908 1612 332
133	1727 1253 631 754
134	1751 785 24 670
135	931 1302 280 522
136	235 628 1951 679
137	1024 1633 1795 1788
138	1343 20 931 975
139	644 1635 1085 1428
140	72 1311 66 379
141	747 179 784 1815
142	676 1717 988 1675
143	136 172 1991 902
144	1434 1288 360 315
145	1220 1224 1240 552
146	134 1988 805 1618
147	269 519 547 1166
148	86 637 1576 368
149	1094 1301 1020 7
150	1567 20 1528 1617
151	1099 733 857 1575
152	985 150 971 972
153	1937 322 773 871
154	1781 1351 1842 676
155	1630 578 1901 486
156	1105 598 1310 393
157	950 1136 1052 30
158	636 389 399 767
159	87 170 1810 1655
160	573 1313 503 1530
161	208 610 1444 143
162	794 1429 770 245
163	360 1399 830 419
164	1589 263 582 1356
165	1851 1674 745 666
166	1934 507 468 797
167	1992 202 958 1717
168	905 609 388 1155
169	1723 1185 794 582
170	341 441 684 1995
171	627 676 48 1428
172	494 1601 1759 1817
173	265 150 1134 732
174	1128 795 772 768
175	1954 893 1961 700
176	1242 113 635 515
177	1164 1403 1804 1918
178	435 1231 1886 1939
179	923 361 1751 1946
180	1446 45 1372 1007
181	913 1266 1640 648
182	1958 417 1590 144
183	300 248 1395 1477
184	430 785 985 774
185	774 1740 117 622
186	1407 1233 550 279
187	1741 1720 1393 968
188	524 1293 1676 1583
189	191 1048 1885 1139
190	265 200 342 1792
191	1327 53 467 1566
192	417 1660 1455 1906
193	785 1994 924 1470
194	114 244 466 449
195	925 1241 542 920
196	1398 478 1177 89
197	558 134 1785 739
198	1284 396 1119 1766
199	1266 336 723 1909
200	479 892 819 1703
201	440 206 1843 1336
202	86 529 806 751
203	1126 1227 452 387
204	922 670 323 974
205	1821 1828 1029 422
206	1378 1725 355 1129
207	1484 113 535 1705
208	1165 150 803 719
209	183 1913 1966 551
210	1733 1389 1418 1719
211	45 1368 1251 315
212	1669 415 469 1701
213	483 1800 1960 951
214	963 700 3 118
215	12 1043 1225 1237
216	1678 547 52 804
217	413 1560 804 1502
218	247 505 139 350
219	1486 1728 1256 689
220	414 1312 1087 1964
221	161 462 822 1958
222	1638 252 1219 1671
223	382 994 1822 1654
224	1704 1120 842 247
225	1822 1080 107 1441
226	196 1078 1104 164
227	238 149 1418 688
228	1557 630 238 7
229	79 1002 402 1752
230	500 632 1556 1301
231	800 529 1454 745
232	688 831 1562 521
233	291 637 1562 537
234	1817 1757 1068 140
235	1775 1061 1901 1319
236	501 1965 1305 1037
237	626 83 1047 849
238	659 1613 665 314
239	622 1303 365 1684
240	1551 1130 1944 1622
241	1361 535 1387 141
242	7 357 739 1481
243	1773 716 1803 1525
244	1964 935 978 749
245	990 213 1069 233
246	950 973 1502 1393
247	1163 1371 571 1751
248	1858 34 57 1020
249	1275 1286 793 287
250	1000 360 111 1251
251	452 1829 994 771
252	244 912 1501 945
253	1857 765 1531 1339
254	1838 272 48 1521
255	1822 419 1153 32
256	1429 761 54 1200
257	1588 845 1345 1413
258	1749 1217 815 1847
259	735 638 1100 1102
260	428 1800 173 257
261	183 673 411 769
262	514 916 528 1264
263	526 1900 1170 1090
264	1390 1897 1684 819
265	353 13 186 1316
266	997 1424 465 1332
267	1229 1369 612 1687
268	1544 841 1116 971
269	1036 1792 1162 729
270	201 1509 1148 1399
271	1497 1086 1216 1624
272	1679 104 551 448
273	866 997 165 322
274	1047 1399 26 1616
275	1025 1131 1135 831
276	659 471 285 955
277	1508 1910 636 192
278	634 1496 1331 1901
279	1336 40 607 1089
280	1989 361 142 1929
281	994 138 1831 1698
282	1227 1147 1177 1492
283	1323 207 1759 465
284	927 210 751 1684
285	1697 440 1408 1795
286	754 96 1467 272
287	433 494 1197 1308
288	1163 757 606 326
289	66 1804 319 275
290	45 1702 690 1517
291	868 775 575 118
292	571 1591 1236 1372
293	1763 1765 1475 1451
294	588 1522 167 232
295	689 1647 834 48
296	28 807 1294 1481
297	335 442 116 310
298	1048 1377 817 1752
299	213 1029 316 1358
300	1827 1126 901 202
301	46 1251 335 1700
302	1324 1488 26 1751
303	567 1873 1439 1581
304	678 321 50 172
305	12 1801 707 1565
306	1371 1787 675 1348
307	1806 1725 1133 1716
308	815 317 1400 657
309	1263 922 456 1779
310	587 10 898 1445
311	457 1346 728 1217
312	1202 1802 274 1868
313	870 315 114 620
314	1980 667 1654 989
315	886 136 1502 1081
316	1370 1703 1188 1953
317	1770 1803 1122 1417
318	1905 1493 1668 308
319	1363 576 560 816
320	858 1390 727 1090
321	1417 1649 1302 409
322	614 484 1820 1179
323	210 422 269 1578
324	1810 1942 1086 1579
325	898 1926 1665 1363
326	1372 1111 1546 1811
327	1914 1866 920 275
328	689 1341 1104 1373
329	641 1413 483 981
330	420 1828 331 1387
331	1592 1413 823 1914
332	1655 939 104 931
333	1355 994 1080 1637
334	507 465 1854 1344
335	687 672 535 1992
336	588 1047 361 1830
337	1324 1034 291 491
338	1287 602 861 1043
339	1273 809 401 1210
340	1283 9 525 47
341	1702 717 1019 506
342	307 1547 1335 9
343	862 1885 1123 1308
344	1807 1595 802 1312
345	1926 1802 851 1418
346	868 1992 1033 1382
347	96 790 1532 1303
348	1541 81 1241 456
349	1898 1809 1171 1191
350	1498 1976 1960 1769
351	186 28 276 1923
352	1908 861 918 1177
353	44 68 1718 1003
354	306 233 854 1140
355	1517 44 606 527
356	294 937 355 1112
357	915 647 28 1295
358	1976 539 245 945
359	1263 360 1969 1291
360	1170 151 1994 1659
361	431 613 1713 923
362	1647 1162 1167 1107
363	427 1205 583 1967
364	925 497 32 440
365	1424 601 24 1963
366	451 5 1081 1067
367	1165 1901 1713 987
368	1423 1375 1462 834
369	598 1185 1628 1955
370	558 1100 527 1796
371	709 827 1201 1775
372	1135 612 1481 550
373	1014 67 1764 1277
374	242 1061 75 1360
375	1369 1331 1059 350
376	1759 24 1190 976
377	1189 824 1245 1120
378	1273 1533 345 136
379	64 1082 500 1531
380	41 984 1138 1699
381	865 450 306 1489
382	615 326 872 963
383	1027 372 1350 212
384	1105 1522 804 654
385	1550 706 1365 358
386	154 1566 320 792
387	1527 575 522 1560
388	621 210 525 455
389	79 1143 566 1022
390	675 1915 229 307
391	1450 1158 794 35
392	576 570 111 1686
393	737 87 1179 414
394	1749 998 971 41
395	1208 1249 472 187
396	1929 1415 1414 1544
397	1513 467 960 1135
398	137 1618 1041 1831
399	204 458 1700 233
400	34 948 1281 967
401	1952 1425 504 451
402	1805 1813 1390 1023
403	574 139 1744 1919
404	1148 930 1789 1877
405	597 1160 132 27
406	1150 1344 932 1294
407	1436 804 1999 683
408	907 1748 1196 682
409	479 952 1360 642
410	1556 1672 1900 483
411	1375 1868 37 614
412	101 1693 1498 651
413	1648 810 1468 651
414	1851 993 221 306
415	1384 431 475 1236
416	1603 279 1029 320
417	206 1683 232 1452
418	1800 416 563 1342
419	988 287 946 1594
420	812 1910 1004 1531
421	1839 1688 342 1714
422	210 1834 226 1177
423	794 857 1974 1684
424	454 731 1422 1267
425	301 303 1550 619
426	1761 576 540 78
427	1162 242 34 1706
428	1093 1970 246 1896
429	1842 952 1088 887
430	1166 397 929 1092
431	1258 1090 1586 166
432	1208 1597 270 961
433	1057 948 1395 829
434	1748 889 1310 1940
435	1189 474 378 327
436	1181 624 592 158
437	122 234 690 1199
438	52 1867 991 602
439	462 1471 802 1019
440	55 854 102 1620
441	1903 855 435 1086
442	590 1823 730 968
443	486 652 591 314
444	407 1416 901 152
445	1911 1621 214 1628
446	1305 1989 1117 1436
447	1347 151 653 1076
448	1193 1895 68 544
449	576 904 1088 777
450	879 110 952 1847
451	1586 1543 321 1897
452	909 375 681 1594
453	1829 1004 948 895
454	1469 476 1771 634
455	190 1196 820 1413
456	1933 1229 1521 981
457	453 42 1909 1432
458	982 1287 1194 572
459	551 1308 228 527
460	1380 1962 1352 1610
461	1187 1819 288 1439
462	1485 934 249 3
463	589 1328 1727 1533
464	344 932 211 569
465	1061 586 204 1182
466	855 1244 354 935
467	1792 936 1436 1653
468	1858 278 611 334
469	937 172 334 605
470	1272 286 94 1884
471	374 303 603 1000
472	437 856 70 343
473	732 1413 1872 910
474	645 1780 486 1839
475	308 1808 1461 552
476	528 894 1584 1299
477	337 222 9 1596
478	707 1872 253 424
479	1912 525 1523 1884
480	1600 1603 1320 440
481	29 1471 1096 1074
482	1167 121 420 336
483	394 1620 545 1713
484	1745 945 1594 1043
485	1650 1178 115 227
486	1069 293 132 398
487	623 1438 475 1286
488	1233 1882 1642 1789
489	525 1514 362 618
490	723 439 1 1419
491	1087 907 1535 1767
492	1485 833 1443 1774
493	1304 997 1388 890
494	687 321 385 853
495	151 866 1967 781
496	1140 1304 171 409
497	1991 707 475 389
498	1298 1861 880 164
499	1357 1659 1105 1477
500	1980 1879 1888 1354
501	1085 295 1487 1792
502	1831 459 1465 1870
503	307 757 1316 1467
504	965 1442 89 1331
505	1113 439 320 109
506	1823 1720 1880 1882
507	1259 1383 1298 1512
508	373 161 1054 625
509	1379 147 1470 124
510	1392 185 1336 1332
511	1119 669 711 1100
512	1193 1639 683 287
513	1806 1849 1478 565
514	666 925 1703 1577
515	1250 1230 944 754
516	43 383 1973 1607
517	690 1519 1163 121
518	1873 1945 472 1361
519	1143 722 1888 1838
520	1131 1162 1080 320
521	318 1114 235 224
522	1356 1184 1670 1513
523	518 1463 1438 45
524	790 1615 447 987
525	1294 882 1638 410
526	576 305 1866 1139
527	1987 1489 842 1027
528	263 1058 734 1839
529	764 643 1986 1937
530	94 1028 886 2
531	274 1965 375 560
532	858 134 233 1403
533	1617 1541 680 1849
534	433 1203 906 1902
535	1972 1800 159 666
536	1606 1759 1702 953
537	928 358 764 133
538	190 380 148 335
539	348 819 1448 1598
540	57 362 1079 1324
541	388 1003 1089 1145
542	289 1083 1847 225
543	227 1335 199 115
544	1329 875 1016 1127
545	1998 267 1870 957
546	1753 516 1707 5
547	425 491 1241 951
548	1075 1469 668 1909
549	764 1451 185 797
550	879 1943 1520 860
551	1775 197 1884 894
552	464 497 1704 290
553	668 1964 506 1251
554	203 1444 1164 397
555	1230 46 262 1392
556	1845 631 957 1614
557	662 1502 1820 375
558	126 297 1659 542
559	1063 1026 245 94
560	192 1666 689 170
561	1943 1900 1417 1397
562	604 1696 489 1961
563	662 408 1247 252
564	1991 1961 1887 1501
565	279 258 1905 165
566	757 1044 873 1773
567	941 650 1726 1382
568	1691 1010 565 854
569	1628 1456 541 1005
570	815 1534 1187 1863
571	1864 1657 1722 1110
572	342 97 1485 298
573	1814 640 430 159
574	1242 1260 1241 1581
575	88 278 244 613
576	1570 537 269 1571
577	1524 798 1668 455
578	464 570 584 1103
579	247 1360 1813 571
580	513 1455 1340 164
581	374 1016 1007 1393
582	1048 898 553 262
583	1872 1231 1012 1039
584	1851 1601 1624 710
585	309 1524 1102 1287
586	740 798 255 121
587	456 953 323 1160
588	1563 155 476 196
589	1089 121 914 646
590	1224 1404 1170 1090
591	1675 1206 1115 1125
592	1545 25 769 55
593	1123 1099 1341 449
594	7 45 1580 1871
595	278 1147 63 1306
596	719 1593 588 655
597	1412 254 645 1482
598	1293 1247 521 13
599	1640 93 1848 1960
600	777 1393 1475 253
601	844 81 750 1393
602	238 833 1434 1380
603	501 1390 1441 1434
604	1169 699 1678 921
605	1621 1779 1971 647
606	1474 1366 240 312
607	1885 314 1803 1275
608	498 1501 1338 509
609	56 1133 257 1020
610	1267 1651 1008 771
611	1718 350 1310 1158
612	1928 1839 1066 172
613	510 1906 1508 818
614	1220 1523 927 1255
615	1146 714 1729 1058
616	757 978 1859 1501
617	721 824 45 1479
618	1867 1651 770 779
619	1068 453 72 569
620	776 1396 786 1795
621	1282 760 794 705
622	1079 581 1546 1707
623	1876 987 133 1779
624	550 1065 1406 527
625	537 1223 1261 1821
626	638 1748 545 1725
627	1934 1447 42 637
628	1260 4 359 518
629	631 1747 1870 1496
630	872 1685 453 1737
631	781 1639 651 202
632	230 1566 58 1881
633	999 282 1723 500
634	1732 1141 1746 986
635	1578 18 69 1702
636	774 1458 1960 1269
637	25 1199 1372 667
638	1195 1365 1060 1183
639	1809 492 173 1814
640	1501 1952 1330 1448
641	152 1998 647 1723
642	377 244 719 1925
643	1726 432 1412 1075
644	703 1274 959 767
645	181 320 135 136
646	1235 1553 1132 207
647	578 726 722 846
648	1969 640 1785 529
649	1035 1381 1369 663
650	1242 1032 237 1306
651	1094 1228 1878 736
652	1641 1924 846 832
653	1732 407 1292 1762
654	1918 1507 712 822
655	1257 1464 98 900
656	1270 1428 1528 1897
657	830 1194 1083 508
658	606 1803 115 186
659	863 938 1218 135
660	677 1731 1542 431
661	1102 373 1894 1212
662	1362 655 1685 392
663	879 1889 273 1173
664	1771 100 579 1071
665	1698 1496 587 374
666	1358 1353 1965 1279
667	98 1858 776 1096
668	1754 429 90 1436
669	557 1548 1031 1164
670	1665 1353 1971 115
671	115 1907 548 1286
672	834 192 132 1827
673	314 965 1032 1065
674	1813 1563 1080 1802
675	112 850 397 1819
676	96 384 729 1126
677	1472 783 1465 871
678	2 554 1351 1476
679	1483 343 469 1719
680	1653 920 1696 922
681	1095 1012 682 1682
682	1348 1402 453 790
683	778 186 1601 989
684	1707 483 1355 403
685	1774 825 1763 1072
686	1050 1396 1925 1682
687	6 1683 1493 834
688	1666 278 1120 1060
689	128 1687 680 89
690	1858 1345 1928 1898
691	1778 1429 4 981
692	937 1687 1358 738
693	598 997 1948 1256
694	1727 1695 211 1074
695	1313 348 422 1517
696	1532 293 501 1071
697	788 372 826 227
698	35 1202 1481 667
699	1809 1360 1998 1167
700	1124 1245 1845 846
701	1122 1157 1650 278
702	1258 365 1861 1508
703	190 1512 1588 404
704	1678 1453 970 328
705	54 265 355 1280
706	1468 367 1643 1282
707	728 931 702 331
708	1300 574 1248 87
709	612 1954 1769 1327
710	1557 738 27 720
711	569 1454 800 726
712	1422 1285 1365 378
713	519 1645 734 1691
714	1554 1470 42 1788
715	1640 271 148 1180
716	1973 1800 1312 1587
717	650 365 645 243
718	927 1810 344 1665
719	1972 457 43 1739
720	1658 117 1790 813
721	1096 940 1455 1036
722	245 458 1089 800
723	1935 722 748 1954
724	976 1974 468 96
725	568 1525 1734 187
726	89 395 1563 1835
727	1390 1241 1942 1768
728	120 983 1050 358
729	1424 573 1843 741
730	1599 76 1793 681
731	272 918 1005 144
732	383 1932 1585 1566
733	1065 1850 1793 1665
734	1521 1193 798 1546
735	1613 1929 977 1848
736	209 708 972 189
737	956 599 1870 655
738	1164 1770 709 192
739	502 1901 482 1310
740	1508 844 1108 1456
741	1034 440 574 899
742	1125 1774 423 213
743	1007 569 463 964
744	395 1148 610 479
745	1760 1134 976 477
746	177 1005 1016 1632
747	1544 279 1036 1995
748	956 1401 579 765
749	573 1779 1025 1553
750	1208 1473 1587 1591
751	1731 174 282 1895
752	1189 1597 1328 1165
753	1 573 1903 1028
754	1579 990 735 1440
755	200 418 1306 1749
756	759 691 1539 791
757	1194 720 995 811
758	1794 1208 1375 998
759	1406 1319 374 664
760	681 1360 1776 1948
761	1125 594 526 381
762	862 1825 1070 1285
763	1918 681 1456 1250
764	1579 1719 816 1617
765	231 761 1457 801
766	1239 1196 592 1515
767	1218 1267 987 579
768	1653 1489 1734 519
769	1737 953 702 1839
770	722 56 1891 626
771	500 694 1178 1523
772	1974 600 1188 1323
773	438 609 227 379
774	1185 1601 159 1483
775	637 685 1888 1261
776	678 1853 6 1175
777	1068 1122 765 544
778	1646 1345 1748 1757
779	667 1960 1268 746
780	421 443 927 1787
781	33 195 258 821
782	1081 295 1036 1642
783	610 1113 22 287
784	329 272 650 1777
785	1391 1173 1263 1703
786	1364 599 283 105
787	1739 595 1288 1346
788	755 1803 44 459
789	7 1071 489 1470
790	262 1945 471 1707
791	1678 1520 1456 961
792	1779 1114 713 846
793	1573 807 1714 1682
794	1582 719 194 1113
795	368 966 1010 1364
796	1849 749 285 29
797	140 1626 1301 497
798	1111 1357 1109 157
799	925 41 153 354
800	694 1875 1607 1311
801	410 1414 158 17
802	1488 681 251 987
803	1769 1077 122 78
804	469 1217 1373 1851
805	400 1452 279 1533
806	1242 904 1997 1272
807	854 731 1625 339
808	1618 687 247 78
809	587 711 536 1057
810	1717 1511 967 9
811	1370 346 296 1075
812	418 181 986 1631
813	119 1223 907 23
814	117 697 1645 913
815	746 1369 1589 1128
816	1700 467 1639 1082
817	1206 631 771 544
818	1388 1567 1027 915
819	1330 158 29 950
820	706 1621 1331 1203
821	1293 465 1457 1095
822	175 798 1059 1757
823	1570 1004 224 1372
824	571 951 688 32
825	1104 1224 1711 1021
826	566 1941 182 1220
827	1081 668 1568 1065
828	397 865 1440 495
829	1174 1838 1227 743
830	1868 75 1749 962
831	1415 275 1028 1837
832	1399 1607 234 1850
833	1960 1566 1925 1048
834	1125 1003 1623 492
835	915 871 952 1384
836	1109 329 199 694
837	1140 922 1133 1342
838	1614 680 1722 1289
839	478 1474 1286 1646
840	93 431 314 1811
841	192 673 1336 1252
842	1039 1077 833 1561
843	1606 925 146 1379
844	184 1621 1094 1602
845	866 508 1655 467
846	1660 1169 442 665
847	576 1378 1127 98
848	1682 1631 1655 1368
849	642 1422 725 184
850	1073 247 1914 687
851	1081 1731 282 1005
852	1522 1046 1691 191
853	777 404 1131 52
854	867 1249 1773 1194
855	212 1834 188 1048
856	859 1185 388 1684
857	1049 489 71 1006
858	901 298 393 1664
859	1113 776 994 740
860	1078 1480 842 1353
861	1790 1746 1404 849
862	1401 1158 1893 606
863	167 1100 886 864
864	1677 1294 989 1849
865	316 1281 751 1994
866	1631 1785 1499 869
867	1071 1226 867 1707
868	20 1635 614 1842
869	1352 810 1818 1224
870	341 682 1193 1160
871	640 949 1279 953
872	1424 701 452 802
873	1559 888 590 1865
874	1741 1244 921 265
875	1699 1284 1973 857
876	559 1703 1947 417
877	757 1346 574 1262
878	1202 799 1145 992
879	919 525 540 1855
880	1649 1914 682 1938
881	951 34 757 916
882	1439 1527 1045 1338
883	1933 801 1522 221
884	1432 385 1039 1174
885	760 404 424 1200
886	372 963 1146 896
887	601 1965 21 1913
888	1366 288 117 1422
889	1351 1041 1524 995
890	427 274 1661 988
891	1765 147 1604 1244
892	60 300 1454 1077
893	476 680 1729 1175
894	1462 1010 346 1568
895	1344 765 935 1504
896	1404 13 1581 1185
897	1724 801 1865 1281
898	87 1517 149 361
899	137 341 40 1174
900	364 780 963 687
901	570 363 1863 1296
902	570 712 1446 283
903	157 1922 1620 1850
904	940 1968 1354 1627
905	1351 1750 1912 892
906	1075 1418 148 1626
907	881 1438 1328 533
908	1244 1045 106 1075
909	1736 1494 1966 1033
910	1458 1949 1476 22
911	1235 816 1421 1393
912	1184 463 478 1011
913	1827 1858 1266 1314
914	1332 1138 1688 1702
915	1695 167 700 655
916	728 763 1479 1949
917	1462 1829 56 929
918	1650 519 546 43
919	1329 1864 162 742
920	1229 1868 1284 547
921	1845 619 148 1639
922	1510 1837 1813 1924
923	1157 1840 266 290
924	779 993 759 1957
925	87 1212 1487 1630
926	432 591 1576 895
927	1655 1921 229 1192
928	1073 122 148 183
929	1775 57 416 1640
930	808 814 671 659
931	781 1510 277 284
932	1767 507 439 197
933	1152 1456 1758 1240
934	1777 770 7 887
935	1346 1450 247 1813
936	793 118 1471 78
937	1029 1730 1423 1653
938	228 1771 84 1865
939	1111 1385 475 1326
940	1612 501 1302 1920
941	1024 730 675 1989
942	1178 814 477 986
943	1436 435 1362 102
944	894 1984 1890 782
945	1214 753 1733 285
946	238 218 1595 594
947	851 1508 553 1768
948	579 681 619 1425
949	830 1457 871 1227
950	1398 1976 1485 1179
951	390 68 1126 1222
952	816 1235 1712 1103
953	73 1817 1681 942
954	1858 1002 990 448
955	40 686 714 513
956	747 1742 69 1157
957	1663 716 1662 1737
958	132 1976 1026 1264
959	168 1181 1977 791
960	609 1816 572 676
961	1222 226 1794 176
962	150 977 297 1969
963	260 685 1328 1974
964	1141 1219 390 1986
965	88 156 1273 367
966	585 1610 204 1096
967	1834 443 1332 257
968	765 1021 327 217
969	669 937 58 853
970	1130 1802 265 980
971	886 675 698 102
972	1520 1726 1755 1702
973	930 413 403 1983
974	1960 1992 1819 1274
975	1698 1314 269 1835
976	1223 1303 166 487
977	1122 607 1034 1143
978	1089 1875 311 380
979	941 1924 488 1839
980	584 878 684 354
981	1038 141 1743 868
982	1428 936 1277 996
983	751 1819 18 531
984	1957 952 940 1094
985	1649 1834 326 1332
986	394 953 848 1610
987	843 1863 1531 371
988	1816 1837 1779 236
989	932 1248 693 642
990	921 425 44 120
991	682 1857 656 179
992	1693 1793 1068 1786
993	1299 1941 424 1328
994	560 1714 70 224
995	39 1201 1681 1489
996	1541 1635 1371 820
997	291 1768 1676 1575
998	1309 481 1993 373
999	1228 1593 609 1087
1000	1090 1830 1445 767
1001	682 1880 646 1275
1002	902 1507 1812 1054
1003	1969 620 1745 123
1004	1742 1482 643 664
1005	1053 15 571 1064
1006	1039 1117 1498 272
1007	688 669 964 1265
1008	1933 263 1466 1441
1009	901 1752 1663 1082
1010	1747 489 1510 1561
1011	587 65 1274 1866
1012	1419 803 42 877
1013	862 1889 1846 672
1014	1574 642 797 1390
1015	1283 1850 829 1632
1016	430 1598 775 1300
1017	1114 603 693 757
1018	1810 399 782 1318
1019	1363 119 8 1757
1020	126 972 1929 646
1021	1527 1562 1432 1105
1022	1425 1101 359 731
1023	1651 326 694 1006
1024	1317 1118 1399 1975
1025	1635 1657 415 1221
1026	1926 370 1382 536
1027	1529 475 1402 724
1028	884 1778 433 1047
1029	1002 503 1922 98
1030	1826 1707 684 648
1031	1109 608 361 1247
1032	1841 1585 1564 61
1033	1039 395 696 525
1034	914 1217 1105 623
1035	599 509 1216 687
1036	1492 1611 1497 150
1037	1867 1860 1081 222
1038	1036 1241 559 1302
1039	666 28 448 1574
1040	628 168 222 1747
1041	268 488 146 486
1042	566 1201 636 1790
1043	130 957 178 1329
1044	1202 380 115 411
1045	1317 1193 688 1602
1046	274 428 751 658
1047	1795 1844 460 1041
1048	435 595 1258 224
1049	752 579 485 738
1050	780 273 345 685
1051	1753 1693 1716 1532
1052	1791 150 1775 1355
1053	1658 561 689 544
1054	291 1293 150 1018
1055	1966 937 432 180
1056	1779 1536 403 890
1057	1534 921 738 1195
1058	1818 1789 22 1079
1059	458 610 1759 476
1060	9 515 1087 544
1061	315 953 1673 1086
1062	1566 495 1354 1095
1063	1934 1126 1142 804
1064	461 206 1836 1334
1065	409 860 242 1928
1066	697 706 568 580
1067	137 595 1614 1399
1068	411 1694 610 1838
1069	344 77 671 453
1070	1149 1629 706 630
1071	1784 1063 1895 979
1072	1956 200 1487 1120
1073	61 174 1485 1461
1074	721 1253 620 392
1075	380 1618 908 1023
1076	1577 346 877 1944
1077	454 503 1272 1437
1078	1118 1518 1767 538
1079	739 1752 875 157
1080	1702 554 31 355
1081	213 1265 1752 468
1082	1133 1081 1127 1114
1083	1538 912 1598 1649
1084	701 1126 610 253
1085	1536 1148 1061 677
1086	1689 1467 1239 1604
1087	1715 648 1071 1471
1088	260 1031 574 43
1089	791 1200 602 1904
1090	1911 884 872 1571
1091	1037 260 60 908
1092	1583 953 135 968
1093	696 1120 1377 1868
1094	1943 505 337 712
1095	1651 1380 770 201
1096	365 630 48 1234
1097	1081 600 158 529
1098	690 500 1940 1695
1099	1952 1381 243 181
1100	984 1017 990 516
1101	1806 913 391 874
1102	1193 1599 599 1614
1103	576 52 1619 1396
1104	852 333 1283 1958
1105	1909 388 1222 863
1106	820 493 122 432
1107	839 419 888 682
1108	377 1504 728 1258
1109	1549 1951 505 1757
1110	1983 1842 1147 1238
1111	452 1166 1266 1669
1112	474 1065 790 951
1113	1819 1386 209 546
1114	1557 200 1278 1700
1115	1823 533 1832 202
1116	77 48 1918 480
1117	1987 1487 1069 723
1118	1720 1622 390 536
1119	765 135 1559 142
1120	593 1890 1228 1167
1121	262 1760 1899 111
1122	1385 1268 639 1379
1123	1946 1590 364 1527
1124	748 917 336 1677
1125	621 1845 1422 981
1126	1938 1767 1173 870
1127	1876 1399 1324 1575
1128	1763 1427 1574 81
1129	796 1318 1015 180
1130	1470 1657 48 342
1131	775 1957 668 1505
1132	1307 1918 1361 1123
1133	973 1029 1251 1511
1134	194 1663 372 940
1135	1130 1146 711 640
1136	1187 1500 1985 1782
1137	1286 1665 1613 1064
1138	251 1126 160 528
1139	1259 1394 1326 1789
1140	193 31 1551 738
1141	665 1667 1270 757
1142	1598 1353 1937 1245
1143	720 1632 112 368
1144	68 8 353 1849
1145	120 1201 1299 1783
1146	161 1192 573 1045
1147	855 55 1891 241
1148	1033 768 431 228
1149	15 1318 1223 220
1150	976 610 373 1089
1151	319 104 642 1763
1152	1826 22 1564 28
1153	1427 1980 1266 1498
1154	1479 568 917 1325
1155	1902 582 1540 1997
1156	1683 266 1466 1537
1157	131 1124 198 979
1158	669 1985 1673 1124
1159	1455 1322 1200 1575
1160	219 115 438 1685
1161	308 1408 1147 358
1162	319 1074 1877 307
1163	262 308 786 1199
1164	1656 1093 1231 563
1165	1523 1820 275 116
1166	952 838 694 430
1167	654 685 1095 1235
1168	329 911 1381 1055
1169	1068 1806 1691 759
1170	1748 1030 1171 665
1171	1209 552 1268 392
1172	931 794 1778 1185
1173	214 87 483 57
1174	106 1338 1980 1138
1175	338 960 1244 1960
1176	1437 865 1717 1282
1177	1464 817 261 21
1178	1040 1120 1468 1073
1179	1588 30 605 579
1180	1143 157 1198 563
1181	364 265 81 1835
1182	1105 1442 1023 1589
1183	481 1606 937 1020
1184	786 266 1727 240
1185	1951 1665 148 1477
1186	60 1737 1250 1509
1187	1214 1351 1330 951
1188	161 203 1378 738
1189	401 413 162 1253
1190	1945 1855 982 1031
1191	23 1708 1178 168
1192	1218 471 376 1152
1193	948 267 711 971
1194	1785 802 1623 601
1195	553 1631 879 1267
1196	1043 912 1953 1514
1197	1658 1719 573 974
1198	603 1959 1836 862
1199	1040 1509 1592 1232
1200	1701 1363 1739 994
1201	1100 197 1329 1779
1202	1949 1060 74 6
1203	1633 192 1669 1913
1204	375 663 1451 1631
1205	521 268 1156 1519
1206	1629 1727 986 1403
1207	673 1537 1904 1878
1208	1734 36 1121 1685
1209	1556 500 186 941
1210	834 1852 169 835
1211	1241 377 229 611
1212	1000 1412 642 1231
1213	1080 153 317 177
1214	1372 604 308 1215
1215	1818 347 987 529
1216	637 1705 1872 1073
1217	1248 1358 860 3
1218	181 365 197 1111
1219	1353 458 415 804
1220	119 591 1069 606
1221	1295 948 1899 836
1222	838 373 640 1956
1223	1570 1853 481 1454
1224	722 1844 1898 703
1225	186 610 1748 1175
1226	243 1360 1765 1271
1227	1838 648 1685 696
1228	1780 732 1786 243
1229	1660 519 1394 1721
1230	1181 992 725 1774
1231	420 1268 1984 1018
1232	1352 553 867 1379
1233	1756 117 1301 1907
1234	1963 370 1331 704
1235	416 1214 1451 1963
1236	752 1820 1286 1148
1237	1385 201 462 52
1238	824 412 1592 239
1239	1227 642 812 95
1240	875 148 1112 1516
1241	1021 989 82 877
1242	1295 1383 1689 329
1243	866 697 498 1121
1244	778 1377 1624 472
1245	1077 1318 775 609
1246	1220 1370 1387 1820
1247	923 1002 1327 1650
1248	1448 977 1225 1271
1249	41 653 649 388
1250	645 1995 390 210
1251	507 1219 475 566
1252	213 1262 1738 1414
1253	938 53 183 1219
1254	237 151 1646 890
1255	2000 97 839 482
1256	1738 466 1351 1481
1257	1193 777 250 186
1258	459 1045 119 1218
1259	1921 1913 455 271
1260	44 207 961 418
1261	1462 1677 196 152
1262	181 344 17 1284
1263	738 740 1076 128
1264	511 390 1175 369
1265	1500 1051 1343 1688
1266	1929 1719 11 1717
1267	1942 1432 1566 1153
1268	1291 1076 1734 664
1269	1643 1124 1793 432
1270	1454 555 423 1381
1271	1199 756 226 1935
1272	98 1368 1604 1058
1273	966 1808 939 1629
1274	1844 1141 915 308
1275	906 579 693 1097
1276	796 1847 509 836
1277	1694 918 540 62
1278	837 1110 1673 1739
1279	1975 1526 547 1298
1280	752 1591 1146 861
1281	1929 504 1759 113
1282	568 1431 1600 1595
1283	1151 23 249 653
1284	388 1331 1853 194
1285	1271 1455 42 1165
1286	1414 730 1518 260
1287	698 138 552 57
1288	878 769 1983 1367
1289	404 1053 217 91
1290	153 1244 907 1
1291	1775 131 1016 1388
1292	439 604 739 922
1293	203 632 706 1036
1294	1123 180 1152 1897
1295	1302 136 756 59
1296	154 308 738 312
1297	452 1004 219 1241
1298	1580 785 852 617
1299	664 1885 1059 1908
1300	791 1177 42 770
1301	732 1830 828 111
1302	944 1901 1158 1900
1303	1049 1875 2 888
1304	530 717 942 243
1305	545 1577 1785 1274
1306	139 1303 1670 95
1307	760 1918 1706 545
1308	81 886 223 991
1309	262 1249 995 1847
1310	1715 611 1899 1602
1311	307 1468 1353 756
1312	110 1236 191 966
1313	943 1544 1490 1639
1314	1942 54 1797 576
1315	1602 640 1604 1701
1316	435 508 210 554
1317	1616 1595 820 1518
1318	588 1889 1359 1740
1319	90 1348 553 1555
1320	924 691 1002 792
1321	1079 1974 1726 661
1322	561 1750 1815 1658
1323	1114 466 1839 863
1324	554 112 479 1662
1325	1794 1114 981 927
1326	111 1732 1418 322
1327	356 1421 63 1083
1328	1568 580 359 1559
1329	1949 813 1784 1073
1330	806 1480 1324 1405
1331	659 1152 1131 1278
1332	176 126 1322 1541
1333	250 985 1591 29
1334	944 91 1587 27
1335	59 1823 1664 1421
1336	1745 1382 965 453
1337	517 327 1758 979
1338	635 105 1770 1393
1339	344 1228 99 1298
1340	928 136 1318 1537
1341	1664 56 1888 464
1342	1212 1378 1177 147
1343	1961 283 628 485
1344	1673 1095 1176 1618
1345	1116 393 264 1222
1346	195 1133 217 797
1347	1589 534 1591 1378
1348	555 411 997 486
1349	239 1941 17 1486
1350	959 916 66 1204
1351	1083 467 1737 1385
1352	994 641 548 868
1353	643 986 164 995
1354	73 1061 513 1949
1355	855 93 1749 1532
1356	1156 693 1384 482
1357	1461 1471 979 399
1358	613 1016 1280 636
1359	618 1243 1057 909
1360	1627 631 275 108
1361	457 1041 890 215
1362	1259 690 323 1195
1363	1662 1201 1752 1065
1364	486 1604 339 1520
1365	1438 518 1427 1897
1366	1976 681 958 1896
1367	565 456 1790 332
1368	28 66 343 812
1369	1811 158 1817 1145
1370	1155 95 101 1655
1371	1949 166 1830 1467
1372	134 1037 819 1900
1373	844 1389 421 1117
1374	958 59 34 1258
1375	1645 1498 943 743
1376	1157 237 1570 38
1377	1969 1683 1721 756
1378	1138 418 51 1811
1379	1178 510 1195 1922
1380	1880 855 178 1911
1381	1301 461 109 1903
1382	137 1644 848 1236
1383	993 677 1558 1066
1384	575 1222 1602 1373
1385	1041 408 177 1411
1386	749 449 990 152
1387	323 1713 146 628
1388	1709 116 1485 409
1389	924 1084 1753 952
1390	127 119 1322 934
1391	127 1816 239 1766
1392	1335 1000 256 1386
1393	1375 210 411 1698
1394	434 1071 1667 291
1395	8 966 67 328
1396	697 906 1634 1154
1397	532 513 661 1595
1398	927 1647 669 173
1399	516 1415 854 450
1400	108 258 1646 93
1401	1816 517 1574 1404
1402	750 1645 123 331
1403	763 1998 70 219
1404	1618 371 739 1645
1405	1193 157 1041 211
1406	245 1606 1654 356
1407	1756 1393 1390 338
1408	1530 1894 109 425
1409	1806 598 1418 1617
1410	1052 1347 90 1497
1411	365 1975 1321 1245
1412	284 1945 1830 1472
1413	133 151 1762 269
1414	1798 1771 383 1109
1415	1340 387 982 626
1416	1775 213 908 1707
1417	340 660 399 966
1418	658 440 1428 1020
1419	1289 1463 15 1773
1420	607 765 1828 1177
1421	1989 1245 38 1007
1422	586 1937 634 1664
1423	1035 637 96 1727
1424	362 827 733 145
1425	773 784 180 988
1426	1488 505 1598 282
1427	1261 469 26 655
1428	391 294 810 612
1429	422 1017 14 1746
1430	149 995 1729 14
1431	861 1427 885 400
1432	1183 235 989 1317
1433	479 660 1563 1632
1434	1180 605 1182 1218
1435	1910 1546 213 666
1436	848 1128 571 1816
1437	1070 1400 1277 831
1438	794 444 946 812
1439	1665 108 705 1755
1440	1753 114 868 1678
1441	362 1164 823 1894
1442	1684 401 438 1977
1443	519 971 1394 1332
1444	842 1003 1467 1395
1445	862 540 276 209
1446	1804 1355 1465 1037
1447	1305 1680 1795 1143
1448	1697 1298 1218 64
1449	1216 737 1462 583
1450	333 1211 1888 835
1451	1886 994 1987 137
1452	857 1001 547 1408
1453	682 1962 1656 639
1454	618 1780 857 420
1455	1428 1957 120 937
1456	1456 450 194 216
1457	1937 1598 378 226
1458	384 15 1955 1378
1459	1278 157 1306 1111
1460	1698 945 1980 1766
1461	380 67 506 532
1462	1992 1600 1112 1617
1463	1858 1290 384 1179
1464	225 432 1704 1301
1465	593 765 1440 1098
1466	48 1408 634 1927
1467	1491 680 1531 1806
1468	910 988 768 1134
1469	1138 940 525 1428
1470	136 1829 1204 1147
1471	1575 1868 197 1127
1472	109 1374 1640 1444
1473	1333 909 1490 391
1474	982 491 202 234
1475	1010 1922 1335 1650
1476	1927 410 745 1343
1477	189 1487 1096 1106
1478	823 1353 1199 91
1479	1304 1587 415 676
1480	1515 1433 898 1271
1481	161 18 1748 1514
1482	1273 1714 1970 431
1483	269 912 181 690
1484	954 594 1869 310
1485	884 1885 278 1320
1486	484 117 895 1541
1487	705 1491 642 661
1488	764 248 190 457
1489	552 887 1635 519
1490	1881 664 68 1231
1491	1020 945 274 1705
1492	565 1206 1802 464
1493	1112 359 710 1176
1494	1268 1764 8 1811
1495	1158 1779 892 1045
1496	938 92 1643 279
1497	1926 1427 12 677
1498	1578 1795 1276 401
1499	1793 1254 1190 721
1500	1032 574 780 1683
1501	1074 1272 1435 1137
1502	1087 712 895 408
1503	1157 1389 418 1994
1504	938 1721 188 1185
1505	1965 792 830 164
1506	1344 1101 1889 477
1507	465 751 158 891
1508	385 1250 771 1737
1509	1404 1541 624 664
1510	1636 676 815 1753
1511	1301 143 708 826
1512	1787 1911 1737 362
1513	1796 330 194 1900
1514	1257 746 626 749
1515	927 835 1010 766
1516	190 1780 1919 1236
1517	644 371 235 485
1518	1385 1642 729 1670
1519	1889 472 1639 1850
1520	1146 1703 1149 318
1521	1006 352 1846 510
1522	846 625 572 493
1523	858 278 795 1951
1524	62 1664 1284 90
1525	1072 1312 1562 504
1526	555 277 1638 1626
1527	115 1708 1799 84
1528	1063 326 986 1469
1529	1529 1722 53 1418
1530	1931 1880 1164 475
1531	1588 1169 1058 1139
1532	1899 506 864 477
1533	1879 1630 721 333
1534	1063 796 1468 1729
1535	1865 1940 1975 1859
1536	1948 1835 60 1731
1537	1369 1268 922 1079
1538	931 1356 1214 1695
1539	1081 941 784 1528
1540	842 373 1912 1317
1541	699 5 1034 1469
1542	450 1260 1479 1488
1543	1117 453 795 1300
1544	1769 1426 762 130
1545	1181 12 1112 1339
1546	1654 5 1969 408
1547	1000 1461 2000 624
1548	1968 332 538 1249
1549	491 1546 1332 91
1550	780 335 1229 1325
1551	1939 1721 1550 1701
1552	1486 460 191 1405
1553	706 1217 977 932
1554	1563 238 1217 383
1555	892 194 1048 1427
1556	1703 199 1602 1129
1557	769 1128 1175 1503
1558	1519 1482 1067 1851
1559	95 1989 1164 766
1560	1698 1175 59 633
1561	52 1268 1114 1104
1562	514 1213 1423 1439
1563	459 433 520 1992
1564	962 471 1894 1019
1565	188 47 1982 1195
1566	1393 1602 1167 1897
1567	1243 1409 343 750
1568	1527 95 399 853
1569	828 351 1325 378
1570	980 1078 913 1224
1571	938 1600 854 385
1572	1023 1459 1606 702
1573	1482 996 1081 1551
1574	215 1122 105 299
1575	744 755 1871 473
1576	726 1133 49 697
1577	133 1975 995 1440
1578	738 1157 1086 1260
1579	587 626 599 14
1580	1116 615 1092 684
1581	1748 366 1660 1182
1582	1694 526 1969 449
1583	67 1706 88 217
1584	6 1396 937 1040
1585	393 299 1885 1175
1586	1049 1075 679 243
1587	1261 1388 339 341
1588	749 1056 1913 726
1589	1085 856 1649 1889
1590	221 337 1012 596
1591	796 1701 521 510
1592	603 674 1142 1644
1593	53 285 337 816
1594	1296 1839 58 1601
1595	1100 1226 1288 1984
1596	1753 280 1181 866
1597	588 1418 506 272
1598	629 1533 846 908
1599	1245 360 677 1790
1600	60 1636 1757 815
1601	115 1672 1895 1240
1602	1117 1855 558 307
1603	311 1524 1540 1197
1604	1058 80 179 1956
1605	686 1512 915 952
1606	1931 1423 1168 296
1607	661 481 1013 1951
1608	1243 1711 536 1074
1609	1531 1768 1336 395
1610	1001 893 1854 1960
1611	1059 1369 988 733
1612	1197 653 284 710
1613	840 681 407 448
1614	34 1954 1033 1985
1615	43 604 1055 777
1616	1578 1673 1323 1825
1617	451 63 1124 1850
1618	366 1002 378 1110
1619	453 1271 1911 93
1620	1528 1901 1163 255
1621	1584 455 1889 667
1622	428 1474 1659 857
1623	554 144 1692 250
1624	1518 1913 282 40
1625	315 1664 1266 1492
1626	116 1365 1769 1849
1627	1637 1962 218 150
1628	1193 934 276 1188
1629	1924 1565 84 1039
1630	1859 933 1777 1537
1631	539 98 626 1750
1632	1236 1417 1909 1945
1633	1804 548 1589 1347
1634	668 97 369 1660
1635	1981 1257 358 1169
1636	799 763 654 149
1637	1085 1488 895 281
1638	1964 1535 518 251
1639	140 320 1995 1133
1640	544 428 1834 721
1641	1636 1436 1532 459
1642	1998 749 1521 1374
1643	1993 898 1195 1821
1644	1188 1970 892 1614
1645	1298 674 795 1899
1646	834 835 1429 514
1647	366 1150 688 1038
1648	1808 1414 1202 1219
1649	689 1763 1347 1934
1650	1243 285 1268 1622
1651	35 1758 1836 743
1652	884 1904 872 827
1653	854 410 693 933
1654	267 473 77 658
1655	911 1604 990 1474
1656	101 1110 595 153
1657	1022 661 496 2
1658	18 1761 1214 1939
1659	1349 118 421 912
1660	1684 792 335 1617
1661	1296 1826 468 21
1662	1150 1467 895 828
1663	735 1143 1619 1362
1664	1280 1662 194 1581
1665	39 1288 1440 1973
1666	105 1023 1030 1551
1667	1153 1984 1543 1129
1668	49 562 918 1603
1669	1864 399 1282 1356
1670	100 1189 1168 1564
1671	280 98 1772 1794
1672	199 44 1114 398
1673	587 1217 1885 1975
1674	410 661 881 389
1675	129 418 988 1962
1676	745 968 753 1642
1677	42 283 1897 894
1678	914 1929 399 1314
1679	777 782 1759 495
1680	735 1214 1020 1308
1681	136 192 400 841
1682	1439 739 1818 896
1683	715 1435 1042 787
1684	1706 103 1086 682
1685	19 156 1237 857
1686	1893 13 1709 1662
1687	1943 1098 375 105
1688	1628 648 877 1729
1689	772 1310 172 475
1690	1710 1561 432 1928
1691	457 562 184 553
1692	1094 207 1398 1974
1693	467 973 1582 1216
1694	1603 1467 1995 1156
1695	1247 1299 1161 679
1696	1013 670 698 556
1697	1014 600 1887 1697
1698	1128 1472 762 1754
1699	1443 1059 159 1277
1700	1561 1761 33 1631
1701	645 639 1392 1141
1702	92 1216 1841 738
1703	1752 924 542 1422
1704	653 1564 1304 1772
1705	450 35 754 563
1706	282 703 465 1168
1707	798 811 1439 1264
1708	696 874 1341 543
1709	1820 594 768 1442
1710	545 817 192 1777
1711	1521 887 853 647
1712	863 479 1093 1909
1713	198 943 652 157
1714	713 257 239 1694
1715	1250 877 59 1054
1716	675 958 318 639
1717	1012 1310 547 972
1718	389 1741 779 1698
1719	1594 1741 1247 959
1720	1125 1123 812 369
1721	177 841 413 870
1722	1103 824 1507 1891
1723	773 703 845 1092
1724	106 1684 1768 501
1725	51 1705 23 17
1726	836 1188 1311 222
1727	1538 1096 1482 669
1728	1412 1245 1340 1581
1729	211 678 1243 145
1730	428 750 1358 771
1731	294 1009 16 132
1732	1061 240 957 1335
1733	965 1470 307 1654
1734	1880 1443 418 1200
1735	1570 1210 1595 426
1736	1194 903 1483 27
1737	1943 1494 267 703
1738	1046 28 1746 1303
1739	472 1324 174 1361
1740	316 1871 784 289
1741	682 1312 319 97
1742	1737 1768 1351 1047
1743	240 1736 456 90
1744	1141 531 766 1108
1745	573 1495 1212 248
1746	733 1344 1948 1034
1747	550 1202 678 1252
1748	1776 707 463 118
1749	52 104 408 1006
1750	1723 1838 1447 789
1751	694 640 209 815
1752	533 1783 245 866
1753	1422 537 1224 1644
1754	665 1152 1273 798
1755	270 87 394 145
1756	1099 1881 705 214
1757	191 1957 612 785
1758	1590 1710 345 697
1759	507 278 1589 1372
1760	1348 171 316 1553
1761	303 1031 814 570
1762	345 1790 1041 537
1763	1870 853 1837 1550
1764	1519 1940 407 1972
1765	1148 207 546 1845
1766	295 1340 1961 534
1767	76 1638 1128 1691
1768	60 499 540 62
1769	729 257 1941 1656
1770	475 1638 810 1217
1771	1140 3 1687 1181
1772	1855 543 1860 1519
1773	1884 1306 1923 854
1774	1223 629 1225 396
1775	600 1750 1239 634
1776	123 71 474 197
1777	923 1088 1221 85
1778	774 312 1863 1849
1779	552 1533 694 717
1780	1726 442 1454 790
1781	582 1635 709 959
1782	851 1013 571 1160
1783	614 1256 192 989
1784	157 703 504 1801
1785	1667 144 1277 1687
1786	1738 1900 956 608
1787	1467 1460 1965 1285
1788	955 761 892 1955
1789	272 234 1914 980
1790	1858 1596 1184 1529
1791	102 1144 956 696
1792	821 517 1693 1737
1793	1957 338 1218 491
1794	1354 1233 1317 1060
1795	400 16 629 1672
1796	168 560 1921 199
1797	769 434 7 591
1798	1683 811 14 684
1799	1182 1648 1942 1297
1800	1391 521 1633 1718
1801	1484 857 1248 772
1802	1745 197 1915 484
1803	365 500 1892 267
1804	1591 1688 1554 1854
1805	1950 1417 1975 466
1806	1523 633 1534 1530
1807	353 311 618 615
1808	1027 986 1309 1987
1809	935 1541 414 561
1810	777 1087 1970 1297
1811	289 1803 468 1723
1812	1042 1924 821 880
1813	1330 679 2 413
1814	780 320 1268 1550
1815	1321 213 1009 654
1816	1735 605 1963 1852
1817	1118 686 482 1638
1818	1599 1996 1738 585
1819	1490 1589 398 1350
1820	117 1410 8 701
1821	975 416 797 474
1822	1953 705 69 262
1823	1391 1362 81 1731
1824	31 1447 975 70
1825	1896 1256 947 1001
1826	1130 1244 540 729
1827	233 1146 249 234
1828	1572 1373 1416 390
1829	723 816 536 9
1830	979 9 160 265
1831	429 251 7 1834
1832	289 693 1742 87
1833	1956 514 176 807
1834	498 1846 1057 137
1835	1353 895 697 83
1836	899 130 625 206
1837	738 1271 457 1753
1838	7 216 1927 906
1839	1396 573 1316 205
1840	797 170 577 1121
1841	387 57 1684 1799
1842	419 1024 880 1078
1843	1947 1573 1491 794
1844	1101 1390 1261 1485
1845	369 497 66 1849
1846	1632 967 479 1530
1847	1449 111 1926 145
1848	1499 664 1603 105
1849	1082 1279 546 1198
1850	520 1747 319 1611
1851	138 66 804 1758
1852	1657 1844 281 1878
1853	345 579 996 864
1854	1567 4 952 1344
1855	620 780 1056 60
1856	435 33 663 1479
1857	966 1239 933 82
1858	1613 1321 1469 628
1859	1910 918 1961 1879
1860	687 1035 755 944
1861	1279 1917 486 770
1862	758 1150 1586 877
1863	1057 842 1024 1714
1864	1880 97 1238 1829
1865	1031 1942 1789 1233
1866	1905 14 1529 984
1867	1011 499 556 1329
1868	1311 530 1162 1094
1869	1496 93 1499 914
1870	1954 830 1550 43
1871	1837 281 1931 725
1872	1170 1328 1365 386
1873	1206 39 1641 467
1874	168 718 1393 1738
1875	931 840 944 21
1876	1202 1372 192 886
1877	1182 1654 468 1954
1878	1706 127 528 1806
1879	355 343 220 279
1880	1235 324 574 371
1881	37 1942 1534 438
1882	837 653 479 496
1883	1941 125 1126 1821
1884	332 824 56 1673
1885	1854 1801 1677 781
1886	832 1380 1059 442
1887	1276 238 122 1073
1888	1814 1069 1822 189
1889	194 1344 1106 1917
1890	66 109 835 848
1891	215 854 1006 1472
1892	1922 1403 1305 600
1893	148 1005 1281 1408
1894	308 321 645 1415
1895	59 12 986 483
1896	377 991 1443 1481
1897	791 166 795 1550
1898	1728 1227 1489 1915
1899	10 673 1040 1255
1900	1579 1203 155 951
1901	930 1520 1944 843
1902	1618 752 604 1835
1903	59 575 1492 1962
1904	1734 797 103 1027
1905	1535 1905 1177 1092
1906	348 1818 61 991
1907	1926 853 264 371
1908	1630 502 1320 859
1909	723 826 1128 938
1910	542 756 687 539
1911	187 1900 1741 1661
1912	1348 1110 1760 1494
1913	1688 407 433 1116
1914	3 1223 640 292
1915	228 1454 700 54
1916	1653 1668 1354 1348
1917	457 979 2000 1208
1918	1389 1454 458 756
1919	148 382 237 1278
1920	1329 885 1635 40
1921	853 1049 960 203
1922	143 1214 905 802
1923	249 134 1155 1409
1924	204 1343 1501 749
1925	545 870 1976 1634
1926	685 1298 420 384
1927	250 359 742 134
1928	142 619 192 1773
1929	581 1331 103 600
1930	1381 927 1515 223
1931	849 1635 1395 970
1932	737 1925 1050 445
1933	1266 410 1907 440
1934	1291 899 1909 864
1935	777 809 24 1475
1936	993 1350 123 1057
1937	1793 1894 26 1367
1938	206 838 753 26
1939	960 924 1702 997
1940	719 1332 201 987
1941	1481 1620 881 1844
1942	1978 1401 740 1658
1943	1941 192 1478 1999
1944	1923 439 1339 1665
1945	1032 937 1716 1986
1946	1659 785 1429 606
1947	1185 1009 822 1490
1948	945 65 1439 1551
1949	664 1636 1675 789
1950	1445 1393 1615 1326
1951	1395 475 1636 1615
1952	591 1154 975 797
1953	524 1061 114 1460
1954	946 1014 1037 1532
1955	1484 405 1282 932
1956	39 543 410 1746
1957	1249 634 1824 1651
1958	1778 1353 283 210
1959	325 1305 560 420
1960	750 1027 1398 1938
1961	1066 1520 1388 1880
1962	995 1279 173 1906
1963	1918 1278 1104 759
1964	1164 1748 1316 782
1965	309 1658 1338 1920
1966	360 638 468 1708
1967	1105 1360 1113 1911
1968	1427 14 1225 1569
1969	738 886 1333 1470
1970	965 972 213 1820
1971	1466 1240 891 558
1972	1913 143 1804 976
1973	1544 1377 37 1859
1974	1220 15 540 1164
1975	1528 1854 117 1418
1976	1791 1436 347 736
1977	422 1134 1901 113
1978	693 1295 1243 1911
1979	1918 1822 1305 991
1980	406 1885 375 627
1981	592 742 1534 1142
1982	836 720 957 1351
1983	602 1211 395 767
1984	718 709 1960 463
1985	1156 133 873 350
1986	89 469 1252 29
1987	1830 597 1918 1440
1988	573 1328 1294 1226
1989	668 564 835 1463
1990	1373 1070 1462 1553
1991	925 1901 687 165
1992	51 870 610 23
1993	302 1557 1654 850
1994	481 988 1580 1991
1995	1556 1979 452 1390
1996	1646 815 7 26
1997	1509 1008 587 132
1998	375 1604 1028 1261
1999	616 441 464 318
2000	559 1883 1239 1053
2001	1529 1208 207 1372
2002	898 1904 1625 1450
2003	346 1676 1404 525
2004	828 755 72 965
2005	655 1993 946 1633
2006	1899 1766 1576 1454
2007	1833 1560 608 1771
2008	1586 741 240 530
2009	1627 752 118 186
2010	301 1157 1806 1860
2011	518 1817 1047 562
2012	175 993 595 935
2013	38 1517 86 171
2014	91 1129 442 494
2015	847 1528 989 474
2016	1399 1355 1521 1591
2017	1135 1871 794 983
2018	763 940 1789 1537
2019	1695 1734 1817 1806
2020	659 470 1167 408
2021	899 886 339 189
2022	212 158 598 1621
2023	697 1648 1914 578
2024	1230 1228 582 1205
2025	1788 1830 1794 254
2026	588 1108 961 835
2027	120 1413 1088 1432
2028	439 167 1321 1407
2029	20 1862 965 1865
2030	112 1505 1642 1040
2031	1408 915 467 1456
2032	11 1925 1587 1705
2033	1789 1451 290 152
2034	379 1621 174 411
2035	32 609 1317 494
2036	317 344 1486 1836
2037	281 726 559 583
2038	1136 854 537 1623
2039	782 837 724 1950
2040	810 328 457 1157
2041	1897 512 666 1827
2042	1053 1029 1737 1597
2043	122 624 587 661
2044	1392 1062 456 1157
2045	533 252 84 1380
2046	1494 300 1111 1205
2047	761 1416 863 844
2048	1959 1680 962 1597
2049	1338 1553 1247 233
2050	796 1994 670 1874
2051	51 1747 521 1680
2052	1915 1001 366 418
2053	1795 595 1550 1375
2054	1061 1260 1313 478
2055	359 1303 138 565
2056	1873 1419 828 104
2057	538 1096 1157 1423
2058	1970 855 217 447
2059	43 1365 585 563
2060	333 1561 167 1638
2061	769 99 1307 1166
2062	629 1940 1233 1499
2063	161 1107 757 1111
2064	573 801 844 1739
2065	1668 1280 320 1309
2066	955 226 612 919
2067	548 1727 1774 1503
2068	1529 1253 624 1533
2069	1675 1011 991 212
2070	604 322 867 1786
2071	1399 877 1626 1203
2072	899 1312 1981 1322
2073	22 913 1582 906
2074	1953 1639 109 71
2075	975 385 674 1517
2076	1259 1384 1808 610
2077	1410 1113 1085 1186
2078	148 1703 657 1022
2079	591 736 984 1668
2080	418 870 1521 1072
2081	1202 936 1974 1051
2082	1718 1223 1266 1738
2083	490 287 916 813
2084	1788 27 105 594
2085	1022 268 125 307
2086	1766 1770 1771 1363
2087	758 1695 923 41
2088	1028 811 1191 1090
2089	1136 1298 105 1594
2090	246 1421 1485 795
2091	1897 541 1008 886
2092	1709 1277 1726 1220
2093	509 881 533 647
2094	336 211 1155 343
2095	204 1616 779 1404
2096	1263 674 302 1701
2097	1905 248 688 72
2098	404 1750 816 233
2099	1575 846 1548 1340
2100	974 803 1730 1369
2101	1933 1272 86 1418
2102	1590 1866 338 1381
2103	1872 1348 421 441
2104	279 1765 903 640
2105	398 1044 1196 856
2106	1502 1597 14 348
2107	493 574 826 434
2108	107 684 1553 1562
2109	1862 962 13 228
2110	1035 422 987 891
2111	263 28 414 1728
2112	554 516 1936 95
2113	784 1071 1659 1776
2114	1820 51 1852 1024
2115	1296 1535 1801 360
2116	617 539 44 802
2117	125 879 732 1324
2118	320 1642 237 996
2119	939 536 64 1243
2120	268 631 1402 601
2121	1805 373 581 1220
2122	1066 1786 700 120
2123	459 1385 1468 239
2124	1610 1937 1011 762
2125	1890 1469 212 805
2126	53 1131 758 837
2127	1578 124 348 108
2128	386 1020 1535 783
2129	1891 607 6 716
2130	1796 1966 1354 960
2131	509 717 1603 1858
2132	1588 1107 270 338
2133	64 1733 1974 1808
2134	58 1649 601 1489
2135	1615 1210 733 1554
2136	1433 526 1985 1950
2137	1089 1396 701 1978
2138	761 1205 122 1923
2139	1325 806 1892 1112
2140	453 931 1208 1541
2141	1010 163 1722 683
2142	77 957 1784 1478
2143	1446 1325 865 114
2144	969 435 4 548
2145	823 1114 482 1445
2146	1217 1552 1178 1131
2147	1497 1018 446 197
2148	697 1225 1849 1745
2149	590 607 1607 1130
2150	1924 1202 643 1896
2151	201 1233 149 42
2152	751 1783 642 1454
2153	465 1072 667 1284
2154	1168 530 1162 1249
2155	766 885 693 1510
2156	795 311 434 1291
2157	1518 36 1123 1324
2158	75 843 947 122
2159	1093 218 215 1958
2160	602 445 1957 1130
2161	1729 122 1668 1872
2162	559 200 1044 1373
2163	530 1846 1656 284
2164	1788 883 499 1434
2165	1046 1235 1639 1010
2166	1711 117 760 1144
2167	1331 1523 1257 724
2168	1963 1014 221 1624
2169	1887 676 711 762
2170	413 272 248 1032
2171	1418 1649 618 954
2172	65 1151 467 1648
2173	1961 1400 1559 1577
2174	1205 1044 66 1476
2175	1610 964 1263 1536
2176	146 475 421 804
2177	1142 688 1113 916
2178	256 24 1282 936
2179	420 1158 235 1337
2180	284 753 1282 1905
2181	1654 1121 105 49
2182	965 151 688 164
2183	1705 1123 1257 287
2184	658 1108 1155 796
2185	1762 1147 608 1445
2186	1645 1089 1906 188
2187	1391 1585 1945 808
2188	1135 1365 563 17
2189	476 1821 400 1230
2190	627 1747 1527 396
2191	192 624 1966 1987
2192	495 385 160 300
2193	882 409 1844 1541
2194	1142 522 1720 659
2195	1297 744 539 542
2196	1265 1020 1956 1893
2197	42 1478 1987 1055
2198	1806 925 1644 1072
2199	262 325 1733 1650
2200	1045 399 1882 376
2201	621 1822 1194 1825
2202	1929 911 967 75
2203	1437 204 379 1027
2204	1241 768 873 1870
2205	482 1925 97 1416
2206	1463 1754 1926 94
2207	402 313 1632 1516
2208	330 969 134 1020
2209	960 1147 1157 1871
2210	1969 768 829 329
2211	394 1841 1728 1927
2212	1238 1121 734 1623
2213	1053 339 1621 1500
2214	1443 713 422 830
2215	1187 847 1966 397
2216	946 1572 216 302
2217	1248 73 1171 6
2218	348 1192 1028 480
2219	1425 1787 465 1036
2220	920 1695 1377 91
2221	1220 1195 42 1949
2222	717 1864 877 32
2223	1866 1881 727 1093
2224	1466 605 871 1325
2225	115 873 1913 69
2226	662 1798 537 1822
2227	1514 1778 540 428
2228	1615 350 1826 1716
2229	658 1865 345 460
2230	1157 1779 865 305
2231	1129 470 1283 1520
2232	636 665 1103 1996
2233	805 1181 71 114
2234	434 898 385 22
2235	1082 873 139 797
2236	1779 847 403 8
2237	1164 839 906 1836
2238	1851 1231 520 163
2239	1026 1060 287 520
2240	1354 828 842 633
2241	920 1916 594 50
2242	1578 945 1571 1329
2243	1373 558 588 997
2244	744 12 1198 1428
2245	1482 1584 1350 1478
2246	959 634 879 645
2247	1050 1664 818 1375
2248	1447 945 463 374
2249	1581 1326 1415 1236
2250	897 225 1073 1852
2251	495 240 979 1774
2252	1763 1400 1886 590
2253	48 1033 1391 1321
2254	110 249 814 1505
2255	1396 909 1740 12
2256	222 932 155 1423
2257	997 171 1657 1017
2258	1622 1822 964 914
2259	1126 116 1522 695
2260	1338 479 1896 1783
2261	641 1714 1652 1221
2262	329 142 1574 1971
2263	368 984 300 905
2264	1825 86 141 103
2265	1458 1042 312 1202
2266	993 827 1625 1468
2267	890 427 625 1272
2268	1838 309 1936 1819
2269	1954 499 1453 785
2270	519 907 1923 1077
2271	963 1452 941 1668
2272	373 1389 753 1738
2273	728 802 391 1495
2274	870 811 65 587
2275	389 97 699 1284
2276	408 738 1864 1192
2277	78 1000 580 640
2278	1462 137 889 562
2279	1612 959 1347 1355
2280	1887 1839 1352 350
2281	870 1174 1564 865
2282	395 558 335 1028
2283	1905 1749 1692 1287
2284	1167 103 1912 569
2285	899 585 32 160
2286	378 1659 1102 1342
2287	87 1820 715 1440
2288	3 1774 1110 181
2289	1468 448 263 1863
2290	1685 47 1051 860
2291	1765 116 1346 329
2292	1693 437 268 1586
2293	1408 1039 745 626
2294	1011 530 1739 549
2295	1572 486 1253 503
2296	480 210 632 33
2297	273 1331 270 887
2298	1564 706 1015 167
2299	1368 816 1185 1851
2300	799 1186 1995 983
2301	926 1846 1284 836
2302	257 779 78 146
2303	1899 899 1901 1606
2304	1496 1189 1434 1426
2305	259 1926 779 1388
2306	339 907 1935 1817
2307	1875 529 1227 789
2308	595 434 320 1041
2309	1247 1114 1526 167
2310	333 922 640 103
2311	947 1724 1284 1369
2312	731 131 279 1578
2313	98 842 931 1023
2314	613 1732 1256 1309
2315	1569 1547 420 874
2316	1844 634 1258 1351
2317	688 1124 1305 68
2318	1486 223 941 1155
2319	1205 468 888 1737
2320	239 1190 1355 211
2321	1041 1440 1834 1756
2322	1131 1991 77 677
2323	875 1703 1810 1115
2324	1606 1850 598 902
2325	1057 1520 1045 1011
2326	233 717 847 122
2327	500 1482 1464 1445
2328	112 632 1309 1165
2329	1222 210 1050 1901
2330	679 1502 1187 1482
2331	40 693 1433 495
2332	162 1498 239 1483
2333	536 1126 1361 1883
2334	154 1993 522 799
2335	1885 842 1658 174
2336	1926 1204 131 1846
2337	368 282 565 1109
2338	1004 1617 191 1858
2339	487 1776 1932 1844
2340	243 1612 871 1415
2341	1478 1398 644 819
2342	206 1731 1990 1423
2343	1702 1117 1869 410
2344	990 522 895 1482
2345	1929 1069 1236 1308
2346	1793 26 738 635
2347	825 1852 1903 1925
2348	1535 598 16 591
2349	112 508 1617 491
2350	1598 998 1283 1705
2351	793 1017 330 1991
2352	364 460 1340 1212
2353	1618 1041 707 576
2354	669 798 858 1539
2355	525 933 1965 697
2356	1480 508 417 1851
2357	1172 1062 1869 829
2358	183 1303 208 432
2359	1888 925 419 354
2360	1688 554 317 980
2361	1369 636 1811 972
2362	1247 696 1394 449
2363	260 1985 562 792
2364	1359 822 1776 1663
2365	430 451 1367 195
2366	1404 411 699 643
2367	155 1311 197 1473
2368	1779 406 77 266
2369	1706 303 444 1304
2370	217 736 1535 732
2371	1913 167 484 172
2372	676 1731 849 1134
2373	155 831 1942 6
2374	774 1909 783 1371
2375	1906 1030 1166 497
2376	38 104 1414 1621
2377	1526 672 1912 1845
2378	466 18 459 1651
2379	1245 436 1117 990
2380	818 1930 887 339
2381	469 1744 1757 1792
2382	894 1536 1142 960
2383	476 504 1266 1081
2384	1626 1640 657 38
2385	299 1863 764 1996
2386	1246 802 63 837
2387	222 552 1428 1642
2388	1012 1928 1435 967
2389	1639 360 1744 1709
2390	13 1270 1275 949
2391	263 781 1085 410
2392	1442 346 1523 1130
2393	1678 928 1091 1888
2394	374 1852 1814 1834
2395	21 449 660 1020
2396	1569 1847 1474 291
2397	259 364 1022 1488
2398	1124 168 269 1526
2399	1933 1486 305 925
2400	1890 1328 805 1137
2401	1527 422 311 941
2402	1476 1028 679 1714
2403	1685 1005 1771 1950
2404	1416 752 923 1459
2405	369 466 292 842
2406	602 967 1159 1553
2407	1784 644 1370 1736
2408	1425 1920 932 1750
2409	1361 1109 1423 352
2410	1265 146 1178 1764
2411	1447 1183 587 839
2412	922 466 1487 1099
2413	468 1552 206 304
2414	1379 1449 1904 164
2415	281 1396 1380 737
2416	900 1131 359 753
2417	198 1800 742 547
2418	1866 1089 523 242
2419	1726 560 1688 504
2420	1002 909 1861 1252
2421	1459 1461 1716 1519
2422	1656 1549 1954 932
2423	753 591 1217 411
2424	692 1113 826 1492
2425	1831 1324 108 561
2426	1172 175 1868 201
2427	772 236 16 1205
2428	1524 1942 277 624
2429	491 399 1397 1982
2430	163 1238 1425 1600
2431	1250 265 894 336
2432	1628 1627 461 157
2433	507 1634 575 377
2434	240 1791 652 1388
2435	1989 1129 1217 872
2436	1995 708 1418 151
2437	1732 1984 743 1215
2438	945 147 1866 393
2439	570 998 124 1382
2440	686 526 1734 1888
2441	27 1043 574 1198
2442	734 274 1056 1210
2443	1913 653 1699 1523
2444	1540 1497 664 1893
2445	1039 923 450 1397
2446	699 1964 1645 1894
2447	1446 160 1132 605
2448	501 1236 1263 702
2449	1254 590 1549 678
2450	1398 1059 1546 1769
2451	1858 775 1428 882
2452	1168 1106 709 245
2453	1558 326 667 1430
2454	1640 581 916 1488
2455	1899 33 675 1834
2456	1645 253 476 240
2457	1036 549 80 86
2458	570 77 532 1974
2459	227 454 440 190
2460	1331 714 1514 468
2461	1225 1648 222 1462
2462	916 995 1202 1384
2463	1754 823 302 958
2464	707 1644 116 329
2465	1551 60 1472 419
2466	1740 419 1119 1715
2467	485 1475 88 1212
2468	1768 1261 619 1540
2469	1189 265 1835 844
2470	1554 1978 576 1200
2471	1319 1549 1833 903
2472	1157 1554 1610 375
2473	1052 899 1823 470
2474	1142 1251 1962 1113
2475	1793 644 11 1440
2476	640 1338 807 328
2477	150 1686 295 540
2478	1950 1493 1440 124
2479	1234 1819 1071 1310
2480	1999 1726 273 566
2481	1041 377 1576 1821
2482	386 1990 1228 1837
2483	1314 1391 1829 489
2484	1954 581 118 81
2485	1602 1393 622 977
2486	893 1878 1908 1639
2487	473 1482 733 1902
2488	1217 1025 1380 1898
2489	843 374 1536 1804
2490	1130 736 649 1495
2491	1179 1734 568 691
2492	274 1575 1213 242
2493	998 1317 1205 346
2494	1134 1778 1793 1824
2495	1524 1173 1613 551
2496	1003 1970 80 29
2497	607 1509 373 1389
2498	792 1964 686 89
2499	1111 1638 810 884
2500	1724 1268 1092 582
2501	1830 1946 911 345
2502	492 1846 193 225
2503	1719 735 970 1039
2504	1784 1276 164 1940
2505	1711 1435 596 1031
2506	297 476 1791 1551
2507	1724 756 567 392
2508	281 888 161 650
2509	1616 1067 1175 363
2510	1494 1190 1675 290
2511	1741 519 1144 1514
2512	26 1401 682 427
2513	1586 273 6 1450
2514	870 599 768 1334
2515	1481 1548 1887 208
2516	349 1373 1657 1552
2517	807 137 68 1120
2518	564 1587 69 383
2519	283 577 1394 641
2520	839 103 1419 1411
2521	1954 179 1626 368
2522	859 1660 1241 1091
2523	311 785 1181 365
2524	636 1301 414 1039
2525	1606 1292 1338 743
2526	1742 449 857 361
2527	1881 733 1968 448
2528	361 1005 213 1063
2529	1481 37 1104 182
2530	1608 700 1220 1407
2531	901 439 278 507
2532	303 340 1989 923
2533	1702 1984 1427 290
2534	1945 1552 1166 727
2535	905 535 1396 870
2536	939 164 1130 1756
2537	1835 295 597 1588
2538	1356 1457 769 1616
2539	642 952 1212 653
2540	420 1192 1139 1816
2541	1913 254 1469 1721
2542	770 518 361 1350
2543	717 88 12 986
2544	94 1653 494 1833
2545	175 924 132 148
2546	189 606 775 1679
2547	1243 1886 1727 1159
2548	1695 1058 641 176
2549	755 1638 1261 1312
2550	1832 54 240 755
2551	992 782 702 1948
2552	276 1149 1758 201
2553	1037 1517 1436 803
2554	1019 251 1821 1135
2555	1013 963 513 868
2556	1504 1597 1480 690
2557	911 703 213 1518
2558	645 1960 1836 985
2559	202 885 1875 616
2560	411 524 236 734
2561	645 517 1251 1330
2562	1610 1681 156 124
2563	797 482 1172 467
2564	1202 408 1367 965
2565	621 219 268 275
2566	35 876 1807 1034
2567	268 1035 1665 874
2568	231 455 684 1510
2569	631 580 1122 1749
2570	639 1379 1775 1477
2571	590 119 1900 31
2572	729 1005 632 1547
2573	991 958 1811 753
2574	104 806 1447 1846
2575	370 602 360 1655
2576	403 29 730 1858
2577	172 1067 664 800
2578	294 1589 881 1800
2579	1113 1910 1760 1500
2580	312 445 251 203
2581	1138 1542 555 1717
2582	1384 1279 1892 925
2583	1945 54 649 1434
2584	365 1160 233 1538
2585	675 1299 1567 1940
2586	1366 707 109 187
2587	831 1568 922 588
2588	658 410 1826 1651
2589	485 1332 1351 545
2590	911 262 306 732
2591	1537 524 717 377
2592	1236 49 1902 56
2593	1194 1477 69 1242
2594	311 812 321 459
2595	719 1264 1980 1194
2596	1283 496 1923 989
2597	1936 1057 1975 635
2598	1139 597 606 272
2599	989 344 1992 318
2600	1712 1753 1462 1489
2601	1404 371 1089 1442
2602	662 645 444 1536
2603	636 8 924 406
2604	352 326 398 1084
2605	1977 401 1949 525
2606	818 1132 1969 183
2607	946 212 683 1657
2608	1793 1743 1165 1827
2609	97 1046 982 88
2610	75 1585 1608 1476
2611	566 749 789 1251
2612	473 812 926 1896
2613	607 645 465 893
2614	1004 369 1093 1887
2615	866 1511 1564 176
2616	63 296 77 492
2617	1237 109 1617 836
2618	879 1334 664 1067
2619	720 1425 1372 27
2620	731 1154 1941 262
2621	1937 1425 1806 752
2622	1118 77 1612 1395
2623	1689 1100 1173 895
2624	350 37 1049 1960
2625	253 834 1394 1783
2626	1899 701 1767 1077
2627	1013 737 153 1934
2628	221 173 1890 600
2629	430 1472 215 1177
2630	764 501 97 1265
2631	383 1320 688 719
2632	386 331 506 793
2633	462 758 211 1848
2634	526 490 1028 181
2635	930 1650 1393 1988
2636	93 1011 1817 1526
2637	1756 323 1210 1578
2638	311 174 1620 1725
2639	1373 239 1517 874
2640	1486 1529 66 1088
2641	627 764 1378 180
2642	48 1492 1244 534
2643	775 1623 447 228
2644	1104 171 256 1382
2645	1302 17 338 1504
2646	1227 1335 1883 1970
2647	1855 1116 569 131
2648	227 61 970 1339
2649	646 633 1469 1613
2650	1245 566 1688 26
2651	1295 559 256 207
2652	1680 1921 1452 1678
2653	1293 1756 386 995
2654	1170 1939 931 610
2655	1992 92 227 1819
2656	1133 1386 337 1713
2657	376 73 1127 1160
2658	1227 1842 1977 190
2659	698 1492 1046 1777
2660	1482 1034 1901 1458
2661	1564 553 26 466
2662	842 1281 1420 288
2663	993 1115 15 1628
2664	1380 1792 238 740
2665	587 229 1810 540
2666	550 6 1005 775
2667	43 988 215 1161
2668	1484 894 209 1562
2669	953 852 908 1131
2670	1598 211 471 1467
2671	73 1078 962 1201
2672	495 43 591 419
2673	1052 665 1484 1753
2674	1567 699 1953 1987
2675	21 285 1421 1313
2676	1554 1946 1269 1822
2677	334 123 207 972
2678	811 954 77 371
2679	1298 198 1657 512
2680	69 1885 878 734
2681	768 822 260 685
2682	1060 1009 362 1394
2683	116 149 1858 1570
2684	545 1495 1766 156
2685	274 1438 1601 1239
2686	1995 1537 1096 98
2687	1314 610 1005 41
2688	478 397 1674 587
2689	1310 961 978 1757
2690	110 1077 280 490
2691	1146 465 737 1589
2692	1897 1868 1994 584
2693	335 19 1707 495
2694	694 1808 1806 1893
2695	953 198 673 1728
2696	1611 1200 1010 147
2697	317 1571 1733 615
2698	239 1787 1479 1927
2699	191 1546 1951 577
2700	1743 1915 996 1159
2701	998 767 955 1196
2702	1113 62 30 1587
2703	1731 640 233 1723
2704	608 1508 544 1606
2705	111 261 1353 1854
2706	799 1574 744 411
2707	904 180 1945 808
2708	523 867 28 805
2709	1227 1763 1907 1813
2710	526 1270 1837 198
2711	217 692 3 1923
2712	1600 44 559 1359
2713	454 1125 814 783
2714	628 1324 227 263
2715	197 1391 1780 429
2716	1107 1546 1339 78
2717	659 748 28 1493
2718	423 1905 1806 1701
2719	1298 1694 582 1296
2720	461 794 778 586
2721	427 1589 1607 232
2722	958 378 1878 639
2723	324 935 383 557
2724	424 1928 1270 836
2725	1436 1580 1896 255
2726	1428 374 1866 952
2727	1315 296 76 1999
2728	1572 1621 2 1264
2729	454 1724 44 1393
2730	584 637 942 1419
2731	1331 1520 5 1662
2732	1605 53 682 1819
2733	658 1669 1859 1732
2734	971 50 1704 790
2735	90 1421 26 1280
2736	1582 728 1569 573
2737	1449 1050 518 1705
2738	287 1774 1527 759
2739	901 1752 865 240
2740	1623 1287 1691 1156
2741	483 1383 137 1446
2742	715 1901 1742 1291
2743	833 449 1026 173
2744	1186 1975 1627 736
2745	99 1802 701 771
2746	1518 537 1243 1307
2747	576 809 1997 778
2748	1450 943 1737 771
2749	845 434 1373 1622
2750	744 1730 1690 190
2751	928 1628 1040 1978
2752	1909 39 1234 1258
2753	1287 1685 1686 1328
2754	340 1162 1911 82
2755	1362 1840 1283 5
2756	1719 1244 1962 1712
2757	1816 246 621 1548
2758	1509 1007 1659 1471
2759	610 1710 1413 1533
2760	894 439 1277 590
2761	632 1094 85 234
2762	1626 1885 1341 1018
2763	1719 1092 1691 432
2764	893 1643 915 1395
2765	598 1286 1791 467
2766	530 309 857 1118
2767	517 1821 1576 275
2768	701 1403 1210 195
2769	179 1822 1058 520
2770	516 556 1186 1170
2771	933 1760 699 181
2772	941 1493 578 1754
2773	141 386 1525 8
2774	853 360 845 1024
2775	1129 546 1448 91
2776	1115 586 611 43
2777	211 235 1300 1458
2778	131 355 1857 1590
2779	870 1572 1925 107
2780	1525 67 1705 1314
2781	405 1035 1536 1164
2782	276 1670 366 78
2783	1091 1251 532 953
2784	1957 1646 562 507
2785	197 1931 965 1683
2786	545 604 1516 1858
2787	1111 1090 1941 1204
2788	1692 936 1489 173
2789	1247 1642 372 800
2790	318 1778 749 1401
2791	1413 625 708 1347
2792	1910 1667 1848 1681
2793	1871 867 1538 347
2794	16 1692 136 1288
2795	475 1744 1291 1302
2796	74 1690 549 899
2797	1943 790 1644 701
2798	1956 1097 879 759
2799	559 1450 1721 490
2800	344 437 978 1107
2801	1448 1975 655 1317
2802	1472 1091 1631 1785
2803	1924 591 700 54
2804	600 15 227 341
2805	343 450 1687 167
2806	1116 359 736 1128
2807	1414 603 362 1337
2808	1156 570 1022 919
2809	1969 241 863 1406
2810	1260 1475 1059 1378
2811	1841 803 1478 1211
2812	708 1121 1222 1356
2813	658 185 1671 1141
2814	924 663 507 435
2815	1139 1274 346 1372
2816	1616 1490 276 1404
2817	781 1269 1328 1646
2818	1146 1950 1894 1413
2819	707 875 1125 1185
2820	1070 1525 528 1447
2821	883 1323 1157 872
2822	1712 1120 270 1453
2823	906 421 1886 196
2824	1218 258 1737 1966
2825	1147 321 1491 604
2826	578 1372 363 404
2827	146 1567 1120 904
2828	1826 176 1706 1316
2829	845 109 100 1126
2830	1784 1110 1243 866
2831	511 444 1964 896
2832	1542 256 406 520
2833	993 828 1664 730
2834	205 775 1865 1558
2835	1363 1569 1919 1953
2836	325 1943 1464 335
2837	1896 832 290 933
2838	1937 128 1608 496
2839	880 90 290 212
2840	124 720 1412 286
2841	1784 1385 1577 749
2842	1653 1902 449 958
2843	1960 890 137 8
2844	1366 446 1569 1922
2845	1227 1932 1250 1867
2846	744 240 1904 1697
2847	1450 1586 1965 480
2848	1329 123 1949 1003
2849	534 221 1862 1089
2850	562 827 368 1411
2851	135 981 934 553
2852	962 1246 1068 1844
2853	1821 81 1570 875
2854	1593 137 988 1906
2855	1436 989 1834 382
2856	1240 417 40 1560
2857	1951 135 1495 1352
2858	1875 1695 701 962
2859	1264 577 588 1892
2860	597 377 1840 418
2861	1038 1238 687 1637
2862	481 1793 1570 363
2863	1977 775 1536 1467
2864	1544 1115 1121 1035
2865	1711 928 170 820
2866	392 1546 50 1068
2867	1870 269 268 446
2868	1000 1237 461 1643
2869	832 1688 117 1470
2870	1572 722 317 2000
2871	172 1647 250 1473
2872	1441 234 1437 1152
2873	1867 293 625 1001
2874	1576 1253 298 1440
2875	1966 803 8 1345
2876	421 832 1389 233
2877	601 48 1126 767
2878	1504 838 1524 483
2879	1994 572 134 1433
2880	541 1085 1273 1150
2881	1393 192 1917 1217
2882	1619 1558 449 550
2883	790 104 1860 1297
2884	423 364 478 1571
2885	1670 1261 1847 1981
2886	1463 915 1363 1425
2887	1083 42 1463 1573
2888	1788 1919 991 70
2889	854 1708 632 227
2890	1767 1207 1529 794
2891	917 26 1261 760
2892	171 1174 1799 1574
2893	408 1554 845 1141
2894	9 1653 1691 764
2895	432 1567 457 993
2896	1379 1416 897 1447
2897	216 1371 1051 890
2898	1901 189 1561 1332
2899	1756 1834 1583 397
2900	237 1042 797 1473
2901	973 1381 126 910
2902	1663 338 442 1300
2903	1946 388 812 148
2904	699 1036 1920 1430
2905	789 1961 1252 872
2906	375 1078 1609 1580
2907	1430 1404 883 816
2908	909 1829 749 510
2909	700 1342 591 186
2910	248 112 1577 401
2911	891 421 1916 1107
2912	1254 1215 123 1300
2913	291 792 166 383
2914	1117 1471 1898 370
2915	39 1157 1847 605
2916	11 1479 1565 1541
2917	1107 75 934 1236
2918	1992 839 1611 1870
2919	219 427 770 606
2920	1625 413 20 1416
2921	64 466 573 1962
2922	978 537 992 1780
2923	1301 1713 1927 1656
2924	1226 1366 1887 564
2925	1549 1126 989 1371
2926	1385 572 1710 978
2927	1784 406 601 889
2928	1417 15 1725 1570
2929	1404 1107 1042 1295
2930	351 656 1057 620
2931	1585 280 684 772
2932	1932 1996 1525 1149
2933	493 1797 517 164
2934	799 626 354 1658
2935	1431 1220 1167 1343
2936	1223 84 916 748
2937	39 1074 1822 75
2938	40 1167 184 584
2939	1319 759 1310 572
2940	1542 62 1205 795
2941	1435 971 447 1200
2942	859 1251 1577 867
2943	978 444 1759 1912
2944	1597 966 620 1322
2945	1726 1143 1673 1898
2946	1385 1218 784 70
2947	1785 588 1356 676
2948	1352 1848 642 190
2949	442 909 1549 1369
2950	578 902 1771 1111
2951	74 1438 1905 1309
2952	29 1742 1818 640
2953	1996 1176 644 207
2954	652 716 1060 659
2955	292 1299 1656 186
2956	902 1982 1924 392
2957	330 28 1568 703
2958	246 119 65 129
2959	939 652 757 1013
2960	932 538 1871 1037
2961	1015 258 1800 1258
2962	676 373 538 1261
2963	739 1812 440 453
2964	1835 547 1231 919
2965	480 1655 1790 1738
2966	77 1000 1271 753
2967	995 153 186 58
2968	1633 1682 1769 1263
2969	594 1311 886 1144
2970	763 1864 679 927
2971	557 1452 1646 1132
2972	275 1542 1862 1758
2973	1274 1755 59 1433
2974	1619 1282 402 1915
2975	370 380 559 1604
2976	1382 716 1192 321
2977	321 1192 948 1848
2978	1851 1080 1555 1317
2979	1028 1691 429 529
2980	706 1688 1586 284
2981	181 641 1242 613
2982	911 18 1760 1835
2983	1291 129 226 308
2984	353 252 400 714
2985	1828 1261 885 1333
2986	1922 1481 1596 1842
2987	2 1618 860 1236
2988	357 592 1316 98
2989	458 1653 133 1961
2990	411 1863 1594 364
2991	359 754 1691 1474
2992	1665 1694 1942 122
2993	194 1426 958 677
2994	686 557 1412 464
2995	1979 139 828 52
2996	1103 1264 100 771
2997	1497 1818 1809 1540
2998	670 953 1328 1488
2999	702 1612 1482 998
3000	1407 1796 1179 472
