Students	3000
1	840 866 730 3488
2	2393 683 3312 1433
3	846 3304 753 1493
4	3400 1002 1029 1543
5	2943 3973 3807 834
6	1844 3296 713 2904
7	3479 850 319 3071
8	2270 182 300 3550
9	1081 1542 3391 57
10	3021 2749 3143 255
11	1866 1797 962 2846
12	494 2660 790 311
13	3996 3724 3202 178
14	3591 2860 1987 682
15	2300 98 741 2332
16	886 2894 2124 250
17	1006 2592 3571 2375
18	2337 3186 94 2436
19	3059 1901 2769 2746
20	3947 3531 2456 2680
21	2073 471 3715 2631
22	1364 2590 3847 2115
23	1646 1890 15 728
24	3162 1401 1706 1206
25	2607 3005 130 2767
26	2466 2664 704 1229
27	3678 3420 3485 1556
28	526 3022 3652 1140
29	3114 2305 1876 3325
30	2037 1597 3211 2764
31	85 2257 3043 3804
32	3197 2714 2381 128
33	2852 496 506 2733
34	1930 2051 1528 1422
35	262 2758 3144 2386
36	3154 1384 3630 2188
37	3630 989 1412 229
38	2643 1628 3453 262
39	1789 327 740 1963
40	2762 1077 513 371
41	879 3819 356 978
42	2234 3519 1993 3430
43	2402 961 1622 1640
44	2129 3356 170 243
45	157 2363 1950 2844
46	1343 1887 3461 3690
47	807 1724 473 925
48	1149 597 2837 1388
49	2209 3775 1840 1271
50	3724 1594 2153 455
51	2022 973 2887 1893
52	2113 2275 3863 3144
53	731 460 3379 1720
54	2667 819 585 1025
55	3854 167 630 3516
56	3794 3322 2188 1766
57	1980 927 538 2125
58	708 2166 3332 2728
59	2172 86 396 1098
60	2880 2630 3791 3224
61	371 1325 3833 808
62	3017 2839 1471 2677
63	1612 3280 3338 790
64	3659 779 1631 839
65	1191 23 3018 2317
66	1847 3444 1652 2832
67	3343 3599 1627 115
68	1835 3074 2595 3959
69	2587 2532 1330 2637
70	2442 23 2797 3092
71	2555 597 3315 2473
72	1380 2956 966 878
73	1959 1116 1035 224
74	1802 872 466 95
75	1291 1678 1759 2574
76	295 1885 2932 202
77	895 2410 1045 319
78	670 2744 3884 2446
79	3277 3774 2873 741
80	2185 2746 3641 3862
81	3800 1384 377 994
82	2162 1994 3663 2071
83	2382 3417 485 1064
84	3535 2886 3331 1987
85	2352 966 2219 2383
86	3411 1265 1213 2402
87	1349 1005 3046 1320
88	3571 1838 2041 824
89	2921 1665 2351 1546
90	3622 1273 3881 1091
91	2450 2107 3972 3651
92	606 3814 1424 3922
93	3107 2518 2720 435
94	927 286 2820 1961
95	683 3637 875 3920
96	3755 63 3175 3777
97	523 3685 3902 3393
98	3434 862 3599 3897
99	3174 1704 1957 2722
100	1912 1140 2587 2144
101	1966 2027 3237 1653
102	859 438 590 3379
103	3411 2996 2823 1991
104	883 2196 756 2216
105	2129 3991 2388 3296
106	126 3331 3123 354
107	3960 2500 1986 158
108	554 1347 3953 871
109	1974 1131 1112 99
110	1335 743 2440 2168
111	2288 3405 332 3815
112	1007 207 3663 2202
113	1924 2591 2978 3749
114	3482 2345 1464 1235
115	3356 2 2793 2839
116	3442 661 3829 2516
117	2008 3885 3824 866
118	2325 11 2387 3174
119	3601 1417 1525 920
120	832 965 2799 2021
121	2102 291 2704 1286
122	3787 1294 106 3091
123	3965 3007 819 2468
124	2170 3231 2499 3390
125	396 2202 98 3058
126	1278 3202 2515 732
127	2599 1239 1046 1820
128	3221 1400 2344 2421
129	1247 2742 1145 2620
130	2343 1878 3667 2193
131	2888 887 3873 1734
132	1657 3763 414 976
133	540 1000 2669 3585
134	3012 2736 829 900
135	1439 372 2039 1093
136	3472 1113 1389 1427
137	1710 1186 3759 2611
138	1248 648 3441 3559
139	1671 2074 1934 796
140	558 612 3781 2786
141	560 1051 678 3797
142	1882 757 2994 3775
143	3644 3443 270 1776
144	355 2441 3966 3741
145	2014 3903 3851 2059
146	2435 3491 1843 3053
147	1776 1743 1089 2098
148	1433 1321 3534 2795
149	955 1528 3713 944
150	2199 2353 3975 3875
151	3080 2245 389 1097
152	1925 3976 3471 2706
153	272 367 1178 3328
154	1987 79 3739 562
155	3565 711 2620 3507
156	687 2618 1698 3447
157	278 263 3486 2459
158	2928 1723 1562 2617
159	1446 3983 2332 1528
160	82 1536 3470 863
161	2619 103 3206 1793
162	1710 264 665 2259
163	2796 1525 1222 1790
164	274 2861 3152 1254
165	827 1704 3156 1076
166	646 3302 3785 2855
167	284 1717 3864 1171
168	3921 2589 905 3076
169	2658 241 2997 3126
170	3974 2428 1938 1934
171	2641 3763 370 408
172	3168 941 2768 1955
173	2346 2576 288 772
174	762 3839 219 3511
175	1496 1010 1263 1472
176	1822 132 1682 239
177	1927 3785 3739 397
178	3820 3787 2662 3407
179	3214 532 2820 3644
180	2597 3637 1951 3264
181	1756 1244 1457 3538
182	3010 1425 3184 274
183	2388 785 2147 2258
184	2330 20 2659 1563
185	1378 2573 3922 1009
186	333 2647 2615 2025
187	2618 2177 2259 3056
188	3046 3419 569 3198
189	882 782 2489 2977
190	3203 1478 834 2383
191	3221 2375 432 2110
192	3779 3750 2010 1437
193	1873 2948 1148 1467
194	1278 2614 2036 3229
195	3509 1179 2081 2264
196	3020 715 2269 3971
197	217 3740 342 2734
198	1253 1676 131 3484
199	1282 785 3445 2055
200	2699 698 4000 2869
201	3691 130 582 3964
202	3003 758 300 198
203	3169 274 3324 2055
204	1581 617 3185 1484
205	680 619 2635 1750
206	1457 1851 1720 570
207	1466 151 1166 2596
208	2976 3812 130 3507
209	3059 3291 2052 803
210	3611 1724 3478 584
211	1101 1760 3728 3828
212	2642 2055 2042 2374
213	3408 2047 805 345
214	3051 827 684 2992
215	1379 3407 3617 63
216	3785 2750 687 2232
217	3692 1329 3780 644
218	3393 3808 2798 309
219	2137 17 1945 1358
220	3034 1410 1643 2657
221	1552 662 918 1132
222	3024 2217 3197 1558
223	956 2152 387 292
224	289 480 2678 340
225	1350 3357 754 2578
226	2528 2973 1985 2449
227	1065 3224 889 2890
228	2333 592 3749 1937
229	2096 688 2113 2752
230	1204 3174 1066 3699
231	2589 720 304 3639
232	3095 3328 157 3288
233	3415 3878 3750 37
234	2049 829 3501 3197
235	2763 2282 219 1566
236	455 1564 3356 3204
237	3684 1225 683 450
238	1607 88 2159 722
239	3776 455 1237 3313
240	2486 2482 2943 1034
241	1476 2681 984 518
242	2075 2556 3673 2901
243	3861 941 3975 175
244	1017 1321 349 202
245	468 3238 1809 3463
246	49 1247 2732 1136
247	288 2187 55 3046
248	3414 946 1725 938
249	2933 1423 411 3149
250	3309 2790 2707 177
251	1905 1126 1342 232
252	2463 1321 2564 2377
253	1973 2248 923 3248
254	28 437 3640 60
255	1842 913 707 83
256	1257 3950 1560 3257
257	3623 2930 2661 74
258	1799 1458 3600 3109
259	2051 1472 2563 1388
260	2957 1375 2223 3404
261	2973 727 718 2537
262	2868 1512 437 2705
263	2299 2684 2460 3505
264	345 2809 1766 1207
265	3449 3190 2619 3673
266	2967 3561 1935 3521
267	3263 3056 3988 1161
268	1036 3978 3776 3296
269	1385 2196 1794 3210
270	2132 3904 1379 3937
271	2372 1683 2266 1881
272	1251 2244 196 3610
273	3037 2053 1642 1602
274	904 919 575 325
275	2028 339 269 1006
276	2040 3108 1118 2081
277	2176 1030 949 3012
278	297 3086 3300 1916
279	2854 3524 1276 2244
280	2844 1144 3913 2113
281	3399 2633 421 1670
282	929 1863 3240 1953
283	3599 3302 1687 706
284	293 3467 2212 3071
285	1294 1954 3109 3084
286	1700 3 3392 3818
287	2358 739 1491 2397
288	1114 792 248 990
289	2618 1418 2479 536
290	3415 2884 979 1865
291	2733 794 2631 3088
292	3063 180 3087 3692
293	3602 3262 899 330
294	3740 1435 871 1627
295	1575 2474 2556 2549
296	2754 2536 2248 3523
297	3547 3075 2311 2240
298	2877 230 1533 1132
299	3964 3081 3205 3077
300	2280 944 1241 3911
301	837 1718 3850 2611
302	358 1332 2531 11
303	44 393 695 2278
304	3519 918 2527 954
305	2519 1964 170 563
306	335 3464 3583 104
307	3379 1592 1986 3068
308	19 636 2428 2226
309	3583 1176 3258 763
310	3774 1088 2197 2277
311	3443 774 3781 819
312	1339 2255 1490 2023
313	1083 355 1483 3204
314	2928 964 1896 1145
315	1916 3874 1920 634
316	1756 2365 2829 1239
317	1255 2892 2667 3450
318	2490 2776 56 400
319	3392 818 556 2683
320	2207 2674 3959 1080
321	2744 1342 2918 3802
322	809 3390 1358 461
323	175 1752 3352 2558
324	3380 2989 629 815
325	108 3551 12 838
326	1564 1338 3890 3133
327	3771 3156 1984 2607
328	823 3594 2187 2777
329	724 2470 3083 3773
330	3292 3092 1896 2991
331	745 2687 2206 3193
332	1978 1071 2972 804
333	1247 2982 3383 3103
334	3145 1717 2197 190
335	3559 2563 747 3829
336	2016 2673 3265 1334
337	2743 58 3876 1978
338	279 3475 297 2389
339	49 2337 3301 1152
340	383 1302 2309 3353
341	669 3592 2447 3762
342	1271 2956 3194 519
343	2178 2867 2883 3684
344	921 2195 2912 392
345	2806 2224 465 2227
346	2936 322 2906 73
347	3697 327 2807 325
348	3485 1367 144 793
349	1311 3490 1497 1840
350	946 3239 1725 2638
351	1367 2075 1562 545
352	3923 921 3663 3431
353	2014 621 1912 598
354	1649 1065 3229 1361
355	3369 1216 1844 1223
356	315 3270 158 3103
357	3112 1324 153 852
358	3462 3892 48 3061
359	1559 3685 3008 77
360	374 3385 3447 781
361	386 2868 444 2593
362	3239 5 2415 2681
363	1194 2670 1219 655
364	1884 3109 736 2949
365	1098 2811 3692 2628
366	6 2335 516 796
367	2779 217 2550 2825
368	3071 649 552 3199
369	1698 3686 3354 124
370	1443 3499 2636 3860
371	3665 837 3306 1726
372	800 1303 877 312
373	1479 2983 1030 1955
374	3520 3986 153 3923
375	59 2938 829 3130
376	3491 507 982 27
377	1337 745 1551 2317
378	2659 3085 3352 3489
379	3056 2927 3066 168
380	2636 3279 1497 680
381	1756 2123 334 54
382	832 3118 1115 249
383	3367 3791 2136 1373
384	3811 1145 2208 3939
385	3174 1198 748 2155
386	964 2568 2471 3368
387	357 995 2206 997
388	3081 605 123 828
389	859 1414 286 2878
390	3054 2672 3043 2043
391	49 3528 890 3547
392	3675 2251 3302 245
393	3447 938 1286 941
394	387 1060 397 32
395	3728 920 482 3502
396	839 2576 976 173
397	1279 286 2977 2249
398	238 3021 3309 2850
399	1790 51 2260 2157
400	3736 3584 3471 2795
401	3664 2538 610 597
402	2456 1968 970 1351
403	468 602 2138 555
404	307 260 2448 3707
405	1236 1465 2449 1812
406	2311 1687 3147 377
407	2092 2947 2930 448
408	3963 988 2977 2445
409	2518 1911 372 1780
410	1009 1940 3298 2206
411	498 3345 3489 2255
412	2014 990 3964 2509
413	2851 1733 2870 1820
414	257 2011 1685 3465
415	2262 231 1997 1960
416	2712 1865 442 2111
417	823 1663 184 1841
418	2265 1760 2474 1251
419	1358 458 3646 1902
420	2820 3312 2241 1832
421	2337 2381 363 757
422	1584 777 3855 1131
423	3921 3296 17 3417
424	2562 2100 558 397
425	1460 1155 8 2597
426	169 1201 1190 746
427	723 1046 376 2286
428	3891 2387 2934 2774
429	202 1369 2458 3770
430	2045 791 203 3701
431	2026 58 189 932
432	919 2438 2170 1799
433	2342 1260 1189 1940
434	995 3825 2239 3472
435	2436 3017 1107 325
436	434 3845 1671 3522
437	1476 1196 3198 3951
438	3625 2406 587 2003
439	410 2308 1678 3554
440	3382 2313 765 3493
441	393 1833 125 3276
442	3224 1744 3908 722
443	2050 3282 3074 11
444	3196 92 484 2175
445	3945 2460 3884 2426
446	799 10 3762 2655
447	3830 1271 3078 136
448	1880 1137 3343 698
449	543 1879 580 782
450	2674 2324 260 1370
451	1891 1162 605 3696
452	1729 3071 1625 3148
453	407 1133 1452 1292
454	1051 1460 860 1420
455	545 1363 2023 1527
456	3570 1030 1681 612
457	3740 423 2638 2503
458	910 2852 308 22
459	1638 999 1543 3706
460	3429 3472 776 1151
461	934 3532 2500 3365
462	1661 470 2760 646
463	1395 2149 928 104
464	502 1016 1985 2939
465	3976 87 2296 1269
466	2909 3150 81 2239
467	2410 3968 2815 273
468	2328 2405 1651 746
469	1167 994 952 767
470	756 3956 1349 777
471	1401 2511 879 619
472	2050 661 939 980
473	328 3364 3701 3440
474	1997 2145 1578 844
475	2382 3095 3141 3810
476	3659 1513 1981 1486
477	2604 2261 1363 2339
478	630 330 2669 3953
479	1888 1018 1659 384
480	108 3175 2140 1311
481	2019 3606 2020 1488
482	2049 391 614 1303
483	1902 3476 2880 3500
484	2187 1552 901 2628
485	2926 1557 1862 1876
486	1324 2748 1961 3675
487	3110 2492 1916 781
488	1053 3956 2920 36
489	487 700 2961 397
490	2952 2542 1558 2183
491	136 1697 1014 223
492	301 3408 1717 1425
493	2322 375 2743 1200
494	2475 1316 2595 2558
495	1400 783 1473 96
496	2471 2597 1568 1619
497	2476 3462 926 3894
498	3343 1782 957 697
499	1221 2462 3287 1808
500	3877 1586 71 2998
501	3836 967 2685 2055
502	3434 2237 895 158
503	834 3751 3776 1685
504	654 338 2936 2294
505	2142 723 1810 2512
506	2599 210 2055 1316
507	3935 2422 3464 2609
508	1905 134 3493 3784
509	1733 1539 627 830
510	3641 3927 2849 879
511	1411 2439 484 3474
512	2853 977 437 53
513	2170 3127 439 1478
514	104 3166 2205 1466
515	888 3205 3751 1417
516	3875 1035 342 2564
517	3874 3137 1267 110
518	1275 73 2713 3954
519	1743 2462 202 2771
520	2309 1232 432 1209
521	1915 1621 2643 2427
522	1777 1529 3162 297
523	1217 3653 336 3694
524	940 3039 146 1066
525	2110 2257 2221 3061
526	161 3644 1508 1511
527	2269 3592 3348 2426
528	2037 555 3011 1546
529	2547 664 1984 948
530	3866 3948 2274 543
531	2813 1258 90 2136
532	839 960 3322 151
533	694 3136 802 633
534	2953 1865 3402 2711
535	2980 1547 1168 300
536	1387 402 1165 36
537	3224 120 1107 1959
538	4 1045 2568 1440
539	46 806 2393 1569
540	2582 3419 2290 1573
541	701 3764 2457 1604
542	567 132 3987 1966
543	1659 1983 889 79
544	3363 2951 344 3141
545	2269 3872 3745 2904
546	1542 3553 3712 743
547	1020 217 107 2164
548	905 3039 3986 1317
549	2474 1587 833 3436
550	3901 889 445 1236
551	2640 692 3009 1404
552	709 3279 408 1695
553	1375 1128 3358 2784
554	1133 427 3882 3807
555	335 3598 1694 2990
556	2493 1103 3751 520
557	75 920 3492 1975
558	3798 3453 1603 405
559	2078 2 732 3333
560	2763 989 1970 2353
561	2813 2432 2414 3012
562	1591 2885 2515 1752
563	1368 3489 465 3888
564	3962 649 622 1762
565	60 1259 1969 1293
566	2794 3883 1733 3740
567	3373 3545 3136 1078
568	1293 3130 3636 1666
569	382 313 2102 15
570	425 1946 702 2069
571	2319 977 3679 1613
572	2036 10 145 2470
573	105 3217 2420 2112
574	1269 3140 2385 3305
575	2210 2929 408 3799
576	3539 595 2533 3070
577	1047 3948 2180 1172
578	2779 1948 109 2273
579	3064 569 690 2945
580	2947 1766 943 2323
581	1469 3339 2755 1449
582	3307 387 1042 3189
583	866 2215 523 818
584	3207 1197 1700 2479
585	90 2907 1324 2157
586	1828 1150 2151 2527
587	3103 36 1624 1940
588	857 3644 2829 1143
589	2112 759 3840 996
590	3050 3418 589 3875
591	1859 586 3400 1691
592	1342 1790 3227 2939
593	1591 3321 1736 2307
594	3466 3356 2204 432
595	1285 1445 742 113
596	3951 2148 3689 2992
597	3462 3692 1807 249
598	2943 2317 877 1767
599	1278 1205 3615 310
600	3450 3556 2984 3382
601	1576 2345 3738 387
602	3419 2750 2399 2504
603	192 3096 3383 3320
604	486 771 1202 715
605	2046 2982 718 75
606	1282 857 3571 3554
607	411 1498 3827 360
608	1844 2679 3548 3931
609	2251 1281 3601 1040
610	1020 1987 2255 1546
611	1613 1616 3809 341
612	625 3631 2812 2514
613	821 1305 2058 541
614	2710 1795 3065 3093
615	3558 3572 3537 3524
616	3444 3431 3704 2226
617	2929 3352 1193 505
618	931 1185 390 1537
619	1211 3198 3379 1226
620	703 487 1262 2520
621	2213 3997 1046 3022
622	1673 47 1488 2807
623	58 2772 1181 2461
624	1029 3633 2530 2760
625	1674 2100 3467 1597
626	824 3800 1307 40
627	403 1984 3049 1401
628	3961 1154 1721 1397
629	853 1537 3788 2553
630	819 1768 1780 1598
631	517 382 3538 554
632	1943 2514 55 1238
633	1639 2436 1768 3954
634	3010 1393 1263 2122
635	1434 3577 205 1548
636	3728 1308 2483 2952
637	2019 1660 3246 470
638	2361 3309 845 3274
639	1239 2460 481 414
640	251 960 498 1944
641	109 328 971 3550
642	23 3288 3213 3790
643	3666 3708 3816 1247
644	3056 1674 3238 759
645	3784 1119 46 3300
646	2386 75 789 3498
647	2854 2828 3044 3156
648	2357 153 80 2127
649	2248 3132 2452 3472
650	163 1125 2834 2942
651	3056 34 1925 378
652	809 2614 2933 812
653	861 3079 2102 1923
654	2119 3266 228 1242
655	1163 185 2823 443
656	64 598 1426 1403
657	1552 554 2874 1969
658	2981 2293 3624 3840
659	847 3081 3458 2302
660	2202 102 1205 2174
661	156 2161 1080 999
662	2143 2515 3683 769
663	169 3371 2706 1284
664	1093 3547 530 2173
665	995 264 2819 3755
666	2725 2266 3086 1087
667	3460 325 372 792
668	3799 1089 1387 1660
669	2024 3118 3681 661
670	1566 409 3044 2118
671	1327 2770 927 3612
672	3057 805 307 3055
673	892 2148 3232 591
674	1738 1821 3980 1131
675	3587 3414 120 742
676	2959 254 1103 521
677	1222 3156 3758 474
678	146 910 1119 2116
679	2985 1856 2453 619
680	880 2936 725 3331
681	3454 1194 3703 3119
682	3807 3148 661 3277
683	490 533 2452 2637
684	1739 160 434 3155
685	1574 3898 1260 3655
686	1369 1659 3259 3899
687	35 2871 3694 3857
688	1682 3851 3508 414
689	54 1027 574 1975
690	1467 2858 2495 2218
691	1498 3908 2543 784
692	3246 783 1664 1829
693	2335 2983 1999 3569
694	2477 175 3059 948
695	1767 653 545 1110
696	1103 3792 1422 2325
697	3187 77 2874 156
698	3258 3867 344 2084
699	2716 2448 2443 1318
700	2443 444 2600 1411
701	2255 3306 255 2477
702	1454 3940 139 1648
703	1919 2600 1752 3024
704	3090 708 2140 1189
705	1144 399 80 2663
706	2934 188 2145 3997
707	2928 1537 864 1966
708	1415 2126 1482 2129
709	3351 1909 2196 559
710	2957 2382 5 350
711	2942 776 1616 509
712	1136 13 678 1747
713	1382 1117 3713 1398
714	623 600 3552 1157
715	708 3949 3293 3580
716	3076 3184 3454 2337
717	380 495 141 1205
718	1210 2740 1984 965
719	457 2158 2009 2902
720	2963 745 2418 2881
721	595 2524 753 1341
722	1950 1211 3662 3425
723	733 1927 2422 3435
724	1340 2444 2628 3299
725	2016 3598 3639 2559
726	1846 3827 1240 3057
727	1920 3020 1734 2901
728	674 110 2707 2156
729	3500 2815 890 1976
730	1096 920 3823 1441
731	3302 2379 2927 294
732	1738 2692 1722 1990
733	1728 2388 1382 1341
734	700 1680 2868 462
735	1492 1463 3202 2258
736	342 2415 1026 1380
737	309 1463 3598 3998
738	1831 1755 3514 243
739	3049 3234 553 1233
740	2493 2561 3266 1912
741	364 2111 3947 2931
742	1558 1099 2065 2422
743	1110 2082 2445 245
744	1064 2401 3751 3173
745	920 3233 3039 3277
746	2480 115 3306 405
747	2873 2926 1543 243
748	2046 3793 2404 3922
749	2437 3182 1358 3714
750	2863 3081 378 3231
751	3756 2777 450 2876
752	1462 951 1479 562
753	3802 837 795 2089
754	2857 2895 899 699
755	1057 1024 391 2582
756	3031 3910 3259 3083
757	112 1908 1489 3700
758	3363 2141 37 2396
759	942 1699 1827 2906
760	3639 3204 2939 1581
761	1583 2237 430 3612
762	3142 2503 2244 259
763	1600 2 1916 908
764	2715 262 885 1524
765	2901 856 3284 3397
766	726 3527 2353 1320
767	383 2340 2803 586
768	585 1051 3484 2890
769	1350 575 1877 3691
770	723 769 1732 2271
771	1752 2149 1674 1167
772	3875 3472 2790 3319
773	3053 2859 2812 2961
774	1094 2321 210 2493
775	3886 2767 2541 3191
776	1046 2025 2152 2419
777	1637 758 1653 1866
778	2973 3746 1470 1178
779	2742 3621 2695 251
780	142 2269 47 1378
781	2661 2668 2144 1608
782	1606 2436 2620 1205
783	1432 2991 3794 1305
784	1830 2577 1311 1008
785	133 672 905 1665
786	2002 1396 3632 3392
787	1720 3629 2541 1423
788	1792 1715 1971 2363
789	452 2240 3065 3289
790	3857 1497 1369 3770
791	3471 479 881 3883
792	1582 3751 2884 3084
793	2080 1044 3284 2166
794	1342 2173 1888 3529
795	2899 2778 705 1501
796	3988 818 385 3603
797	302 3665 3610 2631
798	323 3621 1733 2265
799	1409 3805 990 2069
800	2004 3241 3147 2339
801	3380 1942 643 2818
802	599 490 1912 2165
803	1897 531 330 3818
804	3479 3540 1457 45
805	3438 1742 3428 1149
806	3734 2082 3273 3792
807	2307 2446 822 3781
808	2526 1842 109 2429
809	2405 3914 568 3538
810	54 3087 966 3089
811	1289 1829 2253 2939
812	1755 1192 3118 3202
813	2348 2184 3974 3717
814	1401 1864 712 248
815	3781 2715 541 1068
816	2437 2297 3466 2687
817	2511 3771 1735 2061
818	3210 277 566 94
819	3349 2843 1386 3144
820	644 220 60 2129
821	2401 3474 1534 1308
822	494 114 2887 612
823	3101 3833 1076 226
824	467 2523 1139 2854
825	3248 3009 3093 2567
826	3308 91 2221 3268
827	2014 1869 3419 684
828	376 1388 2305 409
829	1155 355 3069 2000
830	2279 2474 3781 3752
831	2499 147 2732 682
832	1815 1237 387 826
833	2284 2871 880 1568
834	3777 3312 257 2804
835	33 1361 3855 3794
836	2088 341 1361 3158
837	3386 2964 2896 244
838	3299 1317 3629 1740
839	678 3483 3141 645
840	2641 1971 1495 1412
841	2025 51 3463 1059
842	2653 1398 1710 333
843	1331 3110 3367 477
844	791 3567 1953 40
845	1805 1607 2194 2403
846	1516 1860 2107 3691
847	518 3644 534 3519
848	2005 1475 2044 2110
849	2940 1037 2007 2944
850	3296 3307 1761 571
851	2561 1490 53 2786
852	1744 1326 2305 1488
853	3168 1335 2554 1407
854	2174 1599 2112 3000
855	1047 347 3083 3260
856	512 1761 1901 1586
857	1095 2977 2699 2946
858	1148 3517 1631 3919
859	264 2637 2468 1532
860	2486 2136 3837 2003
861	1171 3046 2553 1
862	1091 2536 3771 1315
863	1499 3153 1442 2896
864	3045 1942 3057 3345
865	1896 456 362 518
866	889 3685 997 3018
867	480 446 1381 1971
868	467 915 220 3244
869	1470 402 2369 3886
870	3988 823 3072 1189
871	3115 3916 1735 844
872	1810 1455 3963 3852
873	1780 2304 2711 1306
874	3729 242 812 154
875	2915 2452 2999 3302
876	2948 2108 3819 969
877	1586 3640 2685 3155
878	471 1334 3962 1408
879	1379 584 1614 2224
880	288 3325 957 1137
881	664 143 2764 923
882	532 1994 834 2634
883	1597 1088 2697 2214
884	685 3700 876 2032
885	1686 3808 1760 315
886	3949 1491 337 542
887	2341 2003 1487 555
888	1058 1888 1184 463
889	1587 1159 2522 3077
890	1087 2488 2049 369
891	903 1016 1389 2562
892	2237 410 625 1333
893	1197 3237 559 142
894	3097 2923 972 3877
895	1959 1160 1526 409
896	2547 537 466 1869
897	2899 3748 982 3659
898	259 1459 2603 650
899	2710 785 3669 1508
900	1653 2474 2417 2459
901	3069 2846 2150 2495
902	3205 1194 969 550
903	1577 3754 1446 1527
904	2169 2030 189 420
905	3089 2977 1416 2779
906	3047 1350 1262 2135
907	2704 2815 3722 2108
908	1563 3992 2866 32
909	3667 269 3364 76
910	3430 3621 1715 883
911	1548 2101 1037 2383
912	3855 1388 1203 1153
913	255 3883 3916 2757
914	2515 916 2370 2039
915	1815 1715 993 2350
916	1646 2867 1007 1762
917	2315 818 723 3153
918	3923 1161 1356 3924
919	2997 354 3479 1200
920	3970 3369 740 2734
921	210 591 1201 2068
922	629 3903 343 2522
923	2803 919 3629 2655
924	2502 2317 3472 201
925	474 3265 631 1226
926	860 381 1791 1188
927	3719 1068 3405 424
928	1628 2515 2347 3808
929	3237 3269 3694 1972
930	802 1657 2287 1982
931	3664 1682 1821 2902
932	3960 3678 200 563
933	2462 3836 3652 3356
934	1501 2176 2607 2229
935	3077 1745 649 3390
936	3780 834 2066 3474
937	2905 3863 692 2362
938	1691 2374 3373 2080
939	281 76 3422 438
940	2485 1038 71 2419
941	2779 2146 1223 2273
942	524 951 2674 3937
943	712 1324 1991 358
944	1743 238 1 2952
945	3915 1827 2565 2346
946	2142 3164 3159 243
947	1828 1349 2668 1561
948	3895 2176 449 3400
949	378 1426 2695 915
950	1436 373 799 3481
951	2338 1232 2920 3654
952	384 2801 3375 2261
953	2575 2229 449 3601
954	216 3856 1569 1182
955	2039 146 3707 3005
956	1335 2171 2860 127
957	312 852 271 1619
958	486 3574 1862 1188
959	2224 3960 2548 300
960	3455 2971 2390 1867
961	1289 374 1110 2212
962	2535 3495 1473 1459
963	1612 3494 1389 2609
964	2490 3807 3993 1866
965	2451 2426 2035 2229
966	546 2129 2973 3676
967	3743 1294 359 3474
968	1413 403 1558 61
969	677 3629 2144 847
970	1424 3924 304 2908
971	815 2827 1477 1526
972	2567 842 3670 1554
973	2240 769 1347 472
974	1548 141 432 2608
975	3890 985 3405 3169
976	948 1996 275 1559
977	3498 2099 1601 1823
978	1145 2874 2867 1208
979	2432 3789 1314 3819
980	853 3291 524 2459
981	279 3168 1179 213
982	1000 840 2896 1573
983	1141 180 2945 3237
984	3073 2928 2100 2729
985	392 2553 3545 3058
986	3194 2576 1353 3584
987	3021 3796 944 3456
988	2851 2728 1380 2490
989	2738 1896 3415 1606
990	2578 1703 744 1114
991	634 3614 2545 2826
992	3802 716 2737 3471
993	3462 3632 1584 2922
994	689 3877 566 1660
995	2516 3362 2684 689
996	1995 3602 2334 2136
997	2597 797 1098 1137
998	2800 82 1650 3900
999	2675 576 3623 203
1000	3406 290 2716 3734
1001	1673 2311 2341 3969
1002	3827 3892 2338 1444
1003	2151 1202 1150 1825
1004	2942 2564 3543 2060
1005	3711 2128 3630 3553
1006	1772 3357 2355 2030
1007	578 2636 2455 974
1008	2240 82 2784 2667
1009	88 1631 2881 1566
1010	2425 3147 3159 457
1011	705 3083 1737 389
1012	443 1821 3709 318
1013	1707 3681 931 3689
1014	17 1592 2647 485
1015	1830 137 632 691
1016	1157 1128 3993 2421
1017	927 1697 97 3408
1018	3534 259 3002 2005
1019	3090 2457 1549 1677
1020	3792 2490 277 3232
1021	3712 160 544 175
1022	3385 719 3539 2717
1023	2585 3454 2964 3848
1024	492 1192 2496 2582
1025	451 3939 2042 1933
1026	2139 119 3360 590
1027	3253 2848 2787 698
1028	853 3982 1324 3894
1029	899 2823 3696 3044
1030	2030 2231 3654 380
1031	1486 3020 845 1272
1032	3633 3899 1040 3256
1033	3687 2644 3216 1611
1034	2926 1593 475 454
1035	3412 14 586 3511
1036	3664 3394 3162 2318
1037	3873 3400 2315 1225
1038	1477 3393 3810 1201
1039	2814 2116 3067 3902
1040	3159 890 3169 2780
1041	2963 1746 1808 3144
1042	3136 2743 3782 1280
1043	3625 1866 3308 1946
1044	1622 919 3638 1227
1045	2877 265 2993 3929
1046	3761 3966 1810 992
1047	2968 425 91 2960
1048	3568 983 127 88
1049	2290 2889 889 2539
1050	2497 1559 1546 1018
1051	3678 159 3285 3725
1052	244 1268 1136 3481
1053	2830 881 3912 1920
1054	646 1450 3436 1804
1055	2270 2354 3764 2508
1056	2574 362 461 3706
1057	1555 2750 3562 3081
1058	2227 2208 3708 1858
1059	3306 3943 16 3959
1060	3505 1114 1288 1153
1061	3190 2505 2712 2689
1062	920 837 3644 2216
1063	100 124 497 2405
1064	987 3772 334 1397
1065	2554 1630 59 2196
1066	3120 798 3933 1347
1067	2741 788 1824 55
1068	1758 547 1383 2235
1069	648 1167 1324 1503
1070	1770 892 3963 1772
1071	3356 1618 3888 1642
1072	3168 2735 534 439
1073	2847 1313 793 3199
1074	713 661 2857 2640
1075	1591 3766 3951 3996
1076	3226 546 2483 991
1077	651 2904 1744 2357
1078	2236 2931 97 1555
1079	2249 1001 811 83
1080	2068 776 192 551
1081	3448 2186 1371 1942
1082	3527 3146 2548 1895
1083	2043 2202 1123 2020
1084	3080 464 3237 1950
1085	3747 3267 2768 2810
1086	741 133 1731 2903
1087	3419 2107 939 578
1088	2835 3673 1199 1449
1089	330 1627 1547 2343
1090	383 3934 2155 2809
1091	2395 2192 556 3691
1092	89 1536 1401 3541
1093	768 1094 3681 714
1094	2700 1355 2540 2259
1095	2382 583 3740 1487
1096	3008 713 1330 3058
1097	1774 3660 138 2813
1098	2804 860 773 294
1099	2920 2884 1421 2357
1100	2849 2392 1067 3360
1101	2829 543 892 835
1102	208 3467 2399 176
1103	1306 2810 914 1577
1104	3288 2975 2064 348
1105	1536 1872 3887 3568
1106	492 3263 1504 3293
1107	2050 2528 2763 998
1108	3596 597 3581 3092
1109	166 3395 3529 3361
1110	1802 2207 3796 2445
1111	2114 3579 282 3320
1112	2881 614 1119 2823
1113	1841 1598 287 835
1114	3877 838 2724 2738
1115	898 288 1864 1468
1116	1583 2195 179 3061
1117	3799 1621 1984 303
1118	2310 3542 456 3381
1119	914 540 1140 580
1120	1429 1174 3675 644
1121	216 3372 349 1951
1122	3756 2014 2553 2644
1123	2103 3821 1074 3128
1124	2056 1281 317 425
1125	17 217 3412 1784
1126	2769 1553 156 1233
1127	1760 3413 3054 686
1128	1507 2913 2315 3397
1129	2139 1645 1327 3343
1130	1998 3841 2525 355
1131	1000 624 1080 861
1132	788 3575 1707 1017
1133	3699 300 182 2226
1134	2422 832 3750 3748
1135	3738 3965 2110 2901
1136	1711 1135 3659 1497
1137	1520 762 3399 1412
1138	3337 3401 466 1917
1139	3123 3140 2641 493
1140	204 26 55 2816
1141	461 475 1281 418
1142	802 1395 2399 1869
1143	3383 757 626 3279
1144	2312 1551 3706 236
1145	3016 2212 2297 2294
1146	2236 720 2573 2596
1147	2038 1641 2767 1588
1148	3076 418 507 1067
1149	3627 2463 675 3479
1150	3883 110 3000 1574
1151	2424 648 306 3914
1152	1499 2649 1875 471
1153	164 1142 3891 525
1154	2834 3214 693 2547
1155	3496 2863 3353 1647
1156	1805 1005 787 1040
1157	34 2998 619 715
1158	318 2645 3817 3859
1159	2850 3073 854 578
1160	191 1073 3754 3951
1161	3354 2132 2729 585
1162	1966 1634 811 3605
1163	1922 416 2271 3690
1164	1273 145 53 426
1165	2663 1989 3917 1361
1166	1745 3922 2320 2855
1167	3319 1080 2040 2750
1168	1435 2034 2551 1289
1169	3614 242 2525 3340
1170	1268 3538 738 1232
1171	3229 2958 910 1228
1172	1277 3971 3444 3376
1173	95 941 1148 2214
1174	1184 3099 1225 94
1175	2877 1140 3214 37
1176	2374 720 1243 566
1177	2244 1321 603 3370
1178	2353 2274 2998 1600
1179	3958 2134 2170 2634
1180	539 56 333 186
1181	801 1658 2828 3163
1182	3502 3056 2735 911
1183	2022 3714 2282 983
1184	801 733 1434 2586
1185	257 3580 2298 3194
1186	3073 3477 928 1809
1187	751 2276 913 895
1188	298 1108 2290 2611
1189	2252 3191 2539 601
1190	1960 408 989 2982
1191	3083 2594 127 2273
1192	2286 3534 918 766
1193	1664 2437 3303 2376
1194	846 3088 3973 3255
1195	147 1878 858 2761
1196	1475 679 2739 827
1197	2867 3069 1004 734
1198	2835 20 2707 3017
1199	3936 1004 490 2324
1200	1883 2910 1933 3664
1201	579 621 1971 3532
1202	1082 2878 186 132
1203	2710 829 3941 3278
1204	1422 2878 322 40
1205	2782 781 1116 2778
1206	130 53 2043 3575
1207	3042 2465 3298 1266
1208	2414 2450 135 2157
1209	2152 1544 3575 1220
1210	662 1500 1932 1077
1211	3486 3412 2120 3721
1212	241 119 3966 2716
1213	3450 1540 3923 2048
1214	2347 1510 3644 2034
1215	1817 2435 1449 1315
1216	3333 2046 261 3246
1217	3338 3939 2516 3722
1218	517 3049 796 1954
1219	2781 3077 1636 2910
1220	2691 866 1656 2476
1221	66 2298 3564 2933
1222	1350 313 3905 3697
1223	2329 2705 3046 1539
1224	2166 3397 504 516
1225	3483 3766 486 1722
1226	1274 1136 1693 3783
1227	1273 2967 1723 3919
1228	1666 1405 2905 3610
1229	826 2030 3155 3770
1230	1301 3884 432 1034
1231	2323 2564 1093 1013
1232	2531 542 3584 3226
1233	2745 1377 2581 1868
1234	3979 487 2177 1804
1235	1457 2217 1782 2175
1236	1251 3629 930 250
1237	3007 2293 1635 3600
1238	1677 2245 3703 1075
1239	1576 730 633 361
1240	2737 1395 530 2047
1241	2343 3954 1376 3228
1242	1904 2045 2965 3683
1243	1403 2023 2993 952
1244	1362 835 534 1165
1245	3883 37 1563 822
1246	361 3636 942 2931
1247	1572 2048 1347 3691
1248	2954 2311 1161 1431
1249	633 1207 2941 2633
1250	1431 1598 3649 2865
1251	2859 1463 2391 247
1252	1960 1545 1690 2216
1253	460 2694 3860 1730
1254	2814 648 2187 3468
1255	519 2951 1601 2928
1256	973 1651 1264 633
1257	3010 341 820 2919
1258	2007 3919 1623 1055
1259	3670 1098 1395 1056
1260	840 1330 821 434
1261	48 3519 3517 950
1262	3327 867 2561 1110
1263	1683 1687 1952 2522
1264	2533 2379 492 1365
1265	3640 2288 3959 2048
1266	1190 2420 204 1855
1267	531 332 2782 3032
1268	3006 661 3794 3754
1269	3655 3213 247 3757
1270	344 42 2754 3794
1271	1052 3313 2101 2562
1272	232 1659 942 93
1273	1023 1204 584 1132
1274	2759 2323 3968 1526
1275	69 2533 2121 1542
1276	3619 2773 609 2376
1277	213 3796 2095 292
1278	3875 3759 1702 3056
1279	334 1454 1302 2272
1280	3017 1482 461 2972
1281	1379 1231 40 1336
1282	1916 1346 3275 2905
1283	245 1932 3662 2107
1284	2520 1538 3798 3777
1285	1628 757 3996 1662
1286	972 3639 3469 262
1287	3276 2826 224 1899
1288	2248 2297 2632 1430
1289	3864 525 2578 3678
1290	1550 1909 2007 2451
1291	96 2275 2668 2239
1292	341 1363 518 1356
1293	661 3465 3294 3939
1294	1296 2046 332 2980
1295	1312 530 2270 994
1296	342 1663 1480 2383
1297	1616 553 3093 1721
1298	1597 846 2506 438
1299	3796 1247 212 2665
1300	2185 3099 356 2728
1301	1638 1841 2204 2041
1302	758 3315 2076 1495
1303	2547 2103 337 3081
1304	3995 3921 2876 3094
1305	627 2649 2820 1152
1306	3465 2645 1715 289
1307	1048 2662 420 1940
1308	2888 1963 833 3651
1309	1988 1307 3236 3509
1310	1233 1490 1483 3454
1311	2059 2343 3047 717
1312	3986 2870 637 675
1313	2445 1842 2982 250
1314	3541 2190 522 3047
1315	1808 2417 168 455
1316	3856 3480 611 1594
1317	2602 3991 3568 173
1318	361 2583 2028 666
1319	3534 2894 2412 2946
1320	3551 3471 1340 2226
1321	701 3946 2387 1254
1322	1779 3034 309 2988
1323	3327 2211 1232 3835
1324	3487 3442 2405 2954
1325	1034 2201 2374 3708
1326	1419 3347 1779 2032
1327	2229 599 969 3139
1328	1340 555 3834 1620
1329	1467 3916 986 2607
1330	3362 1172 698 2376
1331	3534 1030 2898 3722
1332	3165 1874 3594 1901
1333	1515 2164 3099 3082
1334	1274 565 3498 2622
1335	3262 2620 356 1224
1336	2957 558 3453 920
1337	1441 3471 3375 2106
1338	3443 340 513 3358
1339	2736 2400 1010 1959
1340	2833 1028 542 876
1341	3807 30 699 1896
1342	2416 849 950 2887
1343	1233 2320 1351 2315
1344	3066 267 2938 2445
1345	1960 1982 257 930
1346	967 829 3928 2997
1347	3654 3402 3491 152
1348	144 1381 613 2721
1349	878 148 3823 1608
1350	3064 966 3405 17
1351	3168 1912 1350 1722
1352	86 573 55 1471
1353	844 2623 1854 2566
1354	3570 3807 1833 1451
1355	3782 3456 296 632
1356	3194 1655 3902 453
1357	3407 1595 1951 658
1358	3355 668 356 1434
1359	795 3877 3319 2354
1360	1461 1256 1922 1578
1361	61 3796 1274 626
1362	1549 1168 2395 1288
1363	2078 2866 1835 807
1364	2829 853 652 2678
1365	1121 2981 3490 3472
1366	1609 2046 429 2435
1367	2149 1142 2175 2520
1368	1504 2773 38 2633
1369	3229 1808 1828 1546
1370	926 885 823 3943
1371	1980 1137 3844 2898
1372	2530 307 2392 646
1373	2954 3520 2818 1366
1374	2671 1394 2504 1961
1375	500 28 2641 106
1376	1825 1067 10 3412
1377	937 2826 2303 189
1378	1571 1886 2340 1316
1379	748 1053 701 1074
1380	3880 3744 763 2948
1381	2035 2356 2283 3339
1382	335 3592 1032 2524
1383	2615 1961 2544 3160
1384	332 1389 3993 870
1385	1906 2093 2189 2326
1386	2418 447 354 510
1387	3146 521 1210 3970
1388	1603 1369 58 3850
1389	3511 2168 3153 2749
1390	3841 1004 3566 259
1391	2344 1951 3562 854
1392	2816 1139 3823 48
1393	3964 408 854 17
1394	3754 2094 3833 3711
1395	1435 2182 823 2602
1396	2190 3959 1460 3268
1397	1191 3031 3523 1891
1398	2457 2892 2479 3125
1399	1538 1832 3438 842
1400	3110 3717 2858 613
1401	2859 3874 677 1875
1402	582 1022 3886 1207
1403	3707 2787 329 1668
1404	91 976 983 391
1405	1016 548 1172 456
1406	2128 1340 2902 3248
1407	288 277 3631 3007
1408	1822 1400 522 2056
1409	899 910 135 226
1410	1069 1037 1543 3549
1411	542 340 982 243
1412	1500 697 3118 2934
1413	1368 2243 3375 1887
1414	217 3706 854 1397
1415	2502 1566 2435 3606
1416	1660 1219 1553 1511
1417	1415 2531 2835 1161
1418	69 5 2738 2850
1419	3995 1004 2096 3862
1420	1703 2355 181 2038
1421	198 225 1666 3624
1422	313 1575 1579 1609
1423	2804 1131 3538 3791
1424	1318 3868 3953 2229
1425	3060 3890 511 3470
1426	1722 3821 2502 1229
1427	907 3773 3085 1996
1428	2014 2302 3363 2810
1429	2982 2114 1558 1234
1430	1121 2240 84 1948
1431	758 1859 2044 535
1432	1952 1617 3636 2686
1433	3926 1089 3964 475
1434	1137 3891 352 390
1435	2551 913 3954 915
1436	289 179 3487 500
1437	1512 2232 1209 444
1438	1435 690 1887 3411
1439	430 3163 1942 1939
1440	231 1247 1790 333
1441	1500 1255 3962 2752
1442	3145 133 883 2350
1443	599 164 2252 1946
1444	1010 3110 3466 327
1445	1508 3063 1050 3050
1446	3178 2119 1957 2966
1447	1269 823 3034 937
1448	1964 1996 936 3987
1449	2440 3879 86 3740
1450	138 3490 1569 3296
1451	3423 2713 469 3120
1452	2956 1909 460 2934
1453	1061 977 2359 729
1454	2531 946 3864 740
1455	2321 3583 3307 1383
1456	2306 2526 3685 863
1457	182 3425 3539 2245
1458	2981 3962 1762 2595
1459	2721 2926 1894 2208
1460	2451 1298 3742 1492
1461	1905 2218 794 2733
1462	3136 2358 1137 3343
1463	1766 525 2770 2541
1464	2545 2898 208 245
1465	2378 3199 3896 3833
1466	3004 2152 2896 933
1467	472 3849 917 3147
1468	2182 2147 2268 446
1469	3519 3157 873 3478
1470	1374 357 2810 1330
1471	1794 1198 2731 3948
1472	1464 3573 2404 3797
1473	2156 2490 1820 3109
1474	3074 2326 1894 1604
1475	2215 2480 1795 3864
1476	3606 1728 3941 1890
1477	2047 820 1411 25
1478	1726 2335 1190 2810
1479	795 2521 2541 687
1480	3282 3419 2771 523
1481	3213 2971 1719 897
1482	3739 992 3776 937
1483	2666 2794 3863 3480
1484	926 1981 591 1598
1485	62 3666 1908 1445
1486	209 2158 3811 1189
1487	2887 447 3778 3038
1488	172 2739 3980 351
1489	735 370 2368 2302
1490	2458 991 3476 1858
1491	1653 2545 3198 2912
1492	2653 3799 644 685
1493	1143 643 3896 82
1494	1893 3766 3603 3061
1495	2770 392 3895 2520
1496	3359 1310 1154 375
1497	141 3404 3472 1663
1498	3904 1109 2854 601
1499	386 3832 744 861
1500	2742 1330 3509 2910
1501	3291 2504 1230 2702
1502	2493 1287 1256 2230
1503	3904 434 1312 2333
1504	798 1448 2851 1729
1505	3667 1979 2191 402
1506	3345 3196 921 555
1507	48 1423 2881 3197
1508	3303 2291 1656 3627
1509	1166 1393 1338 3536
1510	40 1674 1796 1883
1511	22 1275 1970 2177
1512	3424 2072 743 3098
1513	2760 2655 1615 3759
1514	1108 2810 3254 3249
1515	725 2851 453 3728
1516	2897 298 403 365
1517	3157 2690 3422 1209
1518	2633 3849 3356 2897
1519	1967 966 1329 3477
1520	1984 1801 2008 881
1521	2317 1379 1192 2421
1522	2113 1372 627 2488
1523	2650 2279 245 2362
1524	404 1215 1403 3057
1525	1278 3128 3616 1565
1526	2264 365 152 288
1527	3853 403 3827 982
1528	449 1054 2420 1983
1529	2744 3484 3110 1034
1530	2494 1834 2839 3615
1531	3788 2120 2918 2662
1532	477 1515 3841 1910
1533	3890 1171 1090 378
1534	725 3591 1667 1799
1535	2567 1586 1787 2770
1536	4000 1171 2140 3256
1537	1840 946 632 3620
1538	1292 1870 1746 1927
1539	3744 432 1393 2785
1540	2560 660 1324 2908
1541	1256 1661 3113 3958
1542	1593 2398 2029 2636
1543	582 640 3780 634
1544	3595 2550 2214 3574
1545	2519 920 2382 1869
1546	3228 2573 1491 2223
1547	3995 2077 1687 1822
1548	3505 1491 481 965
1549	1921 730 3069 1641
1550	2291 3378 1605 2334
1551	2116 1609 2439 861
1552	3114 3800 3775 2555
1553	353 3528 2587 330
1554	2556 2680 1951 1497
1555	2457 3640 210 3520
1556	3742 640 3266 710
1557	1918 975 1420 179
1558	228 2560 2783 1771
1559	601 1011 3728 1404
1560	3077 3902 3941 3918
1561	941 2919 3270 495
1562	1989 297 1371 768
1563	378 2118 3505 3393
1564	3053 2956 2961 2921
1565	810 2901 3632 2013
1566	3019 1661 1969 2321
1567	3496 1158 3664 1438
1568	2951 1398 2428 1485
1569	1117 1601 2399 1763
1570	710 154 212 55
1571	3556 1379 450 1238
1572	3902 1942 3882 2593
1573	2548 2629 1045 1439
1574	778 2836 3785 1144
1575	420 2244 2491 1319
1576	22 588 852 1820
1577	3970 23 1987 1309
1578	1455 371 195 2490
1579	3887 2376 903 1022
1580	357 216 2794 650
1581	3171 1873 698 665
1582	2497 3953 3461 625
1583	612 3198 2304 2919
1584	2859 2741 745 1512
1585	1709 3438 2142 2831
1586	2678 731 557 1571
1587	3245 3136 2814 174
1588	2586 3976 2020 3294
1589	3321 172 2115 3758
1590	2497 383 3444 1944
1591	1724 1300 2136 361
1592	1339 329 2272 1097
1593	344 22 3077 195
1594	1792 2485 1500 1558
1595	1685 2509 1775 2261
1596	2927 1494 263 3003
1597	3598 3405 3034 2483
1598	2959 3301 2200 793
1599	3940 570 488 3143
1600	3271 267 1647 1618
1601	199 261 1070 1964
1602	3490 1656 850 1005
1603	3974 1688 1036 3059
1604	1547 3617 3121 3158
1605	732 2552 92 31
1606	2529 506 1223 3229
1607	3420 2911 3316 1652
1608	3577 2180 1252 1833
1609	2257 3610 373 2831
1610	3142 1871 1915 1443
1611	2454 1487 3962 9
1612	1663 284 3315 319
1613	2592 735 2467 2639
1614	1014 1757 248 3675
1615	3078 30 3471 1065
1616	69 1674 2471 2053
1617	2326 2406 3081 3923
1618	3273 704 2553 3189
1619	2231 1391 2958 3070
1620	358 3060 613 2141
1621	19 2522 471 1099
1622	2139 2623 2662 3051
1623	2686 114 1595 1649
1624	1790 632 3208 631
1625	3037 1054 2951 14
1626	1113 3531 3431 2306
1627	2692 2372 2832 955
1628	965 3690 3459 2925
1629	1485 3490 3091 158
1630	393 851 1126 1057
1631	2301 3280 2462 3443
1632	3945 2519 2123 1086
1633	1672 480 1171 3618
1634	1236 2906 1501 2701
1635	1349 3464 620 767
1636	1029 2660 2305 2817
1637	588 2059 2492 1810
1638	1954 3246 1394 587
1639	1028 3786 784 1335
1640	3402 2708 3565 3869
1641	3816 1843 2090 3974
1642	3264 1453 2669 1366
1643	2015 2110 3865 3016
1644	1852 1782 653 643
1645	2365 3593 3468 479
1646	1682 1068 2336 2291
1647	1106 1006 2458 531
1648	770 3815 1213 766
1649	841 3523 2891 2926
1650	2662 267 3671 750
1651	1304 273 1339 2035
1652	1614 2787 1783 2382
1653	2442 2764 3846 89
1654	2202 3947 2167 3270
1655	3325 1179 3274 2409
1656	3067 2059 2408 1950
1657	1212 1358 3228 1688
1658	2598 2839 1151 2287
1659	3461 2310 232 1780
1660	2070 1940 1206 3291
1661	1005 2179 3844 3028
1662	1059 2312 877 1921
1663	3767 3911 3074 2772
1664	949 2628 3207 1667
1665	1630 2168 804 504
1666	2893 490 1946 3049
1667	1517 2617 3787 1025
1668	2828 2668 2801 1654
1669	1605 1280 2382 1002
1670	3951 334 863 2914
1671	1882 3456 1364 480
1672	2535 2066 120 563
1673	3998 526 2917 1198
1674	44 1325 568 1554
1675	2783 1032 3382 1948
1676	1206 201 669 2189
1677	787 1502 2348 1780
1678	2039 1387 3767 314
1679	1883 2752 378 2487
1680	1792 3675 567 2651
1681	211 803 3943 2609
1682	322 700 1892 2699
1683	654 14 3080 99
1684	3661 237 681 3080
1685	2548 1700 2814 1826
1686	3343 24 1516 844
1687	1480 2228 1597 3255
1688	3514 3932 2027 928
1689	2785 2481 2927 3952
1690	3205 3051 3851 2758
1691	1574 2618 1774 2805
1692	1609 3731 663 3626
1693	1843 206 2827 2467
1694	3563 1286 1932 1375
1695	1721 568 2871 3922
1696	1897 1615 3301 2725
1697	2268 2911 2375 2165
1698	524 64 1426 1986
1699	856 2765 1989 983
1700	701 1740 3613 973
1701	428 2110 2839 1615
1702	2334 2026 1430 3084
1703	2090 1732 1535 3785
1704	48 1057 692 2227
1705	488 3999 2576 2654
1706	440 2443 485 2252
1707	1681 2509 1478 1559
1708	1112 1546 1899 3425
1709	3940 2945 952 566
1710	2878 2735 1817 2747
1711	1568 2168 2390 2182
1712	89 1248 1342 308
1713	120 3313 506 2022
1714	2074 3651 391 342
1715	356 3624 189 3797
1716	1495 1349 3443 3320
1717	1787 2747 3450 2657
1718	2718 2196 2619 129
1719	2867 2393 813 2772
1720	3333 2006 1026 1295
1721	1670 3549 1566 1947
1722	554 551 3682 3190
1723	334 2838 3020 149
1724	3457 3688 3370 1318
1725	583 1160 2219 2014
1726	3904 268 422 3997
1727	2334 1395 2540 1711
1728	1465 3784 2673 2156
1729	2684 3764 2183 1994
1730	2763 3992 2756 466
1731	2510 3309 3751 3819
1732	3446 3262 402 3641
1733	2444 2037 1982 626
1734	3278 3989 3563 3523
1735	1188 394 2109 2159
1736	1912 3126 3955 3406
1737	917 1044 2453 689
1738	2458 1734 3991 2103
1739	943 2328 1521 1526
1740	233 3451 1112 1356
1741	1882 3311 2235 1927
1742	2929 3828 159 447
1743	211 3000 3872 1808
1744	3922 2756 709 1271
1745	3441 1077 3873 2117
1746	571 517 2176 1600
1747	3016 426 892 289
1748	2079 479 1006 3927
1749	1642 753 1267 2898
1750	2859 2066 1458 8
1751	3888 1755 3598 3426
1752	3337 2320 184 3128
1753	3718 3599 2141 2028
1754	736 1265 3280 3083
1755	59 1861 1479 2231
1756	3622 1222 439 1037
1757	1504 3623 250 2683
1758	1855 3327 2521 2645
1759	5 1070 649 2410
1760	78 3752 2116 204
1761	625 746 1037 3461
1762	2003 1438 1553 2132
1763	2421 499 3169 1389
1764	2457 648 1348 2667
1765	2025 211 1411 1720
1766	554 1244 2231 2451
1767	700 2553 2730 1367
1768	2327 1297 1633 3539
1769	1421 2289 1390 3886
1770	2760 2514 940 2381
1771	997 1084 913 550
1772	1418 910 2827 3445
1773	1247 3269 2280 1390
1774	722 3270 632 2407
1775	2963 2721 1222 1693
1776	1416 2164 3986 1222
1777	2684 1761 3110 3855
1778	1862 625 2840 1876
1779	1207 1904 3094 2095
1780	2573 2067 1520 1262
1781	2345 1332 21 2182
1782	2728 3625 3591 373
1783	2594 1114 3092 2187
1784	3416 3824 1110 2885
1785	3187 1474 2310 3178
1786	2957 2323 2185 3199
1787	3425 842 3479 2861
1788	2915 2455 2843 150
1789	2242 1935 3837 2365
1790	3226 2388 797 3847
1791	3609 787 1381 2666
1792	3429 1947 12 1468
1793	2734 2427 1497 2606
1794	19 3489 1843 1363
1795	3870 2819 743 3023
1796	1751 2692 1041 3431
1797	3165 712 1453 3191
1798	3036 726 3077 3489
1799	1106 3204 2271 2601
1800	589 2981 988 2243
1801	949 1106 2847 1034
1802	2081 1386 3359 3468
1803	1940 2627 3579 2982
1804	1808 3328 2067 3125
1805	1164 2392 1677 2600
1806	3235 2266 1053 3413
1807	3575 3512 2728 770
1808	3760 3371 3666 1115
1809	2016 3175 2556 2222
1810	3177 1853 16 2123
1811	4 1159 3375 2278
1812	2032 2136 3287 3627
1813	1574 3686 3044 3445
1814	3443 2607 3113 2240
1815	671 218 722 1927
1816	1938 1416 2881 2176
1817	3371 53 269 1025
1818	3480 3630 2230 636
1819	1650 1016 479 2515
1820	88 1037 22 1652
1821	3439 58 2530 2238
1822	314 971 2722 2922
1823	2431 1242 33 479
1824	1355 3773 374 534
1825	2354 2386 1589 3140
1826	3648 1839 1267 3969
1827	2380 3521 2039 300
1828	2574 677 909 441
1829	2885 2395 2353 402
1830	240 3998 1055 1329
1831	3954 375 3624 3189
1832	3296 596 2321 400
1833	2803 409 3659 380
1834	2370 592 1294 1455
1835	2760 1110 1418 199
1836	930 631 2096 234
1837	1447 1563 844 47
1838	240 3680 2959 3599
1839	1521 2116 1602 891
1840	601 3315 690 2449
1841	3613 1200 1830 3442
1842	3118 745 1756 3287
1843	2030 3123 1193 1712
1844	3047 3261 2263 3014
1845	1349 2853 1401 2256
1846	3070 3432 245 2258
1847	2183 908 3750 3214
1848	2888 3063 429 2438
1849	3237 817 3398 2214
1850	100 796 78 764
1851	2153 980 1725 2255
1852	2592 3202 471 1506
1853	1735 321 1519 1889
1854	524 2311 304 1105
1855	791 758 2641 2332
1856	470 3733 2476 3098
1857	2152 1337 2431 3580
1858	1417 918 698 315
1859	332 2749 1315 2169
1860	23 503 2839 2452
1861	1857 1015 3903 906
1862	2944 3369 2059 2860
1863	2482 1254 1327 3724
1864	975 3687 599 1284
1865	1267 2778 1658 750
1866	3422 136 434 1273
1867	3969 3107 1930 1734
1868	1312 3392 48 2143
1869	1217 1093 3648 2196
1870	930 150 1233 1579
1871	623 3968 3612 1950
1872	670 96 2071 395
1873	2288 3913 3453 101
1874	2288 641 163 3432
1875	2085 2686 2514 204
1876	375 2696 1678 227
1877	2652 3838 1513 1934
1878	1258 3329 2959 1836
1879	200 1248 898 3442
1880	494 1923 2164 2061
1881	41 1976 3886 3538
1882	765 1252 847 2352
1883	3188 2820 1876 2862
1884	3197 3893 1369 1771
1885	388 1552 1255 2441
1886	2993 1484 3707 2669
1887	667 1411 1606 2313
1888	782 1555 2475 3089
1889	744 1255 3855 365
1890	160 2009 1874 2443
1891	1597 1668 1148 2077
1892	3669 2810 2807 1596
1893	3032 3353 1059 3572
1894	3817 2020 545 290
1895	245 312 1188 3182
1896	707 3060 3080 3683
1897	226 585 3297 2680
1898	3499 1912 3732 1811
1899	2217 1742 3836 2393
1900	1120 2955 548 878
1901	1527 2852 1032 2610
1902	2543 2224 1726 3567
1903	3673 1314 2699 1010
1904	411 1101 2518 924
1905	114 1717 478 2274
1906	3913 3804 1012 2864
1907	1767 2816 3433 3621
1908	1560 498 1660 2007
1909	57 3730 783 679
1910	3853 465 603 264
1911	3416 1647 1967 3954
1912	3847 477 3597 1515
1913	3957 593 2358 3056
1914	207 386 3735 2692
1915	464 2230 624 3953
1916	616 2887 2196 3723
1917	3903 1195 1078 1676
1918	3219 1536 2876 49
1919	322 3153 3320 1242
1920	324 2316 3038 3798
1921	3316 3499 37 2988
1922	1651 3380 1014 1205
1923	2160 581 58 1091
1924	2185 3102 503 2507
1925	2259 1341 3576 1712
1926	2044 2133 1160 272
1927	1736 1427 3911 2054
1928	2754 2898 2937 3029
1929	3799 2116 3278 3539
1930	3956 1829 1035 1046
1931	927 2814 708 1389
1932	2774 3561 1344 2247
1933	3988 392 2638 3073
1934	2992 2474 2885 504
1935	3061 3345 609 3426
1936	601 3129 2060 1925
1937	1051 1461 108 652
1938	2469 3539 1375 1257
1939	100 686 1799 3012
1940	3559 3653 862 2158
1941	347 1833 3220 2697
1942	3533 2066 1528 3839
1943	2781 2985 1469 1168
1944	1532 2646 968 471
1945	701 2713 3497 3225
1946	561 1659 3643 2725
1947	1771 2642 2324 3114
1948	133 920 2368 982
1949	656 1439 2840 1164
1950	1682 1603 1167 2973
1951	929 1939 3787 1791
1952	3775 569 2965 2997
1953	257 2939 3116 1116
1954	3224 408 2450 3379
1955	741 1063 131 3025
1956	3969 3877 950 3442
1957	2916 2188 3625 2204
1958	3948 1011 363 1032
1959	3015 11 723 1465
1960	1180 894 882 517
1961	2956 1702 173 651
1962	1864 1934 2706 1164
1963	914 2919 590 1459
1964	1576 2474 2921 2964
1965	1395 1072 435 719
1966	1481 3632 1377 1183
1967	3398 2311 2513 1974
1968	2979 519 3674 2338
1969	1569 564 3325 1660
1970	306 321 3250 2778
1971	158 1800 842 1736
1972	1368 2198 2089 2672
1973	1150 1791 3067 1320
1974	424 545 2709 2996
1975	2122 738 2251 1700
1976	2249 1921 868 2932
1977	2156 1479 3672 2020
1978	3994 734 803 167
1979	1606 1350 3618 3018
1980	2225 3813 2853 639
1981	1515 3343 2533 1383
1982	470 1039 964 3581
1983	1196 3852 252 3618
1984	3088 467 2817 2071
1985	1776 2077 2825 3717
1986	2402 1699 249 799
1987	1423 79 2647 1563
1988	1770 2744 137 1407
1989	2533 2500 3424 618
1990	3619 3208 53 1489
1991	2334 1136 993 2306
1992	478 367 2793 233
1993	2150 1836 54 2423
1994	2641 2537 1250 1690
1995	3013 3579 1628 3995
1996	2336 2103 2139 3776
1997	351 180 343 3153
1998	3140 2705 1716 1373
1999	144 3657 635 3971
2000	2867 1268 2910 3272
2001	1275 1146 518 2591
2002	273 1924 3181 1208
2003	3690 2119 798 2585
2004	646 1349 1917 2855
2005	1555 1708 421 2135
2006	2734 1626 3374 1421
2007	769 3103 3114 1493
2008	3442 1486 1870 2350
2009	999 3269 2563 62
2010	1327 1601 2399 2631
2011	3797 3634 1060 2554
2012	3191 2595 3803 377
2013	2472 960 1910 848
2014	3908 3538 1313 1554
2015	3988 3224 2824 2482
2016	2113 3887 2536 3137
2017	533 1180 2110 2187
2018	1518 1221 3840 3479
2019	277 114 3702 3387
2020	1315 556 2638 1287
2021	3416 2411 2859 341
2022	3536 647 1192 2384
2023	2759 1656 3864 350
2024	196 2398 1340 2281
2025	1936 3305 114 3470
2026	671 2339 939 609
2027	2701 1365 3689 165
2028	3996 2129 1846 2586
2029	3889 3066 1855 3580
2030	3641 3107 1881 947
2031	2228 139 1875 2401
2032	1800 3163 1512 1136
2033	1537 148 3099 2725
2034	2345 3538 1884 1075
2035	1746 2180 2531 2911
2036	2341 1624 325 448
2037	739 277 861 2110
2038	3371 467 2625 1190
2039	182 1123 2445 937
2040	3919 2345 145 2759
2041	1321 1810 2782 3740
2042	663 701 196 754
2043	128 887 2737 3953
2044	3773 1632 2172 1599
2045	3262 3462 113 3233
2046	3175 1264 3539 1236
2047	2956 769 2101 1375
2048	1223 2557 3075 2175
2049	2259 396 761 1470
2050	342 2422 3635 738
2051	3987 3294 1837 3300
2052	1928 1530 3240 964
2053	3271 3707 3108 3700
2054	3191 755 1431 3404
2055	2797 334 1873 1387
2056	3559 1944 1605 3905
2057	1600 3312 292 3739
2058	3930 2553 3436 3491
2059	725 2021 3989 2042
2060	254 3630 512 3577
2061	2104 3257 1667 3927
2062	1830 2781 2951 1002
2063	2679 1954 3437 3045
2064	146 1905 1047 758
2065	108 3459 3139 2453
2066	244 3900 1877 2771
2067	1299 1231 3163 1750
2068	3313 2972 2314 756
2069	595 2905 3075 716
2070	569 1788 1067 3882
2071	2572 2812 1839 3998
2072	479 3443 3094 3894
2073	1259 311 1503 339
2074	9 3052 164 1323
2075	965 737 3901 3908
2076	1781 2747 1350 2551
2077	1992 1267 1295 498
2078	937 2972 876 760
2079	1161 1699 798 1645
2080	1940 2177 21 2146
2081	387 1884 3032 3190
2082	705 2357 659 2325
2083	474 1513 1659 3351
2084	1162 1374 567 447
2085	1833 3946 2271 3090
2086	3719 2577 735 305
2087	3021 3966 578 340
2088	2099 3972 2714 613
2089	1783 1601 2902 3633
2090	2613 3031 1423 618
2091	1726 2591 720 1723
2092	193 1207 1849 2339
2093	2771 589 1299 1967
2094	349 2325 2722 990
2095	1246 2864 450 3600
2096	1733 3228 528 516
2097	1752 40 984 2409
2098	2066 1416 1096 3683
2099	3875 3345 3693 2944
2100	962 890 3537 1773
2101	355 3838 2480 3051
2102	2516 3995 2432 3712
2103	1530 3280 1724 1341
2104	540 1797 2971 2320
2105	3615 1582 2085 1164
2106	3904 2373 100 396
2107	1879 1172 2589 704
2108	723 1346 778 3450
2109	1763 161 2250 14
2110	3968 2132 91 1175
2111	1697 1856 1366 2120
2112	3555 2551 1219 2122
2113	2669 3939 1269 769
2114	3127 3816 170 3545
2115	1521 2559 1467 3960
2116	3419 3410 2704 2995
2117	3487 2590 2992 98
2118	518 909 3005 2039
2119	694 1506 2183 396
2120	273 3577 3454 3306
2121	3106 2581 253 3140
2122	1759 2391 221 110
2123	864 1542 670 2460
2124	898 3106 437 2996
2125	1974 3331 2721 2450
2126	2259 1116 1336 3836
2127	3025 2320 1596 805
2128	2477 3032 2038 1458
2129	870 50 884 2586
2130	2910 2290 2530 3314
2131	171 3554 628 2273
2132	1849 2558 3919 3305
2133	3216 281 2850 2971
2134	3979 3305 3201 651
2135	647 2856 986 1455
2136	2760 615 2507 554
2137	2482 2164 1695 664
2138	42 1208 3257 433
2139	2274 671 3249 1341
2140	2425 2547 1581 3604
2141	1298 3424 32 3688
2142	3774 1060 3107 3567
2143	2319 1831 1623 2233
2144	3761 1704 399 2411
2145	1810 3116 3534 2555
2146	3437 3445 1291 2380
2147	1400 238 880 3044
2148	578 2703 826 241
2149	3896 3125 83 627
2150	3876 2420 1711 3879
2151	395 2193 1162 128
2152	97 2113 3907 3400
2153	793 1455 2278 952
2154	1873 2137 3420 1045
2155	2440 890 2853 1783
2156	92 3345 3350 3325
2157	2728 2308 3981 219
2158	3669 1435 2905 1070
2159	1083 3587 733 1568
2160	3001 3502 360 430
2161	124 970 2620 1469
2162	1495 642 3837 408
2163	687 1969 1603 2573
2164	2327 2956 1288 94
2165	2960 2533 3944 2209
2166	2924 1869 2232 1554
2167	147 1219 595 1779
2168	1662 1425 537 193
2169	1874 2451 2935 3558
2170	3897 3056 3967 3415
2171	9 322 365 659
2172	3657 1301 190 2543
2173	1563 1957 3586 3084
2174	1223 3034 630 2189
2175	2065 1097 2375 1150
2176	3270 14 2801 1679
2177	2085 353 1229 2948
2178	1404 3873 2625 620
2179	3494 497 458 3141
2180	617 2181 2817 1320
2181	623 3187 150 2021
2182	3597 1776 1507 544
2183	645 1673 3887 623
2184	1760 3312 3067 1953
2185	3300 2340 156 1596
2186	3554 2790 2501 2590
2187	2528 328 2133 2623
2188	750 1839 3781 3887
2189	1610 1024 2823 3344
2190	2359 594 1136 1947
2191	3087 3873 523 2093
2192	1264 1237 597 3200
2193	1060 1728 1123 3156
2194	791 2641 2977 2080
2195	2348 1906 1008 864
2196	1158 993 994 2948
2197	2589 101 1122 1501
2198	1147 3901 2385 1285
2199	3502 3516 3227 3826
2200	264 197 1622 3035
2201	2344 815 1470 3961
2202	3349 489 1267 3974
2203	2026 1948 2084 462
2204	760 2518 1964 1140
2205	396 403 1366 2556
2206	3163 429 1775 1580
2207	3883 124 3043 889
2208	2445 332 2796 2076
2209	1969 3099 724 1525
2210	1355 1838 3889 983
2211	2924 3552 1328 2536
2212	244 765 2900 1991
2213	3759 689 1220 192
2214	1623 1769 3863 3323
2215	529 126 248 602
2216	261 1415 468 2787
2217	2935 394 1939 2555
2218	120 7 2461 1120
2219	3593 3343 843 439
2220	3733 526 2665 1148
2221	3375 1795 321 241
2222	2404 3058 955 2575
2223	1924 447 54 2998
2224	1187 3374 3796 1584
2225	2738 826 2106 481
2226	642 2625 3829 935
2227	3128 11 3616 3477
2228	146 3630 1538 3859
2229	940 3833 982 3716
2230	894 3800 145 3840
2231	67 2490 894 309
2232	2697 3471 1678 209
2233	3614 3733 1645 506
2234	3309 3281 523 2513
2235	2970 2236 1839 645
2236	2267 1192 2821 2735
2237	3131 3277 968 2364
2238	3053 2834 3687 1698
2239	1256 2513 1289 1452
2240	1920 109 1517 2363
2241	760 3441 2979 2162
2242	808 309 3536 243
2243	1175 2012 811 2383
2244	1512 1489 3260 1764
2245	2546 3945 363 743
2246	664 1438 687 1200
2247	2323 391 3282 3549
2248	2023 1291 1812 1616
2249	2489 3943 177 1393
2250	2231 710 3441 3350
2251	1120 3352 421 2343
2252	406 3487 2306 606
2253	3589 3866 498 2800
2254	2801 573 135 3037
2255	2327 768 2464 448
2256	1275 3709 579 2569
2257	351 2463 1683 2144
2258	2392 3225 1823 195
2259	676 387 202 1173
2260	756 2008 194 1135
2261	3314 39 973 972
2262	1492 2276 3250 3473
2263	3697 606 2566 2265
2264	2835 480 1596 1295
2265	3197 3909 119 3471
2266	2343 2534 3053 2335
2267	3821 2860 1972 2319
2268	1533 2528 2858 2264
2269	1221 1087 749 1808
2270	1584 1182 1169 3035
2271	825 1116 637 3946
2272	3227 3522 479 3036
2273	1205 220 3170 163
2274	3088 612 378 2352
2275	717 3004 45 1836
2276	454 3629 3668 1024
2277	3 1793 1317 2094
2278	816 192 3951 1980
2279	2119 2090 797 837
2280	1525 2569 590 3169
2281	1855 604 3541 2885
2282	2514 3212 2347 3454
2283	2237 1816 1024 2225
2284	1268 1080 2 1916
2285	3250 1538 1950 1506
2286	2094 288 2916 521
2287	3503 613 2571 1272
2288	3242 2829 763 1439
2289	3855 2660 1998 3834
2290	1510 3495 1562 2827
2291	2942 716 3173 276
2292	742 3568 2638 520
2293	104 618 1030 1771
2294	3967 2473 313 1821
2295	3376 174 1794 2181
2296	919 3277 871 3454
2297	3023 2404 1484 1904
2298	1297 2801 3759 2767
2299	2512 602 1365 2933
2300	1358 2063 3979 3383
2301	2864 460 1453 2344
2302	3307 3870 309 3751
2303	1017 161 2101 1709
2304	1420 1596 3207 3450
2305	125 1168 2314 1380
2306	1962 2558 3213 3571
2307	3635 2296 3611 1167
2308	3704 2825 3109 2156
2309	3549 1723 2116 2605
2310	193 1944 3315 1414
2311	449 3753 2997 2848
2312	1926 3757 3706 2319
2313	657 3408 449 2135
2314	192 1336 2477 342
2315	2372 1160 3876 574
2316	2055 1670 13 3414
2317	2297 1476 571 2997
2318	883 1637 2439 1754
2319	2196 2494 2096 639
2320	231 2988 2901 591
2321	3386 2847 3350 211
2322	3032 2445 662 2801
2323	2385 2189 1792 2771
2324	182 569 322 1415
2325	1182 3191 2116 3674
2326	2099 2447 1030 1841
2327	1476 339 1119 181
2328	2856 3228 548 67
2329	2754 1890 2749 3922
2330	2209 743 286 561
2331	1486 3059 3402 2608
2332	1795 3519 3589 3629
2333	2268 1839 2715 1256
2334	890 99 794 2667
2335	1380 3812 3432 1701
2336	333 861 2943 3038
2337	1024 2894 1345 2253
2338	565 450 1587 2250
2339	2426 3156 896 1118
2340	3210 1404 2671 3632
2341	4000 2714 3706 3547
2342	3227 3755 324 911
2343	943 2105 2103 3688
2344	2367 1109 1199 874
2345	931 2694 3705 1702
2346	547 3148 2035 1725
2347	957 1312 117 963
2348	1687 3467 2241 3819
2349	932 1701 1052 1019
2350	691 2352 3555 1105
2351	295 3278 463 3476
2352	2450 337 2208 1913
2353	2682 1307 3734 87
2354	2106 296 3527 677
2355	613 3793 534 3050
2356	273 1335 534 3691
2357	3180 3229 640 2920
2358	1544 894 877 2208
2359	890 3796 3838 3468
2360	1282 2241 267 968
2361	1101 675 1969 1503
2362	590 939 1639 1689
2363	2892 1882 3233 848
2364	2304 3869 3351 1082
2365	3753 2302 2077 1575
2366	3950 2065 3026 3645
2367	2131 638 290 46
2368	833 1858 1966 2786
2369	3661 485 387 477
2370	3782 1733 643 1746
2371	2824 1023 915 2406
2372	1531 836 328 350
2373	3789 606 1014 2896
2374	1322 3182 1726 796
2375	383 3992 384 1201
2376	3046 3409 2339 1463
2377	3411 1063 740 1327
2378	2073 1315 292 195
2379	3931 3559 3919 2078
2380	1895 1423 1472 1513
2381	1667 2698 3980 1093
2382	1826 2465 3110 3928
2383	379 522 1959 2850
2384	3185 1969 2287 1807
2385	786 3357 389 2729
2386	1779 987 363 3169
2387	2572 3031 253 3948
2388	943 1562 3965 341
2389	24 2273 1731 3589
2390	13 645 3900 2595
2391	1013 1216 1924 1871
2392	3813 2965 1258 658
2393	315 3986 3670 1476
2394	3600 1733 974 2450
2395	3690 72 3645 2961
2396	2882 2098 3230 1407
2397	650 502 3117 138
2398	2600 3892 349 1482
2399	1524 3811 1063 3828
2400	3421 1500 3201 2161
2401	215 3376 2765 1456
2402	217 3567 663 2794
2403	1938 1870 3611 1755
2404	3274 3776 2264 2079
2405	1281 2459 3468 2147
2406	2384 2074 3957 1706
2407	2079 3797 3860 3410
2408	1695 3508 1781 989
2409	882 967 2091 1818
2410	3030 1204 2232 3708
2411	2203 3206 3532 1197
2412	3372 1058 1239 1473
2413	282 1618 1484 2195
2414	2306 347 1949 1566
2415	733 3999 3337 3566
2416	3419 2736 2860 3524
2417	2261 3504 206 2351
2418	35 2062 356 1678
2419	1517 3080 754 2621
2420	96 772 1361 364
2421	3217 2431 2655 3768
2422	3643 2069 518 2749
2423	790 735 911 3345
2424	3024 3555 2242 988
2425	120 404 3231 60
2426	2848 594 964 2854
2427	2361 2907 2699 3772
2428	1654 3586 1007 2034
2429	1315 2984 3186 3182
2430	357 1044 829 3991
2431	2549 555 3260 441
2432	3774 3598 693 526
2433	3205 200 3786 2953
2434	862 2943 2375 179
2435	3358 297 992 2448
2436	2794 2306 2116 94
2437	3820 3732 444 1723
2438	1568 1096 1800 188
2439	1445 1559 2212 2439
2440	1596 2223 2210 243
2441	1289 2064 3443 3017
2442	549 3929 209 984
2443	1357 406 1609 1853
2444	1707 3012 852 3239
2445	2238 309 3915 1976
2446	178 963 3642 960
2447	2580 1287 3646 765
2448	3550 814 1572 2199
2449	2115 410 691 2418
2450	3902 2364 2058 3029
2451	2906 2871 1030 3641
2452	566 3014 529 2970
2453	472 2421 683 2371
2454	1635 2534 2158 2670
2455	1636 1196 3409 1338
2456	2935 897 3147 1350
2457	3219 570 2423 2880
2458	17 692 1928 991
2459	3123 2323 2420 2679
2460	3703 3639 806 2265
2461	846 810 1418 3926
2462	2831 396 3821 3895
2463	2193 1707 248 1929
2464	1041 2097 968 444
2465	660 3554 935 290
2466	3813 2962 437 1422
2467	1943 475 1815 1500
2468	3432 3846 1144 3200
2469	22 306 887 3186
2470	3149 2727 3610 2352
2471	3429 1833 3758 2215
2472	1538 1912 2074 873
2473	623 1886 2437 2487
2474	3900 1124 790 141
2475	3774 3787 2329 2462
2476	3510 668 530 3529
2477	804 949 2973 1379
2478	1645 1502 3609 3272
2479	206 1390 3351 548
2480	3514 3323 3115 3478
2481	3929 515 1088 268
2482	1581 3658 2515 95
2483	2529 718 2381 3617
2484	2236 2485 3465 211
2485	1842 1190 214 3766
2486	2372 2036 2381 1236
2487	1562 3777 225 3415
2488	3136 227 2226 1302
2489	1419 809 539 1590
2490	2994 527 2960 3660
2491	2053 544 3924 274
2492	1198 1122 2221 1893
2493	3214 1176 1859 3195
2494	1846 1854 1095 1452
2495	1576 1343 372 1607
2496	1972 2702 166 2301
2497	2244 1626 996 2977
2498	2402 2460 561 1407
2499	1944 3763 2704 2271
2500	1649 778 1360 351
2501	1905 104 434 1863
2502	652 886 434 2500
2503	635 1323 2579 3096
2504	3941 98 715 7
2505	1039 3458 1797 130
2506	2617 563 1878 3313
2507	2763 2074 2526 947
2508	2539 1777 2523 2872
2509	3181 1663 2830 1271
2510	1187 993 2250 2513
2511	3091 2363 3460 603
2512	2905 3957 354 2144
2513	1982 1661 1504 3738
2514	2564 259 2389 2427
2515	630 1936 3541 3820
2516	2172 1157 3478 3601
2517	1842 1545 3903 2395
2518	1552 821 2005 2828
2519	1301 3613 1494 3880
2520	2907 759 1189 3197
2521	1754 2758 1514 2500
2522	1991 3555 3052 989
2523	1217 1704 2542 2966
2524	1516 81 1439 3837
2525	3380 3043 588 2053
2526	3573 3980 1961 3080
2527	65 404 2087 2690
2528	1043 500 1157 2932
2529	1383 1821 3181 3336
2530	1318 1635 642 1007
2531	3130 342 3283 3100
2532	3143 71 2651 3279
2533	3014 2718 537 3471
2534	976 2554 3142 1748
2535	3455 502 1642 2492
2536	2980 3093 3490 876
2537	983 2932 453 2819
2538	2621 3788 1837 1279
2539	677 3718 2809 3363
2540	3822 2084 238 229
2541	624 152 3257 3063
2542	1692 1940 2066 162
2543	2027 2939 651 2826
2544	1110 605 3450 739
2545	3375 722 2036 3791
2546	1765 654 3083 2874
2547	33 2474 3802 2813
2548	2739 2404 2314 2746
2549	1576 1772 3782 3406
2550	2305 1013 2233 3957
2551	2430 1422 3796 406
2552	1350 1312 2321 2802
2553	613 988 1056 3200
2554	1672 3809 2222 1063
2555	2793 3475 2944 3612
2556	3369 3365 367 758
2557	1428 760 849 2417
2558	646 1621 2390 3980
2559	1409 2322 1073 2914
2560	579 1588 2673 2245
2561	1386 2385 2251 1126
2562	731 3670 3876 1705
2563	2913 833 1296 1927
2564	2980 907 3905 1117
2565	543 3036 3590 743
2566	518 1401 3549 2656
2567	2186 3240 3925 3492
2568	711 3627 2896 3442
2569	1317 1205 670 1020
2570	2350 3731 616 87
2571	3047 517 2691 523
2572	3786 2953 3362 3618
2573	2575 1318 2746 1340
2574	2575 3938 782 3799
2575	3245 2153 2394 1949
2576	1424 979 987 194
2577	2158 1223 1893 3138
2578	3645 1127 3872 212
2579	270 534 2141 1068
2580	3733 621 3283 3964
2581	2859 3263 389 3272
2582	3325 236 1775 3884
2583	1499 3130 1290 2657
2584	1510 1930 1612 3929
2585	1866 2628 1766 1187
2586	1278 3528 2633 549
2587	3193 689 2267 2137
2588	929 2257 3756 1688
2589	685 3689 166 3692
2590	291 3529 2147 2763
2591	3855 641 1371 3161
2592	2878 699 432 1847
2593	1571 30 3645 167
2594	421 358 3893 224
2595	2472 3925 3734 917
2596	1715 303 133 3025
2597	1462 2864 56 2049
2598	1297 3411 3542 3846
2599	1159 428 3545 3490
2600	3199 2467 3697 3021
2601	3447 3547 3166 1415
2602	878 2343 876 3678
2603	701 3244 3712 620
2604	2378 990 2991 741
2605	2779 889 1639 481
2606	3905 1303 480 1724
2607	2542 2967 2078 2163
2608	3182 236 1095 2447
2609	1452 968 2523 864
2610	2333 3387 3019 1766
2611	3700 198 344 1599
2612	2500 2854 380 911
2613	2348 2145 1890 2419
2614	2991 1240 1972 3250
2615	153 3499 831 911
2616	2498 1512 1880 1056
2617	2982 2993 264 2488
2618	2749 2781 1724 3318
2619	3194 965 1235 2160
2620	3949 2094 326 2654
2621	1847 3828 1478 3389
2622	455 1991 1907 75
2623	2279 2646 2500 90
2624	2341 2821 260 3668
2625	3395 1557 2603 964
2626	3899 1729 1873 3147
2627	881 1 1958 3085
2628	1518 2741 3598 814
2629	642 2552 3586 28
2630	3081 508 201 2633
2631	863 1600 879 2809
2632	637 2047 46 910
2633	3441 3224 2246 3532
2634	2045 215 1115 512
2635	3893 1271 565 1857
2636	3192 1669 750 1608
2637	1414 1042 1251 3287
2638	2533 698 714 1583
2639	3405 3894 2134 1748
2640	1880 2604 576 1077
2641	3575 3664 2738 1054
2642	1753 190 2906 2036
2643	1639 3054 2129 2581
2644	2066 2426 3417 1211
2645	1661 900 3206 1850
2646	3490 1526 3926 2699
2647	3257 1745 1100 2691
2648	3621 3434 1897 1953
2649	1162 1210 2317 2284
2650	2854 1088 1332 3076
2651	2056 334 3292 3621
2652	1896 3896 3889 1303
2653	1105 3440 256 1754
2654	1922 2451 387 1220
2655	2311 986 2585 2755
2656	1593 830 3216 587
2657	570 3487 3288 1339
2658	2533 1672 3681 1547
2659	1230 2760 2826 924
2660	2302 1789 938 3572
2661	2980 619 2151 205
2662	3512 178 2929 1647
2663	74 2565 1692 1324
2664	3475 92 614 3009
2665	2162 1126 919 364
2666	2578 2208 791 2192
2667	423 2192 221 1065
2668	1595 961 1921 1161
2669	3214 2032 2992 3603
2670	214 2753 3642 996
2671	3135 2625 1162 1689
2672	1301 3011 2032 3918
2673	170 2548 1838 1416
2674	3751 966 3159 1321
2675	485 3820 276 1978
2676	3259 556 3140 1072
2677	1502 3989 1136 3773
2678	2948 2973 1621 1504
2679	1023 1171 3728 1384
2680	505 1174 1514 2309
2681	3460 3837 1959 1539
2682	1312 3052 820 1982
2683	3653 2862 1717 3402
2684	68 1986 2479 3530
2685	269 2675 3632 2392
2686	446 1133 3467 2789
2687	2454 1301 1481 1232
2688	3607 1108 2721 3055
2689	1197 3679 1919 1045
2690	3677 3562 984 1607
2691	752 845 3818 1027
2692	1842 1726 2291 289
2693	1522 1379 1161 1622
2694	2230 3096 2572 3458
2695	1971 1023 261 3092
2696	2545 3241 1712 2449
2697	3388 1389 2027 2999
2698	221 3070 1449 2093
2699	1769 3453 1053 2337
2700	848 2950 568 1899
2701	3597 1810 3498 2948
2702	3730 3695 3150 2179
2703	2973 3654 1056 2310
2704	1643 702 2983 3696
2705	2324 11 2736 1910
2706	216 1442 1769 347
2707	3837 1969 3747 2168
2708	836 3991 359 3920
2709	3792 1485 220 3551
2710	1459 3048 190 3134
2711	787 419 869 1217
2712	3939 2782 352 910
2713	495 622 3621 920
2714	3979 2195 1279 2595
2715	278 2757 3959 3722
2716	1620 3471 2097 893
2717	3197 1527 889 2874
2718	2671 1317 3279 217
2719	1842 3901 3246 3832
2720	1173 1680 1723 1886
2721	960 1887 2400 2789
2722	1886 379 3251 947
2723	1464 160 710 3906
2724	3169 2421 2481 3591
2725	2566 2595 1460 997
2726	751 548 1203 270
2727	199 2501 972 1183
2728	674 416 2216 3937
2729	3023 3371 1242 1853
2730	1070 3844 1981 1204
2731	3971 3961 1643 236
2732	1469 662 506 2786
2733	3657 1751 3137 1020
2734	970 1972 2569 2224
2735	1900 2127 3895 3637
2736	872 999 645 2699
2737	3219 3085 1368 1209
2738	1268 220 2889 2628
2739	1353 811 2566 3606
2740	2624 3073 3019 1788
2741	688 2184 1676 3670
2742	489 3334 3160 869
2743	2934 77 143 2397
2744	2288 3084 3480 2647
2745	3487 2255 2927 3674
2746	3504 3241 3912 2354
2747	3596 748 1938 2200
2748	609 2713 3264 2402
2749	3807 1766 1443 3267
2750	1730 1522 1724 2234
2751	1103 2537 2795 2317
2752	3301 1608 2065 1880
2753	2745 884 2908 3562
2754	3864 519 2763 1710
2755	2022 3949 645 2377
2756	697 1841 2816 910
2757	2956 121 3666 3824
2758	1071 1971 1209 1346
2759	462 1086 1252 3359
2760	1735 3695 1775 3795
2761	3533 831 241 3620
2762	3616 1070 2640 3929
2763	3764 3499 3465 3191
2764	1715 1205 2474 3937
2765	3802 2207 2904 1302
2766	2870 822 1451 384
2767	2334 2228 3310 680
2768	285 2821 1133 1655
2769	3745 2400 2120 3085
2770	1644 614 2397 1246
2771	1832 2174 251 2556
2772	3126 3591 98 2210
2773	1757 422 1706 1988
2774	821 1860 1321 1228
2775	915 3931 1942 1373
2776	1758 255 2883 2037
2777	3429 453 1514 2898
2778	3216 2641 1163 1386
2779	2742 1242 808 1055
2780	2946 1642 1410 215
2781	70 1216 1483 3030
2782	635 2205 317 2393
2783	1441 1186 774 3837
2784	152 3754 3004 1184
2785	669 2032 3884 2046
2786	3079 1236 3414 3453
2787	1737 3278 1475 1378
2788	478 3940 1739 3729
2789	1996 2225 3576 1098
2790	2047 775 1618 2354
2791	2950 2580 273 1797
2792	1561 1532 3695 239
2793	2549 3497 1113 3056
2794	886 3678 2500 1191
2795	3572 2997 1413 1415
2796	1880 1355 725 3261
2797	3050 1919 2530 3199
2798	2155 3516 2583 3262
2799	3606 3884 2635 2956
2800	904 1488 294 1372
2801	1191 1186 2625 620
2802	2940 2796 622 3656
2803	2893 99 2590 2978
2804	2567 3663 3972 3368
2805	1333 3764 1574 1623
2806	2086 3394 2708 1057
2807	2613 660 1369 297
2808	489 1709 166 2799
2809	868 1581 1714 3367
2810	284 1099 3266 3263
2811	2179 129 3479 2171
2812	429 418 1658 3867
2813	3936 899 299 3034
2814	2989 1152 3035 3958
2815	703 1878 1600 2015
2816	397 2227 3536 2688
2817	2205 999 3082 2772
2818	1099 668 2090 1229
2819	1273 1362 447 3398
2820	1888 106 2094 2947
2821	3425 3336 541 1699
2822	1359 839 3014 1360
2823	1200 2557 1059 2102
2824	2701 51 275 1961
2825	1446 791 1568 3208
2826	3446 808 259 413
2827	485 1690 2856 3008
2828	2775 1553 2241 155
2829	2407 1665 469 2862
2830	1682 2095 817 1109
2831	1666 1410 1783 1559
2832	3513 1460 643 3980
2833	2809 60 2086 3134
2834	2328 1477 2238 3533
2835	3279 3533 3865 589
2836	2039 3598 1174 1282
2837	162 1281 2874 2253
2838	418 3209 3108 1171
2839	2122 1515 2521 2260
2840	2849 1561 1979 1131
2841	1915 3899 2770 1434
2842	1082 2471 2039 2789
2843	528 2768 935 3894
2844	2287 3043 2505 3143
2845	3371 1126 3663 3743
2846	3308 943 2263 1695
2847	3850 3997 1841 3450
2848	2338 1119 1356 2292
2849	2294 1133 3316 2882
2850	1102 382 3913 2862
2851	2359 3663 33 1415
2852	3146 2855 3756 240
2853	2904 2948 2552 1135
2854	2001 1114 3045 3464
2855	768 729 1933 2887
2856	747 2643 171 3195
2857	2972 1590 532 762
2858	3882 1311 1509 3315
2859	3568 1837 1546 591
2860	1454 644 2687 3317
2861	2702 1068 1968 2098
2862	27 1952 729 2738
2863	1393 39 3127 622
2864	1339 3744 2708 1680
2865	3133 2879 1083 2618
2866	3399 3361 1472 2380
2867	615 1234 1895 1660
2868	288 3397 2573 3813
2869	2723 2672 151 244
2870	2079 213 689 483
2871	3368 3448 3109 3424
2872	1057 1758 2638 3835
2873	1862 685 1450 1150
2874	2813 2885 1503 133
2875	2202 3104 851 1152
2876	805 2489 2439 2193
2877	1978 618 455 1338
2878	635 2066 1424 3997
2879	2582 3409 2833 3839
2880	3538 3635 3481 3030
2881	2967 581 1087 248
2882	1501 2499 867 3066
2883	3420 1012 554 3025
2884	2927 2951 2248 2182
2885	3637 746 2865 1660
2886	1907 745 3051 2923
2887	2856 69 1149 3893
2888	1955 3089 3017 1842
2889	2872 1357 2776 2170
2890	2421 2873 1360 44
2891	1482 3854 2240 3432
2892	839 1006 1035 883
2893	218 1725 3698 494
2894	1112 2957 3242 1654
2895	215 3051 128 1441
2896	1686 3020 3655 2871
2897	3598 3863 2195 1859
2898	1795 270 724 3654
2899	3029 890 2661 3140
2900	3330 3870 2004 784
2901	852 1392 1527 770
2902	1078 2070 2619 2127
2903	3735 237 3085 1146
2904	812 1197 2751 2440
2905	814 3363 683 2395
2906	3133 3866 514 2949
2907	1021 2799 223 1585
2908	949 1821 2573 1663
2909	2623 3628 3292 3842
2910	174 55 1597 3010
2911	2965 3583 3312 106
2912	2443 1211 877 1196
2913	972 3416 3207 1600
2914	1572 2824 2425 1574
2915	3195 739 811 2563
2916	1997 2534 3371 2376
2917	3997 3734 625 401
2918	3571 199 2688 1277
2919	3936 1939 1517 2121
2920	871 2686 2050 1594
2921	1516 1259 3539 3771
2922	556 1143 3067 3293
2923	2114 1429 1328 1572
2924	3346 1674 2190 2541
2925	2312 2331 2374 3539
2926	3827 584 251 2175
2927	3741 2890 1954 2598
2928	3551 765 3909 2274
2929	170 2719 2626 2562
2930	2830 2269 1193 2895
2931	780 251 935 783
2932	2085 3767 2891 2106
2933	1365 1773 1327 1944
2934	803 2330 3696 3583
2935	1689 1607 1268 2099
2936	2916 856 3844 3331
2937	3308 627 2174 1000
2938	1778 1465 3382 503
2939	3843 2355 1992 1664
2940	1990 3324 1262 818
2941	3060 3074 1145 3244
2942	2911 2602 147 758
2943	1053 2722 38 2525
2944	10 2645 3086 470
2945	3397 2762 3427 2652
2946	3074 3961 2172 1263
2947	369 1793 2701 1229
2948	834 243 1828 3574
2949	1150 1356 1494 1485
2950	3680 2387 2552 1476
2951	3378 1211 3023 3951
2952	1956 3371 2741 2057
2953	3517 3297 1152 3918
2954	2672 2855 653 2431
2955	199 659 3457 1946
2956	510 3464 3616 1663
2957	3040 1806 3384 2753
2958	3658 3031 1245 1560
2959	1377 294 2110 89
2960	3253 2378 1779 3059
2961	2967 3770 2828 1478
2962	3117 2787 1507 1846
2963	1882 2250 900 1268
2964	1994 900 872 3903
2965	1685 2152 705 2936
2966	3644 1549 971 2801
2967	408 358 3971 2399
2968	896 915 2984 1871
2969	1944 1567 3036 873
2970	2190 3382 2499 1797
2971	2187 240 3667 2820
2972	3132 1627 732 3669
2973	3556 3657 3972 3626
2974	3238 2694 1349 3266
2975	2516 883 417 2843
2976	1327 3218 845 2043
2977	3296 3921 3057 225
2978	3878 449 429 2275
2979	1191 1872 3849 3214
2980	1251 345 3848 3804
2981	2683 623 2272 161
2982	2731 1792 2804 2003
2983	3069 1393 3457 1268
2984	1213 850 1411 883
2985	1363 1428 1664 3104
2986	1672 2953 1535 1626
2987	946 3164 2157 512
2988	2606 2098 1957 1428
2989	2785 2413 1410 3813
2990	2312 349 3940 132
2991	1962 3422 3060 3444
2992	59 2305 89 2967
2993	3886 3076 3127 2531
2994	190 3750 339 2583
2995	3729 2127 780 2329
2996	650 1268 2422 2639
2997	1470 1995 264 106
2998	615 417 372 326
2999	3399 3491 1620 3735
3000	2635 1882 3407 527
