Students	3000
1	1195 2986 2970 3580
2	3081 958 4306 4289
3	3196 2228 1256 4046
4	1129 4395 660 3658
5	2283 258 1219 490
6	2977 4968 993 1360
7	1074 1321 3842 712
8	2956 1299 541 1031
9	2479 4420 721 2152
10	315 1318 2453 4886
11	2342 2374 2023 4046
12	427 1648 191 3105
13	3353 4163 4860 472
14	4976 2733 1056 1358
15	2067 2708 1401 3865
16	4168 4679 741 2795
17	4072 328 3345 630
18	1936 3302 1520 603
19	1302 4260 3687 4070
20	1367 3019 3840 756
21	255 45 3072 4721
22	2076 3013 2874 2147
23	390 1029 1398 4540
24	4069 600 2851 2662
25	3312 2965 777 4140
26	3692 827 2770 95
27	437 3466 3363 1388
28	1651 4102 2462 1024
29	4703 2093 2087 256
30	713 4122 2838 3882
31	557 2952 3795 755
32	1616 1412 3518 4528
33	880 3008 2866 4171
34	4939 3585 29 3513
35	4740 753 3938 2557
36	4147 1788 1163 4144
37	852 1468 4973 2638
38	814 3895 124 4154
39	3425 2102 1533 1878
40	2054 3702 586 1478
41	4611 686 4809 3403
42	2534 1766 862 1187
43	1148 2298 4611 1924
44	4045 2544 952 1116
45	1892 796 4301 4560
46	4511 4188 3378 3091
47	2845 2972 2371 3709
48	462 1673 4332 4951
49	1986 4264 173 3686
50	2491 956 1887 766
51	2663 2912 2141 3913
52	1908 1498 2687 2718
53	1576 2281 3660 3833
54	3854 1798 2808 3161
55	384 4081 2680 3579
56	2418 2560 2242 4240
57	3826 3397 4023 4661
58	1882 4711 768 316
59	1793 4750 325 1571
60	85 4818 799 113
61	3193 1920 512 3270
62	32 3312 184 1189
63	610 2857 727 2977
64	4300 1597 4815 3822
65	1675 4847 3641 529
66	3497 2305 2352 4874
67	810 4010 200 3882
68	18 2901 4308 4530
69	3486 2345 2908 4960
70	1595 1383 4251 76
71	4446 4770 1918 182
72	713 4048 4907 1019
73	1367 3060 4350 2460
74	760 4155 1481 3958
75	1321 3112 3466 4362
76	2920 1851 2618 3532
77	4004 1763 2539 1439
78	4184 4928 4053 2722
79	3090 4199 3521 430
80	1545 1770 3110 1495
81	293 3109 2926 4148
82	389 2421 4949 2535
83	663 879 1627 3410
84	1331 773 3604 1363
85	2399 1525 1639 1260
86	4258 756 2662 667
87	4996 4535 1361 1091
88	1154 1842 1664 80
89	857 3499 1121 3013
90	324 4287 135 2950
91	2605 3193 3361 1940
92	4057 2348 1475 879
93	1168 4793 1243 1446
94	4335 4122 3823 4927
95	3431 25 986 4369
96	2179 4736 4405 4430
97	2624 1336 1767 4545
98	398 406 2783 302
99	4871 1648 2611 3774
100	1988 4232 1932 4558
101	1330 3835 3279 4347
102	2223 698 4009 1545
103	2094 1855 805 19
104	1487 4543 248 4020
105	651 2358 4992 2293
106	3264 1033 1447 3788
107	982 2686 4898 4307
108	2290 3732 2103 2097
109	3547 3419 4020 1393
110	1773 2485 2376 4345
111	1295 968 4700 587
112	742 3749 2709 1962
113	2526 3329 2029 998
114	3081 2331 1101 1499
115	3908 4729 4356 2948
116	3480 3304 2770 2087
117	4190 2832 1374 1230
118	2615 135 1147 2395
119	2212 126 1613 1665
120	4108 61 2954 2161
121	1584 4302 4115 372
122	4448 343 3400 1170
123	4042 786 3989 1819
124	3880 4336 374 269
125	3840 4008 3529 4765
126	1418 4210 3884 4674
127	1706 2699 4600 4673
128	576 2783 3892 4306
129	3819 3236 4004 2021
130	4096 155 1109 4394
131	3989 4062 1655 3232
132	948 1742 1313 1880
133	736 3265 1444 4594
134	2141 2862 4192 4453
135	206 710 1863 4651
136	3428 1245 2795 4182
137	988 484 2561 2012
138	2828 2722 4187 1787
139	2670 4047 4267 3434
140	3987 1849 1019 567
141	1658 4162 2683 1330
142	2788 3438 2315 874
143	159 4599 2250 578
144	4318 2782 4962 1826
145	2410 639 2961 1585
146	224 1878 34 1615
147	1240 599 2720 118
148	2739 1091 320 1399
149	2761 3966 4100 4326
150	1177 515 2151 244
151	2545 2241 2733 708
152	4494 2762 908 8
153	2946 4248 4991 3507
154	4585 4019 397 4372
155	3333 3506 43 1208
156	4348 3003 1595 449
157	2842 1232 877 4291
158	2202 2857 1179 4529
159	3965 4690 355 421
160	642 4167 4599 544
161	4684 1884 1937 1578
162	645 2959 2436 820
163	2107 47 264 2414
164	1214 1008 2204 3465
165	1548 1998 4399 298
166	4107 1800 791 4560
167	1786 1173 1149 106
168	2858 4226 213 948
169	4803 3087 2582 772
170	2528 2467 1451 988
171	1623 3037 512 1046
172	2213 4520 2709 1116
173	35 2092 1483 3692
174	1254 3557 4535 446
175	4861 809 3532 548
176	2255 593 4938 3905
177	2137 2664 791 527
178	4462 3973 2771 1617
179	25 1857 3826 3617
180	4804 828 2379 3330
181	1557 3051 2456 1390
182	907 2960 1771 1691
183	2308 3582 3672 3346
184	692 4581 315 2085
185	4924 1853 199 3684
186	1747 1960 297 4577
187	2046 3975 202 4695
188	518 302 4482 205
189	4506 4159 577 1071
190	1512 1119 4236 4519
191	2860 3036 323 3844
192	138 3948 4600 787
193	2254 1853 1499 3559
194	4476 4522 4210 3729
195	3329 4459 3352 4537
196	1313 2382 3857 2005
197	381 3088 307 770
198	4984 4505 3016 3908
199	2282 3220 1641 4087
200	4159 2727 3671 910
201	1702 2213 4818 1675
202	1510 1600 341 2752
203	4061 971 685 2990
204	4323 4876 4276 743
205	4217 2663 1930 360
206	492 2970 3435 2829
207	1350 2369 1463 3291
208	4039 613 2973 4766
209	652 1589 4703 3621
210	2209 3398 3695 1420
211	4425 1756 4023 2162
212	2474 4061 3090 835
213	4935 1236 16 2427
214	2260 4179 343 1194
215	1903 816 2566 3337
216	2028 4401 2987 2213
217	3819 3359 195 571
218	3413 1473 3641 2841
219	4371 4114 3525 356
220	3489 3081 657 1349
221	3148 4169 3238 44
222	3860 1980 1331 2006
223	3453 654 4396 1779
224	4217 3967 747 4629
225	4456 3606 2508 3940
226	4180 4995 3257 4155
227	199 863 2339 4787
228	4759 1141 2063 2323
229	3904 3938 3034 3940
230	1514 1189 337 2225
231	2868 4626 2769 4880
232	546 309 4881 4216
233	1754 3964 2796 683
234	777 4692 343 3181
235	463 2290 4483 553
236	1608 1016 3618 2678
237	1867 1344 3614 1559
238	3901 1311 4176 831
239	4620 1759 4043 3161
240	4436 3137 1695 1134
241	1936 1820 2531 1745
242	4427 1966 2580 3527
243	3687 1092 3439 3386
244	1427 2343 1645 2203
245	1443 343 816 516
246	964 1677 4476 1602
247	4099 2236 1272 1970
248	4554 505 4789 968
249	540 392 3964 1148
250	4303 682 4369 660
251	399 2799 3975 3669
252	1187 3230 1049 128
253	4349 3982 2316 3948
254	4226 515 2520 3094
255	1491 4002 4817 4571
256	1206 3008 706 26
257	3391 1157 3197 3229
258	3286 4138 2811 1422
259	1986 4196 4689 4227
260	837 2653 1176 2773
261	2118 3956 1675 261
262	1105 442 4508 3331
263	3727 3614 4944 257
264	4856 18 3121 974
265	3773 1154 3343 520
266	3967 4712 359 4516
267	3854 2220 3773 4375
268	75 1164 1454 2787
269	1051 1271 3739 4766
270	737 2883 4716 1701
271	1993 3826 3888 4976
272	4277 476 3064 1297
273	3282 2640 289 4768
274	2410 3673 1626 4438
275	421 857 506 2752
276	1000 2391 4319 2461
277	2107 529 3893 714
278	3799 3916 4078 557
279	2313 412 4890 1978
280	1834 735 2672 2091
281	3875 2617 3553 3610
282	2168 3686 1854 1375
283	4407 3521 4960 1413
284	4145 2845 2926 3631
285	3232 316 3647 2227
286	3839 4043 1668 4030
287	1692 729 707 4987
288	3384 1953 4985 4699
289	3615 4720 4744 382
290	1048 1476 4542 4554
291	2960 3423 3439 3695
292	385 2526 1148 1655
293	1641 2211 86 1619
294	2607 4386 1601 1543
295	2330 1518 4094 1386
296	322 4532 2273 2660
297	3598 964 1112 4578
298	3134 3178 738 1549
299	3082 4427 2132 3352
300	1227 3826 3360 979
301	3523 906 1657 3614
302	1897 1809 2836 3538
303	1400 3439 2762 2922
304	1238 2120 396 1510
305	3578 862 1702 455
306	3565 4859 2484 1050
307	3880 4899 1497 2457
308	4975 1243 1500 4779
309	3706 2939 2809 3960
310	4381 468 4393 1904
311	3891 4854 1306 1438
312	718 2649 1704 3896
313	3784 398 3606 1275
314	3564 716 2928 1579
315	3135 2035 3856 578
316	1283 4381 1928 1191
317	2749 1539 4977 4931
318	957 2281 3482 2617
319	1022 2338 2603 2113
320	2768 3936 3968 2541
321	421 3372 805 1700
322	3221 1451 594 3675
323	680 4188 1729 2722
324	1573 1764 4561 3616
325	3986 88 1419 235
326	2097 3831 4039 3085
327	1721 434 1190 1731
328	1359 1326 2849 3524
329	2374 2602 3117 828
330	4532 320 308 3028
331	1100 3674 4372 3545
332	2845 2944 1797 2615
333	3002 1690 3392 1803
334	699 2191 3175 1700
335	4664 3145 1105 4465
336	618 4890 399 2405
337	1592 3488 2740 3372
338	2191 4360 3295 2069
339	3246 2576 53 337
340	2357 1412 4719 1882
341	2059 2363 185 986
342	3943 2172 3029 2095
343	3391 4662 712 2683
344	2132 3675 2101 670
345	4670 2448 891 1488
346	4636 3288 3921 2525
347	4070 4024 1544 2271
348	690 806 4097 794
349	1959 332 495 1632
350	1652 2504 540 4617
351	1980 1836 1986 268
352	1889 4504 4944 23
353	3120 2706 2043 4740
354	2845 3582 609 1424
355	4269 1476 2335 3427
356	686 1929 3655 1055
357	3845 3947 2649 2575
358	3657 3436 2624 2489
359	3792 882 1782 968
360	4346 2820 4025 1996
361	4836 4953 3264 718
362	4394 232 3406 3061
363	3248 3477 1072 2084
364	4772 3054 3143 4909
365	3455 706 1178 2000
366	3661 3265 4260 203
367	779 826 2570 4253
368	1128 3093 201 395
369	4248 365 1144 3795
370	264 3667 714 4414
371	905 1413 1718 3774
372	3156 1044 3685 2448
373	302 4894 2235 1218
374	2114 1292 1991 1597
375	863 1185 145 1203
376	1851 1268 1259 4086
377	3666 3489 3833 4532
378	1899 4363 2685 1529
379	3726 2751 1937 620
380	405 763 2906 486
381	4307 1340 363 323
382	588 4699 327 156
383	876 1393 809 2905
384	4577 1767 4139 2603
385	3319 2485 663 2222
386	1024 2622 3764 4353
387	2697 2266 2200 4432
388	2904 291 2360 534
389	2369 2777 4109 3255
390	159 1858 3570 4007
391	2570 4456 525 3880
392	3403 1543 675 2090
393	2586 4240 1880 3088
394	4714 1029 1907 2524
395	534 3759 3112 1073
396	4690 4441 4728 3339
397	2379 3325 2988 4750
398	1286 4559 539 3136
399	4194 2355 3547 3021
400	664 3684 4384 4082
401	4909 1842 962 1613
402	3214 2081 1946 4623
403	733 4758 3465 3604
404	4167 4075 3310 2521
405	2169 582 3292 1686
406	2702 1671 4709 1296
407	132 678 3015 4555
408	1285 3066 784 4605
409	3915 1911 2044 2528
410	3021 3499 629 3380
411	926 1716 1512 1686
412	4199 3720 1296 4777
413	911 3830 246 1325
414	1803 1724 2259 133
415	1115 4999 1035 1521
416	1743 1559 3748 1127
417	3210 4305 4938 933
418	2712 3710 800 4337
419	3065 3190 1963 4762
420	3083 4989 3332 4180
421	449 854 4017 3946
422	4045 1915 534 3012
423	2497 1485 717 4274
424	1174 283 395 4817
425	2377 1681 246 3070
426	4026 3 2260 469
427	2917 3510 1202 1502
428	3903 3298 1859 3050
429	4082 874 2065 2380
430	3844 1047 4409 1061
431	3089 4253 2700 1503
432	2093 1415 2014 659
433	1662 1421 2077 236
434	709 1871 1776 261
435	1374 4437 3234 3020
436	4753 385 745 1916
437	279 1091 343 931
438	4476 3889 3075 3905
439	2074 1958 3637 1267
440	3259 2047 3522 2885
441	2852 2421 859 3346
442	2602 2013 4749 1742
443	82 2311 3846 2360
444	2355 131 3700 1050
445	3839 4347 847 1196
446	4488 4458 4723 2625
447	1477 1119 4162 4559
448	2156 2592 3965 3239
449	3841 4244 3746 633
450	2487 2531 1052 4980
451	3884 3184 494 2755
452	1540 185 4977 1095
453	1997 393 3011 2281
454	3105 737 1646 2408
455	1707 3686 3824 3878
456	4610 2247 541 4582
457	4394 1140 130 997
458	3191 3783 2519 526
459	2585 3441 414 2145
460	3119 1879 4855 262
461	2963 3281 1452 2904
462	2147 3307 3249 2420
463	2662 1344 497 4331
464	4033 3998 3670 2324
465	592 3421 4742 502
466	2437 3426 4597 1322
467	4526 3414 4457 1480
468	2628 955 2413 621
469	4409 2355 2559 2905
470	1947 417 4468 370
471	2904 4058 1762 4748
472	2795 1686 595 1183
473	482 3705 858 4509
474	2955 3131 4661 565
475	4478 1481 4139 4280
476	2451 1591 3081 964
477	4393 4370 2435 1637
478	3775 1966 2100 4293
479	4397 351 758 1320
480	3226 1615 15 4787
481	3408 524 1095 2962
482	340 470 4483 3022
483	3355 1150 4422 4967
484	4828 1219 3487 3758
485	2229 4212 3679 762
486	1263 4926 1544 4035
487	314 1823 4013 1253
488	749 1215 256 599
489	535 1789 3313 1309
490	1172 3483 4369 2314
491	2236 3641 4714 3475
492	3231 3656 1078 3676
493	1795 1739 3526 3935
494	3336 2677 1452 4945
495	3408 4412 3740 3947
496	1634 2255 3481 2677
497	4070 630 4108 4581
498	3885 417 1448 1643
499	3214 3443 594 3616
500	4632 3026 1032 208
501	4781 2235 827 886
502	1146 775 3789 1275
503	2454 3886 2108 2188
504	2892 1109 3427 4768
505	2666 1085 2408 2101
506	4889 2149 4629 486
507	4550 4373 3753 2726
508	141 989 2958 1862
509	1386 2969 4375 3396
510	1510 1648 1801 1789
511	4249 3079 4993 864
512	1790 3565 4184 1230
513	526 1161 661 348
514	2449 4771 3712 4743
515	2652 3611 2669 79
516	1522 4768 4870 4435
517	944 3379 88 667
518	4356 711 3401 73
519	3688 3362 2687 699
520	2497 1698 2504 3290
521	2693 760 1125 1460
522	818 4867 161 2843
523	3365 1233 1491 1562
524	1097 3477 1963 879
525	4 1362 4528 1583
526	1661 1408 2456 2058
527	4401 2856 95 4508
528	2360 280 1150 3133
529	4030 1961 4755 4884
530	2119 4949 2039 300
531	83 2727 4660 3133
532	2520 250 2658 238
533	344 3175 2279 1377
534	409 1689 491 3250
535	2454 3879 3892 3470
536	308 250 779 3320
537	4398 4169 185 4670
538	3489 1586 601 240
539	1170 1998 4740 537
540	4932 2670 4439 3177
541	4428 4463 4666 175
542	2041 4399 1297 3161
543	626 2131 4164 918
544	4884 1730 2853 4040
545	2519 1630 313 4911
546	1966 3691 1049 2372
547	4205 2363 978 2801
548	2999 4002 1981 1582
549	806 4878 2319 952
550	914 4102 957 4453
551	740 126 3010 1157
552	4409 4095 1100 697
553	1035 804 3974 820
554	4645 3501 4945 2922
555	4538 3030 1090 1985
556	323 2722 51 4752
557	1952 3833 4092 4369
558	4261 2828 773 4286
559	1571 2349 2627 789
560	1770 592 3992 4327
561	253 108 225 2966
562	1571 2719 1785 3023
563	666 3573 3760 1723
564	3736 2850 3703 4667
565	2048 4859 4827 3016
566	1158 2246 611 377
567	4813 4660 361 72
568	1341 9 777 2341
569	3089 4513 2713 2139
570	3898 1342 2235 3064
571	3920 3887 4370 2010
572	973 2586 3256 2841
573	2205 1070 4464 2537
574	2994 4763 152 4261
575	1619 438 3234 1785
576	534 2898 3528 2112
577	3695 2511 1649 2369
578	4797 1654 524 490
579	4976 2137 1448 2780
580	4219 3736 1554 1256
581	627 4255 996 2163
582	2944 1050 553 4258
583	2198 953 4443 120
584	3472 4845 2741 4884
585	2285 2946 880 4589
586	619 4908 3498 3567
587	4678 3191 1343 3737
588	2042 4455 1019 4876
589	220 73 4780 2126
590	1945 1488 4023 658
591	992 2490 4329 2094
592	4298 4290 3961 2516
593	3646 4206 2555 3436
594	4814 3171 3838 3600
595	1676 47 3619 2966
596	2200 2777 2979 3250
597	1135 1863 1691 482
598	3679 4048 3801 595
599	4903 2697 3323 3978
600	2611 2407 2947 4561
601	1847 3275 1888 4707
602	2098 3855 4934 3103
603	4382 742 4669 1809
604	2829 3455 1789 3685
605	760 570 2618 1813
606	1058 1093 2049 149
607	2102 3684 4360 245
608	3529 2521 1868 3172
609	3630 2153 4525 947
610	378 4414 4916 2440
611	4747 3251 2062 3509
612	4506 592 1232 3514
613	3647 3284 1818 338
614	1710 2602 3161 1136
615	3896 4353 2275 2537
616	4882 1587 4037 3346
617	3006 4141 4002 2695
618	2934 4729 2355 2405
619	1345 879 2101 3130
620	699 3586 711 3938
621	3885 2886 1613 4908
622	4977 3328 4965 116
623	2158 4466 2653 1159
624	4036 1213 4681 992
625	4526 2483 1803 2861
626	3348 4655 1116 278
627	4282 636 3111 1241
628	4087 3863 3720 2952
629	2413 1318 930 3399
630	2909 1374 358 2107
631	4836 2955 2677 1580
632	1839 740 243 1341
633	2759 3872 2516 1759
634	691 4255 1874 1817
635	4415 2099 1945 3869
636	1267 4917 1103 4852
637	1775 3960 200 4006
638	2764 701 1830 1502
639	2013 2970 1423 3465
640	1208 4863 3722 177
641	451 4329 1587 280
642	2465 4205 2790 1729
643	4395 4270 1219 1226
644	3330 3153 1600 3828
645	812 2615 90 915
646	3513 55 1411 2697
647	47 1161 2149 4720
648	2833 3316 3545 413
649	2878 4932 3172 3705
650	2794 3873 1844 81
651	4016 2915 4762 2701
652	4827 2025 2171 4136
653	1802 4621 1597 1893
654	3852 826 3527 2922
655	1268 3702 4043 3057
656	514 95 3481 1483
657	896 4916 583 3670
658	3376 4579 3336 2176
659	2391 895 3794 626
660	3607 1978 618 4349
661	2539 562 4978 246
662	4210 1332 3258 4786
663	1748 1554 948 2584
664	3632 4739 1080 4082
665	171 4636 1838 773
666	4680 523 1041 4387
667	4436 3979 1322 307
668	4034 3691 2979 3197
669	851 3105 38 3697
670	267 22 2517 1018
671	4630 2462 4560 2905
672	4240 3164 2155 2728
673	4111 888 2800 322
674	4908 4900 523 3439
675	4177 4659 2268 3828
676	1087 2118 3213 4483
677	4061 4437 255 2639
678	475 115 1631 3927
679	1530 2196 4602 3248
680	1289 538 3797 3659
681	2985 2103 425 3732
682	4197 3680 3112 1663
683	2368 1436 1808 121
684	2833 3838 2671 3586
685	890 4827 3261 294
686	81 3159 3836 2063
687	4505 2523 3463 4111
688	4483 3717 3423 562
689	1734 893 3597 3067
690	1591 4568 4044 691
691	930 1111 4438 3810
692	3787 190 1852 3039
693	3303 4797 169 2259
694	4156 4013 184 1581
695	1082 3426 2813 3921
696	260 726 1365 632
697	3971 1469 4066 1221
698	2253 3643 2255 1121
699	1701 1548 1269 324
700	1642 3727 1940 4699
701	793 3401 1243 2956
702	2129 4762 2351 4823
703	4859 2055 4697 3222
704	2400 4791 4484 3471
705	4678 4417 4983 248
706	2436 2166 4338 630
707	2010 2439 3035 4771
708	4882 460 3632 989
709	4604 129 422 1465
710	1316 53 868 3593
711	4169 917 4589 3878
712	4772 428 3331 306
713	4089 1339 4533 338
714	4714 1070 162 3050
715	4558 1550 1329 2096
716	3778 401 746 2729
717	4408 2910 1185 4262
718	1969 1355 1254 4656
719	1315 2805 3932 791
720	3694 4071 334 1050
721	266 1863 2163 1930
722	955 623 2647 897
723	4126 3957 560 996
724	2255 3915 1120 1045
725	4906 4743 1273 2341
726	1313 2655 559 4927
727	4864 4971 4639 3648
728	2441 1765 1526 1690
729	2869 502 4913 3481
730	558 2764 4206 3860
731	3589 1770 3134 4111
732	3144 1370 2289 864
733	4885 1428 3746 243
734	4096 63 1820 3877
735	2511 23 3078 1181
736	361 1396 4304 4507
737	612 891 1338 2367
738	1438 3623 2335 746
739	1752 1847 358 1982
740	4309 3580 4452 3484
741	1205 2919 1903 4469
742	2141 2858 3929 645
743	2016 1077 1016 446
744	4140 1982 3725 3632
745	4918 4880 532 1441
746	1269 3707 1879 2378
747	506 3992 1562 3282
748	3155 561 3224 737
749	238 788 531 3792
750	401 3455 4404 3356
751	2695 3636 1052 3628
752	3681 2511 4838 3429
753	2256 3994 3749 3721
754	1477 3270 1446 2960
755	3790 2147 3951 3809
756	2017 1080 4672 3223
757	4243 4300 1023 3965
758	2017 3792 2578 3143
759	4988 1711 4007 4858
760	119 2827 3549 2212
761	2678 747 1123 2740
762	1491 351 1483 2387
763	879 1067 673 1759
764	1921 507 136 131
765	176 2605 2824 4316
766	4884 650 692 381
767	586 679 797 4554
768	3464 4073 3525 3795
769	2046 2335 981 1023
770	742 3995 1521 2023
771	1486 989 4614 1761
772	2232 4466 3333 3143
773	3459 540 3738 3749
774	2216 2399 405 626
775	628 4384 1274 3777
776	2370 1180 1627 4374
777	441 4178 4256 4223
778	923 148 4066 1426
779	173 2782 415 180
780	3676 790 2255 1920
781	4167 547 1575 3634
782	4618 4662 2204 2761
783	4468 3969 2543 1117
784	3540 4908 4385 2239
785	4277 830 1503 3392
786	1000 2722 2662 3538
787	2594 1092 2209 4200
788	2241 2274 3338 3667
789	3182 3199 4652 82
790	1160 2413 237 1847
791	1498 950 4247 4585
792	3249 937 3002 2819
793	4598 1759 3 2901
794	2473 2343 1609 829
795	1037 2971 4581 2163
796	1459 2732 429 4280
797	762 3851 3634 3137
798	1958 996 44 4184
799	3550 2031 3330 1032
800	3506 3512 4398 1561
801	4068 4479 3474 1501
802	2397 273 4842 4896
803	1795 4498 4256 2687
804	568 3848 1034 3581
805	78 2888 2232 337
806	4753 3576 1705 2079
807	354 3152 766 589
808	339 1136 787 2139
809	155 2551 1868 4036
810	1654 5 1470 2022
811	1847 2881 5 53
812	1047 339 2344 2130
813	3167 2099 4238 2190
814	3003 2503 899 820
815	566 278 2770 3622
816	1714 1811 287 2492
817	2001 949 3784 1291
818	978 4035 473 2193
819	2357 1560 3271 3355
820	4036 906 4560 2115
821	1848 4662 4418 2030
822	2969 2119 367 356
823	867 4428 3971 2708
824	2574 338 1072 1204
825	3491 1288 3955 489
826	2235 3313 2066 4066
827	1492 784 2025 1925
828	1133 2494 3991 4838
829	1063 1235 744 2781
830	2311 473 4294 4185
831	623 3436 66 2131
832	4519 159 1550 1704
833	3 4410 3356 3937
834	2459 1866 3215 3402
835	4051 1187 339 4529
836	1067 355 3440 2263
837	2172 4671 481 3100
838	2688 2479 3089 2949
839	4610 2959 2443 2401
840	2603 2257 4085 1805
841	1363 2844 4392 3306
842	3139 4096 4818 2449
843	418 2844 1183 4825
844	4756 1398 2385 168
845	3678 837 2617 429
846	3858 1985 1089 238
847	1312 4218 2277 2284
848	1769 3600 4744 1075
849	3478 615 3694 2067
850	2258 2260 3043 2790
851	2321 2327 4945 600
852	1238 3361 4427 359
853	1905 3052 4139 3434
854	1785 277 4664 3098
855	4278 976 1599 860
856	410 2642 1593 3536
857	1170 2935 6 3560
858	1594 1617 2332 4135
859	2917 231 1176 4268
860	1984 2262 4541 4482
861	4107 2637 2663 1337
862	3251 3507 3233 4745
863	4053 3258 3837 2095
864	3552 4368 4014 3200
865	4694 3235 4676 2222
866	1764 758 2558 1588
867	3691 1710 1054 2146
868	1091 667 3599 1906
869	1526 3075 2909 2649
870	4465 1542 695 1994
871	3168 306 1331 4437
872	3181 2401 565 4933
873	2456 80 2241 442
874	2532 4608 2845 3852
875	666 2482 3068 4989
876	3846 4251 2687 4191
877	4886 292 4517 791
878	1188 746 4763 4882
879	1702 278 2318 2927
880	3183 644 2877 3155
881	2414 1438 3609 3578
882	863 2605 4552 4909
883	2438 2836 4438 2306
884	1184 4159 4702 3645
885	4832 1539 3724 4116
886	2850 3181 1717 1011
887	908 4176 4896 1334
888	1424 1988 3078 866
889	4675 3810 4338 602
890	4238 4557 909 1640
891	2517 2119 737 2935
892	2508 2674 736 3452
893	4810 402 1375 2819
894	3175 4741 4057 2090
895	2402 1523 451 1804
896	1452 1560 2257 1510
897	2782 3730 520 2907
898	1715 1667 822 4918
899	3499 1215 1257 4398
900	4400 4680 3747 1888
901	3886 415 4792 244
902	4816 4704 3574 187
903	430 268 4063 4535
904	1335 2028 2469 1169
905	1194 4122 4752 3740
906	251 245 4330 1644
907	538 512 2582 3516
908	2706 2429 2008 3120
909	2008 4787 983 1090
910	482 4217 2331 1187
911	4685 3436 4387 4966
912	2117 3455 4762 3589
913	1455 3028 4711 796
914	3773 587 2230 250
915	1645 856 2889 797
916	500 1105 4853 2085
917	211 4747 3704 4003
918	3081 1200 4046 2956
919	1204 15 499 990
920	3418 200 751 535
921	4557 2190 1826 4446
922	2508 3532 2356 2155
923	2303 4993 4476 1099
924	4428 2695 3196 949
925	3260 3998 1868 1070
926	2358 4182 3395 717
927	3826 2580 3221 2682
928	3645 2378 219 4986
929	1989 3002 2548 4112
930	62 2199 21 1679
931	1889 2003 2006 3051
932	1930 653 2343 4655
933	2238 1790 1796 1704
934	541 2559 721 2127
935	3712 4156 3414 2051
936	2351 4364 2262 4650
937	2988 2323 4715 291
938	753 1392 118 1911
939	4430 2218 3974 4757
940	1843 2872 4587 3042
941	4572 2097 827 3423
942	4492 776 4651 4564
943	4443 1820 4750 308
944	2207 2846 2457 3326
945	469 652 1517 4716
946	4703 2189 3384 4038
947	1153 131 4903 3258
948	878 454 4087 2059
949	4002 1415 4761 2028
950	1858 3943 127 2119
951	173 4538 3451 156
952	3108 1941 3578 2581
953	3156 171 558 1169
954	3177 4199 4318 2632
955	2374 2788 759 267
956	3482 4777 1535 1549
957	2994 2670 1663 3668
958	3727 2368 4345 4801
959	4354 2748 2499 599
960	918 2845 2337 1277
961	1397 143 518 4431
962	1683 3004 3266 4387
963	1185 1179 83 1682
964	2576 370 1100 2125
965	89 2743 4506 1306
966	1293 2516 3103 2441
967	1527 2168 2828 1766
968	3323 547 4667 414
969	4179 2185 2904 4885
970	3322 266 163 2821
971	1467 2105 3355 3354
972	3669 1082 2174 3620
973	4696 1103 166 3077
974	4018 1904 66 805
975	4675 4360 3978 2264
976	335 88 2035 816
977	4824 2890 1413 1257
978	4887 4017 2435 1430
979	2720 3043 3078 634
980	4859 2058 3382 2624
981	1829 2053 2263 43
982	1800 410 1428 2420
983	654 1513 1730 1544
984	1909 4869 1297 1142
985	2886 1326 1378 4002
986	3230 1626 4560 2804
987	4205 2493 2077 4190
988	202 11 1395 1603
989	4283 3097 352 834
990	3648 512 3500 4603
991	1175 2981 206 4782
992	198 4517 578 3737
993	4733 3887 1824 1837
994	4366 2934 1793 1191
995	901 3314 2533 4586
996	3970 4293 2017 2095
997	4748 1915 2954 699
998	356 3956 694 2191
999	1862 1051 950 2793
1000	3929 4795 3695 803
1001	323 4019 2612 3922
1002	2843 1074 549 1027
1003	3789 1556 3232 3141
1004	3282 1278 1061 4496
1005	373 4447 1946 2433
1006	3686 2342 1429 2489
1007	1877 3446 1474 4454
1008	2420 2063 618 3417
1009	3673 4294 4183 173
1010	3862 3458 2943 3922
1011	1938 3267 2536 1546
1012	1615 4530 2514 1920
1013	2259 1597 793 1717
1014	4552 4150 4436 4918
1015	1605 76 781 4144
1016	1711 4795 1452 866
1017	4514 3364 2409 2236
1018	649 449 2996 1597
1019	3919 1799 4581 2763
1020	695 3283 1478 646
1021	2411 2051 4122 4337
1022	2704 671 2983 2872
1023	912 1521 4362 1718
1024	336 4643 1472 2827
1025	3645 265 1026 2591
1026	4586 4198 1998 2283
1027	1027 3100 1193 682
1028	3268 1722 4406 4648
1029	611 3701 1155 2804
1030	426 3384 4504 283
1031	466 1750 1159 2483
1032	2217 4552 4680 1870
1033	4469 3593 4176 4311
1034	588 170 528 3077
1035	4828 1488 2034 1053
1036	4244 1554 4115 1701
1037	3749 1191 481 4874
1038	2731 247 3140 389
1039	3622 2585 8 4708
1040	4191 1424 3402 3797
1041	3232 3038 1543 3958
1042	241 3832 4645 753
1043	1512 3423 460 1190
1044	2728 393 2091 3574
1045	84 2066 3680 1452
1046	1558 3415 2691 4214
1047	1382 2399 3050 2142
1048	662 839 1421 3313
1049	443 781 3588 130
1050	193 27 3723 3531
1051	575 1763 2612 940
1052	2425 3436 573 2806
1053	958 4047 292 1398
1054	1476 891 2478 1255
1055	2910 1553 3620 4062
1056	2887 1319 3144 2526
1057	988 261 4377 146
1058	3295 2518 2463 1303
1059	304 3001 2222 2421
1060	2924 948 1928 3559
1061	2437 908 1636 725
1062	4396 4591 3611 4870
1063	4123 2071 1098 330
1064	383 650 1304 4786
1065	443 4798 4514 2383
1066	4997 1211 4549 1816
1067	2587 7 3646 1035
1068	4364 4037 2806 4058
1069	4406 4472 975 3689
1070	778 2346 3174 4877
1071	1843 4055 247 3981
1072	1974 1749 695 1346
1073	65 3580 1668 1750
1074	2505 4553 480 313
1075	4541 2738 619 247
1076	2972 1244 584 3109
1077	4601 219 2530 3280
1078	4850 1322 3818 4866
1079	1019 1335 2511 3819
1080	3954 583 450 3365
1081	2989 2521 1194 811
1082	4178 4604 2049 129
1083	4446 4456 3233 2630
1084	4992 3419 4590 3204
1085	78 4008 1839 3603
1086	1327 371 1259 1704
1087	2510 3862 1793 4541
1088	2892 3644 2341 1735
1089	4103 2470 4358 4053
1090	1693 2286 992 1744
1091	4509 918 632 4689
1092	1478 4409 4623 2700
1093	3630 2410 4968 1652
1094	1130 3805 2191 4760
1095	3939 4333 2205 1878
1096	556 2465 2631 2245
1097	1124 2294 1654 2794
1098	2458 312 4286 2796
1099	2930 66 1940 2943
1100	1480 40 4243 4590
1101	2644 4158 4063 982
1102	3621 4096 113 2334
1103	1115 1563 286 252
1104	3469 2698 4944 3577
1105	4361 4318 3728 3241
1106	4773 1280 3623 1551
1107	2800 4697 2903 3786
1108	1097 2905 1358 4349
1109	2894 208 1761 4776
1110	2827 1001 1554 2784
1111	2515 3083 4198 458
1112	4597 234 1680 631
1113	2669 4631 2386 190
1114	3257 3455 1526 1322
1115	302 627 758 4613
1116	917 447 3592 4365
1117	4785 4911 1935 802
1118	181 4616 223 2876
1119	4338 4491 2392 4865
1120	4659 1877 1468 681
1121	3100 754 4208 3869
1122	2019 1720 1640 3358
1123	4735 2839 4822 3717
1124	4333 3849 940 2447
1125	4526 803 4295 769
1126	1255 4852 1554 823
1127	3623 3028 4247 2628
1128	575 3070 142 4872
1129	1734 4176 4264 2430
1130	3087 1202 676 680
1131	2854 2124 306 1452
1132	4240 219 3200 1926
1133	2759 4505 335 1578
1134	4009 4840 177 1550
1135	1933 2901 181 2434
1136	3536 170 2767 2537
1137	3218 241 2416 2580
1138	2593 1078 4517 376
1139	22 4705 2851 174
1140	604 579 4704 826
1141	3118 1239 3130 959
1142	1034 759 2785 1647
1143	2108 4840 3740 254
1144	4204 4773 4186 853
1145	1477 2913 4725 858
1146	2206 1054 980 1857
1147	690 2355 1285 439
1148	1419 1157 3825 2623
1149	3230 453 3473 17
1150	3304 592 3921 1547
1151	582 2395 3149 4625
1152	2542 2595 614 2330
1153	4134 1898 2458 3064
1154	3322 3020 1746 3566
1155	675 495 1106 983
1156	4538 472 4768 1088
1157	667 65 4869 160
1158	2931 4306 2168 2394
1159	2764 2471 4844 1942
1160	4773 4394 4760 2628
1161	3111 4623 1184 4319
1162	1513 384 946 648
1163	3774 1794 1184 4965
1164	2883 4730 4150 1706
1165	1329 1812 4871 1925
1166	2422 2959 4256 135
1167	3996 2601 1478 4278
1168	4972 1456 1986 1207
1169	3923 591 2479 2281
1170	3718 2572 2903 1068
1171	178 2737 1186 4979
1172	535 4011 4870 2183
1173	2773 225 264 3203
1174	2943 4232 4572 4301
1175	3561 2457 1889 2216
1176	3773 3115 5000 2312
1177	1166 589 713 1001
1178	701 2220 1544 2700
1179	4215 705 2229 4337
1180	2202 1764 4748 4528
1181	4985 2702 3601 4354
1182	4087 1887 2589 4014
1183	4271 2099 555 210
1184	1725 3845 4590 3785
1185	2695 3263 2456 2922
1186	2254 2526 3962 3860
1187	3899 4022 3249 2124
1188	3569 100 2469 1227
1189	1085 3208 3578 2714
1190	2639 1653 695 3683
1191	119 4464 4011 1954
1192	4758 2379 3885 1216
1193	4994 1558 960 1528
1194	2655 2285 642 4805
1195	4807 2506 594 4517
1196	19 3386 3299 2990
1197	489 2078 1769 4008
1198	2856 1033 4939 924
1199	4488 4595 1742 3281
1200	4292 399 3655 4916
1201	2234 1517 3252 2129
1202	3888 1104 4853 2683
1203	757 999 3344 4880
1204	1246 2638 2089 585
1205	1995 4441 3195 3141
1206	741 541 1186 4169
1207	1440 3098 4049 75
1208	4467 3266 1147 2235
1209	1531 947 2322 3299
1210	4101 2280 3691 2446
1211	3822 3386 1849 123
1212	4230 3217 1067 3249
1213	4322 4752 3252 1899
1214	4827 3862 4181 2501
1215	2563 1352 4388 3703
1216	4003 304 4955 2699
1217	1881 449 1906 1455
1218	3839 870 3284 1210
1219	1137 4610 1991 834
1220	2108 3328 4911 1190
1221	1587 4937 3480 1034
1222	963 4441 2023 179
1223	1885 947 3680 1470
1224	192 2131 3425 3488
1225	4303 1370 1078 2507
1226	4420 666 3587 1047
1227	3164 2669 2679 1413
1228	813 611 4661 1220
1229	3659 3681 4247 3604
1230	995 3550 3383 1357
1231	4865 4096 4594 2516
1232	2550 4096 2742 663
1233	3730 3188 3085 2610
1234	3888 4798 460 1052
1235	1582 4006 1568 192
1236	750 4617 2123 1830
1237	4187 2889 1570 1101
1238	4450 1137 1658 4399
1239	2893 4814 1191 3395
1240	2477 1674 3201 3688
1241	7 521 3838 4230
1242	2223 4257 3722 78
1243	2408 3782 104 4511
1244	1356 4764 4986 3498
1245	3383 1678 4635 2506
1246	3809 1395 1568 20
1247	3786 2244 1794 3563
1248	3435 2047 3676 683
1249	4944 2393 2302 2264
1250	3136 4088 4472 2561
1251	2164 4584 2781 830
1252	679 4492 1434 3028
1253	4307 3330 1338 3366
1254	3438 1292 56 4991
1255	1655 2235 4880 4575
1256	3085 4824 850 3423
1257	1236 3961 2847 3917
1258	2541 4304 2165 1853
1259	797 4182 2468 1763
1260	1602 1845 1834 1623
1261	4923 1341 2409 3033
1262	4286 2175 16 1600
1263	4104 1746 4922 943
1264	321 1924 3918 1751
1265	163 4389 1196 3945
1266	167 2561 2223 435
1267	4119 1628 659 2710
1268	2646 758 3220 2515
1269	434 776 2360 972
1270	1523 4206 562 3459
1271	4598 2493 458 4392
1272	2400 4684 4546 3360
1273	4168 4815 1013 155
1274	3854 3484 4597 4452
1275	1735 1575 3984 1880
1276	2067 2131 369 1031
1277	1716 978 2339 4574
1278	1110 3711 4513 1891
1279	1570 4071 4684 2763
1280	1639 2019 4681 2268
1281	1787 3916 3640 1656
1282	4018 2154 794 67
1283	2960 4323 4501 1178
1284	2763 2179 950 4601
1285	2374 2118 2373 975
1286	2792 931 582 371
1287	1777 4044 1059 1027
1288	4153 2101 4672 3481
1289	2445 3574 3474 2368
1290	798 4256 1855 4126
1291	3218 4085 1254 483
1292	473 580 2259 204
1293	1907 3095 512 372
1294	2016 692 2771 4540
1295	374 2511 1436 1936
1296	3144 85 4241 1358
1297	3622 2135 1496 2281
1298	1372 391 4793 1642
1299	3441 2973 591 2796
1300	2786 898 2038 1766
1301	2491 3283 1358 3356
1302	3277 3477 4473 288
1303	246 3644 4211 3805
1304	4247 4365 3772 4152
1305	2874 2768 4436 3970
1306	4955 2042 4984 2596
1307	4945 3212 2770 2777
1308	1439 797 872 4986
1309	1869 629 1495 4732
1310	2389 4418 4785 2396
1311	3069 1696 4991 2918
1312	419 3866 3445 2255
1313	2218 4422 2088 1862
1314	2969 1703 2021 552
1315	2298 74 2316 1147
1316	432 4536 3671 2112
1317	4858 3592 4315 1361
1318	179 2688 4522 1248
1319	4607 3988 2277 3064
1320	3884 3870 2689 2632
1321	2389 2883 268 1761
1322	1891 4670 1521 589
1323	1682 3032 4660 2485
1324	2425 255 2731 4156
1325	973 4435 1731 1488
1326	113 3809 4443 1754
1327	3361 678 4705 2628
1328	2881 2478 1936 4447
1329	4421 1915 3121 1271
1330	4988 391 4056 2234
1331	2645 1542 3890 951
1332	4536 4882 3052 652
1333	1367 294 3088 2341
1334	2368 3181 486 3810
1335	2605 4132 1269 3945
1336	3020 2951 834 1260
1337	4541 3840 1578 4437
1338	3062 3048 2629 2881
1339	652 2683 2030 921
1340	1763 212 1252 2611
1341	2021 4197 3710 1671
1342	2647 2381 3003 495
1343	3362 1655 76 2527
1344	1457 3871 2003 1339
1345	4335 1616 4235 4366
1346	2426 1100 4201 2162
1347	807 1232 1066 4937
1348	756 4878 1264 4796
1349	796 2675 4322 1969
1350	4657 1546 1417 4206
1351	1996 3105 385 620
1352	382 410 4334 2548
1353	1919 114 195 2231
1354	3172 3981 3075 3539
1355	2916 477 3960 2894
1356	1191 495 2638 1463
1357	2532 4305 4668 4488
1358	3087 87 2141 4005
1359	4942 2466 1084 2713
1360	3007 1769 818 3165
1361	1481 2186 3860 1134
1362	4542 3045 1982 3693
1363	2613 4324 4654 2399
1364	2315 2611 3881 3859
1365	41 692 2622 2611
1366	1660 4087 1861 3852
1367	1026 1156 491 2290
1368	3101 131 2626 2816
1369	2421 2987 3471 2499
1370	4173 1615 3413 1315
1371	4355 4057 3636 2477
1372	1432 762 1827 2022
1373	2986 2056 48 537
1374	400 261 713 2570
1375	3252 3849 802 3129
1376	568 2440 1886 768
1377	1085 2446 2408 2658
1378	1517 3492 2764 3875
1379	128 3849 4377 3081
1380	4689 2607 939 197
1381	599 2212 2661 3376
1382	3316 4634 3523 3056
1383	2569 4319 4651 2652
1384	550 2525 636 4085
1385	2604 3379 749 2095
1386	2898 2417 799 4892
1387	1396 2561 3157 2911
1388	2630 4650 55 3359
1389	760 443 1404 1182
1390	3979 3418 1621 3223
1391	1110 3801 1314 4825
1392	3578 1039 3491 3148
1393	327 2751 4569 4883
1394	756 4996 2936 4181
1395	1753 4301 4757 3022
1396	3053 2039 4077 2354
1397	2911 2768 2809 4408
1398	1531 3604 2716 1185
1399	2398 4378 30 106
1400	4242 743 1477 2041
1401	349 3575 508 783
1402	4526 4573 2841 3596
1403	2813 249 1543 3741
1404	3640 4950 3098 149
1405	2326 106 881 3281
1406	4585 749 1338 2177
1407	1027 4880 2960 4955
1408	911 4619 4577 1295
1409	3643 4963 3084 2528
1410	699 3571 2839 753
1411	810 4264 3420 2380
1412	1878 4053 1477 1701
1413	3225 832 2972 3613
1414	550 1484 2345 4714
1415	4322 1808 265 3378
1416	3982 4309 456 498
1417	3284 2816 2262 778
1418	4523 1778 3647 3254
1419	1432 4748 1167 4255
1420	4760 2558 4346 4935
1421	3235 231 2168 1531
1422	2854 3221 4 3494
1423	3463 2773 4826 3037
1424	161 1397 1884 3269
1425	4272 3663 3774 4250
1426	884 3105 920 368
1427	284 653 4498 775
1428	2345 4066 337 1703
1429	4345 3678 4631 3586
1430	3565 127 1527 1585
1431	4957 4080 3403 282
1432	4010 342 2098 3456
1433	4141 4704 2529 1829
1434	3283 1111 3312 2085
1435	1548 431 3178 1688
1436	1673 4122 1657 4352
1437	710 2718 2067 4044
1438	1940 2784 4018 1353
1439	1097 1492 3457 3168
1440	1264 3330 539 2052
1441	3620 1810 4050 3262
1442	1034 4153 765 4323
1443	1984 209 1217 1590
1444	1980 2958 233 1786
1445	3496 1415 1056 693
1446	918 3075 1472 4504
1447	481 156 1454 3012
1448	3032 2862 278 3257
1449	2475 115 1756 3295
1450	187 454 201 814
1451	4753 2702 4613 750
1452	1250 256 416 4343
1453	537 2200 2314 4035
1454	4754 2471 4550 868
1455	2467 1020 4223 2808
1456	2549 2647 559 2469
1457	3501 4240 3936 4759
1458	257 4705 4467 4726
1459	3446 1362 4451 1745
1460	1476 3154 3624 797
1461	4751 217 1916 2891
1462	2631 3223 3157 4359
1463	27 3248 3526 1308
1464	4348 1470 2471 2593
1465	3972 4 2735 4376
1466	2982 4013 1946 326
1467	4074 1490 235 370
1468	2697 4906 3494 3407
1469	2467 2222 2082 1584
1470	4110 3334 2272 3434
1471	799 4202 1968 1019
1472	30 261 606 1955
1473	844 3762 2838 1091
1474	2308 2845 4187 366
1475	824 2217 3998 3841
1476	1122 3485 4660 1811
1477	1130 4502 3391 2547
1478	4287 4602 2010 3537
1479	3170 1557 957 4731
1480	4359 352 4568 2308
1481	1605 2013 2837 1065
1482	346 2284 4033 1695
1483	3081 1878 2732 3782
1484	3830 2625 2631 3268
1485	3916 2284 916 1824
1486	1159 1224 4428 3999
1487	4872 48 3211 3086
1488	4199 430 2860 4437
1489	3267 3749 1763 1826
1490	1772 1114 1731 1592
1491	1224 4257 1608 1494
1492	2557 2809 2298 1756
1493	3733 3157 1791 4997
1494	2695 1471 4571 1924
1495	1597 340 2319 675
1496	2775 4683 1623 3859
1497	2006 3066 3309 3083
1498	4190 1209 1527 2318
1499	3693 3206 500 3010
1500	4067 4690 2539 3404
1501	4118 1994 1696 1013
1502	1116 4926 3248 545
1503	3138 2534 1854 3174
1504	1773 4627 740 4131
1505	941 4524 211 1697
1506	1955 4741 1258 1399
1507	2819 3157 1306 1436
1508	4595 2461 4449 781
1509	4526 4878 2777 1424
1510	1877 2791 4054 4545
1511	4540 1789 1537 3020
1512	3762 2139 4813 237
1513	3561 3766 1318 3318
1514	947 715 2427 120
1515	1931 2997 3580 4079
1516	883 4665 675 3532
1517	2522 4531 482 2538
1518	4863 3759 2126 4861
1519	4781 3592 2944 1109
1520	2459 1170 1485 4594
1521	298 884 3832 3170
1522	1805 3304 3267 2753
1523	1227 836 952 1855
1524	296 4943 3372 2859
1525	359 4752 1834 2981
1526	290 2954 2140 455
1527	463 1139 2277 2044
1528	3319 654 4647 3138
1529	744 4046 3228 3512
1530	4119 4510 2292 4003
1531	4914 2141 858 3489
1532	2510 228 3262 2350
1533	3452 1353 2617 4165
1534	1807 1434 3045 4556
1535	2028 2355 2673 408
1536	1962 1110 4987 4020
1537	4005 872 3343 249
1538	4078 3645 4838 2173
1539	2128 3762 64 1994
1540	298 3876 2320 2656
1541	3252 2100 998 1171
1542	4316 3763 2034 2883
1543	4994 4042 3573 577
1544	2925 2429 421 1391
1545	4713 68 4145 1204
1546	3072 1117 94 558
1547	4105 1325 3499 936
1548	1883 1241 2559 2516
1549	2006 3162 71 1539
1550	3987 1150 256 1328
1551	3706 649 4635 2567
1552	1254 363 3873 1789
1553	2171 807 4681 3550
1554	4758 4041 1117 4557
1555	140 2511 3881 2991
1556	2386 192 3439 3632
1557	1921 4558 1827 4469
1558	2991 2654 2764 623
1559	111 184 1705 1412
1560	4421 4193 929 624
1561	149 2374 3694 2910
1562	3076 1165 340 2011
1563	4805 3712 4647 3278
1564	1845 4069 381 1886
1565	1213 2115 45 2935
1566	1429 1953 203 475
1567	51 4738 2330 2587
1568	2080 3096 4843 1261
1569	4821 1553 421 1605
1570	3726 4611 3062 4262
1571	3939 2568 3684 4980
1572	2323 4584 1906 2410
1573	4557 3420 4623 1202
1574	3983 2180 4735 673
1575	4576 3153 3332 956
1576	1149 3706 1418 4195
1577	3348 282 3064 3571
1578	1603 933 1434 434
1579	1908 3875 361 4757
1580	1595 2156 2871 999
1581	431 286 4815 262
1582	3754 1332 2702 1668
1583	3774 3312 2921 761
1584	3727 1356 1245 3831
1585	607 1046 2436 3431
1586	1681 3989 1426 2437
1587	2633 1386 3361 430
1588	919 1198 1332 4379
1589	2851 217 3912 3672
1590	827 733 1530 2130
1591	623 1557 4870 4143
1592	341 2524 1800 358
1593	1560 2539 3288 2234
1594	869 2135 288 3195
1595	1890 2975 1813 3467
1596	4387 2839 1517 1812
1597	5 4378 2833 1310
1598	3031 4077 3366 966
1599	2362 1739 2235 702
1600	1031 959 1916 4220
1601	1775 3068 805 2343
1602	3305 2231 1999 595
1603	3380 1692 2227 3741
1604	2360 2585 405 559
1605	2277 4564 159 3533
1606	1408 4525 2959 1329
1607	1884 1393 3123 588
1608	1757 7 1105 687
1609	3581 4218 4782 3995
1610	1627 2963 3194 4661
1611	1062 191 3726 4078
1612	1484 428 2685 2169
1613	1684 1075 3252 2890
1614	2379 2279 4081 1643
1615	2548 1021 3630 3646
1616	3621 1259 2025 380
1617	2270 3976 1014 1684
1618	4986 2098 448 265
1619	1039 4087 2092 3785
1620	891 781 711 3617
1621	3238 2750 3416 2686
1622	814 4367 3239 2585
1623	4662 2163 1997 2570
1624	3572 3194 4754 1593
1625	4868 3130 3185 3215
1626	377 2929 4159 63
1627	403 4070 1800 2353
1628	520 4849 4618 3199
1629	2301 3638 2398 3871
1630	2182 3931 893 595
1631	2182 2455 3900 1551
1632	341 580 4518 756
1633	449 177 2792 3978
1634	3910 3304 4984 4419
1635	2616 2559 2531 1104
1636	309 1239 2695 741
1637	518 4208 4807 1685
1638	2381 2178 4096 2970
1639	4242 1456 822 3505
1640	209 3713 1044 4257
1641	2916 1119 2810 4844
1642	3644 2125 170 4608
1643	3122 4999 2607 1121
1644	574 936 3735 1815
1645	2590 1594 192 36
1646	788 3385 1222 2403
1647	3983 894 787 1814
1648	1037 668 695 3224
1649	4072 79 4264 3338
1650	3329 455 796 392
1651	2301 2635 323 1082
1652	769 3066 3082 4635
1653	4775 675 2171 2717
1654	3261 704 305 993
1655	3 249 167 1228
1656	4236 3303 4134 1050
1657	1310 2031 240 3147
1658	4128 2884 791 2487
1659	2671 50 4703 4270
1660	1733 1773 20 3839
1661	4887 4081 463 1822
1662	707 3711 1841 1771
1663	2439 1878 1516 1606
1664	429 632 1570 4066
1665	3048 704 4065 2077
1666	3155 1881 1660 3776
1667	1969 3506 3545 4659
1668	2891 1710 4015 3678
1669	1303 3626 3330 872
1670	715 190 3573 248
1671	1175 3193 4949 1983
1672	1308 2059 3114 2859
1673	4427 4169 4143 971
1674	1330 2637 438 1811
1675	4613 2582 1247 4590
1676	1891 4645 2301 3091
1677	3469 659 2931 150
1678	4760 4658 4741 3481
1679	3679 3391 546 2466
1680	174 2978 1725 1734
1681	755 588 2947 1085
1682	3052 894 3368 73
1683	4043 2621 3927 1524
1684	4179 4674 1317 173
1685	1413 2851 1087 1742
1686	3463 1123 2307 4157
1687	4969 2229 4302 1477
1688	3677 234 1259 3821
1689	1214 1653 2681 2419
1690	181 1263 2797 507
1691	3436 467 4317 1379
1692	20 4557 4488 3548
1693	1761 4902 2953 1780
1694	2433 2586 1653 2202
1695	2211 3360 102 808
1696	2245 4948 2109 4323
1697	312 1191 89 503
1698	2849 3531 4801 4823
1699	2305 1011 3951 945
1700	1462 658 3854 3124
1701	2762 674 1103 2404
1702	1158 4777 4251 1403
1703	1442 4711 237 1023
1704	1701 203 1952 4415
1705	4593 1450 2941 4148
1706	4576 4453 28 2069
1707	1478 2035 133 1891
1708	1735 4004 3054 2748
1709	803 4252 2524 917
1710	2478 1636 4808 3552
1711	3921 3414 1955 4687
1712	3572 1099 4084 3280
1713	2105 4559 660 1640
1714	4208 2539 264 4973
1715	3949 4855 193 3841
1716	4599 4958 4144 2261
1717	946 2429 1021 3656
1718	114 20 379 2612
1719	4615 2792 2546 4923
1720	1599 4665 858 798
1721	2110 1663 1628 2910
1722	2170 3321 3224 2553
1723	4115 3266 527 4042
1724	1123 3995 776 1437
1725	3956 1115 2531 2068
1726	1767 1163 3959 1401
1727	309 3888 459 1812
1728	1920 2139 4721 3372
1729	2563 2236 4635 141
1730	3536 2615 3062 1498
1731	2887 3293 2920 1108
1732	1419 1110 216 3325
1733	2336 3180 847 3492
1734	285 1361 39 3293
1735	4846 4051 4962 4109
1736	4465 1106 4345 403
1737	2832 1066 2003 4347
1738	414 270 4110 3821
1739	1185 1231 661 352
1740	3805 1320 1715 4480
1741	2869 210 1254 4150
1742	393 4408 4645 1441
1743	3992 74 1828 3807
1744	3025 6 3356 3905
1745	4180 422 1858 404
1746	1152 1899 331 3275
1747	4305 2498 1933 3193
1748	3920 3789 3723 4591
1749	3161 700 4571 1840
1750	3492 3257 2341 3018
1751	2441 3374 2564 1026
1752	1524 2502 4161 3773
1753	496 4891 2070 3035
1754	3849 1108 3001 3045
1755	4672 3784 2997 3151
1756	1267 2069 2456 3007
1757	4688 2167 4111 844
1758	3023 3429 2709 984
1759	436 4732 4671 1728
1760	3978 4207 4376 1186
1761	1787 1390 3352 1255
1762	1701 4707 4113 2204
1763	468 995 3660 921
1764	714 2948 4303 4648
1765	4850 4691 3043 1536
1766	2899 659 3800 860
1767	2529 1082 438 776
1768	642 4282 3349 2658
1769	2913 1862 4015 3776
1770	2642 3411 3001 3447
1771	2637 508 2519 1028
1772	1423 1410 4589 2822
1773	521 3378 4668 2202
1774	1501 275 61 32
1775	960 1842 1775 2818
1776	2857 4393 1277 2239
1777	85 1138 3889 2862
1778	820 527 3690 4581
1779	2776 1222 4505 2568
1780	726 4217 183 1428
1781	615 2256 3104 562
1782	3743 820 2229 2072
1783	1175 2312 3578 3501
1784	4082 2533 3429 4350
1785	2612 2483 4896 4147
1786	2378 1135 463 1301
1787	4396 4904 3199 1530
1788	442 4599 3449 4056
1789	145 2092 1883 2505
1790	3701 4412 1702 3578
1791	1968 1607 3133 3526
1792	4615 4201 1957 4773
1793	2408 3310 796 4906
1794	3053 4251 4160 3720
1795	70 2351 441 2191
1796	3135 552 49 2483
1797	3291 4630 2956 525
1798	311 1340 1879 1030
1799	2751 2650 3049 3023
1800	2516 3458 2814 2278
1801	3743 3576 3578 3287
1802	99 484 1689 4179
1803	1953 2834 720 113
1804	815 4261 3095 2064
1805	2972 767 3609 4368
1806	3629 1402 3980 172
1807	454 1711 232 3769
1808	3209 1330 264 3398
1809	758 4351 4025 997
1810	1014 2672 1269 3823
1811	3187 4358 2852 4197
1812	3576 125 1147 1515
1813	4421 144 3791 1387
1814	4164 4474 4830 410
1815	3554 4 3392 1730
1816	284 4087 1487 2848
1817	225 4062 3926 1946
1818	1596 2021 887 446
1819	2680 2213 1443 343
1820	680 3902 2554 4588
1821	260 4667 1347 4098
1822	2772 2829 4119 1728
1823	735 4822 1583 2442
1824	4986 3877 3794 2087
1825	2072 4918 2461 4348
1826	804 2217 2486 105
1827	767 3334 633 4172
1828	1582 469 3650 1151
1829	4592 3455 2668 2449
1830	3620 2681 3635 1626
1831	1673 2739 1281 1716
1832	1899 4230 1922 3530
1833	146 2002 4239 3778
1834	4947 4036 4371 8
1835	3248 3954 2630 344
1836	4392 2686 3297 152
1837	3575 1711 1245 3296
1838	2709 2477 973 4581
1839	2450 2348 4498 4183
1840	3317 2920 2942 2897
1841	749 2546 1492 4690
1842	3677 2940 4336 164
1843	1306 3060 3529 953
1844	4284 3881 1266 1978
1845	24 1020 1637 4580
1846	4478 424 209 1516
1847	3106 4058 429 2165
1848	4810 4690 1255 2207
1849	1411 2880 2941 2885
1850	309 2157 1020 1310
1851	4806 4156 3911 501
1852	4343 1450 2982 2718
1853	4500 3572 1347 1719
1854	3956 3753 2053 1801
1855	4802 4441 3133 2383
1856	4480 1348 1194 929
1857	2427 554 1814 1442
1858	3952 3758 977 1604
1859	1467 2817 1734 4959
1860	1354 4060 3098 2812
1861	409 2813 3113 3701
1862	1996 2224 973 271
1863	4132 2627 2750 2993
1864	3408 1717 4712 2758
1865	3644 4141 522 2607
1866	956 213 3978 4585
1867	4416 2551 3 2408
1868	4034 4978 434 2593
1869	603 3023 100 1385
1870	1069 3367 1788 1752
1871	2050 1252 2759 3455
1872	4794 3951 1681 550
1873	4002 3209 4503 3131
1874	3180 3944 4028 908
1875	627 1459 1733 2761
1876	1203 4004 1752 2234
1877	2990 308 1509 514
1878	4121 1963 3243 626
1879	4928 4458 760 4734
1880	4286 2719 277 1900
1881	1333 976 2719 573
1882	571 2355 3611 1345
1883	2727 2194 4685 4068
1884	2397 521 1885 3578
1885	2642 2539 1098 1927
1886	4002 1259 1043 2897
1887	252 437 302 2337
1888	4003 3745 4972 2855
1889	4907 2135 2321 3058
1890	560 864 3653 3557
1891	1692 2726 3401 2907
1892	3426 159 2705 1367
1893	2907 696 1104 1486
1894	962 3432 2874 3291
1895	4433 1038 1239 4675
1896	2748 3218 4617 2284
1897	3237 3359 4963 4989
1898	1782 1412 1710 134
1899	2912 404 1011 1347
1900	4366 2568 3454 1370
1901	3031 4147 4088 2202
1902	705 1774 2885 4863
1903	260 911 1123 4263
1904	4911 4560 3126 4383
1905	4635 3978 2286 1221
1906	4601 3966 883 405
1907	3146 1816 3340 3002
1908	2501 2810 4906 2899
1909	4778 2358 174 1077
1910	521 2136 3150 3637
1911	1472 3711 135 4248
1912	567 59 255 1831
1913	3026 4333 3060 2186
1914	959 3511 1945 3521
1915	844 959 2784 667
1916	2699 3862 4888 3221
1917	554 518 2218 3145
1918	976 1089 4600 749
1919	1964 2852 2047 2773
1920	4262 4870 4984 2084
1921	1512 4311 4482 2481
1922	1040 22 1201 301
1923	2359 3199 4482 3029
1924	2733 2731 2643 1368
1925	539 1596 1366 225
1926	671 3343 4927 4628
1927	2120 4305 3723 2667
1928	4994 869 3991 4322
1929	1189 4545 136 410
1930	4248 3938 1567 1352
1931	1530 2538 2273 2965
1932	1046 2680 4543 3836
1933	1320 2322 540 1878
1934	1567 890 962 682
1935	4779 3956 651 3974
1936	4879 2881 2724 4534
1937	2723 2801 2121 983
1938	2005 4612 4370 3959
1939	146 4684 1930 4924
1940	4450 4075 3650 4687
1941	3528 598 3324 1075
1942	2380 1391 3024 1011
1943	3323 2011 1013 1810
1944	4017 4763 1577 1245
1945	3175 3033 4822 4870
1946	4863 4255 4369 241
1947	1790 3413 4187 3885
1948	3275 1341 622 2531
1949	981 1824 761 2066
1950	2535 3301 3744 1633
1951	4397 1946 790 2054
1952	4042 2857 4654 4401
1953	586 4617 2860 821
1954	1432 4869 508 4081
1955	1564 2740 50 3404
1956	1451 3526 3470 1923
1957	3826 1666 3565 2963
1958	4192 232 3862 4742
1959	2763 1518 2404 2366
1960	2870 4301 3640 4879
1961	3803 4262 690 4030
1962	1627 663 4880 4321
1963	4187 2388 889 235
1964	4039 989 3659 1632
1965	3192 2733 2241 522
1966	4841 2055 2491 3471
1967	773 3321 4387 1046
1968	3129 2708 4262 2161
1969	76 3093 1363 2963
1970	1729 3465 2422 1731
1971	2977 4058 821 3041
1972	4700 689 1061 2324
1973	4840 2691 2608 4643
1974	2954 239 4361 1681
1975	4980 2389 4596 1215
1976	1791 3701 2853 2638
1977	2899 1413 1948 2150
1978	3761 3615 3829 2241
1979	2210 999 3871 2681
1980	602 2603 253 1129
1981	4322 1299 4247 64
1982	4210 4929 1531 1275
1983	2371 3362 4457 2838
1984	3491 2821 512 1065
1985	2602 3637 3115 3416
1986	1688 3850 4187 3952
1987	358 3376 3427 1585
1988	2275 4739 662 602
1989	1141 3872 4345 2774
1990	790 1259 2077 4518
1991	3737 4690 1743 70
1992	33 3291 2359 2661
1993	2207 911 374 3086
1994	1923 3680 4840 410
1995	1703 1948 1470 4704
1996	905 4276 3058 4583
1997	4417 3666 4455 3623
1998	1227 2412 3247 3893
1999	1659 2393 4393 1439
2000	3595 1145 4393 3352
2001	1027 3894 4482 2642
2002	657 1744 969 2646
2003	3840 2537 101 4545
2004	564 2312 4898 3453
2005	2554 694 2669 1647
2006	3334 1909 1596 1962
2007	640 873 2861 362
2008	1119 223 442 655
2009	3529 3222 3504 331
2010	502 3663 2396 2498
2011	3545 3803 2840 2792
2012	2890 4728 2013 1275
2013	4412 4465 3696 4596
2014	2692 2640 2588 3754
2015	1848 3276 3500 3489
2016	2399 4522 1717 2717
2017	945 154 4032 1237
2018	3949 2874 113 4689
2019	3532 815 3222 1005
2020	1706 1659 4144 2343
2021	4489 3150 4351 4169
2022	4205 133 2174 4172
2023	5 3903 487 4380
2024	4354 424 1455 2983
2025	3133 4881 4072 3307
2026	1151 1960 1034 181
2027	2583 1933 3170 2899
2028	74 3084 1830 4612
2029	4593 1669 1961 3457
2030	4222 2565 2839 2921
2031	4889 175 3774 21
2032	3994 1270 2168 3026
2033	3205 19 89 1837
2034	4510 1962 3464 3304
2035	1564 1477 3658 710
2036	2297 3031 2136 2534
2037	4534 1213 3167 4093
2038	731 2 1629 4448
2039	4977 1642 585 2658
2040	2581 1811 2985 1005
2041	2394 1780 701 4911
2042	2587 2181 803 139
2043	2810 707 156 3139
2044	3364 4887 732 1780
2045	4307 2684 652 609
2046	4106 387 2639 410
2047	712 3555 2937 4478
2048	3480 17 4596 3282
2049	2686 1309 4554 2298
2050	831 2968 953 688
2051	400 4600 361 2381
2052	3328 332 2826 3361
2053	287 1563 269 4500
2054	935 4764 1485 2158
2055	4897 2474 3704 2610
2056	1195 3745 4285 1671
2057	4699 3706 4836 310
2058	1620 4007 3969 2300
2059	3798 1931 1717 2737
2060	4133 4376 432 4644
2061	2925 1705 1082 494
2062	3403 4231 4243 741
2063	2724 1439 3715 1970
2064	4107 4783 3570 3842
2065	3321 2223 2966 110
2066	1118 577 419 1878
2067	2389 1145 1212 3299
2068	1383 4014 3497 4759
2069	3447 558 817 2531
2070	1753 1149 3360 1928
2071	3923 2186 2384 3424
2072	3394 2740 937 4360
2073	3596 127 3935 1983
2074	452 311 2969 4343
2075	3377 4545 4969 2231
2076	3541 2998 2372 1906
2077	2057 3310 4224 1947
2078	2298 2070 3042 3753
2079	4550 1914 4377 4793
2080	652 1315 2171 3880
2081	4371 2754 814 3063
2082	3703 2938 3695 4878
2083	574 3267 115 123
2084	1088 217 4125 48
2085	147 3459 1850 368
2086	3518 4919 1610 4074
2087	895 2102 4814 2191
2088	1696 4419 783 3972
2089	2191 2226 911 1014
2090	212 516 4612 2438
2091	1565 562 1442 4924
2092	3104 4188 210 2508
2093	4008 2310 1717 4805
2094	2704 2904 3330 659
2095	3024 1883 510 4185
2096	4061 4667 1043 105
2097	2950 2348 1102 1173
2098	3709 654 3932 2028
2099	748 883 345 969
2100	3806 1170 2982 4953
2101	2545 4901 1416 2464
2102	686 2669 2218 1286
2103	452 3458 4740 1301
2104	691 1727 1095 267
2105	3798 1187 4813 4641
2106	748 215 538 3250
2107	754 2262 3551 4578
2108	1517 4382 3553 280
2109	1496 4848 3111 2759
2110	2113 4186 317 1363
2111	2437 2072 3055 3345
2112	2322 3036 3689 1728
2113	2798 3814 3164 4845
2114	968 2020 4183 2626
2115	4753 4497 4136 3737
2116	2582 1836 3505 2887
2117	1657 621 3945 4028
2118	3812 4881 2941 1567
2119	407 3032 2619 2075
2120	1053 4383 1996 3457
2121	3840 2735 2772 43
2122	1665 2029 3916 2180
2123	2132 634 2315 4369
2124	2725 290 2942 4849
2125	3608 746 4371 2465
2126	3701 502 3400 3009
2127	24 3284 2590 1690
2128	2610 2844 3023 1674
2129	4308 3488 2722 4296
2130	4183 4516 2224 1802
2131	47 4256 3533 679
2132	3342 2804 2399 1480
2133	1446 429 1877 752
2134	2780 224 4694 2411
2135	358 30 3032 4657
2136	4800 4593 1134 1049
2137	2999 2919 3186 4389
2138	4619 2728 2403 2867
2139	3370 68 1327 2087
2140	244 2418 1088 3792
2141	3018 2108 2631 3900
2142	2678 3492 677 4802
2143	2712 3907 4861 372
2144	4662 69 4160 4050
2145	799 2639 3208 220
2146	1347 2540 1644 639
2147	498 279 2483 4234
2148	2334 4437 4003 353
2149	4161 2432 3536 4797
2150	1277 1104 4199 1242
2151	1559 4208 3334 4148
2152	1800 4006 4608 930
2153	1612 148 155 1131
2154	1854 1590 2349 2931
2155	2552 4297 1973 1585
2156	2732 4836 360 1033
2157	4444 3163 2189 1964
2158	3892 3030 4714 4057
2159	114 3661 2562 4040
2160	417 2830 3471 2862
2161	1039 138 3318 712
2162	1402 1404 4165 2545
2163	3449 4213 179 4095
2164	4832 2270 897 151
2165	1918 3507 2258 2019
2166	2525 471 2870 2098
2167	3038 255 3568 2996
2168	2532 1919 4135 715
2169	321 3477 4179 2547
2170	992 17 4245 973
2171	3354 3592 4903 478
2172	812 1202 1514 1507
2173	4362 1366 1762 4343
2174	682 4654 4562 3517
2175	3765 3614 3372 3849
2176	4895 222 3878 1980
2177	3022 1361 834 4430
2178	2159 2569 3225 875
2179	3016 2061 658 538
2180	76 3648 764 2819
2181	4542 1024 1766 457
2182	1256 4867 1961 3565
2183	3965 3426 2618 4631
2184	2091 4742 478 3332
2185	1977 2145 4084 3533
2186	1073 2401 4432 4821
2187	1475 3201 2750 4097
2188	142 2028 3686 2051
2189	1967 4749 2984 609
2190	4978 3235 4022 4907
2191	2625 2425 4233 1727
2192	3333 2393 1403 1351
2193	3991 3355 2680 23
2194	4462 134 3807 2805
2195	4651 3241 3641 3997
2196	2470 631 4498 3131
2197	3653 825 2795 59
2198	1937 3728 3953 2961
2199	2271 1417 619 3357
2200	452 1700 3116 3867
2201	4785 1362 224 1652
2202	4847 3236 3055 1027
2203	2316 3045 4100 685
2204	734 3203 622 3569
2205	1388 514 162 2581
2206	3658 2911 1166 3748
2207	4813 3860 1884 888
2208	4572 1883 2963 4469
2209	1711 1249 1242 1790
2210	2601 3578 3518 4449
2211	941 909 1634 887
2212	4030 4132 568 1467
2213	3002 1439 970 3666
2214	3254 4935 197 1772
2215	4516 2498 2609 486
2216	3978 1791 1168 2650
2217	1704 4339 3906 3424
2218	2313 482 3266 613
2219	4917 3654 3711 2850
2220	2531 764 3163 4426
2221	144 4889 1270 931
2222	1145 3259 4097 412
2223	607 539 4644 2590
2224	682 1205 421 2090
2225	1998 912 1926 1607
2226	980 1748 4916 2237
2227	3668 3522 3266 682
2228	3078 4316 625 2844
2229	58 4562 932 4243
2230	3834 1618 4804 2335
2231	2005 4890 3445 1727
2232	3172 2000 565 4601
2233	1097 583 3091 1871
2234	507 182 1675 1071
2235	2129 3369 3985 263
2236	2222 1915 2986 109
2237	3863 4220 208 3038
2238	3263 1725 2973 2434
2239	1683 3942 442 4152
2240	2856 1677 883 2195
2241	2489 2869 1978 2092
2242	2030 3098 4094 534
2243	2114 2661 2888 4241
2244	4191 2244 1365 2190
2245	3844 1780 1710 3360
2246	4225 209 4792 774
2247	3159 2400 3950 824
2248	1697 1750 2475 4818
2249	3630 424 4321 313
2250	4547 2322 61 4608
2251	2052 1775 2684 3611
2252	1317 2300 2584 4122
2253	2238 2324 294 2095
2254	2342 2298 3266 3072
2255	1611 670 1102 3215
2256	3538 3505 3245 1209
2257	2667 2456 539 1024
2258	375 2176 504 513
2259	2615 2092 1418 3378
2260	4392 2771 2637 878
2261	4028 2540 3353 924
2262	121 4737 1470 1184
2263	2131 1295 3330 4444
2264	1623 3614 2972 418
2265	424 809 918 2406
2266	4917 2951 3321 2642
2267	710 4398 1903 4795
2268	469 4520 1502 147
2269	1242 4084 4023 2469
2270	3563 440 284 1117
2271	2596 4941 2873 3255
2272	4805 2118 991 1464
2273	137 1237 4965 2015
2274	3246 2369 3037 275
2275	4367 3086 3433 1692
2276	604 3688 1804 4498
2277	1253 3375 4801 1160
2278	1846 2388 3087 1064
2279	3676 3435 2823 3314
2280	4946 271 3963 3630
2281	2449 2334 2413 3443
2282	1010 2539 3674 1552
2283	987 3650 3287 3381
2284	42 2905 3824 444
2285	1588 302 4065 1301
2286	2569 4259 4937 1949
2287	3471 2351 3210 346
2288	3008 749 1244 4918
2289	3151 4661 3389 1423
2290	2147 4888 2355 1225
2291	1484 990 514 1641
2292	3340 1120 4356 1893
2293	3731 3377 3013 4844
2294	72 302 3717 3004
2295	4269 653 613 4606
2296	1339 2717 357 1131
2297	1180 2530 243 2895
2298	920 596 1119 4672
2299	2801 1014 4505 4298
2300	1935 4538 1910 504
2301	3444 3794 512 1370
2302	4310 1940 752 4852
2303	3943 4878 3813 1172
2304	4648 4269 57 3117
2305	4378 976 3534 1528
2306	770 4006 4469 689
2307	1302 3038 845 2867
2308	1652 1172 766 429
2309	76 924 3345 2781
2310	2804 3624 3405 2620
2311	4470 384 2981 582
2312	2168 4720 3492 4642
2313	491 400 4682 3203
2314	2479 1534 135 541
2315	4543 492 1963 1793
2316	2652 1517 1375 4952
2317	2392 1739 4386 194
2318	3151 415 2139 1567
2319	83 2134 4900 2291
2320	3515 4270 3967 3417
2321	935 1388 2775 4945
2322	4159 3553 565 792
2323	3932 2423 52 1769
2324	4326 2822 4603 2528
2325	3391 1649 1171 541
2326	3605 4809 4557 2735
2327	2547 2545 1718 3473
2328	742 3528 803 2766
2329	4807 2207 3035 4824
2330	548 1782 2636 2398
2331	751 3298 4782 4628
2332	2624 4486 2331 4704
2333	1640 4280 2386 387
2334	4223 299 3910 1109
2335	1071 3874 745 644
2336	4070 397 2792 1442
2337	655 1473 4454 298
2338	4128 4648 3087 3574
2339	3072 3612 3300 2332
2340	2330 2067 1893 3447
2341	1606 2665 4763 4437
2342	1075 4174 4581 3816
2343	4341 2666 2777 1624
2344	3830 1828 1751 4080
2345	3502 3505 4074 2527
2346	557 3149 2178 3929
2347	1042 3795 10 2530
2348	1779 2397 1870 363
2349	488 4370 2888 1267
2350	1024 2060 2043 821
2351	2189 3746 1460 325
2352	1078 2932 3675 4804
2353	4617 3840 445 4135
2354	920 4695 3065 2368
2355	3056 3916 3641 3201
2356	2509 2321 1726 305
2357	4064 3040 4416 3755
2358	4574 1695 4783 661
2359	4385 1267 1185 1877
2360	4416 957 4988 1473
2361	1551 2433 3727 2932
2362	3295 2442 4409 1267
2363	296 1693 4097 3890
2364	1364 3536 2797 1882
2365	4032 3874 3200 1714
2366	4274 3446 703 3685
2367	4062 4301 1024 584
2368	493 1628 1388 3071
2369	916 2036 4965 4097
2370	1131 2616 3693 4416
2371	2164 1304 1601 1005
2372	2531 1058 3121 2359
2373	4359 521 2824 4242
2374	1205 62 500 327
2375	3271 4492 2196 3210
2376	707 354 1789 2743
2377	1426 4242 2015 3309
2378	950 2323 3776 1234
2379	81 489 612 4718
2380	2020 2790 3621 4457
2381	4134 912 3058 4272
2382	2015 3166 503 1883
2383	3156 3245 1570 99
2384	1592 789 4872 3978
2385	4689 715 4637 3341
2386	1864 347 158 4747
2387	2176 3471 1035 4932
2388	2086 2709 3132 2537
2389	4424 4504 1705 2832
2390	4038 3984 2499 1321
2391	1271 984 3703 1626
2392	1395 3271 717 2431
2393	1249 2089 1243 1616
2394	4401 3433 1477 843
2395	1341 2159 4214 3838
2396	3094 168 4782 689
2397	1631 3463 4380 509
2398	965 813 3023 1604
2399	3516 944 3913 2482
2400	356 606 43 895
2401	4391 2045 4808 1205
2402	1155 570 721 1293
2403	4179 3160 1212 2555
2404	326 2806 1212 211
2405	4862 263 4679 3627
2406	1591 732 4618 4032
2407	3204 22 4889 1288
2408	2163 3733 3548 4915
2409	4188 4068 438 2800
2410	1753 2747 4669 3041
2411	3319 3099 871 4343
2412	3222 575 1146 3983
2413	4793 4213 2269 2622
2414	4122 3042 1578 4106
2415	4761 4179 4333 3045
2416	4109 4738 3835 1544
2417	4316 3369 2105 129
2418	4631 709 4046 1267
2419	620 4724 165 1909
2420	4570 3379 4819 232
2421	1542 4418 1390 132
2422	3553 1952 2653 2414
2423	4550 891 1140 1911
2424	3442 4743 2448 3751
2425	4109 1498 1035 1336
2426	3134 3195 1915 3712
2427	3743 1323 4331 1289
2428	2139 4828 733 3201
2429	4042 1650 2259 1293
2430	4611 998 3234 3026
2431	1328 1152 2610 1814
2432	2397 4147 4497 2964
2433	3377 1117 3257 3820
2434	3427 3165 2775 3781
2435	3613 1943 4286 4812
2436	244 4601 1281 3202
2437	3427 1662 2888 3736
2438	2764 1705 4504 1924
2439	3826 3522 199 2395
2440	4427 2740 3389 2265
2441	2474 3461 3818 23
2442	1729 4521 4896 4915
2443	254 4899 3838 651
2444	3761 1928 4705 3568
2445	2908 2415 3818 4798
2446	795 3988 2072 2936
2447	2965 2738 1302 2786
2448	4124 2177 3146 2726
2449	122 967 151 1679
2450	3352 1807 3364 3721
2451	4498 2096 4168 1446
2452	2078 2682 905 2004
2453	1668 2736 3250 3438
2454	3445 780 1565 3703
2455	1197 364 4574 714
2456	3328 3311 830 390
2457	1489 2583 2109 26
2458	1071 403 1360 4389
2459	3088 1644 3108 4521
2460	496 2583 3600 3823
2461	245 4903 101 4359
2462	2620 4415 3708 4155
2463	1474 4996 1282 4447
2464	935 894 1559 1398
2465	4017 4254 1151 4462
2466	301 4708 2155 1865
2467	4641 1276 1700 1175
2468	1555 4018 1334 4583
2469	4936 3649 2457 1837
2470	669 2236 1364 14
2471	3349 4519 197 58
2472	3884 3143 3630 2759
2473	3509 2077 1202 2172
2474	3587 1810 4329 1299
2475	4007 68 542 2557
2476	3823 3974 4823 4621
2477	3689 4106 3948 756
2478	4221 3948 1057 3810
2479	3703 2916 3516 1534
2480	1849 3662 1225 1264
2481	2966 638 3657 1202
2482	1924 3141 2711 1260
2483	2493 957 3416 4626
2484	605 583 3162 2973
2485	1012 1154 522 2356
2486	1096 3209 1459 924
2487	4604 4120 1326 1212
2488	3116 3236 2230 3047
2489	1680 4023 4058 4494
2490	379 1625 2548 3227
2491	1477 1564 703 4686
2492	1110 780 1372 3193
2493	4374 2717 138 2179
2494	2776 955 1353 3143
2495	791 428 2097 3045
2496	4148 3980 3641 1288
2497	2084 2005 2923 2379
2498	540 1812 4390 4839
2499	1893 812 84 2013
2500	1551 1576 1793 3572
2501	4622 4469 2864 2728
2502	4946 2966 4574 2239
2503	4290 2959 1710 1203
2504	345 3357 2071 4561
2505	1845 3907 3239 1023
2506	2271 502 2198 4426
2507	2102 3850 2026 52
2508	3687 2444 1831 4241
2509	2891 3475 3888 3335
2510	3602 4174 4412 1070
2511	3659 1659 3527 1505
2512	502 561 1859 3329
2513	3725 2637 2116 4337
2514	2299 352 2180 4299
2515	1630 2778 2554 2709
2516	3308 1317 548 3675
2517	1525 3254 1935 4726
2518	4226 2200 4996 4691
2519	358 2370 1989 3182
2520	2442 2754 3268 2080
2521	687 1407 4097 1834
2522	2096 3982 4842 315
2523	3303 664 800 2215
2524	1163 1699 1601 2095
2525	1500 2768 602 807
2526	1518 2642 2149 3995
2527	4756 3434 2251 3476
2528	2359 3673 3287 4608
2529	3756 618 3632 4955
2530	2600 1055 2770 216
2531	1241 1378 3852 1075
2532	3826 3391 30 4251
2533	3850 1835 94 144
2534	2210 3587 1212 4368
2535	4253 4359 3355 2563
2536	340 2105 1531 4944
2537	136 2430 4213 4339
2538	3235 860 1631 3225
2539	2248 2705 1375 604
2540	2003 4332 389 4118
2541	2595 475 1877 4659
2542	3436 1873 4347 1864
2543	1049 4031 2436 1320
2544	4579 2713 3734 1423
2545	4079 498 1661 563
2546	2757 2869 1889 3425
2547	3070 284 2524 3535
2548	3788 1045 3732 3970
2549	1681 4672 3736 3029
2550	4168 3585 4805 4402
2551	2026 980 2460 4412
2552	1793 1735 342 1402
2553	3011 2394 4087 830
2554	4411 2796 3761 4396
2555	1035 4825 2641 3218
2556	347 210 940 358
2557	3413 1070 2750 1291
2558	2224 1285 673 479
2559	3270 3190 1004 1216
2560	1315 45 2708 4117
2561	1407 2200 997 4115
2562	2910 1634 2877 2634
2563	575 139 2234 1898
2564	1557 3834 4899 4480
2565	898 3090 3667 3161
2566	4338 489 591 2905
2567	1710 4969 2569 2081
2568	387 1070 4374 4193
2569	4924 772 4073 2274
2570	725 183 4175 2225
2571	3121 4470 746 572
2572	4079 549 4024 4448
2573	1994 971 200 2548
2574	1800 2873 3941 56
2575	1404 3363 1919 2414
2576	3146 1081 4965 3289
2577	2287 1188 2103 4604
2578	1194 1571 1516 3302
2579	2882 2619 2604 2935
2580	4371 513 4635 1942
2581	2258 3246 1727 787
2582	4158 3728 3013 2148
2583	1932 1622 972 2101
2584	794 4341 4166 2395
2585	2428 1868 2573 3359
2586	948 4256 517 1762
2587	1000 1377 3060 901
2588	4151 1432 4671 766
2589	4399 2132 2901 1073
2590	3490 1140 4635 31
2591	1438 2221 1710 2758
2592	466 617 3308 2266
2593	4378 4871 2424 2732
2594	4152 3022 2113 2759
2595	589 754 1310 4207
2596	789 3187 1266 4799
2597	1738 357 3672 2602
2598	1742 4421 3785 4001
2599	1784 1925 2638 316
2600	285 2552 2044 4511
2601	2416 1862 467 3784
2602	1062 461 4337 460
2603	141 3511 3402 1606
2604	154 3583 4656 2832
2605	3167 1901 2219 1919
2606	3629 4271 1669 128
2607	3349 1411 1263 440
2608	3112 412 2631 814
2609	3970 268 3953 2833
2610	3400 1440 4825 1578
2611	2827 493 2429 1134
2612	4389 2704 950 2812
2613	2117 4174 3292 3978
2614	2608 2177 777 1614
2615	1940 1935 125 4272
2616	1485 1678 4297 2812
2617	2772 2092 1811 804
2618	4047 3066 1543 169
2619	4161 4261 3507 1961
2620	2139 3386 1236 2966
2621	2028 4112 4466 400
2622	2413 1561 4408 2659
2623	350 1556 3846 2018
2624	1251 3023 220 107
2625	4765 2919 2041 1033
2626	3544 2626 4239 1198
2627	559 3526 1034 327
2628	3712 300 4539 2334
2629	818 702 2797 2447
2630	1656 3148 3165 2354
2631	2026 3406 4733 1854
2632	1386 2129 4595 3929
2633	4268 3588 768 3027
2634	923 1028 4109 381
2635	1261 882 743 2056
2636	3688 153 2132 3186
2637	1866 1434 4400 1199
2638	4001 2092 932 1090
2639	4384 3514 4395 1676
2640	2512 1889 2301 3940
2641	2894 2045 461 4680
2642	1341 4220 4200 2792
2643	1142 1345 4034 4157
2644	3461 497 685 2840
2645	3989 175 4431 2434
2646	1394 4327 2815 1989
2647	4237 676 3916 1173
2648	1602 4455 3668 687
2649	3716 2866 4802 453
2650	3041 105 3024 2736
2651	1901 4185 2087 3002
2652	1234 4651 1769 2368
2653	2929 3973 4977 3726
2654	2869 4660 2557 4850
2655	2864 881 46 1739
2656	374 2662 1836 1196
2657	3198 1961 2725 3004
2658	1120 3440 3896 2397
2659	4126 566 2273 1586
2660	1944 245 204 4705
2661	1844 1283 3360 1236
2662	1416 4104 1930 121
2663	3202 3789 4937 1708
2664	4881 1306 222 207
2665	3366 3953 4111 775
2666	621 1223 2501 1757
2667	2738 4482 4337 3378
2668	4636 3865 3757 4645
2669	3294 4119 3350 3723
2670	1414 3949 4595 386
2671	1668 3748 1913 4432
2672	3792 792 2571 4563
2673	1748 4733 4642 4040
2674	1440 1071 178 2278
2675	3317 4495 3874 238
2676	4773 4322 1685 3233
2677	248 1640 1789 1254
2678	4132 4067 1937 1873
2679	2109 2881 4773 1686
2680	2861 639 3117 3236
2681	1555 1684 2320 1912
2682	2544 85 427 1857
2683	1801 3777 588 1934
2684	3996 2025 4628 4059
2685	3576 2644 3122 1122
2686	3800 2962 3374 3479
2687	4384 3703 3129 4899
2688	3089 357 4335 500
2689	4623 4094 3138 2798
2690	3011 1703 1145 3554
2691	75 945 3834 4725
2692	4811 1975 3350 3934
2693	3557 4511 4342 3476
2694	1741 2052 3634 821
2695	68 3806 1278 1728
2696	81 176 4790 4746
2697	4607 1230 3419 817
2698	2388 3042 72 582
2699	4925 4208 2949 1539
2700	2734 2869 3823 470
2701	2890 1051 2844 4149
2702	1070 1694 4508 2798
2703	2798 86 3117 457
2704	2085 4150 4589 448
2705	2930 602 1312 677
2706	2857 225 974 71
2707	2879 1303 4865 1224
2708	3364 4818 1166 4052
2709	3701 1788 4688 2205
2710	4463 1444 3577 3180
2711	731 19 584 4731
2712	4238 3113 924 768
2713	4983 3890 4948 3506
2714	725 4203 3038 3106
2715	3427 2741 1512 4384
2716	1906 3174 4924 1703
2717	1065 171 772 4682
2718	2490 2060 2408 4713
2719	3644 2497 3134 1118
2720	1482 8 1220 3304
2721	4082 3054 4755 1140
2722	4729 4557 994 3522
2723	3121 849 4496 3299
2724	2631 978 3204 345
2725	522 3206 3416 1046
2726	13 1735 1724 3240
2727	2158 703 761 2008
2728	2696 75 1373 1489
2729	679 4121 2439 1366
2730	3655 3799 3464 2982
2731	3044 2113 4574 3427
2732	778 2515 3144 1956
2733	2104 16 859 4857
2734	3156 4075 1050 4352
2735	1590 4548 3043 1343
2736	3497 3400 1592 4128
2737	4322 1143 4113 1629
2738	774 4646 2021 4818
2739	2172 323 3409 3981
2740	4400 488 249 3114
2741	3362 1826 2160 132
2742	4332 316 324 48
2743	2938 150 1726 675
2744	248 2330 2335 588
2745	877 2831 103 3688
2746	2597 2800 3484 4139
2747	4106 3020 106 99
2748	3647 4295 4056 1450
2749	3898 875 15 4925
2750	2846 3274 993 2916
2751	3489 3870 4350 3061
2752	2748 1253 2843 4117
2753	2496 4372 3898 1735
2754	4445 2700 2931 1714
2755	4683 3741 41 4088
2756	4993 1934 2662 1478
2757	3900 752 3978 4608
2758	3560 538 4064 342
2759	4558 3392 1398 2289
2760	3120 1239 4775 830
2761	2843 1911 2770 1467
2762	332 3776 4928 4125
2763	2971 2564 3471 3251
2764	2908 3009 3585 2335
2765	4184 660 1602 2359
2766	1123 4396 2646 1229
2767	3863 3364 4489 4931
2768	3385 2042 3434 1815
2769	77 2217 2552 2617
2770	4672 4681 494 2679
2771	3140 2462 1426 1802
2772	1462 353 3488 4905
2773	237 1105 4976 4361
2774	2269 1008 1453 2740
2775	16 3078 3104 2736
2776	4231 3971 4097 905
2777	79 20 4074 2443
2778	3291 3016 2275 3607
2779	4707 3944 1395 4355
2780	3382 2768 4238 843
2781	2763 3509 187 2207
2782	3685 1305 784 4558
2783	1654 3711 2347 2850
2784	2475 2118 942 580
2785	2443 531 3763 2672
2786	1271 3043 451 2015
2787	3672 509 288 3498
2788	4038 1374 2820 989
2789	2237 1251 2182 6
2790	2937 1141 2471 3170
2791	3694 2608 4239 3368
2792	4706 457 1068 3520
2793	1717 4626 896 2399
2794	94 3886 1859 2118
2795	2019 2396 2188 3953
2796	2883 2070 2593 687
2797	4956 4633 2544 3704
2798	4971 3170 311 3665
2799	3215 2124 52 1721
2800	4637 3295 1117 2301
2801	1397 4215 4025 4451
2802	1614 720 4844 1235
2803	3105 1133 3389 813
2804	4823 1614 3404 4480
2805	3107 2271 2678 109
2806	1675 2968 2456 1557
2807	2475 510 1173 3391
2808	1630 1600 3990 4738
2809	3176 285 4048 2699
2810	1341 1449 2325 55
2811	429 2389 2212 4360
2812	4040 4815 3033 2721
2813	1319 1414 4904 3123
2814	2010 1891 3285 2121
2815	1550 2353 1005 3463
2816	2925 1680 3169 2366
2817	3945 1119 1454 2832
2818	3542 1368 594 1680
2819	2269 4630 1119 3974
2820	2742 330 2504 2560
2821	2240 4685 3967 4678
2822	206 4177 2247 4756
2823	3109 1069 405 3503
2824	2057 3732 2122 4573
2825	3053 3186 216 4086
2826	655 3324 1328 1924
2827	4712 1067 3600 3612
2828	2369 2584 2730 839
2829	3603 754 1453 2886
2830	4526 776 2174 4862
2831	1811 940 4157 1274
2832	960 2756 1324 872
2833	2316 2213 852 4434
2834	4528 852 4331 3395
2835	552 2413 3349 1376
2836	4732 2303 12 1373
2837	4302 1427 610 4887
2838	4094 2425 4574 738
2839	835 1210 975 780
2840	3271 4322 356 3824
2841	1280 1930 144 1726
2842	1966 1807 3492 837
2843	1573 2938 3229 665
2844	594 3153 2883 4130
2845	1970 2674 4089 1916
2846	1292 4465 4383 3002
2847	3039 4725 4548 145
2848	1316 2717 2619 96
2849	242 2990 17 3292
2850	2097 4984 3472 247
2851	1707 2323 1516 402
2852	3196 1997 2804 3803
2853	4564 2068 2090 4061
2854	2219 885 1704 4024
2855	4246 3626 3117 4818
2856	4295 3935 136 2172
2857	3519 4567 3076 1501
2858	3056 2226 4610 4260
2859	3576 818 2935 1849
2860	4218 265 1201 279
2861	3449 163 3418 2247
2862	2726 113 3011 4890
2863	1159 4598 86 3621
2864	153 1050 950 3207
2865	478 1130 2309 2771
2866	486 3517 3551 1302
2867	907 200 1974 4501
2868	4692 3941 356 3501
2869	491 3288 1950 4908
2870	2505 46 4327 2371
2871	1407 1159 3169 116
2872	3648 4438 1632 2519
2873	1813 1887 2443 2550
2874	348 2566 2102 1012
2875	4330 3028 988 3564
2876	3344 4653 641 225
2877	1652 274 1009 1880
2878	4752 4811 3875 3423
2879	3220 509 4577 1814
2880	3102 4369 2369 4236
2881	3580 414 465 3736
2882	3561 380 1800 3441
2883	3052 2703 586 1514
2884	4887 4387 1601 167
2885	4584 602 3158 2996
2886	3898 770 1702 4702
2887	2227 2427 4729 4714
2888	3353 3460 2166 1577
2889	1484 1951 2801 1070
2890	4944 4324 1716 4508
2891	4913 1828 4807 1235
2892	748 1307 4389 4058
2893	2736 1478 2890 3887
2894	3898 4263 3775 4599
2895	2892 2718 2012 668
2896	2395 1494 1633 4287
2897	2924 881 1657 3973
2898	3984 169 1973 238
2899	2321 1369 3573 3247
2900	4745 4195 3040 1074
2901	3459 1334 4741 1491
2902	4594 3588 3047 296
2903	2073 3708 1063 86
2904	4201 99 880 1710
2905	4284 879 3020 353
2906	4917 4629 485 2260
2907	1560 3116 4934 4507
2908	1197 2996 2101 3178
2909	2613 2256 4303 1770
2910	3645 2718 6 2335
2911	2208 4300 2096 2467
2912	253 4791 1 4008
2913	987 242 3813 3856
2914	3624 886 429 2079
2915	2983 2941 4600 1298
2916	2980 2985 3103 3847
2917	3188 3837 4657 2134
2918	1516 4257 179 4220
2919	1639 2066 3759 2269
2920	2252 1882 4662 4027
2921	2794 4887 723 2084
2922	3850 4604 928 1619
2923	4585 2367 250 3698
2924	2024 40 2384 3696
2925	413 953 704 1067
2926	2040 4140 1130 4520
2927	4554 4904 2030 2603
2928	3520 2749 4283 2303
2929	1867 1537 3175 3265
2930	227 2928 3462 2533
2931	1449 926 3131 4131
2932	4750 4532 2759 495
2933	886 2971 3922 2472
2934	1042 558 1409 4013
2935	3066 4735 2641 4261
2936	1600 2968 318 2718
2937	1074 3570 2974 3882
2938	628 3979 1505 1779
2939	3572 1827 4446 2500
2940	4948 1328 1533 1085
2941	3194 1874 14 2207
2942	536 4639 3991 328
2943	3916 755 4546 2584
2944	4541 3813 2137 1298
2945	58 2053 3112 4759
2946	326 4326 877 977
2947	4577 3419 4017 403
2948	1601 3407 2374 2684
2949	2547 1822 1986 4343
2950	981 350 1679 2622
2951	2308 4743 1919 4649
2952	3379 3613 2996 651
2953	1558 4443 3217 3099
2954	476 1959 3324 2019
2955	3795 3956 3743 1927
2956	4143 1590 3516 1089
2957	1908 2632 1118 4618
2958	4105 1148 1981 3774
2959	373 909 2187 4301
2960	3304 1474 3616 2558
2961	477 3477 4188 2990
2962	3409 2236 821 1467
2963	4231 2166 3341 3534
2964	2666 2879 4826 3272
2965	2132 4682 3358 3605
2966	3802 868 3960 2587
2967	2754 2800 2601 2503
2968	1023 871 855 1206
2969	3212 3723 4463 1857
2970	2248 4334 3091 1201
2971	3907 1117 865 516
2972	563 4917 1209 1871
2973	3609 2750 3619 2083
2974	2584 1346 4556 3529
2975	1837 4758 2839 536
2976	816 592 3970 4555
2977	4735 3316 472 376
2978	2334 675 859 2858
2979	3085 2885 518 2542
2980	2113 4054 4863 4079
2981	1905 1267 486 1117
2982	1112 4282 1886 1473
2983	90 420 1148 3512
2984	1775 557 992 1371
2985	925 3367 3729 3347
2986	1971 1848 2316 3518
2987	4867 1523 250 779
2988	2510 4531 3883 2418
2989	4916 3505 3838 4345
2990	3281 4841 3004 3975
2991	2049 784 1515 1731
2992	3743 4988 2687 1379
2993	3662 2549 2103 4018
2994	4991 4515 311 180
2995	1678 1831 1633 4106
2996	2835 1276 4711 4922
2997	4019 2190 2876 4972
2998	4382 4491 3652 3557
2999	3422 4306 4381 2369
3000	4442 454 1616 1082
