Students	3000
1	4464 2041 3466 1280
2	4542 3678 4961 5516
3	3194 5182 760 684
4	5118 5613 4013 1478
5	2834 2121 5294 612
6	2956 1954 5251 2095
7	968 4388 2592 5833
8	269 746 5270 4851
9	1929 3310 4312 3237
10	3265 2738 5851 320
11	724 1476 5783 5334
12	1585 3017 4377 2679
13	4655 4858 842 1584
14	3476 5641 2386 259
15	5844 3728 2117 2053
16	2845 1824 5946 1497
17	2546 4198 5600 3888
18	1429 1371 329 1886
19	4113 4336 4805 3037
20	3560 3687 2958 2638
21	1548 3359 3868 1445
22	4515 4663 4831 1861
23	4926 5432 4757 1829
24	4027 3256 5468 50
25	2411 4998 1228 3790
26	420 461 2015 3665
27	1314 4463 5326 4752
28	3812 5713 5399 1444
29	5470 1377 1067 2781
30	1064 3540 1346 5921
31	5291 4961 4505 1914
32	2549 4524 1747 5396
33	3075 3074 5570 4082
34	3371 1233 132 1298
35	572 273 5019 1166
36	3475 5946 2041 511
37	2464 5739 1406 2035
38	24 454 2775 1840
39	157 297 2284 4764
40	3567 1236 1385 262
41	3332 4705 824 3417
42	858 5696 823 106
43	1832 4787 3689 1973
44	3716 4978 1935 2646
45	5877 744 363 3079
46	3019 2179 1440 4977
47	2087 2275 2164 4352
48	1804 3471 5126 5238
49	606 1792 2892 1939
50	5571 1827 1363 4505
51	2487 3160 2494 1966
52	5107 599 500 3790
53	654 2929 4190 3352
54	3663 1266 2930 3658
55	4024 3041 2343 2276
56	3903 2111 467 5983
57	4912 433 2775 3316
58	935 2498 2277 4350
59	4456 1812 5443 2923
60	5705 2754 3828 3438
61	3722 1204 3197 3539
62	2292 2464 1284 603
63	3171 1617 1914 3183
64	2991 168 411 2618
65	2413 2366 2499 5829
66	4699 3141 347 3214
67	1602 4181 2173 4305
68	853 993 4638 738
69	3463 1353 5064 1820
70	5155 5384 2582 1800
71	696 5594 2396 4492
72	4453 4103 5373 4285
73	3550 2280 4558 3518
74	4479 5163 1525 1587
75	4488 97 989 1760
76	5681 1407 2882 3281
77	3267 3906 5171 5659
78	5068 406 3927 3796
79	4280 5926 1039 1419
80	3922 2138 5234 1899
81	4775 3992 5884 377
82	2271 96 2736 4017
83	3463 1766 1187 2422
84	1327 4064 1995 3552
85	4174 2368 4955 4160
86	527 4828 2826 419
87	498 5864 2909 4313
88	4476 4557 536 69
89	4853 4490 5344 4608
90	2916 1492 5592 5171
91	5086 3377 3643 30
92	5861 1931 1795 4076
93	1603 4828 3291 5967
94	2278 4258 3972 5939
95	2040 4982 740 5294
96	4043 5004 3837 3206
97	762 2846 3749 5932
98	3531 1562 4992 5830
99	892 5324 2684 2835
100	2928 4290 3032 4239
101	5166 3926 5892 1728
102	359 245 2424 1645
103	4760 1343 3561 5191
104	4023 3769 207 809
105	2176 995 5401 4943
106	4901 5553 3628 1812
107	3484 4046 4220 3324
108	1096 3649 2585 5783
109	565 193 1741 4109
110	2594 5156 185 862
111	1571 2766 3098 1796
112	119 67 1872 2927
113	1526 5377 150 1534
114	5829 2873 1385 2825
115	2966 4480 1165 744
116	4913 3140 306 3990
117	581 3752 5533 361
118	3548 5292 5176 1396
119	2167 2218 951 2408
120	374 4311 2014 2806
121	4661 2458 986 5363
122	1451 3949 4643 254
123	2716 4139 5117 1430
124	2687 5414 2516 3542
125	2141 5393 1156 447
126	947 3252 3615 2401
127	1587 4319 3535 3695
128	1430 1378 4706 1711
129	5083 1101 2145 5380
130	506 1839 4477 869
131	5487 5801 5321 5938
132	3960 2025 1145 2055
133	2482 4008 5181 3716
134	2556 4530 4784 4689
135	2609 3972 5809 1855
136	3983 5860 2011 2931
137	773 822 4744 3412
138	4574 5576 4750 3470
139	846 1817 1900 3985
140	3706 2309 3527 4302
141	5385 3403 1388 1144
142	2521 5362 5207 3458
143	4991 4099 2767 76
144	4466 2318 3219 1962
145	2603 2899 4939 793
146	270 4260 1115 5457
147	4957 5034 2363 4194
148	2237 2752 1832 4109
149	2516 5465 1307 4114
150	2170 2810 1216 454
151	531 3500 1705 4313
152	1924 1519 5235 5873
153	1334 1355 1603 1058
154	3402 2891 3904 337
155	5686 3343 2384 5635
156	5814 1852 5161 2937
157	4830 2707 5784 762
158	271 93 4919 2564
159	979 5835 2267 4361
160	5119 5672 3115 844
161	4197 4809 2531 1685
162	2083 941 5923 5149
163	2055 2834 1856 4186
164	4977 3473 5277 2133
165	1079 3173 2574 4878
166	3758 4159 570 3837
167	5778 4709 1256 3233
168	831 5648 1753 2892
169	64 2191 2169 1900
170	5818 673 142 830
171	3024 573 5219 684
172	5578 5691 4991 1875
173	2397 713 2952 2350
174	1916 494 333 1936
175	2639 1889 1224 1846
176	377 1203 1715 2773
177	203 1323 5861 5526
178	5536 201 2286 4504
179	611 3999 3057 1889
180	1535 2134 4197 3782
181	1974 1629 354 2180
182	3024 4177 4445 4018
183	3954 1629 1836 2010
184	5343 5186 4219 62
185	1617 5376 1627 3894
186	3593 4289 3324 704
187	4349 3932 3974 5251
188	287 4811 548 2218
189	2813 2679 4036 3037
190	4458 4184 777 1042
191	2048 2113 1002 724
192	3517 4736 2267 3417
193	1975 2181 2456 1810
194	2733 1894 4849 4519
195	2078 202 5744 480
196	1967 1433 1793 3261
197	2576 1453 756 4379
198	1262 1917 798 3515
199	2261 5019 2788 2770
200	4046 2481 2925 20
201	3119 5417 132 5568
202	5010 3455 2373 1678
203	74 4897 4723 2924
204	1278 231 4750 2365
205	4517 124 3486 5122
206	175 2997 933 3657
207	4873 4201 5096 619
208	796 2723 5747 5196
209	169 665 1576 25
210	5671 2917 3500 2559
211	1510 2222 4553 1746
212	3092 3263 3932 1694
213	3493 5549 4140 4865
214	117 1278 4318 5002
215	4857 4478 126 2641
216	4921 5614 355 3215
217	1202 3323 711 1733
218	3000 5503 16 3126
219	4262 5983 3124 5913
220	747 1209 2826 4137
221	4075 4756 1330 4669
222	2139 119 3958 2428
223	473 1553 2595 4614
224	5650 329 4160 4276
225	2528 3396 2861 5116
226	3121 4226 4863 5798
227	3036 1680 2813 4985
228	4064 4669 816 5003
229	1728 2782 4143 4397
230	3835 1892 2283 5613
231	1699 4045 751 3541
232	279 2226 5237 4658
233	543 4148 2656 4708
234	4769 4142 1023 1254
235	4849 4224 5006 3707
236	71 940 750 2397
237	2093 5890 2944 5597
238	5212 4727 4096 929
239	5495 4631 1138 2777
240	381 5004 5344 3071
241	1174 1626 2479 450
242	3010 1348 3289 4152
243	832 267 3877 1413
244	5437 1296 4168 5275
245	3341 1145 200 4951
246	5022 3514 3931 4755
247	900 5315 2156 5450
248	5214 844 4094 4166
249	5904 4043 2420 1030
250	2933 3721 1947 1795
251	5372 152 454 3225
252	3624 1757 3164 177
253	4626 1364 2327 5272
254	2557 4127 795 1228
255	975 3811 1375 5195
256	5355 5557 5272 240
257	1390 4038 769 4290
258	4298 397 1345 4714
259	3597 4478 3955 66
260	3736 4343 1907 5640
261	1612 2428 5564 5057
262	1900 5910 1322 1419
263	2571 4041 3638 1192
264	1537 1706 300 112
265	3663 2794 2017 5677
266	2145 2996 367 4187
267	2187 2283 5392 4472
268	2097 5835 4805 1296
269	2094 5964 2868 5597
270	3643 3391 2319 4942
271	2939 5749 2925 4502
272	5694 737 3855 182
273	3912 5034 5391 1756
274	365 5586 1804 1689
275	530 3846 4455 1208
276	5524 5012 4323 4641
277	4702 2392 2831 2641
278	5062 4246 3707 4990
279	4175 242 1002 2717
280	3226 5090 630 2673
281	4857 5871 912 3777
282	5229 4391 5623 5265
283	5203 3101 2665 1694
284	5319 1391 1438 4489
285	3691 1341 3622 1609
286	5751 501 868 3802
287	2499 5232 5834 5906
288	5467 5307 4247 40
289	710 2536 5970 4292
290	1885 2241 1136 1835
291	802 4675 1807 1231
292	971 457 1758 107
293	4817 4432 2955 5369
294	3726 3977 1388 5558
295	1375 3812 776 2875
296	3368 3136 3316 579
297	5715 3970 1427 1833
298	808 763 3063 4439
299	97 4536 4627 4031
300	4568 4384 2277 5025
301	1298 1430 5077 1563
302	2979 4982 3191 1709
303	3459 537 1537 4721
304	5389 3618 1644 2193
305	2281 5278 4245 2637
306	1214 1316 2499 3391
307	2530 5266 2808 5060
308	4921 3243 1784 529
309	2866 4756 3777 488
310	5497 1234 3087 5728
311	2387 5627 5915 4699
312	601 3176 5594 1359
313	3698 2060 3630 2434
314	437 5665 3776 4386
315	2045 2947 3220 3672
316	2397 5716 1919 3832
317	896 5376 4429 532
318	2748 4043 2699 2299
319	1405 4290 1313 1393
320	6 688 3588 4257
321	434 5601 3711 5286
322	4264 1404 226 517
323	5254 2659 5445 4061
324	3464 4287 1879 1929
325	4630 3047 4042 4168
326	5616 715 2810 5930
327	1824 4152 3014 4185
328	3058 4559 764 1091
329	3032 1929 1731 4476
330	5232 1110 5839 1234
331	2944 5608 5564 5508
332	1948 3936 1768 122
333	1478 5944 4351 3494
334	1808 2216 1085 4000
335	315 1821 248 36
336	398 2778 3773 2583
337	4576 1748 770 461
338	3888 252 1821 1228
339	5911 858 5236 3440
340	4000 3318 5603 2236
341	416 2636 919 4340
342	5718 5070 2213 3232
343	4048 3549 5014 4567
344	3808 976 736 3649
345	3753 4226 5986 4874
346	4005 833 5052 245
347	4139 689 5035 4289
348	3772 3439 2962 3508
349	5458 5448 5267 1922
350	5746 2496 1433 2596
351	652 1025 2691 2451
352	4364 5466 5341 3255
353	1499 3660 1378 3578
354	2762 1776 3442 4831
355	2308 2566 3064 3154
356	2809 4822 4282 5158
357	225 173 1029 1047
358	4090 5795 4466 3647
359	23 1281 5412 2101
360	5806 2287 89 5451
361	4233 6 84 1783
362	2887 1058 1182 3004
363	2643 734 1852 5275
364	4146 2166 805 5636
365	589 3166 5123 5882
366	1987 974 2840 1284
367	965 5715 1215 3667
368	4120 1227 3692 4587
369	670 4270 3187 4210
370	1760 574 2898 4859
371	4097 2418 2508 4307
372	2120 3497 2178 1555
373	4412 795 2958 274
374	5425 5616 3620 5946
375	5661 1227 5969 3341
376	328 3849 1617 5707
377	5227 5778 2053 5314
378	2469 4759 5701 2101
379	2867 3651 1162 4394
380	893 4808 4690 1300
381	3369 2262 654 5620
382	306 984 2527 4235
383	989 2482 5073 960
384	1492 504 781 5123
385	3015 298 3193 4558
386	1841 3938 2135 5507
387	3252 5713 2676 5060
388	4680 1201 1172 313
389	5849 4796 5287 3299
390	2078 381 5469 4968
391	5669 4282 3923 1919
392	922 5338 1389 168
393	3406 4047 646 1748
394	423 5425 3026 1320
395	5841 3189 622 5892
396	699 1506 5530 5069
397	1957 205 2162 655
398	2827 4735 5456 5659
399	245 3054 4161 4388
400	607 289 2925 1133
401	1207 2547 886 5414
402	1427 1368 5226 3569
403	41 646 4543 4035
404	3820 1407 4941 715
405	5585 1800 4107 3531
406	4822 4445 1921 2431
407	906 466 4692 4828
408	844 1079 5294 374
409	4394 5361 1249 3256
410	1639 2324 3260 1322
411	5939 921 3483 5491
412	3934 2050 4685 3409
413	2585 4688 1785 370
414	5535 452 5441 4360
415	4140 4148 474 820
416	2089 2196 2103 3611
417	5454 5694 2891 5632
418	1284 1588 5866 1870
419	501 4039 785 5218
420	5025 5150 633 2317
421	11 2427 4042 2853
422	3105 5563 855 1242
423	3226 4536 88 194
424	4009 1871 5101 399
425	1303 3855 1266 3114
426	5856 5262 435 4833
427	1105 1729 3175 5042
428	2965 5585 2386 4307
429	5467 3051 3266 2107
430	1278 5015 3772 1798
431	1564 2833 5068 3463
432	4752 2040 759 2777
433	4786 1592 5121 3091
434	4905 5059 355 206
435	3414 578 3108 363
436	1002 2483 2049 4317
437	5519 5464 775 5461
438	4802 5276 3494 1306
439	1832 3087 2022 4562
440	3427 4311 4006 5104
441	2775 294 3025 4423
442	2789 4856 4245 5326
443	4578 4784 5392 4677
444	5980 1807 5671 4394
445	214 5197 5228 755
446	2277 97 5321 1654
447	3992 1385 513 893
448	2791 4909 2106 68
449	1841 57 416 3163
450	2385 1990 2095 5776
451	781 3541 5086 895
452	2249 1423 4317 431
453	668 2536 1061 1210
454	5477 798 1267 2839
455	3122 5165 5717 3673
456	3151 3624 1690 5881
457	2518 2621 4170 2319
458	4762 4289 1295 1210
459	4114 2029 3672 2468
460	2303 3668 1803 5566
461	4748 4014 3943 5844
462	4125 1803 4163 4883
463	2085 1646 859 3585
464	2477 5745 1929 5644
465	1153 3169 5696 4682
466	3810 1853 3576 3119
467	3795 3031 495 5319
468	3121 4406 70 5268
469	1841 2275 2257 4452
470	1132 4410 4172 5180
471	41 4371 2415 2740
472	5721 1988 4866 5904
473	4338 4000 1556 3698
474	2840 4576 1835 5514
475	712 2161 4486 1578
476	1215 3575 5207 3108
477	3706 3297 3606 134
478	5299 5810 689 279
479	1786 876 5092 1939
480	4353 1416 5885 1379
481	4937 5064 603 5407
482	2133 4401 5869 3550
483	4317 5712 3146 4120
484	3402 4234 3127 4198
485	2412 1991 3338 4381
486	2471 4344 4647 1095
487	2931 2468 5583 235
488	1103 356 3337 4873
489	684 4364 2649 426
490	2458 3331 4002 3073
491	841 2117 5817 914
492	270 3092 3889 5319
493	2362 5162 4103 1712
494	4164 4 2221 4538
495	1920 1119 91 3813
496	4921 4296 309 1363
497	4381 5230 5650 2992
498	3552 2173 1614 96
499	3853 4035 2216 4169
500	1370 5534 1668 727
501	3406 2840 5422 873
502	2647 5173 2929 2594
503	5878 4490 629 5160
504	5137 3789 1545 3269
505	676 3454 2421 4060
506	553 1027 1562 5212
507	4158 2049 1249 5288
508	3111 2141 3372 633
509	4034 4974 2287 1579
510	3479 2616 1130 1812
511	3297 2055 1091 1550
512	5842 3337 2514 5901
513	2428 5300 5867 3451
514	5400 2517 1510 1928
515	2023 979 3090 627
516	368 5699 2911 5372
517	3661 2497 1786 5827
518	523 3700 3923 2240
519	2563 3352 4103 1830
520	3476 4277 3625 2093
521	5653 1370 3746 4063
522	194 2762 5146 3934
523	4742 3816 3547 1061
524	2797 1703 115 4243
525	994 5759 745 4744
526	4401 5867 2445 4776
527	1310 1355 3638 509
528	625 4650 4596 5006
529	2065 1350 1947 1126
530	5516 3095 2308 4300
531	4540 273 3686 4349
532	4870 1347 1294 2033
533	3489 1322 5396 4009
534	1428 2346 3566 1958
535	3614 1952 4412 155
536	5034 1068 5960 4121
537	4198 613 3298 5522
538	2712 3519 4996 5603
539	5810 4956 3743 5307
540	2612 2019 4451 4222
541	2886 4129 72 815
542	1993 5104 4978 3182
543	4030 2546 3051 1093
544	4823 1575 2735 1403
545	2112 1692 2893 2152
546	1133 4904 4298 1985
547	2684 4140 2295 4788
548	53 2270 2146 5865
549	3841 4033 5920 5393
550	1411 41 692 1345
551	1451 780 28 3414
552	925 4492 3228 4651
553	4687 3628 2945 2362
554	1336 4934 1200 134
555	5947 178 3720 2461
556	2389 2293 5004 5151
557	634 1700 4642 2090
558	230 5434 1928 3926
559	3815 363 3379 278
560	3723 264 3999 5023
561	506 4169 2163 1425
562	1253 2786 303 4207
563	2276 517 913 401
564	4858 4883 4871 2650
565	968 4874 256 3001
566	2999 2609 4400 5486
567	2640 5030 3192 1537
568	2909 5289 1962 1747
569	3317 5854 4648 68
570	315 3559 5435 3672
571	4827 2338 2294 2477
572	4324 1891 624 1234
573	3854 13 5881 5153
574	4502 5870 1006 606
575	4401 3606 3863 644
576	3544 4752 4647 5003
577	5090 4950 3319 3069
578	4535 1442 2165 3082
579	150 5800 4073 551
580	569 3176 5623 3676
581	580 4287 548 4248
582	2449 4660 914 4255
583	1739 3200 3132 1885
584	5336 5435 5597 1992
585	1648 2265 856 3896
586	5558 4623 2208 783
587	4442 4924 801 4479
588	2301 3042 3815 4931
589	1768 2951 3033 1960
590	3626 2966 4044 4580
591	1506 5502 4891 2902
592	126 3535 5929 3183
593	3898 2825 5172 404
594	2668 2945 2738 3546
595	4135 1067 1184 4914
596	4872 1169 1484 101
597	3514 3079 1712 3781
598	2509 2975 5953 1135
599	4649 1207 2762 1529
600	2586 2466 1025 3734
601	1637 1417 2404 2593
602	4758 1298 1592 2136
603	5822 38 4179 3920
604	2703 3041 3656 5072
605	3616 2665 1439 4433
606	1342 1956 114 5531
607	927 3555 3457 5926
608	3127 5649 1391 1104
609	2947 5001 429 5409
610	3257 1756 5377 798
611	519 1813 4359 2381
612	3427 2859 2141 2834
613	4890 4096 4454 5822
614	2669 5399 4594 1523
615	5465 3987 2899 3026
616	2017 5307 648 5833
617	2178 4990 1906 1613
618	3026 3460 3472 1691
619	1261 3879 5552 1230
620	4735 5949 2236 4484
621	2567 2987 305 4555
622	1330 5390 2138 5524
623	2144 2914 2127 2279
624	1713 240 1680 509
625	5517 4394 5837 1693
626	204 5235 930 1232
627	1035 3186 3754 1463
628	2938 3669 1065 5904
629	778 3388 3796 10
630	2920 5227 638 2544
631	826 4609 5967 1704
632	2402 3597 1930 5910
633	3139 836 4655 3836
634	24 1957 5281 1385
635	4045 5724 2315 5976
636	240 5795 4577 5118
637	1130 2354 5970 1958
638	5708 3280 1011 568
639	1415 3218 1487 5246
640	3753 1644 842 5334
641	4946 428 3834 957
642	5585 1657 226 2871
643	1325 4714 2399 2194
644	1718 1408 2188 5334
645	2357 883 3093 4742
646	3011 5094 1474 2357
647	5758 4879 3209 4437
648	3880 4515 2451 96
649	4895 5523 1020 3779
650	4590 370 5241 1313
651	1672 2412 1717 513
652	5020 1275 4067 662
653	2070 2226 4684 3014
654	3040 731 5210 5677
655	2377 4965 112 5361
656	4514 5965 4126 1216
657	2909 3326 5692 4968
658	5035 1724 2066 1306
659	925 541 4533 5539
660	3762 2713 81 1513
661	3579 556 5554 4016
662	3198 360 4445 4969
663	5035 1446 5394 1926
664	1393 5106 4456 2278
665	3371 379 339 1321
666	2873 275 1105 3420
667	578 4326 3945 1140
668	1651 5955 5380 675
669	815 5009 2875 3430
670	5843 5083 3911 3431
671	4146 5361 2018 436
672	4851 3146 3289 2481
673	5211 3908 2166 5018
674	4626 3580 4714 3131
675	729 1159 5437 295
676	4308 1004 3632 3072
677	4329 95 1268 5771
678	509 5 2715 2546
679	2016 3413 3027 2476
680	3632 2108 2914 4850
681	4574 1040 318 4913
682	5964 12 2395 4682
683	363 873 4708 753
684	3804 5975 910 2203
685	3375 1470 2922 2340
686	5592 2550 3604 2032
687	2918 1681 1627 3091
688	903 2551 1397 4649
689	1073 4885 5636 895
690	1248 1322 885 4875
691	1972 2638 771 5495
692	912 3937 1223 2254
693	5089 79 3724 5732
694	4494 1012 4630 1221
695	3007 3444 57 1280
696	5483 3277 5064 956
697	4633 2489 5926 296
698	3026 941 2144 3791
699	5513 5471 5324 3000
700	2063 3243 2698 4903
701	3745 1663 4427 5894
702	1227 2357 211 4872
703	1067 2128 218 1785
704	5285 36 3129 4430
705	3917 5651 3760 3351
706	2494 1019 4241 3441
707	700 5363 3404 316
708	16 2351 5409 5788
709	3100 2639 3830 746
710	482 259 590 408
711	3099 4367 1087 5194
712	3964 4215 3474 2246
713	1337 3607 1793 4721
714	5923 3214 4136 3345
715	2630 27 299 3936
716	1242 142 3856 3670
717	4825 1341 986 2349
718	5156 4383 697 5588
719	5742 2185 5895 1342
720	3782 528 578 3221
721	3656 583 4614 2064
722	35 2219 5372 2043
723	1748 4261 1750 5478
724	1011 723 3093 1263
725	2024 5634 3435 3631
726	4339 1907 3405 3606
727	3527 5288 85 5018
728	3674 2694 4589 4114
729	1169 3214 4107 2663
730	5353 3031 3645 1531
731	5149 924 2413 5174
732	5203 3730 1499 754
733	4830 3886 2457 4666
734	2763 4292 4187 2623
735	4972 4480 5040 4981
736	3541 102 2553 105
737	4477 2832 5345 1110
738	4504 4967 1294 5635
739	4211 4537 3602 4154
740	5812 1116 3207 2998
741	5103 4319 2353 5513
742	4718 2287 169 719
743	513 1193 587 3275
744	5734 2482 4785 455
745	3844 3618 7 3040
746	481 3411 5675 3308
747	3568 497 3305 4545
748	3178 1439 3171 1389
749	3199 1719 4740 4598
750	3415 179 2583 3290
751	5264 4136 1273 3850
752	4767 5554 5387 4349
753	4134 3621 4311 1926
754	3876 319 2438 5855
755	420 2907 3468 2369
756	5920 633 1889 3420
757	3828 514 4883 5668
758	2824 290 1620 5859
759	5621 2058 1413 1490
760	4230 674 3922 5909
761	347 3653 2482 1926
762	63 2449 2703 3096
763	1172 24 1557 247
764	5583 4280 4771 4913
765	2009 1226 3039 282
766	2965 705 677 5329
767	4699 5633 1913 4047
768	3915 1479 1232 1401
769	4729 5036 2731 5780
770	1350 4352 5136 3453
771	418 327 5398 908
772	996 2367 3158 3934
773	4094 1277 3830 867
774	5662 3257 3007 658
775	1602 5456 1869 971
776	2157 511 2400 1609
777	2471 5231 4769 771
778	1085 1917 4963 3255
779	2199 2277 2502 3339
780	1540 5985 3388 2891
781	1177 640 1329 1759
782	4737 1766 3969 3535
783	5163 5934 1157 4381
784	2848 5869 4392 1002
785	324 1833 5734 730
786	3682 1615 2231 3933
787	4227 5328 4719 926
788	3850 5096 5293 5866
789	1069 2028 214 2796
790	4364 455 5083 1745
791	664 2463 5085 4863
792	1712 5704 2428 1853
793	3385 2247 2119 4889
794	362 5955 2304 1847
795	5121 182 4710 690
796	986 3208 5731 5435
797	2645 1179 5423 144
798	484 768 488 4306
799	4492 5428 4276 4700
800	1083 4005 5127 121
801	3688 1496 4114 5303
802	4475 3487 4478 3854
803	2246 4904 3817 5390
804	5008 5522 5480 2339
805	1428 5359 5489 4604
806	3516 2830 5738 2730
807	4272 1109 5041 2992
808	4296 465 5731 2510
809	1810 3833 819 4803
810	196 1150 1034 3938
811	3776 185 4102 1520
812	4565 1979 3330 1107
813	2424 2415 403 1469
814	2140 2840 275 1422
815	2309 559 1545 236
816	1634 4080 4590 963
817	3580 400 1476 222
818	4960 738 1905 3202
819	3461 2824 3688 2932
820	5611 3172 5071 4604
821	2138 5277 4992 4037
822	5729 3106 5686 4971
823	1288 2838 3167 4927
824	1911 4007 1619 878
825	5913 2881 750 5275
826	5637 1264 2269 1202
827	5016 3476 5896 3172
828	3606 901 3169 4661
829	5955 3502 3862 4597
830	4020 1487 389 2269
831	5092 4026 5174 4375
832	3053 4567 2937 4906
833	1497 3672 5071 2389
834	5447 220 4078 3611
835	3120 5669 3195 1525
836	4221 376 2114 1804
837	5897 4828 4883 5868
838	3026 5226 3748 4473
839	1746 1006 1690 4732
840	660 1402 2680 3346
841	5356 3577 3028 504
842	4629 2734 4512 1224
843	2043 1106 4951 3769
844	5520 1074 2453 3049
845	5738 1759 2237 3905
846	2198 183 2619 1804
847	3461 5021 1976 5223
848	1573 3776 2998 4113
849	4276 2030 2815 3830
850	1835 5637 2360 1297
851	2876 4233 3981 644
852	4648 1236 501 802
853	490 4171 2021 3457
854	5820 4471 5321 4175
855	2815 2005 5014 5599
856	3424 4025 3234 3299
857	100 835 1734 2567
858	1280 1408 1340 221
859	4393 5077 4919 5027
860	2002 5021 729 1832
861	3258 2942 5399 2795
862	5649 5484 4046 662
863	4035 687 1393 1792
864	3183 5157 3273 1321
865	5889 434 4753 582
866	4628 5041 1340 2535
867	2519 5365 3373 828
868	5898 5302 1839 1339
869	2458 5603 312 4997
870	3803 5327 4687 2805
871	406 3468 5502 2787
872	1694 1601 84 1649
873	3952 3696 5120 5054
874	2621 4788 4590 5269
875	3418 2915 2903 4579
876	4731 5115 1510 1098
877	2403 3016 746 4695
878	883 3643 1105 750
879	2793 5076 1027 5700
880	1205 101 4429 1128
881	738 229 2028 5071
882	5452 1818 3770 4631
883	5205 5295 788 2755
884	5625 2753 4827 2699
885	264 2075 4547 1279
886	341 4842 4821 3225
887	2279 3984 752 4070
888	4891 5762 2762 4876
889	1605 219 4334 2197
890	874 3767 3041 4025
891	5265 3764 5609 1789
892	4575 3510 3396 2867
893	4383 1426 4796 5569
894	2088 4724 1140 2350
895	1926 5613 1669 2361
896	3367 244 5300 2779
897	4447 790 5344 5992
898	5062 5182 3006 2403
899	194 476 5633 1807
900	5083 1073 126 5870
901	969 3218 3741 941
902	352 1502 2705 4285
903	648 2301 381 3675
904	5195 5101 3279 563
905	3192 1885 3633 3500
906	5209 5874 604 1958
907	5362 1966 5001 5072
908	4286 3563 4701 2009
909	4151 3869 2276 5921
910	766 4222 5473 2715
911	4200 5048 5828 3678
912	383 5271 385 455
913	4164 2675 939 1691
914	863 4160 934 2149
915	1080 5908 4717 2138
916	3576 5226 2731 5204
917	399 2862 3981 1229
918	5706 5587 135 168
919	292 4037 4298 5731
920	3873 5719 1371 433
921	4321 5487 4098 1871
922	3015 4009 2004 1065
923	401 2143 3453 4714
924	4707 2768 3573 2652
925	321 2564 716 299
926	871 171 5955 2171
927	2810 4922 5761 239
928	2027 2217 2845 3057
929	347 263 4045 5047
930	5918 3086 3414 1122
931	1522 2983 3147 2243
932	408 5340 1847 5583
933	2814 2060 2766 2247
934	104 3042 4037 5244
935	163 5893 489 1208
936	3101 1283 1247 889
937	1626 4531 856 3255
938	658 688 5968 4101
939	1817 3786 4409 1188
940	4469 5178 5617 94
941	593 25 2542 4306
942	1453 5768 1033 5720
943	2739 2518 3001 5009
944	2712 2267 3000 1497
945	2067 5909 5861 1851
946	3463 4591 5213 4511
947	4477 2810 737 28
948	4338 1879 2262 5077
949	80 3606 843 4720
950	1475 4840 4271 2416
951	488 5353 293 362
952	5295 4578 3841 5047
953	3811 2129 5793 3760
954	5749 3780 5910 2303
955	2774 5333 4530 4973
956	1195 5338 3020 221
957	4667 4333 2663 5100
958	4789 3478 1311 2130
959	1613 1328 5388 2521
960	2560 1067 331 3481
961	5797 3583 14 688
962	4922 93 436 1908
963	4935 3054 5912 5376
964	2528 2324 1216 3112
965	337 2058 3558 3243
966	1858 1847 945 974
967	5383 5905 3182 679
968	1932 2557 553 4277
969	2194 1397 5772 4292
970	4905 5749 4114 614
971	643 3759 5355 1872
972	198 3710 3171 4411
973	665 1906 5568 3405
974	2028 2660 606 4546
975	2063 5009 1597 1574
976	5986 518 974 3800
977	5709 22 4531 315
978	1422 3786 469 5286
979	4147 269 3111 215
980	2995 1348 2781 4124
981	4170 5262 5691 5042
982	4794 5189 3226 5938
983	2957 5737 5040 4318
984	5879 2896 4504 3236
985	2751 3353 347 2682
986	3013 392 3423 2408
987	2990 1655 2450 3833
988	687 5599 4789 1951
989	5052 3771 1915 3011
990	2325 2672 2510 2580
991	1576 837 3167 5423
992	3768 2084 4720 4114
993	5471 5373 1302 549
994	802 4132 5410 4475
995	1361 3730 5693 2090
996	563 4498 3726 4728
997	279 3369 1801 2228
998	4214 4116 5650 915
999	918 5958 1945 1052
1000	1222 4046 5281 4410
1001	5664 312 4987 5323
1002	3995 1081 425 1713
1003	5054 3815 64 5263
1004	1465 3584 5540 5949
1005	2056 3334 623 1787
1006	3484 5496 455 5918
1007	1860 4676 4031 1471
1008	4627 1590 5513 4242
1009	1539 3341 3049 2638
1010	131 849 1004 2134
1011	5054 2771 2337 3226
1012	4313 5366 4897 378
1013	4649 5360 4064 5550
1014	828 3365 1931 4443
1015	3683 2297 1444 716
1016	2585 2786 3183 147
1017	4362 780 1784 4294
1018	5068 505 4134 937
1019	4732 3318 3287 849
1020	2127 3445 5165 744
1021	4586 1656 2464 2181
1022	94 5845 1267 5413
1023	1695 5427 1548 469
1024	2301 3533 5446 946
1025	3954 835 1791 5151
1026	1718 1404 5083 2228
1027	3663 1614 953 1103
1028	533 276 84 5526
1029	5219 5067 1623 1657
1030	2012 2030 273 1843
1031	2986 2319 5336 1147
1032	1963 3277 2974 2195
1033	4069 1855 5676 3995
1034	4515 3906 2179 93
1035	1059 5115 5699 4878
1036	5769 3590 4101 4820
1037	2654 4220 5157 5228
1038	5166 781 2231 1692
1039	3292 993 1025 5201
1040	4120 875 264 220
1041	4633 1116 2814 1352
1042	631 1000 1496 5998
1043	3818 1706 2082 517
1044	1174 4453 2400 3291
1045	4051 2692 5418 1848
1046	5200 3924 4183 4568
1047	5982 2130 5948 5626
1048	1045 3610 3126 741
1049	5848 5122 162 1276
1050	4939 3822 489 5524
1051	192 3109 2526 51
1052	5182 5982 3603 3216
1053	3292 1203 3955 57
1054	1277 835 5649 5249
1055	2155 5738 3755 4683
1056	1089 4352 2355 1078
1057	1169 2440 132 2086
1058	3706 71 1547 3442
1059	4074 3555 3799 5154
1060	3796 3704 151 4612
1061	1006 3830 4540 2332
1062	770 5444 774 3054
1063	4859 589 1918 5827
1064	3039 1866 4571 2946
1065	4145 4048 516 3070
1066	36 4328 4480 4124
1067	4895 742 5295 1804
1068	559 4568 1369 1442
1069	5976 3249 5742 2894
1070	1204 615 4903 2046
1071	2430 5441 2540 5854
1072	5454 1274 5254 4837
1073	4125 4210 1461 155
1074	2060 5267 4933 2286
1075	146 4057 2121 4656
1076	1020 3599 4206 919
1077	2904 1994 2062 5980
1078	433 2940 4585 5068
1079	1941 3015 3470 2254
1080	2 3662 2945 984
1081	3836 2879 4509 3522
1082	4852 4772 1737 5069
1083	5514 3077 3989 4128
1084	689 5207 661 2886
1085	3544 742 2620 1572
1086	2064 4924 2013 4618
1087	3772 3761 2722 772
1088	5786 5831 3638 1911
1089	3825 2616 681 2203
1090	5109 1946 4176 4458
1091	3636 1339 4910 5191
1092	3483 2143 878 2288
1093	4203 4628 4391 3587
1094	1122 1573 885 3558
1095	297 2394 3197 2189
1096	3662 1208 342 1577
1097	2769 1037 4623 4620
1098	3550 3021 201 5034
1099	2468 4386 2699 4882
1100	1666 5098 2932 5729
1101	2613 2572 1005 3532
1102	954 2377 2700 2664
1103	1693 4193 2714 1304
1104	1554 2892 2827 2092
1105	4653 5785 5803 2097
1106	4079 167 2559 2063
1107	2272 1086 5277 1517
1108	4284 5958 2288 5110
1109	5163 638 99 4618
1110	4381 1690 4485 3
1111	1851 4092 2339 1133
1112	5749 1858 555 3033
1113	5812 3019 1766 2326
1114	672 197 1857 2924
1115	225 1226 2782 2619
1116	3085 3704 1944 1360
1117	3505 4412 4217 1333
1118	87 514 944 5154
1119	1426 5526 28 3318
1120	3201 1307 5778 337
1121	846 2430 2438 3802
1122	3020 4176 3562 4862
1123	5637 377 4485 4557
1124	4940 5958 2246 3247
1125	1520 1407 275 3475
1126	1253 4679 49 5261
1127	985 4064 2563 1748
1128	5815 4163 5829 3783
1129	4396 5786 2492 4207
1130	1905 920 1917 4095
1131	2790 1032 5509 896
1132	1746 3184 3394 4280
1133	5661 488 2571 5655
1134	1432 2417 1047 5924
1135	3283 4805 4804 385
1136	3724 4716 1584 4061
1137	1791 3991 2762 3769
1138	3321 1400 1801 3239
1139	2398 3021 355 4461
1140	832 2530 5617 695
1141	5653 5321 2359 1245
1142	669 2342 3907 5922
1143	3650 4558 5239 4307
1144	4565 5423 3107 421
1145	5560 5670 5716 567
1146	2340 3044 1506 2081
1147	4680 2195 4227 2100
1148	4851 4321 4036 5523
1149	2565 2848 970 1806
1150	2856 2823 5192 4778
1151	1505 1786 839 4961
1152	5742 1846 3475 1918
1153	4815 4284 5983 4812
1154	1719 933 5456 4681
1155	3047 389 1170 1178
1156	4163 2207 5199 1750
1157	3254 5784 3490 4959
1158	5338 3758 1361 4154
1159	5972 1330 223 4627
1160	4682 4743 5781 5235
1161	2496 760 2933 3076
1162	243 902 3846 3816
1163	1414 5649 2007 2761
1164	2712 3946 2305 5561
1165	2162 2136 5996 3730
1166	1756 3742 2504 87
1167	2627 4900 4119 5089
1168	2082 313 4315 93
1169	5487 649 2311 1491
1170	1819 1531 215 5752
1171	125 1747 5080 525
1172	2400 3851 2096 2668
1173	1500 747 3341 4347
1174	1133 3644 5499 5055
1175	4357 2348 4137 5522
1176	1152 1580 933 5250
1177	596 806 3930 902
1178	310 2045 5946 2360
1179	1492 3953 801 2372
1180	2945 5869 4441 723
1181	779 1863 2502 1508
1182	203 1569 1609 887
1183	3333 2707 2844 588
1184	5847 1931 5596 84
1185	3406 4594 2417 2989
1186	3105 3100 4703 1564
1187	1959 94 5004 5753
1188	2235 4326 3588 2824
1189	722 3725 2468 4095
1190	1982 228 3502 5502
1191	1105 5 4144 5741
1192	3091 1801 93 761
1193	2993 2612 4009 2340
1194	439 3480 3784 5125
1195	3876 1876 4099 1708
1196	176 3304 2107 1099
1197	542 180 3704 367
1198	5579 5702 4699 4483
1199	5812 2858 960 4748
1200	3998 3508 5942 1992
1201	3502 5944 2409 3496
1202	3451 1683 1420 2758
1203	1893 5490 1037 4615
1204	3028 5680 4504 5380
1205	3575 2320 2147 3599
1206	254 2607 459 2498
1207	5510 4826 5229 2413
1208	3073 1233 1477 3373
1209	3609 2934 698 5947
1210	3987 5412 4992 3596
1211	975 2481 3075 2645
1212	1240 4800 5519 1960
1213	4300 3144 775 1188
1214	2715 4656 1087 5543
1215	4617 554 3189 5522
1216	2426 5153 3103 3310
1217	827 4484 4293 2093
1218	3140 3958 1179 5973
1219	3023 1896 2351 5936
1220	1765 5818 100 1442
1221	1707 2241 5717 2222
1222	2653 3618 4675 3028
1223	473 2677 983 989
1224	1952 717 1742 5536
1225	5699 875 5972 3168
1226	3538 2486 1043 4559
1227	1127 708 253 3475
1228	3883 1667 64 4665
1229	44 3497 3930 506
1230	5529 5679 4271 701
1231	5021 2503 1556 222
1232	530 2077 3453 5206
1233	2849 1110 1942 123
1234	4373 1220 1036 1822
1235	2424 1505 604 5684
1236	5503 2686 427 3724
1237	5928 827 3422 51
1238	1598 2198 2481 5401
1239	605 3472 5873 2689
1240	5192 4660 3233 5584
1241	5897 1783 5969 470
1242	2165 522 939 2826
1243	4580 2461 4649 1729
1244	963 2901 424 3074
1245	824 2932 1028 4022
1246	2170 3865 495 656
1247	878 4382 5420 1708
1248	3296 1896 2993 2313
1249	5251 2470 4561 83
1250	284 4876 3732 2368
1251	887 4576 4841 2531
1252	3324 5942 4204 3713
1253	5885 4070 752 150
1254	2121 3253 547 106
1255	3838 1389 5031 5439
1256	2690 3088 4727 4271
1257	3758 4645 205 972
1258	194 4761 391 3454
1259	4975 3188 4436 4492
1260	4151 5618 4202 1462
1261	2171 5866 1653 5603
1262	3647 773 806 1772
1263	1974 5791 1003 4087
1264	4866 1433 5843 4014
1265	5224 3117 1657 5999
1266	1456 5435 2621 4098
1267	2149 2766 5897 2928
1268	5790 2138 4197 2324
1269	3225 3131 288 318
1270	2250 1023 3690 2156
1271	4530 2569 1526 322
1272	4106 3197 5686 2807
1273	805 2989 291 5575
1274	1465 3602 509 3476
1275	4331 3967 1091 4221
1276	3133 2977 1042 3930
1277	1020 2713 4714 3793
1278	3978 540 4617 1176
1279	2890 2718 2417 3902
1280	3622 1024 2241 3232
1281	4261 5149 1501 1305
1282	3931 4995 4114 398
1283	1629 1970 2305 3672
1284	1885 5397 83 71
1285	4271 367 3039 4345
1286	4899 5945 184 942
1287	2075 334 5149 5515
1288	3686 2410 3 2397
1289	1076 5273 152 3595
1290	3102 1842 3986 5125
1291	5522 5089 3053 4068
1292	4309 5608 1251 5316
1293	4122 2653 3532 1818
1294	1822 1494 770 1361
1295	1360 5494 2198 4826
1296	755 2315 2045 715
1297	452 3360 5099 229
1298	727 3239 3608 1524
1299	655 4650 3698 5970
1300	1475 1588 832 720
1301	2188 851 5287 4766
1302	1257 1019 2576 1583
1303	5008 5890 4686 5736
1304	588 4925 1249 5279
1305	1163 2786 1743 892
1306	4769 1419 782 553
1307	264 1146 2874 2693
1308	4997 4541 5926 1609
1309	1973 1906 4436 3086
1310	5619 1274 91 4281
1311	122 4253 1331 5856
1312	349 1569 3728 821
1313	280 1885 5659 4671
1314	850 2920 4925 2083
1315	4202 5668 5713 1014
1316	1256 2010 4574 4460
1317	2653 5391 2928 3119
1318	3676 1675 5990 1769
1319	613 2539 1703 1185
1320	2711 3773 3422 5257
1321	5763 5046 264 1501
1322	1442 1649 3314 62
1323	596 1607 3879 4583
1324	5131 1635 2574 1860
1325	4227 1500 4850 2203
1326	4231 3443 3455 953
1327	4282 1893 4781 3008
1328	4949 2470 876 2812
1329	1917 2345 1553 4584
1330	1806 4851 5245 4004
1331	2118 1626 2399 5046
1332	203 2563 3973 2557
1333	3029 5056 3313 1700
1334	2060 3137 1939 119
1335	4030 3387 3822 3991
1336	2021 363 3196 3742
1337	2720 4691 878 2762
1338	1663 968 5136 1825
1339	5864 4911 313 1876
1340	2466 5502 4236 5593
1341	4619 2548 2888 1470
1342	5077 1600 1344 4559
1343	2168 530 524 4507
1344	645 421 2187 5633
1345	4016 5498 4790 3856
1346	5618 4401 5545 5010
1347	5864 1693 115 5923
1348	4523 4429 5103 3523
1349	3030 1193 2593 2817
1350	5754 1287 5639 26
1351	864 2552 1504 151
1352	5371 1542 5668 3289
1353	5571 3881 929 3956
1354	5313 171 1129 5112
1355	1199 4044 1003 5670
1356	1276 4938 112 5721
1357	1386 3014 2444 4891
1358	1775 1002 4908 1040
1359	1689 1461 72 5484
1360	3640 4350 4969 2206
1361	4006 2378 2977 5688
1362	338 1479 4530 598
1363	2740 3944 2939 1194
1364	4108 249 5818 773
1365	4892 2950 554 3550
1366	2934 3032 818 3007
1367	5293 5875 321 2975
1368	837 146 1605 2631
1369	1588 191 3657 4428
1370	869 1156 3184 1015
1371	5503 5627 505 851
1372	4556 3850 3678 4953
1373	1183 1986 1787 1685
1374	3278 5674 528 3200
1375	2191 624 2507 165
1376	334 11 136 5209
1377	3891 2950 791 5480
1378	3061 27 73 5510
1379	1621 3192 5571 1659
1380	4482 3802 5626 1790
1381	3047 2301 4967 4004
1382	5491 2169 22 3553
1383	5670 3130 744 32
1384	3535 5050 195 5217
1385	3328 4009 3415 3223
1386	172 1158 3390 670
1387	932 2497 5763 4404
1388	1726 3682 317 3711
1389	508 5449 1648 5282
1390	4517 1026 1873 4306
1391	3814 3554 2005 1570
1392	2896 4790 2710 2375
1393	5542 251 2942 3206
1394	2439 3011 4148 4710
1395	2188 321 5738 444
1396	258 3181 5063 4785
1397	5287 4560 1425 5064
1398	5427 4750 4434 3479
1399	1639 1727 3417 3588
1400	954 723 3292 5254
1401	5673 3432 2387 217
1402	2687 495 4714 4985
1403	1877 1796 4263 5236
1404	5826 5345 4436 1537
1405	4617 3557 2816 3835
1406	532 3967 1463 5184
1407	354 5842 2872 2701
1408	4339 4003 5815 3265
1409	1488 2036 4641 5299
1410	4692 2910 5267 1855
1411	1662 1122 97 3565
1412	4083 5471 564 862
1413	1437 410 2685 1652
1414	4734 1946 1177 3774
1415	735 1928 3937 554
1416	1778 4281 5166 5236
1417	4378 2663 4804 4744
1418	3270 5803 5194 5863
1419	5444 548 5684 1491
1420	2222 644 4093 11
1421	5947 3402 5228 2227
1422	2119 522 1729 822
1423	3615 5095 68 5238
1424	1099 2701 2179 3568
1425	3221 3930 1568 4030
1426	3126 3706 4413 3273
1427	3033 4627 5640 2001
1428	5092 4928 4839 1678
1429	5527 5421 3510 1485
1430	4794 4415 4127 3947
1431	4494 3551 1133 5928
1432	2215 4037 5750 4989
1433	4116 1907 660 3733
1434	1430 4783 1620 926
1435	3442 4749 1055 3373
1436	808 1205 3116 1158
1437	34 3284 2559 5572
1438	4964 4948 5572 4466
1439	3267 2396 3237 1731
1440	5111 976 1128 4880
1441	4981 67 1337 390
1442	3144 2374 4478 3438
1443	797 4941 4597 5256
1444	860 657 2742 2604
1445	3457 5071 3013 3328
1446	3257 165 227 2884
1447	2062 2184 849 3739
1448	1820 1558 1388 4201
1449	4020 2767 4931 3331
1450	91 2435 721 3740
1451	1862 1947 1412 1457
1452	5703 2904 4729 1362
1453	2938 4491 2319 4223
1454	2282 345 2425 1225
1455	207 5263 2240 1297
1456	3384 757 5086 5992
1457	3055 1243 462 4468
1458	760 1875 1199 1941
1459	4184 576 4843 4435
1460	851 3785 4648 1391
1461	4170 3269 4495 750
1462	4438 3919 5292 1190
1463	1300 4888 3218 3486
1464	2823 1214 1085 466
1465	2730 3141 2290 42
1466	5860 4799 1848 1541
1467	5857 1329 5944 2515
1468	4455 5792 2676 4778
1469	4153 558 5439 2281
1470	4957 776 3814 5164
1471	5413 2105 178 2808
1472	3077 2118 5574 1682
1473	4574 559 4829 1336
1474	4612 1641 5591 3967
1475	1894 5290 5800 2805
1476	1374 4147 5324 328
1477	2322 374 4792 5383
1478	1200 5981 1322 5043
1479	1394 5410 3445 2089
1480	4956 1233 2253 814
1481	4939 5620 1322 1351
1482	787 4200 5165 4458
1483	230 3302 1656 830
1484	742 5529 3841 2247
1485	5038 4050 5365 5595
1486	3180 879 2418 3910
1487	4304 4183 5928 5589
1488	75 1079 4707 996
1489	1804 568 3657 2429
1490	5479 1572 1884 4271
1491	328 412 1844 5869
1492	4025 4455 4303 3907
1493	2451 2721 3111 5671
1494	345 604 1316 1541
1495	2959 2892 83 1325
1496	1779 4254 3958 4755
1497	5437 3382 247 5859
1498	5631 1983 3327 238
1499	3413 581 520 5015
1500	571 4303 4373 5702
1501	4729 2826 653 5273
1502	1586 4985 4628 747
1503	595 5071 4168 3607
1504	3067 909 2191 5038
1505	1942 5922 4966 2422
1506	1290 1519 2958 2648
1507	3318 2684 5204 931
1508	5648 1983 3754 5983
1509	2648 3638 5375 5135
1510	1503 3850 1574 1554
1511	1649 4076 4817 2776
1512	2504 5375 3671 812
1513	4654 3589 2131 2913
1514	620 2756 4674 471
1515	2949 4769 126 332
1516	5983 5264 3308 86
1517	5562 1814 3055 4685
1518	1898 3729 4612 4217
1519	1656 1610 4908 5168
1520	5122 928 1824 4259
1521	4414 5518 547 3615
1522	5641 2282 5281 2914
1523	5365 1593 4373 4165
1524	1781 1740 1861 2438
1525	3725 1971 65 2123
1526	1521 957 1517 73
1527	1265 3019 5740 4272
1528	1322 5714 1514 557
1529	1706 4285 1603 3737
1530	3720 4128 3909 4314
1531	478 2441 5843 2510
1532	4251 2451 5692 4759
1533	1993 282 5115 5969
1534	5058 171 1870 1222
1535	5369 4371 4517 111
1536	4761 4811 1490 1240
1537	3665 4146 4424 5813
1538	3806 2091 5341 1373
1539	4366 202 2006 1185
1540	3608 1149 5691 5341
1541	1886 4100 1561 1064
1542	350 3208 991 4058
1543	4358 4298 4131 3830
1544	2232 3453 11 2153
1545	944 2791 3075 2061
1546	395 5954 2288 5717
1547	4213 2732 466 5065
1548	582 2217 3206 4416
1549	1018 606 3260 4038
1550	2872 1405 2296 3620
1551	484 1615 2256 496
1552	4540 389 2660 4982
1553	5458 1632 2825 3705
1554	254 606 5582 801
1555	3850 3486 329 3112
1556	2409 227 3567 4612
1557	897 3469 4984 1231
1558	2435 4291 5082 1790
1559	4344 5719 4739 5104
1560	3364 4398 5330 3385
1561	1991 5602 4458 2255
1562	871 3068 5305 2145
1563	4930 2418 5376 115
1564	4319 4159 4287 1494
1565	2092 548 4389 86
1566	1146 5680 2743 325
1567	4481 2748 304 4803
1568	5120 952 3390 2693
1569	2667 3489 1647 3748
1570	1660 4401 3844 1911
1571	4708 2167 42 2141
1572	1514 1258 4946 3185
1573	1759 3600 2536 4992
1574	1601 4166 422 5719
1575	3103 527 1556 324
1576	805 4027 37 4205
1577	3294 3784 377 955
1578	2900 3529 3877 4806
1579	1445 500 5193 700
1580	4640 1545 5752 4085
1581	2549 5023 3969 4593
1582	2325 3011 1078 909
1583	920 5281 5290 5623
1584	846 4056 4819 5072
1585	571 3060 3423 543
1586	1420 3953 2291 2333
1587	4426 46 721 613
1588	1752 3976 3786 5665
1589	5870 617 1346 3563
1590	3447 4434 5003 812
1591	94 5117 1104 2738
1592	5928 1044 1343 4759
1593	1165 3868 4888 201
1594	4025 361 5027 2371
1595	3598 2289 5928 4602
1596	1764 1244 1920 3351
1597	4523 3370 1626 5831
1598	1631 1298 1746 2700
1599	4307 5291 1321 4851
1600	824 5819 1164 3100
1601	1653 1165 3788 2723
1602	1664 139 5854 3089
1603	3820 840 2726 5580
1604	403 2239 3422 2496
1605	1702 3268 809 273
1606	1230 5196 5486 2409
1607	955 4238 5208 2562
1608	4215 435 848 4933
1609	2329 252 3698 4060
1610	3342 4788 4075 4203
1611	736 987 4638 1662
1612	3645 3148 1236 434
1613	5366 2127 233 5869
1614	2703 5935 4826 1384
1615	444 3379 2509 379
1616	3496 4727 1221 4326
1617	3888 3250 1448 326
1618	770 2221 4162 4565
1619	3264 2511 4603 875
1620	3649 208 941 3622
1621	971 448 1425 5311
1622	1255 3421 4014 1564
1623	3617 5706 1276 2414
1624	5585 13 1794 5386
1625	1964 3090 3877 4765
1626	4764 2981 320 1082
1627	3696 2778 2584 596
1628	180 5106 2395 4867
1629	1572 5299 505 4080
1630	4736 934 2600 3098
1631	2289 129 5005 4292
1632	2714 939 3365 4654
1633	546 30 3642 5683
1634	378 3337 2979 3987
1635	426 5106 1988 4680
1636	4525 26 3051 1644
1637	4300 2216 3148 1984
1638	1765 4813 518 1900
1639	3908 611 2082 268
1640	221 2480 3810 4088
1641	5252 1694 1078 338
1642	3786 4294 2224 5425
1643	4284 5404 1880 3318
1644	4905 3348 1962 4489
1645	191 2130 3093 149
1646	3116 3532 1604 2038
1647	5318 5065 525 2560
1648	1322 3085 2043 3628
1649	5480 3638 3116 5792
1650	1902 5491 3139 395
1651	1498 2085 12 2594
1652	4370 2993 1456 2489
1653	4397 4320 5221 4478
1654	3327 1175 532 3960
1655	2660 3029 3042 3888
1656	5893 4972 1162 355
1657	2418 1431 2254 1725
1658	5746 1004 4101 3013
1659	2263 2253 3650 4756
1660	2200 414 3499 2854
1661	1753 4379 170 4573
1662	3565 312 4194 1554
1663	4374 5115 3380 228
1664	2226 572 1774 3223
1665	1926 1271 4583 205
1666	4547 4045 4983 1119
1667	3932 3160 3208 2201
1668	5780 245 3729 3569
1669	2720 2218 1521 3108
1670	2724 3272 500 3050
1671	2321 1227 994 4775
1672	2789 2118 499 390
1673	5281 2114 1872 5428
1674	3592 1556 302 2218
1675	3828 5943 1684 168
1676	3988 2583 4183 4145
1677	2687 1084 4526 2673
1678	1772 4814 3608 749
1679	30 563 1005 2115
1680	973 3386 2650 2128
1681	794 334 4696 4406
1682	4818 3709 2291 5753
1683	4667 4626 908 5141
1684	1055 933 5686 3441
1685	3649 600 1401 1074
1686	339 3198 4589 595
1687	5055 374 2478 1612
1688	1835 2587 4103 318
1689	1292 1903 1633 3632
1690	5142 5297 899 723
1691	3598 1404 1586 5965
1692	5936 796 935 5586
1693	5242 4839 2163 4096
1694	540 2654 4520 580
1695	447 514 1991 1004
1696	3828 5396 5331 3536
1697	4466 3092 3507 690
1698	3538 28 1723 3627
1699	3866 3196 2155 4674
1700	4156 1901 1256 974
1701	4155 407 4031 4722
1702	3051 4245 1000 4986
1703	355 749 3516 1207
1704	527 5145 636 722
1705	5087 2702 1687 1840
1706	1851 2719 871 1751
1707	4089 2467 5438 4027
1708	5159 1091 4040 3355
1709	4903 3563 2379 3822
1710	4417 137 3107 5461
1711	728 1851 1608 3336
1712	5347 3152 5543 432
1713	2089 811 5442 4549
1714	2360 4378 1750 2786
1715	4147 5334 105 2754
1716	150 858 5859 2006
1717	2970 5354 4239 3294
1718	4615 4260 5775 3931
1719	2148 1453 888 2932
1720	253 205 5387 4682
1721	3523 5051 5350 2000
1722	5074 1200 4790 1786
1723	701 1939 3944 1520
1724	1418 2523 4267 5993
1725	3317 3775 5366 4671
1726	3840 2372 4607 2354
1727	5776 5692 2842 2402
1728	3458 4194 2075 4375
1729	2371 5405 3763 547
1730	1780 4449 3091 461
1731	5315 2092 3928 4590
1732	4165 5065 3273 3510
1733	5258 5953 5854 4188
1734	3557 4518 112 4300
1735	3406 5613 4915 2671
1736	1121 2884 24 5311
1737	4232 4527 1322 5139
1738	5827 4244 5006 3802
1739	4203 1197 93 2216
1740	5820 599 1498 1318
1741	4707 3359 1303 5307
1742	2771 4889 379 1377
1743	654 5353 2919 1041
1744	4032 850 283 3791
1745	1875 4588 2535 5704
1746	652 4243 2649 3047
1747	593 5441 217 2722
1748	1843 5504 2013 3255
1749	4783 1032 548 3710
1750	4560 2082 1172 1482
1751	4247 3096 5736 4264
1752	4288 3549 5837 4794
1753	1658 1640 1401 3493
1754	2053 4221 3334 1981
1755	4708 5264 4307 3313
1756	3025 4199 4848 2840
1757	1795 1841 940 1745
1758	5836 4752 464 5901
1759	441 5802 5336 5827
1760	2964 5543 5081 1756
1761	2814 2512 4094 2380
1762	3199 5556 946 5573
1763	4360 2103 5888 4585
1764	5284 563 3198 4966
1765	3581 2758 2177 1335
1766	3355 1671 2392 4229
1767	5548 2713 1089 2445
1768	3778 3875 2488 4921
1769	4607 1225 1702 4135
1770	3386 605 4238 3945
1771	3164 1399 1099 5750
1772	4942 10 4288 1668
1773	5224 160 1698 2355
1774	966 1177 1647 2146
1775	5588 2624 3391 4767
1776	5744 3589 3443 1286
1777	2348 1923 4015 4647
1778	3532 2978 5060 2682
1779	3375 4892 2589 1575
1780	2506 3209 5931 988
1781	3128 1157 4623 3459
1782	3105 5026 5293 1007
1783	4051 5934 1588 3291
1784	3818 397 4262 5129
1785	5289 1344 5375 111
1786	1415 1718 3517 475
1787	2329 5177 1225 2027
1788	3932 2449 3766 3923
1789	2471 1937 3255 2373
1790	3530 3644 5014 4286
1791	779 4473 1211 492
1792	539 3502 2398 4123
1793	1375 5798 5576 179
1794	1657 4373 3057 1101
1795	5517 3542 4599 5626
1796	4389 1664 2166 4451
1797	3011 2138 1135 4654
1798	2298 1772 4793 5846
1799	968 92 1506 4161
1800	1657 5560 5810 2036
1801	3866 1679 4819 3068
1802	1444 3968 2490 2738
1803	5259 74 5341 1523
1804	5508 3093 1836 3655
1805	2275 4246 644 1899
1806	5982 5515 5018 5047
1807	3283 3037 281 2953
1808	4763 4797 2532 5020
1809	2829 2498 5725 1629
1810	2994 4876 5931 3618
1811	13 1042 2237 3269
1812	3129 5592 3084 4924
1813	1099 1012 5173 427
1814	2135 3785 17 3690
1815	92 1092 5048 5144
1816	1896 4274 1401 2479
1817	4493 1433 1399 5382
1818	1761 2589 5682 3012
1819	3286 4551 5153 3315
1820	2538 5604 3775 5248
1821	2551 1892 2836 1410
1822	992 1147 4032 5802
1823	4817 4494 5475 5610
1824	5158 3295 2984 5532
1825	5475 413 550 3507
1826	1388 4382 1035 557
1827	3172 3471 2763 1205
1828	4192 3765 964 3588
1829	1209 5515 747 1476
1830	3417 3059 607 5247
1831	1403 1624 139 3998
1832	2311 1969 5668 2052
1833	867 4718 2666 3795
1834	4397 3883 2011 2910
1835	1503 2639 4078 496
1836	4946 2163 5209 5340
1837	1813 5172 4842 4762
1838	89 4510 4419 179
1839	4901 2472 2585 5129
1840	1369 3920 1943 5299
1841	5202 4106 4243 567
1842	5624 2535 3022 4750
1843	3618 5333 786 1374
1844	5760 1249 4561 1886
1845	4281 327 2263 1442
1846	4935 3066 4532 1335
1847	2173 4870 5695 4595
1848	5183 2142 3855 1139
1849	5270 3461 3070 543
1850	3393 2959 1471 1104
1851	3748 2022 3391 3994
1852	4910 5391 1237 226
1853	94 5156 3296 5697
1854	5799 3300 2084 1153
1855	3712 506 3349 4575
1856	3018 5006 4647 838
1857	3819 3964 3567 1683
1858	1438 1218 4275 4015
1859	5021 388 4162 1520
1860	3684 4078 3972 3697
1861	1046 3100 1859 168
1862	3358 3629 1400 2737
1863	5577 5709 407 2864
1864	121 3413 5571 4458
1865	1111 3794 2178 5983
1866	4561 4973 1319 549
1867	5082 3622 1883 1887
1868	3570 3779 3049 779
1869	1363 454 1551 5849
1870	3280 4553 5539 3650
1871	2449 1 1980 105
1872	4283 2099 2884 3826
1873	1350 3340 3822 3232
1874	5035 2545 4845 5128
1875	4330 5990 1406 3263
1876	3938 5435 3013 989
1877	2192 1970 2251 4455
1878	622 5280 1267 3547
1879	801 3434 3019 4238
1880	2391 4080 4028 4093
1881	4976 5953 393 731
1882	4749 5868 1761 5211
1883	3774 2680 3016 4228
1884	3219 2617 2057 856
1885	5449 1487 4272 4248
1886	1468 3764 2463 2645
1887	5185 1688 5199 5159
1888	1973 5259 3983 886
1889	1829 5203 4317 5974
1890	4098 2349 1889 1300
1891	1505 4916 2590 3665
1892	566 3323 5094 2986
1893	4041 2585 3073 317
1894	819 3129 4949 21
1895	4643 3953 4110 589
1896	2738 2167 2800 32
1897	4172 3675 2167 1288
1898	2608 4617 5136 289
1899	2784 3345 5574 5357
1900	1016 422 1510 1212
1901	1456 261 1524 329
1902	3710 3500 5760 761
1903	4224 2581 3758 4156
1904	3104 3864 1319 4881
1905	2595 280 5329 3434
1906	2308 3175 4600 1147
1907	4751 2704 3751 299
1908	3137 1752 588 828
1909	3714 4627 722 4734
1910	2584 228 5831 4926
1911	2629 5504 1366 2682
1912	2718 2980 2062 4206
1913	3769 3092 2721 1172
1914	4847 4957 4602 5938
1915	745 4753 1823 1721
1916	2176 2863 1622 4913
1917	4689 1636 2367 4436
1918	3902 3516 5125 5371
1919	2962 441 5476 3688
1920	3974 4910 307 5694
1921	3085 4708 4575 1782
1922	5349 4769 2649 5171
1923	1248 2486 794 3818
1924	5691 1409 3705 5735
1925	3801 3828 1693 4915
1926	4988 4438 5180 3389
1927	5613 3861 367 2108
1928	3517 4158 4344 4022
1929	3145 1131 260 3550
1930	4007 638 4324 497
1931	2442 614 1159 5195
1932	4679 2190 4195 2247
1933	5069 2099 3947 1827
1934	2132 4368 4099 3195
1935	4242 5733 3764 1211
1936	742 819 3903 518
1937	3132 3178 1177 5214
1938	2428 2064 2113 1730
1939	1386 5321 4896 4022
1940	5197 3840 867 4666
1941	534 1497 1429 1047
1942	2920 2792 4953 248
1943	5892 5042 4863 736
1944	2284 227 3776 5406
1945	4036 1408 3691 1367
1946	5715 4157 5155 1213
1947	803 4294 1265 3897
1948	3469 164 738 5137
1949	1054 37 4085 2183
1950	3816 532 4631 2402
1951	212 1082 1655 3240
1952	1502 4735 5600 1643
1953	2758 1579 1131 2830
1954	3289 2680 2919 514
1955	495 29 5410 3427
1956	3498 5125 2579 1485
1957	3454 3540 656 2553
1958	1982 3360 2108 2902
1959	804 3520 2554 5651
1960	1954 653 837 5336
1961	2074 1624 5838 977
1962	3458 4997 3825 2463
1963	2370 3403 2767 2510
1964	2153 2480 4096 5052
1965	5060 1502 3375 611
1966	2338 5015 5143 4207
1967	5681 4237 1334 3041
1968	3861 3331 1923 3744
1969	3469 3150 270 5023
1970	4723 3905 1773 1520
1971	2080 2528 272 4335
1972	4766 3059 803 5620
1973	2583 2978 5229 1849
1974	4873 617 2415 5657
1975	5844 3934 368 1599
1976	4573 1393 603 1877
1977	3838 464 161 5277
1978	2835 1374 5626 5482
1979	290 5873 1385 4094
1980	2205 2700 3567 4420
1981	2382 3492 2768 150
1982	5187 3476 82 5972
1983	2979 525 1169 1826
1984	4013 1112 436 666
1985	5052 4120 4733 3350
1986	583 1188 2599 1525
1987	551 663 3902 3399
1988	2452 5827 5832 4227
1989	3090 5974 3473 3601
1990	5282 2306 5769 5582
1991	3267 2292 1242 2930
1992	127 5948 495 5727
1993	3395 5990 4970 4332
1994	5331 3472 2597 1585
1995	2796 3547 5590 5414
1996	5665 3678 5529 1540
1997	1609 2714 2672 5777
1998	1595 5833 4989 5806
1999	2314 2816 235 1444
2000	1316 216 5232 3712
2001	3865 2860 4934 3920
2002	5298 4132 4471 2065
2003	1456 2544 2609 5695
2004	3736 183 660 1850
2005	1468 5350 5022 1475
2006	1271 3803 4995 1852
2007	196 4686 399 5043
2008	4866 5919 3528 5243
2009	2346 3543 5147 3514
2010	5575 2182 1209 4892
2011	3186 3260 1756 5748
2012	1341 4487 3563 993
2013	2552 5862 3536 1915
2014	3680 3387 5055 2664
2015	1627 4975 4349 4579
2016	4368 5717 3931 1431
2017	4639 4526 5023 2271
2018	888 5980 3054 902
2019	1215 2378 1498 4287
2020	1481 5126 4859 1586
2021	5197 3611 3166 4400
2022	4171 5985 4163 2601
2023	4231 5496 1132 3326
2024	5130 5054 3057 4986
2025	1371 3133 3356 5123
2026	2104 5349 3552 2556
2027	5309 5424 4818 5214
2028	513 847 4074 1556
2029	1654 5383 1946 3438
2030	5080 5431 1180 3948
2031	1951 2825 3597 4437
2032	2584 2427 4185 4904
2033	3765 3209 5859 1752
2034	5476 2610 5534 3006
2035	4351 1803 869 3298
2036	1681 1080 1948 5746
2037	5917 1466 4686 4321
2038	964 4592 2398 3271
2039	555 3104 2076 1604
2040	4679 2806 5026 5754
2041	5276 4339 764 3527
2042	3630 3505 2020 2482
2043	2543 2113 2421 4581
2044	2128 5056 5415 3613
2045	4920 4751 219 173
2046	1094 5368 3541 4603
2047	271 4608 5362 5943
2048	5273 5202 5670 4533
2049	4097 1577 1472 3405
2050	5301 1021 5059 3026
2051	221 2724 4127 477
2052	4413 4573 269 14
2053	2099 5850 1204 5451
2054	2175 5093 3190 2463
2055	2539 5098 3995 4077
2056	1514 3384 3717 4123
2057	5533 4706 3259 5788
2058	800 3112 5495 4555
2059	285 644 2579 596
2060	1508 1413 2509 67
2061	327 3242 5489 4912
2062	4320 2326 2643 3720
2063	1875 937 2855 436
2064	4212 2742 3584 324
2065	1240 2023 1034 3344
2066	2233 5324 4668 5265
2067	1253 1645 3183 1268
2068	4292 408 5360 5114
2069	5211 3443 2017 1035
2070	1259 3052 1201 1284
2071	1856 4986 56 2768
2072	2205 2303 996 5479
2073	330 3640 5160 5792
2074	5460 1305 1035 3365
2075	3926 667 4827 791
2076	544 5149 4977 4753
2077	3754 197 302 913
2078	1795 272 1886 4636
2079	4219 2264 5145 1859
2080	3721 4892 5650 3679
2081	1349 5315 4321 3638
2082	2789 4234 732 3155
2083	4673 3502 1359 4377
2084	4416 1349 5827 3969
2085	5392 1693 2444 5597
2086	1494 1995 584 4197
2087	4082 2399 3610 2465
2088	1720 4441 3065 2560
2089	4113 1805 4444 1883
2090	1422 4127 1058 4431
2091	2335 2741 2874 3813
2092	1405 2853 2753 4347
2093	4393 802 4710 4908
2094	3630 2628 3624 4530
2095	278 5832 2686 454
2096	4244 1450 2609 4680
2097	4422 4738 2684 688
2098	2639 2060 3889 2232
2099	3742 1001 1793 842
2100	1819 1294 2715 2366
2101	4621 5340 1665 4704
2102	2362 2769 4784 3375
2103	5807 807 5472 5161
2104	746 1590 704 3489
2105	4631 2019 1454 3993
2106	4723 4274 2027 5923
2107	847 423 761 5236
2108	1732 2401 5213 1785
2109	1675 5354 1858 5611
2110	3154 2388 2725 3526
2111	1407 135 347 1953
2112	5421 464 218 877
2113	1097 5743 5515 5112
2114	2630 3193 1475 2610
2115	484 3447 3341 4600
2116	4428 1953 4386 1114
2117	3385 433 4064 2215
2118	5445 417 1856 543
2119	3241 723 4698 2003
2120	520 5507 5025 1314
2121	5483 5651 5120 272
2122	5395 2331 4639 5892
2123	1736 3852 514 4877
2124	3345 382 3796 1167
2125	1687 37 3078 5717
2126	4549 3731 5630 3292
2127	1699 882 3943 2277
2128	4666 2040 4755 3574
2129	944 5091 2211 3126
2130	2290 4099 5466 954
2131	1923 1082 3985 559
2132	1505 5027 4887 5707
2133	851 5855 4070 3042
2134	3809 533 5270 334
2135	2322 411 4868 2732
2136	5152 4470 716 5045
2137	4161 4518 4675 3218
2138	719 5516 5506 4988
2139	4207 4832 3295 3622
2140	4440 5030 2127 173
2141	3092 3187 484 5416
2142	3988 3134 2919 1137
2143	3839 4448 2263 5724
2144	3242 3641 4006 3621
2145	2262 1504 3645 3419
2146	851 4808 5908 5958
2147	5813 2917 5733 2160
2148	1605 5886 5828 1492
2149	2535 342 2502 3402
2150	2897 1133 227 5135
2151	323 4100 5863 626
2152	1454 5329 2792 188
2153	1595 4281 2870 1311
2154	6000 3917 2343 4692
2155	5870 3413 60 1737
2156	5292 644 5642 1978
2157	2552 5070 5057 5394
2158	2277 1994 3364 3615
2159	4464 2841 4598 2662
2160	1840 890 3774 4692
2161	5375 1805 1128 1542
2162	5752 3902 3857 1318
2163	5868 4067 3029 2450
2164	24 745 3749 2321
2165	5470 1008 405 576
2166	912 21 5463 5441
2167	4959 1690 3143 4945
2168	261 5056 838 787
2169	1199 1340 2696 2140
2170	822 2237 653 1033
2171	5730 5983 5714 4693
2172	3456 3524 708 4657
2173	1642 5152 2244 5339
2174	991 2737 3495 5620
2175	5019 156 1773 2729
2176	3650 1875 5870 4081
2177	3423 4571 4881 5783
2178	663 1011 3809 205
2179	4501 2583 2650 4649
2180	1752 1344 3001 4723
2181	2882 5360 396 4163
2182	710 3651 4568 1698
2183	996 3960 528 2873
2184	1265 5804 765 957
2185	3414 3234 1595 5037
2186	2815 5028 3914 3818
2187	2662 842 4762 478
2188	2468 5393 1248 4104
2189	3276 2866 5043 3950
2190	115 436 661 990
2191	119 533 675 3517
2192	943 950 5612 4985
2193	4661 3276 5997 4549
2194	4992 797 1643 5244
2195	3050 5789 3116 220
2196	3920 3121 109 3559
2197	2352 827 3507 835
2198	5188 1494 4787 3657
2199	2357 1280 479 963
2200	1335 1455 2051 5922
2201	1757 2534 5179 5206
2202	4919 3435 5261 3357
2203	1401 1293 463 4418
2204	4046 2328 862 4440
2205	3623 1889 600 439
2206	3178 5927 1584 603
2207	3397 3623 281 2774
2208	5142 2038 2825 291
2209	2251 2937 5912 1250
2210	2902 449 4050 5982
2211	5513 2113 5592 2435
2212	3759 2898 5656 3188
2213	3493 5778 1520 4596
2214	2171 1902 1337 1224
2215	3731 1817 1873 2079
2216	4342 1674 493 4554
2217	4361 239 447 5356
2218	4147 5435 4675 4681
2219	2018 225 5488 3497
2220	1792 1186 4453 5926
2221	3530 3912 300 3538
2222	5900 4420 2428 3979
2223	2871 1538 5189 92
2224	403 1433 2340 5864
2225	5559 2263 5368 2674
2226	5821 2668 1471 1870
2227	5781 424 2294 3442
2228	2042 50 1646 127
2229	1114 4042 818 536
2230	4802 3475 3217 2808
2231	5677 5245 5287 1839
2232	2494 3460 4453 3408
2233	3022 679 2502 4828
2234	1849 1581 3668 3275
2235	2906 4194 4074 4175
2236	393 3533 1350 377
2237	3438 3908 1356 8
2238	4320 5620 354 2378
2239	1797 1315 4648 101
2240	687 2106 3987 5333
2241	948 1300 883 2875
2242	2461 163 2535 2730
2243	369 4861 2390 4840
2244	2044 5190 2385 3216
2245	1893 931 5719 4085
2246	3432 3925 516 3170
2247	5236 1955 1772 4560
2248	1151 204 4606 2260
2249	3744 1903 768 2230
2250	5476 4235 1466 4298
2251	5261 3009 5674 3702
2252	320 3069 5927 4071
2253	5806 4910 3903 2640
2254	4443 5339 582 1399
2255	1027 877 1084 5165
2256	338 5502 100 4381
2257	4075 4575 715 4547
2258	328 3638 3988 738
2259	2651 3175 5408 1739
2260	3985 2339 2848 1275
2261	550 2763 3322 1773
2262	3004 4442 5226 774
2263	34 3762 5138 4700
2264	3160 4235 5190 1145
2265	4786 5580 2706 5565
2266	1841 4314 4699 1307
2267	1066 817 4114 4943
2268	2033 2561 3729 2164
2269	1027 4275 5589 3764
2270	3378 2610 952 3085
2271	864 2485 4134 3572
2272	4160 4849 4508 2529
2273	5686 1748 332 5911
2274	2735 5284 4138 3891
2275	4589 4555 139 4335
2276	987 2613 557 4271
2277	5508 3881 3849 1481
2278	1948 3559 3550 4637
2279	5894 4118 1730 5801
2280	676 4877 2754 2892
2281	203 4395 1030 1865
2282	3887 1529 2582 4484
2283	4571 685 4250 2690
2284	5678 2264 1098 2599
2285	2851 5462 3669 2254
2286	1970 305 1984 1514
2287	4425 3705 2170 1230
2288	4992 3957 5038 2422
2289	2906 3755 1376 1089
2290	5319 3766 5780 4986
2291	5966 966 1037 973
2292	523 3392 951 1979
2293	73 5176 4483 203
2294	2563 4515 5714 678
2295	3940 5815 3707 4936
2296	4490 2 2401 5162
2297	2892 947 2427 316
2298	2947 124 3603 4358
2299	1276 2684 2116 1486
2300	292 1854 4288 1522
2301	1305 1300 4592 2035
2302	946 1251 440 3906
2303	4493 1861 1334 860
2304	4784 1520 1511 2623
2305	2041 2454 2129 5993
2306	52 716 2640 93
2307	3121 1983 2133 722
2308	5369 3004 260 2143
2309	1098 4107 2716 1295
2310	4913 124 1280 3565
2311	3204 2199 1822 2646
2312	2856 5079 5544 5986
2313	3139 4140 3769 4897
2314	511 116 1708 3035
2315	418 3475 2584 4939
2316	2502 3855 96 4190
2317	1110 759 5099 85
2318	4552 5839 2381 5219
2319	1878 5996 61 687
2320	1175 922 3241 3891
2321	4869 3773 1486 1699
2322	4755 4723 3306 2531
2323	3181 5123 4429 5435
2324	2053 4899 5876 4138
2325	5152 4225 5182 3236
2326	2209 1139 5952 2071
2327	2737 1875 3703 2389
2328	5815 3730 5148 4803
2329	664 3087 5835 502
2330	5485 2038 3987 4916
2331	4944 3392 2516 543
2332	727 563 3981 5386
2333	1604 3225 4810 5947
2334	1688 5148 1732 248
2335	1272 2332 1115 636
2336	5564 3537 4033 4975
2337	2435 2356 4412 5330
2338	4113 823 2667 4339
2339	3790 3681 2809 1326
2340	4808 5328 4230 4132
2341	2195 2193 2009 1881
2342	1700 116 1888 1915
2343	3212 922 1630 5480
2344	1023 1784 481 4991
2345	2161 2501 4524 580
2346	2960 1176 5859 2923
2347	1004 3025 5419 5995
2348	2876 4479 1689 1331
2349	2159 4268 2315 2728
2350	2551 5554 2339 3228
2351	2608 5228 1112 4025
2352	2696 3533 678 5897
2353	347 5709 4919 4440
2354	187 5489 2843 5257
2355	4344 2065 4441 30
2356	5023 522 2163 1750
2357	2745 305 2653 219
2358	5066 2779 5513 4120
2359	2036 4594 1814 1537
2360	1077 4823 1361 5914
2361	2349 5592 1573 259
2362	2473 1313 3757 2228
2363	2926 1304 1597 3014
2364	1556 2233 372 3095
2365	3105 2914 4773 5612
2366	4770 847 5532 2930
2367	5918 1639 5553 2756
2368	1726 2175 957 742
2369	3569 5848 525 889
2370	4430 3120 5626 1193
2371	725 2624 680 3178
2372	196 1367 3799 2235
2373	546 2513 1243 1627
2374	2298 888 4827 2857
2375	1955 2536 1179 2422
2376	2339 3245 3902 2450
2377	2514 4467 4774 2978
2378	3768 5963 3315 3474
2379	3700 1085 3808 4659
2380	768 11 3219 3507
2381	2146 4418 2995 1858
2382	3050 5845 5183 3263
2383	5686 5074 3355 12
2384	4806 5627 3133 1945
2385	2721 443 2224 2229
2386	1197 4034 414 4205
2387	5529 5990 476 4464
2388	381 1585 915 2109
2389	2741 5943 3423 4627
2390	3094 602 216 2798
2391	3158 5487 1639 5685
2392	5266 806 3767 4034
2393	554 2023 5690 620
2394	67 5119 5053 5500
2395	4964 4232 418 4149
2396	2106 4489 3568 5574
2397	4280 534 2041 314
2398	304 1514 2271 5373
2399	4713 3058 2874 4447
2400	1153 254 953 73
2401	3865 3468 3954 2582
2402	2762 1956 1646 3969
2403	3803 906 5273 5209
2404	141 1408 823 337
2405	1542 5920 691 5141
2406	3745 4342 4763 1962
2407	2893 5496 1877 1510
2408	233 2680 4912 1192
2409	524 5345 875 3143
2410	825 5486 3562 3564
2411	481 2202 53 3176
2412	4467 5253 4541 4385
2413	3224 5289 5311 4417
2414	2297 1577 2936 3242
2415	5467 2089 3440 1882
2416	4632 1426 2146 3119
2417	5810 3342 1561 1024
2418	3831 5009 3735 2759
2419	274 3565 3419 1434
2420	2 2759 1731 4988
2421	1397 2489 247 248
2422	3523 164 4059 68
2423	2566 3625 2628 5152
2424	2860 5011 5836 5580
2425	5681 2601 2585 3707
2426	2001 2228 190 1072
2427	3125 4130 5758 5732
2428	5242 730 4156 528
2429	326 2251 135 4701
2430	1781 632 46 4787
2431	2944 2094 4385 496
2432	2825 1822 416 5287
2433	2899 582 1267 3459
2434	3555 2205 3509 3918
2435	2084 2436 2067 2427
2436	5399 5929 5626 5397
2437	5662 2435 2327 5438
2438	4572 615 1512 2383
2439	4352 3158 1451 888
2440	839 3961 5327 1518
2441	1030 1442 3000 5311
2442	5816 202 5226 4799
2443	1364 408 2644 1420
2444	3024 1618 5960 3001
2445	993 1301 4869 2802
2446	138 1770 4252 462
2447	3027 2394 3571 5523
2448	3614 5229 2949 5276
2449	1308 4945 5639 2009
2450	5043 3433 144 1834
2451	3020 609 579 2813
2452	3131 1752 2642 5828
2453	4772 4804 3049 1370
2454	1294 5103 5158 1072
2455	3304 4315 1018 1455
2456	4259 269 3713 1033
2457	3368 2893 5939 917
2458	20 702 5590 3616
2459	1238 5775 1050 4275
2460	1807 5810 1143 3623
2461	604 909 3481 965
2462	512 3684 4555 5357
2463	339 3160 3419 1440
2464	5254 1848 5400 2069
2465	841 4076 1052 3888
2466	4377 2952 2597 3415
2467	5248 5619 1431 4118
2468	5313 1287 4934 634
2469	1908 5930 4756 2128
2470	1238 5763 3975 48
2471	4957 458 884 996
2472	1433 5298 5607 4389
2473	4827 755 75 3087
2474	4657 1699 13 2710
2475	3848 1900 3192 3083
2476	4686 4824 169 950
2477	1936 5898 1646 5050
2478	2455 1289 2359 794
2479	5605 2370 441 1666
2480	3947 5095 4403 4224
2481	2222 5655 657 1786
2482	5125 4379 2544 3062
2483	547 2785 4619 1840
2484	4822 993 4054 4923
2485	4169 5947 3856 4973
2486	5491 820 5687 5320
2487	2437 5798 2773 1501
2488	225 593 158 4129
2489	1923 498 5655 3109
2490	323 5579 5725 5316
2491	2331 1463 1321 3198
2492	3060 3729 5893 1680
2493	4078 4723 339 5037
2494	4062 5838 5038 3431
2495	2505 272 266 3749
2496	2923 5905 5558 4654
2497	3893 3042 4850 5748
2498	4356 5181 2818 1147
2499	1037 2045 3560 4020
2500	4253 3407 1816 2716
2501	3243 4820 4162 1604
2502	2565 3456 4080 4844
2503	3071 608 5354 4754
2504	4872 930 2795 2611
2505	2098 3659 2715 3631
2506	1935 4387 644 4349
2507	5739 1373 3861 3333
2508	574 186 5573 4855
2509	2237 924 5031 5608
2510	532 2991 3861 2036
2511	5339 4172 67 5012
2512	534 2938 4920 307
2513	2424 5236 4557 4151
2514	663 5340 5983 5414
2515	2286 500 3305 4369
2516	3323 680 4611 5572
2517	5861 1737 2910 5785
2518	4172 1809 3874 2488
2519	3927 519 5772 318
2520	4870 2481 1045 1765
2521	5737 4795 4790 1994
2522	2563 5053 3062 2067
2523	5686 127 1020 1115
2524	3317 4061 3858 4747
2525	5966 5748 769 2690
2526	5640 2209 2710 2365
2527	5732 3115 2015 723
2528	1860 2080 5014 5725
2529	3463 2098 614 618
2530	1462 555 1301 2684
2531	5181 5416 4521 52
2532	5467 1617 4947 4027
2533	2750 1234 5229 2179
2534	658 4714 1808 2234
2535	3775 1169 5752 4030
2536	812 455 2028 1855
2537	1593 2162 3846 5345
2538	5185 2795 1408 3639
2539	2525 5858 3646 4921
2540	250 1291 3144 310
2541	1878 2232 627 4865
2542	1113 4330 236 4190
2543	2256 3255 5701 5818
2544	4191 2487 649 1508
2545	5440 5361 4317 4409
2546	4533 372 5226 1392
2547	521 418 5739 1752
2548	1680 3483 460 5078
2549	4061 3740 100 4866
2550	5155 5622 540 4872
2551	2857 4484 2512 5335
2552	4544 2483 1584 859
2553	4342 2519 2308 5446
2554	1708 1952 1629 186
2555	5828 491 3550 1376
2556	3928 1536 2840 3092
2557	3655 2462 125 1786
2558	699 202 5432 3595
2559	818 4989 1140 4391
2560	3561 5627 45 4914
2561	2903 1062 5946 2727
2562	1640 595 4750 359
2563	1051 1660 4842 4442
2564	3588 3897 4453 3459
2565	5280 2113 3524 4945
2566	5320 5664 2310 4597
2567	5776 4709 437 2236
2568	2299 607 702 1376
2569	5750 1226 2568 4127
2570	5205 1034 3547 282
2571	3096 5257 707 5913
2572	596 2964 4057 57
2573	1466 280 5930 2845
2574	1556 941 4621 4409
2575	392 1480 946 1439
2576	1538 427 217 1392
2577	815 3315 3038 844
2578	1350 4860 5705 2907
2579	803 2737 1597 66
2580	4788 1608 2453 342
2581	4325 1831 2713 2884
2582	4594 1087 3052 3337
2583	1738 1431 3918 3747
2584	3304 4391 368 154
2585	4136 1017 31 2855
2586	3108 4662 4874 5936
2587	2850 3844 68 975
2588	3119 4375 2028 5504
2589	2238 1882 1367 308
2590	1372 4498 3560 2063
2591	470 2684 4525 4946
2592	4524 4274 759 4378
2593	1195 5777 5274 5115
2594	4520 2071 242 2601
2595	930 3594 1223 3492
2596	4519 371 5375 5007
2597	573 1325 354 5408
2598	4065 1556 5244 4364
2599	2762 3359 300 3712
2600	3838 1668 4108 3640
2601	3762 3217 749 1500
2602	5446 4756 5441 2073
2603	1208 5054 3882 1718
2604	3407 824 4014 484
2605	5425 3900 3420 5955
2606	4977 5710 5038 4947
2607	4026 882 5771 3451
2608	559 3512 1134 2590
2609	3273 619 4856 1490
2610	5285 5335 1800 474
2611	1040 4930 1453 1964
2612	2844 2322 2182 2009
2613	1376 3829 358 5886
2614	3831 1975 2259 1401
2615	5393 3601 4322 4135
2616	778 4794 4020 3021
2617	3731 456 4544 4596
2618	4585 5221 918 1517
2619	3976 4957 5515 3210
2620	4345 4742 721 5726
2621	4283 3002 1242 5220
2622	2457 1871 5973 3267
2623	3976 3706 2255 5129
2624	3621 3442 5463 4820
2625	5127 4986 2390 1529
2626	5555 2397 3586 5760
2627	4029 4098 5113 2050
2628	3327 2845 4049 3853
2629	86 717 1118 2225
2630	5873 3788 213 5226
2631	1905 4448 2064 4007
2632	655 2389 4316 4770
2633	386 888 1649 5107
2634	2473 126 2039 1474
2635	2225 4543 2765 1133
2636	5218 2562 5211 50
2637	640 979 4158 2826
2638	2773 5782 2017 5403
2639	1133 2672 5923 367
2640	3435 1817 4807 2233
2641	837 4969 4263 5913
2642	999 3578 4546 2132
2643	4417 4515 4180 95
2644	5207 4952 26 3156
2645	3573 4347 2268 4252
2646	410 1797 5316 5787
2647	5015 1647 4385 1630
2648	209 2587 4355 2691
2649	3205 5908 829 5686
2650	3375 1400 1332 1514
2651	3381 4881 683 1983
2652	642 2843 3312 2291
2653	3166 5340 1171 3928
2654	2875 322 5649 3769
2655	5666 3207 1287 3838
2656	768 5841 2958 4159
2657	3129 3071 3529 5461
2658	4537 1208 841 5429
2659	2180 2564 1357 2172
2660	3081 5152 4199 4326
2661	1252 4399 935 608
2662	1774 2470 720 1800
2663	2087 187 5872 4442
2664	4439 5788 1181 5463
2665	4198 1368 5020 5445
2666	2114 2010 1335 5054
2667	3805 3768 3891 4774
2668	4989 1886 1531 4719
2669	3147 1401 5971 2749
2670	313 2498 5782 2164
2671	4065 2178 1117 2080
2672	2236 2669 1723 3389
2673	1518 1173 4287 1643
2674	5332 2561 2823 2890
2675	87 5997 3141 3536
2676	80 4823 2350 2724
2677	1598 3724 1494 5133
2678	1767 1748 2869 1864
2679	847 1573 5278 4348
2680	4154 2901 5564 5689
2681	2799 4294 456 215
2682	3814 647 2330 4338
2683	4880 5887 4400 2236
2684	316 4867 4467 3958
2685	5756 3878 1436 2720
2686	1360 3016 855 2636
2687	5591 2925 1638 4568
2688	4609 3402 5714 2970
2689	5962 3000 5563 4590
2690	1279 4294 5504 1886
2691	2528 5839 2385 5568
2692	4545 5090 2122 1341
2693	4173 1678 2829 2757
2694	2533 361 5351 3065
2695	4586 4608 3472 2540
2696	3032 5094 5531 4435
2697	2272 3102 1297 2309
2698	3139 3915 3558 2923
2699	592 4458 927 1519
2700	5794 451 5723 3404
2701	2822 1981 5643 2118
2702	620 3333 3440 5836
2703	244 1783 5220 295
2704	4608 4588 4636 2501
2705	2000 88 4689 2615
2706	2995 4380 2540 2155
2707	3857 3796 4376 4235
2708	4206 3193 680 4961
2709	3143 2970 5085 4889
2710	2917 2636 2244 1084
2711	874 1670 2875 5829
2712	4165 3044 3408 1278
2713	1598 1316 5769 1788
2714	1031 15 5952 3658
2715	2615 398 1717 4390
2716	4632 2921 4318 5150
2717	1105 2000 1367 5203
2718	4148 222 4334 876
2719	2216 120 2573 5844
2720	4211 5218 5069 3924
2721	3405 1255 2185 5218
2722	3308 3542 1695 5531
2723	2217 5157 396 4034
2724	1860 2362 1875 3837
2725	4302 3997 5923 4303
2726	4335 4809 967 1803
2727	5765 496 2408 467
2728	4118 5681 353 3852
2729	876 2786 1783 1223
2730	4953 5930 4356 4172
2731	897 4968 4857 941
2732	4508 5800 4597 3399
2733	4065 5405 5096 4860
2734	62 1832 4166 4688
2735	4851 5859 4441 969
2736	5456 1224 3760 824
2737	4328 3560 2141 3607
2738	2251 2193 5825 3176
2739	2878 1196 2792 3447
2740	4549 5192 4902 856
2741	1596 4695 4280 3528
2742	138 2830 632 4415
2743	1509 5456 5935 5475
2744	477 2438 397 2891
2745	2219 4402 4075 3961
2746	629 2109 5253 5847
2747	3741 1933 4098 782
2748	3497 2970 5647 3390
2749	1134 429 5529 2737
2750	2661 3248 4492 877
2751	3106 512 2792 3666
2752	743 5479 4407 5220
2753	4944 777 2096 4707
2754	3547 4869 1346 319
2755	5073 1080 3548 5891
2756	2235 2512 467 4213
2757	3137 3872 5620 2738
2758	2477 1683 1888 4031
2759	1758 334 2205 1470
2760	906 5003 3979 2773
2761	152 2310 2834 3884
2762	3281 658 3988 310
2763	1391 1213 2171 5749
2764	5495 5301 4207 5816
2765	489 3166 5585 881
2766	2039 5551 395 85
2767	5508 3707 5517 2751
2768	637 3293 5950 3863
2769	2598 5357 2420 675
2770	606 2163 2212 479
2771	2329 5272 346 2170
2772	1983 5760 4443 3578
2773	4733 2055 4694 1139
2774	4666 2188 278 1786
2775	4280 4609 296 4987
2776	3697 559 2985 5569
2777	3504 5634 3832 677
2778	2376 1018 5493 5410
2779	3115 4040 1605 2102
2780	1152 4769 5078 4743
2781	3322 4162 5910 878
2782	5198 379 4587 5841
2783	5613 1219 617 5938
2784	3169 5413 4352 28
2785	2454 5899 5195 5915
2786	7 2164 5388 3205
2787	2301 4435 143 2424
2788	3632 2859 3038 1767
2789	902 5829 5794 5859
2790	5051 1317 5083 4445
2791	5161 5234 558 311
2792	3823 2538 1280 2584
2793	4809 3689 4054 4592
2794	3857 1156 4509 702
2795	3789 5607 3049 2226
2796	4296 85 3041 5029
2797	3610 503 1880 4494
2798	669 3989 1005 5927
2799	2968 495 5902 5413
2800	643 519 1894 2811
2801	5641 4112 2594 5591
2802	4497 3388 1827 3304
2803	107 3836 234 3584
2804	980 5584 1457 5912
2805	3400 3682 2507 336
2806	2374 6000 5671 1516
2807	2519 3912 3057 4799
2808	491 868 751 3402
2809	5199 696 4833 708
2810	1892 4251 3317 2429
2811	5982 5232 5086 3831
2812	5859 5809 2260 5247
2813	1391 5412 110 3811
2814	2620 2816 1914 1226
2815	1564 3691 180 4912
2816	5933 5221 5953 5923
2817	4895 5286 2765 1639
2818	3473 5220 941 3575
2819	1163 1250 821 318
2820	2456 2441 2057 2131
2821	1238 3343 975 4204
2822	4636 442 5354 3852
2823	1713 5878 5518 3710
2824	197 3720 844 435
2825	4806 4003 2475 4697
2826	110 2875 957 2004
2827	1539 1 5554 4659
2828	1313 2983 1206 104
2829	5530 5336 456 2867
2830	478 2532 4506 88
2831	3803 194 5954 294
2832	2292 1564 5298 3985
2833	5713 4255 3208 283
2834	979 1843 2577 5042
2835	3514 2368 1081 3487
2836	5300 3035 2019 3699
2837	205 4627 2649 2687
2838	3466 4925 2727 5760
2839	4048 4181 2768 524
2840	3273 2756 5594 963
2841	651 1801 4397 88
2842	4339 682 1953 1996
2843	2665 3931 4364 679
2844	1586 5246 3057 2357
2845	1996 2542 3526 4791
2846	38 611 2996 2180
2847	5950 2655 5611 3622
2848	2649 2015 1871 4324
2849	992 2869 1659 1047
2850	3191 1678 496 4687
2851	5670 1694 2738 94
2852	1241 5948 4501 4713
2853	3891 3774 541 3485
2854	3983 4127 4527 2610
2855	2990 1457 5681 2777
2856	3946 5878 2172 682
2857	4045 2337 4750 3028
2858	4851 5592 2541 5605
2859	2510 2619 1817 3789
2860	3501 464 3618 240
2861	1628 5206 1681 449
2862	85 2385 2227 1850
2863	1094 516 3120 2734
2864	2414 1973 2076 4266
2865	1181 4955 2471 5269
2866	1411 316 5339 677
2867	3942 958 3125 4735
2868	1673 4107 1307 1271
2869	2204 5295 989 5162
2870	2161 2926 3978 3940
2871	5868 3212 1617 3381
2872	3887 5477 914 747
2873	5486 2636 3555 2550
2874	2101 478 2390 1653
2875	3251 5399 4424 1020
2876	3695 1845 4732 378
2877	5411 1006 1543 576
2878	502 2607 2767 4980
2879	1609 5043 3223 323
2880	5784 5755 3567 5931
2881	5926 789 492 2116
2882	4554 2958 3109 5106
2883	3270 5012 1760 4550
2884	4337 3660 5045 2131
2885	3396 5307 4901 3033
2886	5700 5714 2641 65
2887	3089 602 373 5453
2888	3266 2176 4861 2319
2889	1052 715 3334 4334
2890	3964 5351 5829 5059
2891	3678 2996 2223 5236
2892	2054 4571 5189 208
2893	1245 4211 1 3418
2894	5891 4511 5507 5344
2895	3112 5851 4128 512
2896	5539 106 1534 2532
2897	1214 1056 2448 4097
2898	1144 347 5142 4218
2899	5565 1241 2408 1677
2900	3492 2351 4792 4890
2901	1585 381 2522 2560
2902	2382 3209 3762 2185
2903	4844 2710 3619 641
2904	5303 86 4800 2608
2905	2303 3298 1238 3970
2906	481 3045 571 2828
2907	277 4680 1598 5334
2908	633 3914 5142 3903
2909	4217 2280 3716 5870
2910	685 4374 5763 4469
2911	3919 938 3704 2929
2912	351 1188 2491 2163
2913	22 326 1824 75
2914	795 202 3583 4146
2915	5534 463 4651 3198
2916	1598 5387 1253 3649
2917	5770 3883 5684 4230
2918	1945 2759 1128 5990
2919	1317 4328 5843 2948
2920	4320 3547 5793 4419
2921	5671 5038 680 3723
2922	91 4402 3936 3528
2923	1815 4919 5599 1946
2924	4091 2861 14 3786
2925	2374 5945 2128 4113
2926	3766 1572 877 2986
2927	2011 4207 1172 4284
2928	1583 1081 3561 5101
2929	463 2012 3242 5782
2930	5210 161 361 139
2931	23 1335 2959 594
2932	4495 818 1425 4185
2933	4361 3813 3560 1954
2934	1442 162 5408 4770
2935	2395 3234 2798 60
2936	5297 3379 1222 3197
2937	5361 5228 465 796
2938	1380 960 2579 4275
2939	3421 5534 1757 2640
2940	3615 3240 5916 5253
2941	5991 4808 1962 1756
2942	4577 4147 5310 5494
2943	5483 505 301 1447
2944	5593 5782 3266 595
2945	5434 2844 348 1834
2946	4667 4208 1661 1301
2947	4844 4258 5256 4697
2948	73 2403 2759 4620
2949	3194 147 3925 948
2950	110 966 9 4020
2951	877 971 1443 2173
2952	2921 631 2321 5571
2953	1745 2024 3420 1095
2954	2317 3135 1711 1215
2955	4175 3357 5404 622
2956	4346 4340 2556 5195
2957	2346 2432 3232 1472
2958	2738 5861 1251 2913
2959	2513 4144 2099 2021
2960	3537 2704 1813 1164
2961	1757 2829 3185 5242
2962	9 4613 1901 2817
2963	1111 2781 4987 4137
2964	4458 3991 2823 1590
2965	5056 1683 3911 1125
2966	3734 1289 423 1550
2967	3181 5128 1384 2318
2968	4142 1827 3215 1400
2969	5262 154 2528 4491
2970	4993 1910 3826 1506
2971	2187 3378 2493 2937
2972	313 3033 3651 1912
2973	1990 4933 748 4136
2974	1164 763 4708 4344
2975	4814 4935 5007 420
2976	4670 1669 2880 394
2977	834 4724 1081 4429
2978	2136 1368 5206 1689
2979	3079 501 2690 3296
2980	1685 1386 4462 3918
2981	2704 376 4259 5986
2982	510 125 1076 5091
2983	1556 3120 1822 4186
2984	4224 3715 1458 3317
2985	5810 2142 4554 3585
2986	3863 4018 923 803
2987	3183 3406 1914 166
2988	4853 1401 2840 541
2989	2517 5069 5122 3469
2990	677 5244 1113 4425
2991	2597 5714 596 3445
2992	1154 5414 4904 4227
2993	2786 2998 5024 3738
2994	2995 5120 384 1967
2995	1467 5474 5063 1761
2996	4879 3727 4460 5781
2997	3390 1187 1077 3002
2998	4415 1153 1681 3401
2999	1789 3463 3991 3456
3000	296 3515 2067 3773
