Students	3000
1	6077 4100 6316 4380
2	2883 4708 4371 4399
3	4601 6843 503 3062
4	1829 3944 2204 5674
5	228 6592 1408 3393
6	3471 1675 6156 6497
7	4028 6646 662 2965
8	5419 1381 25 340
9	6306 6590 4530 4673
10	1205 1908 47 2480
11	3062 4695 2264 2648
12	6319 4604 4863 6983
13	2793 824 6866 2677
14	2025 4988 2884 3051
15	1073 2325 4224 3890
16	3851 4351 4668 2090
17	2352 6979 6167 5892
18	709 4137 4958 2084
19	3351 4198 3268 4269
20	219 542 3335 3888
21	4397 2368 1265 3493
22	800 3366 2920 6975
23	2890 5597 2666 1706
24	1637 5960 5299 866
25	2004 15 1593 1618
26	2583 2904 6740 4113
27	1539 4300 4060 4921
28	2510 995 1989 3058
29	6639 196 5798 4048
30	3539 1174 3238 5938
31	6884 3500 322 5969
32	4954 4096 6511 2941
33	6975 5276 3283 2831
34	1453 314 472 5835
35	5984 1953 3178 5782
36	1727 4308 2740 5561
37	3767 416 5271 4156
38	6116 4021 6002 4825
39	2834 4319 1047 3378
40	6379 1048 5707 2230
41	5552 463 1731 4504
42	4312 5216 3813 2798
43	5166 2382 3326 1156
44	6173 5976 4936 1917
45	4657 6115 1256 1876
46	6502 4798 3422 2771
47	1984 5602 70 3445
48	2090 3638 5142 5167
49	3771 1167 4728 2651
50	4417 6507 5448 1377
51	2915 5209 3794 1234
52	982 2229 2428 3172
53	4065 5428 3371 340
54	6463 4632 2668 3602
55	2289 2767 5853 731
56	1661 6641 1897 2341
57	624 3620 2514 2318
58	4650 4114 4346 3464
59	5541 4931 3624 1190
60	4516 6665 2324 6473
61	4661 6344 4179 283
62	1460 2263 3346 146
63	5312 6825 4441 4162
64	5935 4997 1289 2395
65	1792 3926 2300 6028
66	2842 3140 3325 1788
67	6378 2258 5019 5092
68	3605 6420 5931 3664
69	2333 2736 4205 2778
70	4272 4335 1022 5940
71	4271 4709 2807 3923
72	5502 3317 1214 5688
73	5400 6272 2658 173
74	5561 2675 2420 3381
75	6213 1802 6504 3144
76	2120 1383 4372 1386
77	1274 1128 6582 4660
78	831 4107 6316 4820
79	2741 5698 696 5418
80	3256 5186 6921 5215
81	5307 2619 2289 5855
82	3870 3781 2567 669
83	3132 6621 3326 3748
84	4398 3956 6396 198
85	6344 6688 5807 4160
86	2770 2084 6050 3902
87	4512 2457 6465 807
88	1544 6750 2724 4291
89	1420 4374 4653 1679
90	5549 5143 2097 5709
91	4262 6125 5604 4891
92	6992 2856 3864 6199
93	3215 6952 2127 6229
94	4189 2059 2955 4441
95	6091 4179 2417 622
96	6413 5106 3143 5498
97	6533 3542 981 1988
98	1270 3881 3527 4059
99	6911 2828 728 6358
100	2277 6455 4420 1669
101	6779 5780 3044 3067
102	133 80 4434 6088
103	2361 5331 3133 2949
104	3430 3979 4985 2393
105	4197 6861 5147 59
106	1258 5043 6172 6786
107	1624 4463 3498 3268
108	4380 1174 1853 4222
109	6352 6041 1437 3349
110	289 4834 5888 6025
111	1894 5506 299 1692
112	6609 6192 4848 5475
113	1116 6412 3919 3736
114	5896 1255 2059 1106
115	624 5952 1512 6433
116	2962 3407 6630 964
117	141 530 3813 1652
118	6393 1944 97 3489
119	6414 6885 529 2406
120	1921 3432 1570 915
121	2572 2216 1078 6023
122	4811 3044 6654 6170
123	4171 6724 2300 2041
124	2334 5497 124 6171
125	3495 2613 170 3576
126	5853 5689 2165 6187
127	6911 6793 5685 208
128	5889 1803 1107 6554
129	5370 3308 4906 6115
130	913 4327 1892 6479
131	6312 3898 3706 1171
132	2413 1253 5021 973
133	6432 1107 4988 5073
134	6092 5640 2513 90
135	6910 2878 2193 256
136	4781 2685 6341 4649
137	4823 3788 4554 387
138	6905 5570 5018 4435
139	1538 6816 3012 618
140	2019 3509 2407 3551
141	2942 3885 4837 6468
142	1096 715 5445 5121
143	6393 375 4856 312
144	1886 5367 2327 6898
145	5254 360 1766 2833
146	3759 112 740 6538
147	2846 6432 6311 5555
148	13 1222 44 349
149	4570 5712 5109 1679
150	6688 5152 2758 3224
151	5868 3994 4657 1870
152	1389 6991 3469 3210
153	2527 5850 3488 443
154	4651 4161 6186 2708
155	4696 1059 6625 5512
156	4773 6625 3329 792
157	6774 2820 4369 2143
158	7 1895 4921 1327
159	6099 4902 6069 4362
160	2323 3275 5137 748
161	5110 6193 6844 1043
162	3867 955 6171 5252
163	6380 4967 4272 5184
164	6510 6907 4434 2020
165	2562 1700 4829 935
166	4710 908 311 1681
167	6978 1316 3351 6940
168	6123 540 4207 2731
169	6162 4422 978 2077
170	3169 5591 274 3963
171	1284 1343 2972 1558
172	6924 5950 131 135
173	4904 4636 6440 6588
174	3382 2896 7000 2096
175	2058 195 4345 330
176	6261 522 1044 493
177	1145 1113 3272 2836
178	130 2020 4222 1861
179	5556 4098 6208 1867
180	4700 5598 6801 2452
181	4424 3462 2110 3112
182	2664 4954 3614 1557
183	237 3546 270 1258
184	5477 3482 413 3313
185	5469 5832 437 643
186	4930 721 2083 2065
187	3682 1038 3325 1872
188	3344 6979 6125 2271
189	5869 6056 5536 715
190	2600 2625 1733 732
191	1087 3831 4006 6956
192	1097 5106 827 4497
193	5662 6049 967 2482
194	5120 3524 6767 5301
195	3453 5885 4884 4959
196	2862 362 6962 3655
197	6851 1054 3164 5718
198	6687 5882 4370 861
199	4345 5977 6385 6237
200	4940 4697 3825 6225
201	1563 2035 6477 6580
202	849 5120 1338 557
203	843 5654 4749 1570
204	6769 3059 2906 1721
205	6377 4310 1769 4171
206	6156 2525 990 4537
207	1051 2498 965 1647
208	3316 166 4686 1668
209	3049 6245 3395 6433
210	2056 6726 2631 1362
211	5288 2888 5437 3451
212	5950 1875 4028 5945
213	4641 1571 151 4676
214	4953 5500 2601 869
215	5839 3216 3810 4192
216	616 1308 3077 1849
217	5786 3673 6543 6785
218	5128 3423 5681 5208
219	2866 2247 5199 3229
220	5853 6592 6307 4975
221	4607 892 456 3893
222	4943 5627 1394 1538
223	881 4090 1762 4132
224	2986 1877 2135 5786
225	5507 2697 4073 6059
226	1521 4665 1458 5611
227	874 951 6355 2809
228	2525 1003 236 2458
229	4861 2278 6619 4262
230	3828 1260 5448 5231
231	4984 3653 710 5363
232	1600 4953 6478 1379
233	5319 4896 3288 4730
234	847 446 1412 4302
235	3323 582 6373 2101
236	1985 4989 1116 1378
237	1247 58 6428 3415
238	2277 3349 4993 5969
239	5338 550 2353 859
240	1012 97 1656 572
241	5536 2350 5827 1152
242	1929 2646 2326 6059
243	4816 1736 3197 564
244	2442 6134 6536 3407
245	773 487 3702 787
246	2774 5434 6728 6819
247	416 3685 3966 4696
248	5104 806 2531 270
249	539 5924 6715 6333
250	6311 4042 6978 6677
251	6342 6039 4314 1079
252	5847 2383 3531 5766
253	2299 2082 6105 3930
254	3681 6045 6697 496
255	3528 2471 3649 4149
256	6128 5756 6093 5517
257	166 3029 6800 4163
258	745 5479 6113 5573
259	466 1007 1074 5646
260	6289 5255 927 6095
261	3502 5184 63 3026
262	6010 3033 3234 4341
263	3527 5687 589 3363
264	1327 6341 6207 6438
265	2127 2363 47 581
266	3136 2722 2218 4524
267	6425 1273 2756 6405
268	727 78 6370 4847
269	2618 5256 317 1094
270	1417 5306 4450 6202
271	5166 5441 803 1098
272	5654 2002 3798 3446
273	2946 1137 2209 4204
274	451 6464 1615 3048
275	4624 2664 872 3480
276	4570 6788 538 1675
277	5458 1408 2588 5404
278	909 2490 5793 6687
279	5608 2735 3884 4045
280	1081 5852 1965 203
281	1930 4274 5368 4895
282	6099 1012 6352 922
283	5034 6627 228 4144
284	5582 6758 3034 3345
285	6209 2649 3868 4584
286	2762 1009 4160 312
287	1589 139 2247 2224
288	990 2092 3531 2850
289	1670 1094 1849 2788
290	2266 6130 2410 4324
291	993 6527 1225 6818
292	6644 5170 2468 4659
293	1504 379 2830 4928
294	1158 4078 3067 4036
295	2735 73 3360 951
296	2165 5722 528 993
297	1563 981 4002 255
298	1727 565 3720 4134
299	911 2285 6906 1386
300	6845 1442 6216 1880
301	6276 1602 4859 3406
302	4038 2118 5380 3676
303	5525 5184 1483 876
304	2865 4041 1109 3956
305	1866 5524 355 2328
306	1610 4722 1478 6849
307	1376 4874 2248 3335
308	1413 4181 3367 182
309	4882 376 205 5868
310	664 5087 4106 3714
311	1413 3341 395 6603
312	6491 443 6403 2790
313	774 4644 5643 1067
314	638 4026 4279 2650
315	3161 6183 207 6220
316	3992 3194 5357 4602
317	2015 2988 2756 2953
318	1399 1231 2736 1994
319	1602 3728 6620 4377
320	339 3009 3797 1549
321	2027 199 5203 3379
322	6325 3437 4560 99
323	3634 1719 4003 2959
324	3753 29 6774 5011
325	1881 5364 5935 5192
326	6206 6751 5654 4794
327	4964 1542 3649 3354
328	3952 3382 1153 2326
329	1546 4570 240 785
330	640 6643 840 4974
331	4074 6674 1149 2442
332	850 2571 2862 585
333	3163 3209 6211 813
334	3354 6885 3103 1800
335	3619 805 1659 3932
336	1550 5449 462 3548
337	5594 3727 3470 3635
338	641 414 2282 2744
339	383 5849 6734 2970
340	4707 1176 4198 4305
341	6257 3373 6742 747
342	1844 1919 3203 2453
343	1664 767 5226 1671
344	55 2301 5424 1035
345	6963 279 2626 3278
346	566 3630 5057 4171
347	2706 1927 5444 3019
348	5659 6840 3057 2953
349	1288 4954 4629 6326
350	3049 600 2538 4191
351	1555 5429 537 2275
352	6211 2999 3469 2324
353	6692 6997 341 5673
354	1895 2469 17 3565
355	3450 4609 5835 3829
356	417 925 6958 2129
357	3405 2625 296 1190
358	6070 6483 3793 1074
359	3637 3663 591 2157
360	3286 624 2709 1748
361	811 1323 900 6955
362	1873 6275 1176 157
363	2206 6096 350 308
364	4885 2922 2897 5773
365	5843 1698 4489 5889
366	1301 682 6955 1337
367	439 4908 1073 865
368	4125 1325 3782 5610
369	5361 3364 5449 6999
370	3582 503 2123 73
371	2437 2580 5775 1811
372	749 2762 3709 1280
373	6412 4401 2677 4718
374	1551 5569 1105 3493
375	4658 3225 1331 239
376	4459 4880 145 5940
377	844 4563 4632 4981
378	3812 6518 2739 1889
379	1222 4274 2013 1780
380	6108 5431 5686 4954
381	5957 4412 19 3374
382	1772 5556 2540 3353
383	5094 5689 4076 4877
384	4518 4081 2174 5037
385	4584 1460 3544 3655
386	138 2206 2172 1854
387	5144 2597 158 4043
388	369 5050 6448 6069
389	3725 4950 2287 4615
390	3372 84 1658 2714
391	931 5049 6148 2491
392	4361 454 5949 4374
393	6898 3393 6151 368
394	4021 726 1411 5068
395	2897 3124 5904 694
396	5510 6 4297 4971
397	2291 6981 158 3510
398	148 2008 6565 3718
399	6422 341 1018 6189
400	1230 6476 5682 1043
401	527 1677 4155 4327
402	908 6441 6830 4461
403	5952 2094 4533 6675
404	3589 6070 6685 6609
405	3631 3610 6212 4990
406	2013 4354 4868 6800
407	5134 1575 1285 4222
408	859 2618 2876 6164
409	5515 5084 6754 3412
410	5600 3752 6894 630
411	1669 402 4277 136
412	2268 232 5306 1764
413	57 4311 6229 6211
414	6769 5375 3012 4287
415	4317 4911 2270 3814
416	1578 1838 734 3816
417	2592 4697 1847 4955
418	3793 5235 1494 5078
419	1277 3835 1494 617
420	4874 1719 1206 2561
421	1400 4273 4684 5626
422	6780 3657 995 1154
423	3865 4831 2159 4591
424	3713 999 1336 1002
425	2515 4623 6198 6983
426	275 1600 3427 2359
427	4205 6063 4172 1588
428	506 6690 6399 2763
429	3910 369 6944 270
430	6081 1791 3978 3422
431	2386 4818 5240 3090
432	5776 4726 2080 4140
433	2909 3093 5040 1426
434	2306 5944 1506 613
435	1265 6865 5264 5812
436	5684 4126 4502 6329
437	2388 1247 4662 2766
438	2394 1093 4279 5724
439	1885 2015 4706 3864
440	4945 6191 1876 2578
441	4075 4421 1631 5788
442	4657 6820 810 6020
443	6198 6111 334 6062
444	39 6391 6878 1763
445	57 40 2866 4545
446	565 4895 249 2505
447	541 5394 4527 5675
448	5340 5335 6615 4636
449	3282 2339 5261 787
450	814 1618 3572 1642
451	70 4984 4039 5670
452	4552 6988 4785 4731
453	5655 4200 1261 772
454	4920 5883 6545 5391
455	5097 6913 6909 1278
456	2596 5024 2383 3685
457	6043 1201 3206 1459
458	2862 1744 4198 4180
459	2027 3950 5927 5417
460	4828 1987 3051 4462
461	262 6949 3211 3499
462	1036 3005 3278 200
463	3352 170 3816 1296
464	4222 2636 4953 3738
465	1871 1561 4135 6220
466	3522 6120 1929 3898
467	976 2068 2261 2919
468	1651 5745 6421 3354
469	1856 6938 4525 435
470	2425 2557 1110 5262
471	1058 4073 1677 5256
472	1586 28 3081 6006
473	2622 2458 2403 2868
474	2481 6637 2791 3165
475	488 998 3414 5186
476	731 6368 6762 3595
477	2031 3408 3472 4690
478	6049 4916 2475 2141
479	3912 1538 3252 6711
480	4279 1749 2429 2639
481	4050 133 3752 5208
482	6990 6260 2825 4780
483	1582 499 3246 5710
484	1953 59 58 2851
485	4440 5422 6582 4457
486	5097 3124 6799 1472
487	2650 6853 2876 3320
488	3999 1968 6098 3101
489	3668 5417 4387 3630
490	5655 4365 4511 2340
491	3980 1693 3536 3736
492	5187 303 2810 1940
493	847 6407 6716 2912
494	3244 1890 6359 826
495	3415 6264 1660 69
496	235 2774 5726 5541
497	1515 5064 6729 4719
498	4061 5362 4565 5117
499	228 967 3564 2669
500	800 658 5229 1608
501	3869 5399 4083 4120
502	2811 949 5979 2374
503	4212 5025 5793 5020
504	5936 2793 5997 6584
505	6775 4482 889 5941
506	6902 6844 785 2444
507	6639 5218 5540 1112
508	5689 3993 1800 1242
509	657 3735 1172 4815
510	6522 1036 6461 1522
511	1036 4860 2454 1933
512	1201 3736 4913 5465
513	2088 6323 4030 6197
514	829 2566 6129 1956
515	3495 3928 3872 440
516	5505 3733 6120 5806
517	5698 4940 3406 97
518	3315 1243 1163 2137
519	3005 3019 5315 4181
520	4901 5723 2078 4146
521	1715 1041 2182 4044
522	104 6561 672 5189
523	4978 6554 3777 4424
524	2553 4622 4514 2514
525	6237 308 1004 6550
526	4713 5274 3233 5887
527	3981 2389 5134 4451
528	1739 1855 3521 6917
529	4087 884 1035 1078
530	4562 3897 6989 1028
531	3354 1753 2728 395
532	4877 2494 5933 1728
533	6818 6690 5569 1276
534	2251 5071 1995 180
535	5193 1193 3931 5748
536	1242 3557 5539 1974
537	3225 1842 184 6996
538	6384 6563 5420 1520
539	912 2922 1246 2453
540	2034 3558 2620 5590
541	1450 5981 4876 4349
542	3469 1341 5986 4215
543	1350 759 3266 4182
544	1181 2183 3068 5471
545	6519 3046 6347 818
546	173 998 753 4532
547	133 1566 4528 6216
548	1047 2689 6063 5883
549	2894 6797 389 184
550	2954 1460 1143 1636
551	3756 6858 6097 4053
552	5933 3373 5084 3570
553	6394 3110 5046 5779
554	6848 753 5796 5774
555	4614 6994 4413 5616
556	40 1238 718 625
557	6564 863 4983 2327
558	3947 5269 2652 1288
559	5919 127 731 5732
560	5271 4684 4533 5952
561	335 4929 6253 1389
562	2834 4793 1365 669
563	6244 830 1195 5231
564	1060 4853 1013 4888
565	4563 6593 4386 6162
566	3008 3254 935 5583
567	152 5056 367 4829
568	1090 3973 4282 4318
569	6791 4419 6498 5162
570	3075 4932 2161 586
571	4110 5860 5767 3668
572	2586 4804 5133 3351
573	4322 370 4834 1033
574	4235 4613 1303 1968
575	6679 2052 1725 6156
576	1566 50 4601 377
577	3442 1716 3947 5511
578	341 3907 1060 3923
579	2665 6689 4613 486
580	3209 2330 3070 2089
581	6378 5030 2439 3290
582	3549 715 6750 2005
583	6728 1084 6265 6985
584	246 3083 4674 1795
585	1346 3313 6940 1314
586	2357 5588 5298 2551
587	6631 5739 3133 2159
588	6011 2489 466 1079
589	760 3037 3777 1748
590	2531 435 3410 5546
591	125 391 2503 2096
592	6579 2278 634 3649
593	6453 4654 4497 4643
594	2230 1828 63 6102
595	2157 1056 3814 2585
596	6117 2027 5722 2948
597	6502 6862 3188 1063
598	6321 885 1158 5523
599	1886 1774 3905 120
600	5372 6303 4631 839
601	4987 5674 285 3168
602	4692 1442 3987 3632
603	4714 1448 6735 4639
604	6934 2752 4887 5449
605	3778 3068 4286 5534
606	2073 2027 6864 1838
607	2297 1955 5884 5675
608	2684 5992 4416 6995
609	4202 6791 1559 4719
610	6647 6831 3043 6116
611	2246 5450 915 2266
612	5574 4925 4830 2163
613	154 4577 5193 2813
614	5475 5680 3808 6861
615	5998 5517 5373 5793
616	652 2800 6966 6363
617	6015 2843 1553 6528
618	5526 4736 4339 5320
619	54 3607 6004 3616
620	6962 5163 1180 1938
621	3461 4653 6983 39
622	3817 2398 3735 4033
623	6561 6910 2499 6143
624	2754 1520 1627 3159
625	995 6479 850 4631
626	3958 2637 3318 6512
627	2943 587 6806 731
628	123 2344 550 552
629	2798 4076 6839 3887
630	2127 5754 72 3072
631	5062 1039 1842 1543
632	4002 5764 289 3922
633	240 6493 1210 4938
634	241 2278 863 5542
635	1101 4612 1146 1260
636	5156 1041 2539 6111
637	3142 3018 428 4039
638	863 4496 790 6289
639	6153 4924 2785 3270
640	4568 5708 4083 6336
641	3616 4614 3363 4475
642	3123 4838 3799 4763
643	5228 1720 3581 6732
644	5391 1950 1004 2676
645	5094 3114 3989 5568
646	6661 4098 4427 1505
647	2124 2930 3453 655
648	1347 3597 5115 5030
649	5865 1243 5267 2290
650	4398 2232 5301 1322
651	1414 2344 1445 3861
652	6233 3840 1117 2621
653	3229 2239 1640 1744
654	2641 193 6756 6078
655	4467 1076 742 485
656	2950 3505 5715 3870
657	2090 3634 4334 1531
658	3804 56 4702 296
659	4264 2724 6733 398
660	180 6515 6698 2219
661	6588 6476 3391 2755
662	780 6397 6605 4529
663	434 4916 3937 680
664	1637 3870 2725 3220
665	3111 4034 117 6187
666	5731 5662 203 188
667	1760 4634 4332 4032
668	2535 4281 2320 4965
669	770 6792 384 4846
670	4831 13 336 284
671	6089 1499 2424 6777
672	3673 3278 3306 691
673	1184 1262 963 2003
674	5238 5869 6992 3280
675	5383 5938 3084 3819
676	296 1431 3697 4119
677	2159 909 2833 1381
678	6313 6132 3471 3006
679	2362 4891 2987 3702
680	2628 2016 5774 1865
681	1604 6245 3132 2056
682	1881 822 6253 5333
683	5966 475 4193 6669
684	6731 4240 4850 4988
685	4771 869 3197 4317
686	3047 1609 4972 4050
687	2589 787 195 5334
688	4102 2886 4970 2504
689	4666 1 1878 6506
690	2847 6470 3591 3157
691	6806 4754 2472 6371
692	1138 6970 543 6438
693	5212 1810 1048 2596
694	1766 6437 4672 6510
695	3060 3687 2383 3361
696	395 779 4646 1739
697	4507 1567 3001 6010
698	4896 1199 4347 2523
699	4516 2989 2929 656
700	2283 3387 3505 1132
701	4270 6429 2171 961
702	1266 1997 4362 1376
703	2055 6147 4721 935
704	3594 6509 5390 733
705	1312 4382 3355 4305
706	612 2087 326 1933
707	5121 2951 192 3808
708	6030 6293 3926 4999
709	2620 3654 2368 2684
710	1630 1704 5023 5301
711	6878 5606 3870 1615
712	612 3414 6567 4336
713	2399 1619 6828 460
714	5466 1305 6419 4755
715	1906 3141 1273 2318
716	650 1566 725 442
717	1153 3009 1483 2713
718	1002 4532 6722 2462
719	4387 293 1728 6100
720	1645 1214 4799 1209
721	1663 5957 2285 4298
722	4182 4150 3633 202
723	2506 792 4176 4080
724	309 1212 3107 6759
725	2424 2179 2134 1742
726	4428 2933 646 4044
727	3523 6694 1774 6264
728	3572 1633 6462 2935
729	3908 4320 4972 4479
730	1916 4219 2021 671
731	3742 2197 5844 2629
732	2253 2933 5885 1318
733	2724 3280 3672 2690
734	6241 6637 5803 4808
735	6330 4107 1491 975
736	4786 5283 1715 5610
737	6531 5044 3892 4758
738	1743 4211 3011 5939
739	1708 3856 937 6925
740	4159 6699 5088 2937
741	6272 4318 1844 105
742	5525 1841 6861 1284
743	1976 5765 5384 2215
744	4958 305 1559 3412
745	5094 6011 640 5911
746	2948 1878 4647 2712
747	5593 3948 2965 172
748	1184 843 1341 6018
749	2025 4357 4674 987
750	2115 3286 6653 5058
751	1264 1034 6090 6984
752	233 6283 1419 1653
753	5256 6222 3203 6819
754	2634 604 4220 3030
755	2765 5630 248 6193
756	1192 5151 1530 6892
757	4616 4881 5064 3520
758	4678 6716 825 5666
759	3150 3183 72 1505
760	5365 1904 755 4809
761	2580 1322 6229 236
762	4130 6122 1812 6029
763	4586 1662 4223 837
764	5664 6484 1230 6910
765	1904 3854 4600 233
766	5332 6231 4136 5599
767	1743 3235 6408 1217
768	1281 5893 5198 4033
769	3713 1576 3259 1710
770	714 5870 1236 5557
771	1484 6848 4585 932
772	1791 395 428 2753
773	1655 6987 1083 2070
774	1341 3019 5920 4906
775	2310 1383 1166 4063
776	578 6705 719 2648
777	1433 5793 6421 3182
778	1141 4482 4879 5143
779	5764 1809 2776 5284
780	4254 2266 10 2479
781	5835 3693 6266 2884
782	4356 1982 5190 1908
783	779 489 1876 573
784	3456 3475 1320 6117
785	5070 4696 92 1747
786	2479 6917 5951 1830
787	3668 1577 1308 1215
788	3186 3454 3531 796
789	31 2250 6313 6848
790	5720 6741 2898 6514
791	229 150 4578 2234
792	1586 736 5752 998
793	3798 3246 24 2087
794	4759 1723 2634 5353
795	2181 516 1423 5145
796	3815 1951 6761 1071
797	3489 1661 1472 3279
798	6334 2536 3848 6645
799	4886 1844 978 659
800	5408 2395 6769 3378
801	6293 2414 4436 3068
802	925 3940 2630 5178
803	6086 60 5602 722
804	296 6054 6510 3568
805	1273 1708 2453 4386
806	2574 506 3764 3263
807	2107 646 2175 1045
808	363 1473 396 5287
809	6275 6902 1566 9
810	1602 138 618 896
811	5756 3786 406 1984
812	6219 545 4229 5408
813	50 5716 1036 2435
814	1775 6859 1 5504
815	5865 2019 2494 429
816	3562 4102 5733 4592
817	3404 6308 2196 6119
818	166 2092 2107 1474
819	204 4302 161 75
820	5310 4887 884 1773
821	989 5506 2384 3826
822	769 4426 1420 3416
823	4229 4182 5901 5226
824	384 290 789 2872
825	6059 3253 2635 5595
826	623 2590 6197 3856
827	2871 462 980 6998
828	807 2928 620 5830
829	5288 1051 3571 3598
830	981 6110 5908 5807
831	3340 5552 6506 578
832	2513 3945 1833 2774
833	5486 942 669 2896
834	6801 4891 6740 3426
835	5660 6410 2626 3913
836	6025 6620 5685 6892
837	6814 2332 5833 1844
838	586 1706 5053 6692
839	3383 5752 3659 975
840	6901 4657 2781 1349
841	1814 2684 4976 3683
842	4346 3301 1398 4822
843	2723 6938 3718 477
844	600 5245 6149 3304
845	3374 2893 1018 2547
846	2222 4626 5469 2852
847	1052 3707 6139 3687
848	6173 2751 2106 3869
849	1443 5861 6507 925
850	2030 2399 5115 1608
851	485 2681 1769 5727
852	2926 6657 2884 1566
853	2100 5594 5773 5330
854	4768 5997 276 2992
855	1018 3302 925 2479
856	4962 5089 1782 5624
857	3308 839 6330 4675
858	2862 1396 1478 5299
859	3424 1624 1575 5008
860	3260 6037 4335 6177
861	1455 6066 6924 636
862	3668 651 6232 4009
863	4889 2121 2065 2118
864	3674 6146 2743 1196
865	5505 6338 5439 8
866	6517 3130 3493 1245
867	85 2442 433 2439
868	6027 4651 559 3721
869	2365 359 3583 6807
870	3328 4502 2016 866
871	2162 1760 1130 2181
872	2190 6840 381 3724
873	797 4743 2030 4641
874	4565 2196 3254 2867
875	1853 1160 2703 6431
876	2797 5131 2045 675
877	2968 6298 2470 5601
878	3064 3810 2162 5566
879	1681 1208 4754 2651
880	6006 4628 4566 634
881	6484 4869 6737 5702
882	12 4719 3019 4749
883	4962 3638 4215 3737
884	5452 760 6815 6448
885	1484 4030 4946 3610
886	2105 830 4153 1740
887	2082 4812 1778 6802
888	3297 358 3695 3366
889	6151 4673 2340 3186
890	5650 6256 5184 6089
891	5256 5380 6007 2549
892	3032 4272 4293 159
893	3712 2277 3260 6107
894	6163 5347 1154 6329
895	2737 6307 3466 3885
896	423 4391 2267 5565
897	2782 4416 5432 2562
898	3714 1342 6667 2999
899	6191 5171 4907 1148
900	6770 663 5459 3630
901	3635 2782 3513 4807
902	4060 3601 912 3884
903	2697 1427 6326 5104
904	364 3478 2485 269
905	4743 3777 2553 2062
906	3348 163 1188 2169
907	2593 28 6458 4578
908	4806 2513 4782 5128
909	3666 6460 1840 4045
910	1903 6096 5298 1963
911	5129 4587 7 3379
912	4588 3900 3388 3563
913	4147 406 2286 6126
914	3384 6880 6949 3378
915	6647 6990 677 1880
916	5084 1319 3419 3319
917	993 1744 1300 4877
918	6336 2799 3004 1135
919	2744 3137 2802 413
920	6857 372 8 4223
921	76 444 3827 5527
922	3920 5074 4228 3366
923	645 3217 2157 5357
924	1938 345 6204 6970
925	6561 1631 2987 6589
926	2334 4218 6894 2093
927	3733 6696 2224 6543
928	3466 209 57 3836
929	183 2472 4506 4653
930	217 2838 3361 3559
931	1976 4927 4009 1392
932	2859 6476 2910 867
933	2172 6930 2851 1134
934	6062 3877 6509 4369
935	3687 6057 184 2888
936	2407 1248 5633 3901
937	4165 426 784 1462
938	4399 1006 1637 4149
939	5860 1647 3143 5302
940	6940 5588 284 469
941	197 4206 4736 5986
942	298 5672 216 152
943	5020 6165 5255 2286
944	6978 4040 5468 6414
945	602 1951 212 608
946	457 11 590 2033
947	5328 1290 2390 6734
948	1514 1933 3365 2798
949	6424 1924 4136 5902
950	902 614 5522 1721
951	3384 3670 3521 2534
952	5323 5797 2190 3426
953	1672 2706 5850 229
954	4078 6885 3193 3105
955	954 566 6959 5113
956	1470 6025 5576 5051
957	1512 3294 2160 3116
958	5859 1456 2027 972
959	586 3556 2528 3406
960	4396 604 1118 1092
961	233 4126 4657 4905
962	6760 3899 1462 3401
963	3825 3199 4744 5623
964	1752 2552 5095 3444
965	579 3311 4213 4439
966	5363 5715 6541 4559
967	5495 1343 4809 6977
968	6873 3392 6086 4688
969	6783 1118 5346 5286
970	3755 1330 6948 5604
971	264 5487 3960 233
972	547 6786 2006 3793
973	5402 6502 6898 4784
974	480 2574 3844 1136
975	5449 4365 5511 4734
976	4487 3173 4789 3120
977	1780 6225 3195 4887
978	4311 2877 1647 4403
979	792 1674 5622 274
980	5649 3017 719 5316
981	6742 5861 4626 5610
982	5847 6170 2606 4205
983	2653 4614 3611 3979
984	5303 3035 3161 5406
985	2846 1720 1335 6549
986	6722 6202 1803 203
987	1846 5650 5373 5048
988	6512 6487 176 3174
989	5292 3494 5443 1774
990	4952 6774 2952 6071
991	82 4673 2211 6029
992	417 3403 279 6642
993	5328 5164 995 4070
994	4694 113 112 2701
995	3730 1476 134 985
996	6484 346 3329 6236
997	5737 6458 3569 3316
998	1454 4355 5188 404
999	3369 2210 1437 2707
1000	6607 2057 5294 5947
1001	2746 6909 6213 3503
1002	508 3889 6838 6806
1003	4327 1235 3113 1847
1004	6731 3112 400 3578
1005	1452 1299 3162 4647
1006	2073 2026 169 6898
1007	200 6550 1419 1623
1008	6393 413 1890 2888
1009	6599 43 4513 623
1010	504 5230 4320 420
1011	42 3698 639 464
1012	1330 4149 6412 2212
1013	2300 1789 5783 2667
1014	4536 4888 829 3549
1015	4699 6827 4864 6752
1016	6054 5566 3766 3887
1017	6044 1296 4048 2064
1018	3366 3355 388 576
1019	4505 4327 1344 3527
1020	1063 1652 2506 6546
1021	4070 5366 85 4292
1022	1078 6749 6360 1026
1023	2305 201 1717 6808
1024	5062 3599 1656 111
1025	3958 3388 4706 2615
1026	5715 6728 2183 2425
1027	4509 4096 6181 5912
1028	5382 6644 1524 6070
1029	1024 1770 6216 5905
1030	1004 3235 536 3653
1031	1657 6658 2412 2899
1032	6459 5643 1364 4333
1033	6853 2325 4680 6195
1034	519 2927 4871 5589
1035	3701 6632 786 6051
1036	3065 2489 3382 2780
1037	3069 2376 3431 4224
1038	5814 6790 1703 499
1039	965 3873 4218 1989
1040	1661 2214 2333 3285
1041	175 5150 4004 2992
1042	6797 2147 5767 2358
1043	3515 187 1674 2852
1044	5049 3411 4707 4826
1045	5053 2733 3427 83
1046	3377 4060 6911 4067
1047	5379 2665 6165 643
1048	3203 4294 4242 3982
1049	3470 641 1556 4265
1050	1150 3839 5360 1251
1051	1855 4935 5781 5650
1052	953 5532 3267 3895
1053	2676 796 6887 5636
1054	5672 6159 1703 95
1055	858 503 6071 4569
1056	2910 6691 3126 2535
1057	5924 1451 3024 5322
1058	6580 1988 5739 5424
1059	6022 84 840 4714
1060	3783 1910 663 2820
1061	2527 4358 742 2483
1062	587 6334 4051 956
1063	32 5609 4149 3456
1064	6008 3145 1529 4938
1065	2765 212 1331 6160
1066	6141 4525 2919 5448
1067	385 321 5102 3783
1068	4315 2103 6805 5925
1069	1742 3186 6644 1199
1070	3267 2503 5955 3170
1071	2559 2119 2710 2598
1072	4663 711 1177 5337
1073	3047 4073 3039 2278
1074	6872 377 4575 3922
1075	5299 5081 6895 6162
1076	6669 3734 670 3591
1077	3778 352 2158 2798
1078	535 4189 5182 6517
1079	6482 6825 5453 2813
1080	6459 1891 2686 2282
1081	5302 4199 6203 5150
1082	5566 3656 6674 5462
1083	6777 6133 3518 6842
1084	1565 3573 4831 3569
1085	3815 1261 5169 5607
1086	1861 6338 4663 256
1087	4077 3993 5848 2163
1088	2304 33 1794 454
1089	557 2710 3199 4877
1090	6824 3482 2509 3530
1091	5394 998 2985 1178
1092	6757 2628 4262 505
1093	3271 5887 3000 5054
1094	4393 3520 4047 3953
1095	704 6749 3104 1953
1096	3276 5495 6618 1380
1097	6231 2576 5011 4497
1098	5934 4941 6639 2628
1099	5946 1689 6100 6605
1100	3158 1748 6926 6204
1101	950 695 2744 3884
1102	1547 6026 899 5407
1103	4144 3543 232 6535
1104	2895 1062 2440 624
1105	1395 5957 6491 3468
1106	3048 3683 6232 2341
1107	359 269 375 2891
1108	1146 5242 4638 4131
1109	6298 2779 3322 1283
1110	3657 5341 5053 2193
1111	1946 3192 1693 6399
1112	1337 5136 526 1956
1113	4912 3498 1074 3819
1114	3176 2658 4300 2742
1115	3329 6746 4288 4446
1116	2549 1002 5706 6628
1117	1289 5680 4740 6428
1118	4177 4509 6622 3297
1119	253 6984 139 4059
1120	4074 1176 6461 3006
1121	5938 61 6465 467
1122	5481 4485 4352 6645
1123	4228 1777 4381 2160
1124	1821 4647 2845 1373
1125	1428 5421 2070 2949
1126	6951 4888 6153 1367
1127	1642 2370 4744 2231
1128	5451 2908 2523 4900
1129	2302 3424 6788 1203
1130	6388 3957 2935 1222
1131	6739 3711 5698 2291
1132	1899 3168 5873 568
1133	2375 5231 2649 814
1134	6037 1784 5440 3064
1135	2445 2725 2624 6802
1136	2699 6795 3574 367
1137	3255 413 3698 2847
1138	6001 5187 589 6466
1139	5745 1445 3062 4901
1140	6239 4594 2688 347
1141	4694 2469 6980 4125
1142	5584 6478 4488 2023
1143	6076 3678 3845 6099
1144	1877 3266 986 6840
1145	85 989 4965 4067
1146	325 3892 6695 5017
1147	2965 1609 2689 2321
1148	4543 1167 6008 933
1149	1219 3249 5865 3342
1150	6280 136 1127 2911
1151	6850 6527 5523 6941
1152	5251 1209 1095 1023
1153	6114 6791 3012 2372
1154	4799 1301 6731 1842
1155	1832 4576 6650 1174
1156	4662 3524 408 7
1157	542 5268 4236 2415
1158	3847 5108 3780 2101
1159	3794 217 4515 4994
1160	4602 6226 670 3453
1161	1554 5616 2928 6769
1162	638 4220 429 265
1163	6121 3794 5666 1431
1164	2191 2399 3117 4818
1165	6124 1324 5215 339
1166	3103 4113 4886 5446
1167	5969 3401 6197 4911
1168	4976 5149 928 1529
1169	3740 2359 5441 6588
1170	3485 715 2334 2862
1171	4821 4942 4744 6011
1172	3240 1330 4103 3522
1173	3525 41 6877 629
1174	2075 4812 2468 2657
1175	4767 2070 4834 2768
1176	5359 2314 560 1533
1177	240 5895 4353 4976
1178	5867 5942 1264 5702
1179	2751 5413 1152 1432
1180	5894 4880 5929 4250
1181	1254 4293 1237 3207
1182	5676 1262 3363 6788
1183	721 3259 2035 4297
1184	2788 6108 6295 3121
1185	321 3413 1950 1559
1186	6964 6612 1176 3450
1187	2427 619 2240 3995
1188	6851 868 5893 5408
1189	2746 6819 6948 3211
1190	2442 3765 4597 1330
1191	4304 5329 3811 5401
1192	2401 4261 1486 4805
1193	5300 2699 3862 4770
1194	184 3590 6931 1822
1195	3674 6621 2592 14
1196	1751 3119 938 5702
1197	3950 6550 6212 222
1198	5819 601 5415 1405
1199	224 317 6701 1476
1200	1912 1418 2222 1905
1201	6262 5870 3903 351
1202	6047 2136 459 5899
1203	3477 4581 1022 594
1204	3682 4215 4847 1403
1205	6052 124 6410 408
1206	2522 2140 4462 1568
1207	4716 4871 4514 1017
1208	3025 3456 1475 1490
1209	5643 2053 4364 5514
1210	6880 2276 1838 1789
1211	6588 6543 4915 4445
1212	6373 2765 4204 2334
1213	4802 1103 5944 1086
1214	435 2855 6620 2715
1215	2334 4245 5134 5015
1216	4281 1073 767 1797
1217	3197 3518 5280 2276
1218	3817 6813 1759 5154
1219	1378 1035 4395 5242
1220	567 3683 3650 95
1221	1979 6398 793 3201
1222	4589 4708 993 2595
1223	3730 1884 4940 4657
1224	6840 5138 6866 2624
1225	5816 2757 1152 5462
1226	3611 1478 6905 5089
1227	2422 5992 3849 5030
1228	5085 1984 2895 4008
1229	466 4379 288 6225
1230	1683 432 4545 2431
1231	3937 3069 1296 809
1232	1689 4298 4012 1215
1233	1743 1012 2645 2872
1234	1749 1711 5729 2850
1235	2350 1512 2276 2169
1236	4067 2579 27 1302
1237	449 194 6600 2975
1238	5672 4195 6896 5139
1239	5647 6145 4641 6797
1240	4795 2352 3164 5117
1241	633 6755 2741 2122
1242	384 1586 5134 1947
1243	4430 4928 2983 6319
1244	3896 2599 3583 6029
1245	238 5785 3436 5842
1246	6911 153 1760 1660
1247	5982 4821 4671 2979
1248	3683 5879 3786 2519
1249	3006 615 2864 5646
1250	1570 3364 1555 2089
1251	6400 4707 124 6980
1252	3311 2714 911 4198
1253	5209 5101 6464 2947
1254	3357 1388 3546 4896
1255	6263 5044 6098 613
1256	949 639 4648 5575
1257	557 3254 4464 1371
1258	305 5193 1942 481
1259	2050 1674 1572 4060
1260	6201 1976 5294 1657
1261	6367 3013 3940 1711
1262	5333 5733 3602 1748
1263	6274 3944 4516 1513
1264	4211 4228 4160 2201
1265	3841 4695 4572 558
1266	1883 6435 151 3982
1267	4045 62 633 5993
1268	3578 666 3366 3190
1269	2029 428 1054 2340
1270	3344 5985 2621 1760
1271	525 4361 3843 4003
1272	990 2492 733 1861
1273	2834 3596 5814 312
1274	4062 6136 3231 6613
1275	498 880 5105 5905
1276	5244 657 2297 3356
1277	3130 4100 3497 2734
1278	459 2007 3689 3875
1279	1007 5438 1859 2660
1280	6024 4213 3669 3825
1281	3855 5973 2392 260
1282	3527 5131 6118 5928
1283	2788 1113 1166 2311
1284	5630 6788 5256 6549
1285	4647 4640 6730 3306
1286	746 4206 4496 3787
1287	5948 794 3335 6353
1288	2516 548 2075 3413
1289	6372 876 1535 6893
1290	2174 1287 2224 5729
1291	6123 2237 2615 4868
1292	6328 4748 2657 2797
1293	3647 3233 1479 1233
1294	6270 3913 6188 3406
1295	2058 1767 1246 1074
1296	4818 731 304 4718
1297	167 511 6902 1082
1298	2696 2377 5441 1651
1299	6348 3572 6940 660
1300	800 2973 3670 785
1301	4458 6538 5943 5604
1302	5147 5139 381 4922
1303	3778 5235 6583 1059
1304	1047 540 4430 1308
1305	378 1314 2467 5261
1306	3978 4100 3034 2086
1307	6504 4941 1738 3532
1308	1776 2054 6526 2613
1309	454 309 2212 7
1310	3154 2221 824 6983
1311	19 507 4243 2708
1312	3134 6025 5241 5411
1313	4912 2467 3352 1771
1314	6804 6727 3945 3981
1315	2629 1171 3965 966
1316	2828 159 2086 779
1317	5967 3192 4401 3020
1318	4404 4854 4211 6469
1319	902 4794 6521 5792
1320	4806 3993 3265 3078
1321	3731 1374 2139 6883
1322	5369 3896 3997 3974
1323	1304 6905 2529 5000
1324	3639 2964 192 898
1325	1819 1241 3005 6127
1326	576 2011 2651 2376
1327	5989 4747 4683 456
1328	5006 1764 2325 6829
1329	1501 4580 3134 2977
1330	3102 3032 4496 6394
1331	2451 3247 3728 688
1332	4442 6596 5298 3653
1333	975 4622 5963 2548
1334	201 1249 2285 5310
1335	2515 3576 4132 518
1336	2238 6675 3113 6276
1337	1122 1636 1109 5402
1338	295 3911 3744 3621
1339	6869 5725 1018 5607
1340	1156 6089 872 5465
1341	6814 6017 4935 5489
1342	3512 6903 2561 76
1343	4111 2241 6666 550
1344	5356 4863 304 2230
1345	624 3422 5997 1490
1346	6044 1858 6949 2289
1347	3022 5082 5632 5900
1348	5694 4851 2084 408
1349	528 5234 3302 3310
1350	3351 3661 2656 4882
1351	530 2213 6320 267
1352	1280 5792 684 1789
1353	6934 1413 5060 3251
1354	995 5084 2035 857
1355	6575 1393 1528 3372
1356	3965 645 5261 845
1357	3133 5507 4372 2111
1358	1628 5037 3553 6644
1359	3860 5313 2307 1698
1360	2146 2057 2815 5899
1361	13 5392 6018 228
1362	1403 6655 2858 6027
1363	2167 1995 3183 2120
1364	2049 575 5629 3296
1365	5611 6002 5306 5233
1366	2852 2216 2271 6896
1367	5743 130 4537 3652
1368	390 1939 4722 6906
1369	4869 2122 3641 5019
1370	3994 5603 2328 521
1371	938 761 2728 1207
1372	3064 5591 2825 1040
1373	1662 1019 260 3184
1374	2206 5802 2745 6807
1375	3081 1501 238 3983
1376	3269 5225 1111 6583
1377	1939 6458 6315 5974
1378	4139 3669 6923 5714
1379	299 5176 5921 3889
1380	2214 3005 4692 4945
1381	589 3397 3237 5473
1382	6692 1936 4861 4805
1383	4746 6580 4156 6136
1384	3312 2795 1612 2134
1385	1338 5408 60 5556
1386	6839 2190 2114 4619
1387	3453 2756 6455 4870
1388	3518 5513 4847 6029
1389	2796 4609 3154 5872
1390	1825 1316 3140 3304
1391	1778 3966 6852 5502
1392	203 3461 3550 6687
1393	4481 1654 522 865
1394	6012 2614 6190 1733
1395	4150 3277 114 1109
1396	5727 234 531 2247
1397	4407 1072 1631 3590
1398	397 2592 5579 34
1399	2588 4418 6591 1050
1400	604 575 6742 2760
1401	3583 6008 427 842
1402	5594 153 5987 6234
1403	3204 6340 266 1672
1404	2921 261 5229 2018
1405	6512 6139 3988 6863
1406	1788 6655 6140 2483
1407	3650 5638 2308 763
1408	6404 898 3825 211
1409	1522 3328 4999 6627
1410	1949 2084 2011 5033
1411	4242 2752 2190 5118
1412	3291 6217 3573 975
1413	4529 2299 1959 1472
1414	5341 1310 5392 5942
1415	4192 6626 179 3364
1416	1908 227 5609 6169
1417	6570 375 4845 596
1418	1081 4168 5476 6187
1419	6209 6230 4755 3936
1420	6605 334 6026 5445
1421	3187 5080 619 6666
1422	4300 3833 5809 1650
1423	5383 5119 2274 1829
1424	6455 285 6953 1442
1425	5511 5131 1804 3562
1426	4164 5725 4737 2159
1427	3113 6943 1925 5522
1428	6858 4531 3833 1167
1429	4635 4142 2030 5013
1430	5796 3924 6218 4552
1431	4514 2590 1798 5204
1432	6972 377 1677 3909
1433	2611 4049 257 640
1434	6870 3828 2623 3444
1435	1522 4357 3614 3198
1436	2603 3015 2756 3732
1437	1166 2075 5096 1663
1438	3401 6532 5893 6161
1439	1681 6335 2429 5207
1440	4964 2303 998 5393
1441	1972 3768 2411 5288
1442	2018 5150 2178 6038
1443	3299 3922 5377 5778
1444	4466 5887 6086 5255
1445	4066 397 4142 6533
1446	3737 3081 817 3019
1447	1458 4126 2241 3122
1448	6426 4033 2988 2508
1449	6752 771 4035 6008
1450	3019 2932 303 1275
1451	6088 2079 1441 3169
1452	1352 5261 6433 2785
1453	82 6246 3697 5907
1454	5641 577 3578 6274
1455	6064 5938 1715 2495
1456	210 6646 566 5995
1457	3755 1490 1176 2224
1458	641 6604 6799 3511
1459	4049 5080 2577 4524
1460	822 2393 3789 6936
1461	15 275 3997 3957
1462	5394 98 6432 851
1463	3538 2258 4345 6112
1464	5300 3029 3517 4034
1465	6900 5362 4325 6814
1466	3570 1527 1310 1166
1467	6333 1151 6308 5434
1468	162 4331 4372 6254
1469	927 2248 2706 4675
1470	3507 5175 3009 4740
1471	3397 3456 6330 6777
1472	1542 839 1032 2036
1473	2048 3339 557 4827
1474	5294 3383 6676 2621
1475	6809 1461 6962 6660
1476	3636 561 3749 2810
1477	5475 6829 2346 736
1478	2561 561 2177 881
1479	4295 2743 6858 3381
1480	6297 6224 1283 2418
1481	6711 2337 136 4857
1482	6784 700 2179 5474
1483	6528 6432 64 3914
1484	5418 179 6731 3529
1485	3868 3079 5945 764
1486	6609 2883 2553 4155
1487	2182 6194 480 3763
1488	6526 6812 4521 4854
1489	3129 2145 3079 4584
1490	488 6004 2198 4644
1491	1444 5857 5563 1179
1492	4711 69 3549 5747
1493	5933 4142 4400 526
1494	4641 4684 1175 990
1495	453 348 4070 3866
1496	1818 6452 4205 2513
1497	216 5275 1189 6991
1498	3136 2122 2764 840
1499	1877 2355 1405 2071
1500	546 6587 3806 1496
1501	819 6638 1053 6542
1502	4600 4347 4815 3055
1503	4598 886 2880 2684
1504	842 3225 5650 5772
1505	3878 268 5053 6741
1506	849 4113 2517 5874
1507	3216 5643 1942 3748
1508	4771 2272 5712 4024
1509	1809 2255 6984 3610
1510	2459 6412 5453 1578
1511	4841 3876 1182 503
1512	2736 5216 2715 5913
1513	4206 5943 1503 6230
1514	6058 2337 3566 6345
1515	2378 1135 4680 3860
1516	6717 1050 2082 2040
1517	4760 3032 3518 2751
1518	1860 2776 400 759
1519	6285 4097 5999 4935
1520	1931 3542 4 1296
1521	4032 5099 6044 1798
1522	5733 163 2751 1159
1523	505 1366 4875 3039
1524	5052 6465 5628 6198
1525	3660 6854 1444 5072
1526	3808 1277 4575 787
1527	5046 6940 3431 6246
1528	5911 4144 109 5519
1529	1363 2164 3744 6618
1530	423 2808 4808 4423
1531	2415 1737 4455 6440
1532	5314 2412 6020 2299
1533	3807 4634 4456 4051
1534	4924 173 2431 3971
1535	4884 2374 1062 2472
1536	6395 2848 1370 6049
1537	6187 5297 6091 1743
1538	4596 2822 4936 3181
1539	2290 5088 4794 6812
1540	634 889 2222 3735
1541	1115 4701 6299 1727
1542	758 2999 4037 5468
1543	835 2495 6967 836
1544	5469 5178 2663 2849
1545	4143 6435 3314 833
1546	4796 702 266 6515
1547	1116 6589 822 1628
1548	2136 3253 1613 3661
1549	1028 888 4140 325
1550	4660 315 5811 123
1551	3328 6146 4798 5950
1552	2140 3432 4724 4465
1553	3565 4790 4669 1038
1554	5106 1146 5730 495
1555	3370 5467 970 5743
1556	3525 4495 3376 5390
1557	3574 6815 3647 787
1558	1707 5843 6403 1909
1559	1313 6110 5473 5317
1560	5825 5528 4488 6111
1561	1403 300 2192 5556
1562	2416 2441 842 1485
1563	3447 5044 6464 104
1564	2359 2023 4674 1527
1565	17 5872 5284 4726
1566	2196 3484 4238 2476
1567	873 379 3939 4619
1568	3278 102 6963 2227
1569	4509 2520 1413 2359
1570	10 3492 6864 1310
1571	343 4605 2450 2004
1572	4500 5456 5097 3330
1573	5652 2406 3323 2295
1574	2186 4725 1198 5303
1575	2838 3995 5542 4307
1576	1449 1371 2135 2014
1577	4792 2471 3534 580
1578	6944 3986 3894 3771
1579	2069 595 6465 1370
1580	1251 1931 5887 4804
1581	6207 2601 1069 5478
1582	1604 2940 1972 5961
1583	6892 1972 6470 4971
1584	2773 2261 1388 2459
1585	2750 1934 5581 2081
1586	5753 1189 6342 2024
1587	2330 631 2744 4602
1588	6680 6422 442 4018
1589	3373 5560 3801 4294
1590	6410 3063 5544 5970
1591	3683 779 1799 3018
1592	396 294 3961 6332
1593	5873 5694 1007 2674
1594	3950 885 6313 5302
1595	2933 4842 3869 453
1596	4624 4574 1599 1164
1597	1949 1086 6927 3424
1598	4321 4160 6346 778
1599	414 6913 3624 1128
1600	3836 1733 1934 4667
1601	5408 1233 5275 5520
1602	4842 3950 5396 6508
1603	1451 40 5260 5450
1604	4874 1538 4188 4835
1605	5114 5665 3852 2753
1606	1588 1383 1553 1328
1607	6450 6033 2777 2019
1608	573 498 6231 4224
1609	5011 6372 4889 1193
1610	6155 60 5348 6151
1611	3633 5200 3997 3361
1612	2050 5332 5370 1044
1613	320 142 3067 2329
1614	5336 3810 1035 1745
1615	3405 2178 3638 2989
1616	4076 5332 6161 5429
1617	6750 6365 1407 1912
1618	1963 43 3187 5143
1619	1051 3784 1494 6203
1620	1657 4200 2250 464
1621	2300 3601 1947 244
1622	3968 1674 1464 1618
1623	1233 1551 2538 1761
1624	2763 6741 5979 4297
1625	2 937 6906 442
1626	5426 5354 1184 4949
1627	1507 4368 503 2293
1628	4820 4496 5265 6403
1629	2702 6945 4762 927
1630	5113 5477 5066 2393
1631	1813 384 4246 3120
1632	2395 6186 1980 834
1633	5699 3773 1418 4159
1634	4845 2206 258 4598
1635	3673 2111 6963 4841
1636	4211 6566 854 5013
1637	4846 669 4413 2364
1638	1648 6493 2534 2372
1639	6531 1373 3052 1840
1640	4400 6042 1616 3420
1641	4459 4964 2830 788
1642	3512 4819 1272 5040
1643	3486 5539 5189 1591
1644	1651 6157 6901 2219
1645	96 2340 1371 722
1646	2270 2151 586 811
1647	1355 6189 1932 1404
1648	638 5814 4142 4672
1649	4085 4887 746 6309
1650	6880 4317 3735 3369
1651	787 6152 894 4996
1652	1904 3820 459 5894
1653	1356 3272 339 1910
1654	4127 5816 6679 635
1655	6910 1562 3314 2020
1656	2089 1123 2289 2291
1657	4936 4048 2818 2524
1658	2536 1759 5402 1394
1659	2699 6366 2564 3447
1660	149 4842 1246 5746
1661	4192 5899 2125 1537
1662	2011 2448 2375 6245
1663	1049 5443 2923 3428
1664	6987 2944 1467 5379
1665	6662 1368 1040 5800
1666	6485 2805 6279 4065
1667	6264 4261 658 6035
1668	1633 6178 6427 3453
1669	5063 1352 1231 6806
1670	2608 648 6859 5940
1671	4418 1731 4225 5000
1672	2877 3613 3988 1753
1673	3819 4419 1505 4477
1674	4241 5523 6531 4263
1675	5816 1676 4159 2361
1676	17 1899 4161 5516
1677	3189 2728 6657 5815
1678	5303 2597 3110 5443
1679	3513 5090 948 6631
1680	6111 5091 3829 1723
1681	1852 6108 2132 6442
1682	224 5824 1789 6435
1683	602 4104 4958 1890
1684	1898 3653 6441 3347
1685	3524 4569 5418 6777
1686	2052 373 3224 4027
1687	1746 320 1212 6930
1688	2278 993 2406 861
1689	950 1314 5850 4374
1690	3975 3046 363 1592
1691	6155 1933 6584 2344
1692	3017 2633 6696 91
1693	3365 5026 5279 3667
1694	6803 2164 4384 754
1695	5992 4821 5727 2194
1696	1064 6876 6892 5245
1697	265 4971 2755 2156
1698	5667 2163 2855 2159
1699	2902 6497 1767 2641
1700	3648 2563 5681 3670
1701	1068 3235 6203 4773
1702	5983 860 6997 6314
1703	1143 5619 6602 3683
1704	6047 2292 546 3690
1705	5014 5100 1726 954
1706	436 2141 3674 179
1707	530 4454 346 876
1708	3678 1191 4139 3568
1709	2396 3388 2014 1675
1710	1539 536 465 971
1711	153 5472 3227 6686
1712	929 5101 588 2450
1713	4945 1292 3008 4463
1714	2012 1921 3958 6378
1715	4590 1994 6012 1846
1716	1860 794 742 4834
1717	6984 997 1774 1142
1718	3040 6319 4122 3119
1719	5079 6549 3751 5874
1720	4697 1543 4081 6910
1721	4670 6138 6262 4828
1722	163 6544 4389 5580
1723	852 1367 1401 2613
1724	2758 2198 5809 3830
1725	6423 3869 4378 4439
1726	338 2146 5814 6934
1727	1620 5180 1655 4456
1728	3219 1576 357 2749
1729	4382 6115 1574 1720
1730	5447 1915 2423 6981
1731	2900 4231 1012 1620
1732	6873 6807 4304 194
1733	4471 269 6858 560
1734	4283 3902 4642 2637
1735	4655 1185 908 6623
1736	5777 5973 4460 3095
1737	4429 4408 2938 2094
1738	2775 6699 4410 3774
1739	5479 3333 475 6840
1740	1451 2144 4604 6549
1741	6876 3789 909 4876
1742	5004 2454 348 5867
1743	4266 4278 2214 3780
1744	6024 684 3123 4147
1745	2270 2196 1691 4105
1746	6272 1855 123 6637
1747	1090 1008 662 4471
1748	4477 4404 1555 3428
1749	5331 3414 3123 6700
1750	5244 3061 2852 1651
1751	4771 6035 2851 82
1752	4890 2954 5768 6791
1753	6292 5877 4427 3698
1754	1964 308 1190 568
1755	319 2004 5121 3679
1756	4350 520 4295 3941
1757	1039 4288 3445 4273
1758	6250 3679 2455 2484
1759	6244 4952 6597 3750
1760	906 1711 1035 2685
1761	9 746 4865 6360
1762	5757 1257 6926 3581
1763	3428 5132 1374 6876
1764	1744 3235 6361 664
1765	1411 1678 3336 4662
1766	5732 6650 2177 14
1767	2035 4063 5250 1695
1768	470 5705 4337 5331
1769	125 6621 5187 5546
1770	2236 618 6067 6757
1771	3677 4238 6530 46
1772	3154 5699 6572 1265
1773	371 3638 158 6085
1774	4370 4276 3761 2832
1775	2783 5641 5235 4919
1776	2548 6919 3944 3629
1777	1969 1922 6342 1271
1778	5766 5109 3906 2147
1779	4908 2004 5760 1613
1780	4618 59 187 2358
1781	1799 872 5268 1145
1782	3387 4782 6820 2866
1783	6429 6469 4800 223
1784	3301 2735 5097 2401
1785	4799 6692 5807 6367
1786	2403 4464 1334 4034
1787	857 5066 4094 5354
1788	4133 579 6843 3083
1789	5576 6297 1332 4486
1790	3674 4165 3642 6886
1791	1720 4187 2303 697
1792	3154 3365 641 6412
1793	1487 6076 6324 1912
1794	118 3291 6284 4051
1795	3732 3961 6071 2847
1796	4245 4756 5769 5923
1797	1769 6803 3349 3369
1798	2983 5430 1145 3605
1799	1718 4212 4090 2510
1800	5791 42 4693 354
1801	6063 4740 4093 6325
1802	1822 4062 4071 3650
1803	6515 4400 3718 4973
1804	1330 962 5776 1252
1805	4421 5718 2893 2664
1806	1666 4712 3487 2897
1807	5792 2735 461 5490
1808	5590 2476 5836 5324
1809	3635 5750 1936 2628
1810	2706 741 2140 1430
1811	1533 1360 4379 2954
1812	58 5087 1531 2105
1813	2474 5462 2072 6758
1814	6484 3785 823 3610
1815	5619 5289 4227 3000
1816	1991 2066 4337 5275
1817	1182 1386 1919 380
1818	1387 549 5718 1820
1819	2755 4504 3878 5433
1820	530 3696 1597 6689
1821	6306 3909 693 4880
1822	968 3458 2719 5491
1823	3672 390 1357 600
1824	2290 4377 3896 5951
1825	716 420 1946 4775
1826	362 369 4860 6619
1827	5351 6421 6520 1105
1828	3616 3205 5761 4113
1829	4392 947 3151 5355
1830	4842 2358 717 5714
1831	5709 3760 6212 4009
1832	2376 1381 3421 5800
1833	3317 4334 6813 1405
1834	6273 5279 4407 6886
1835	4984 2200 4438 4381
1836	2962 6555 5134 5864
1837	1584 4736 6533 3259
1838	2004 4599 3553 4513
1839	4757 1613 876 860
1840	4896 5956 6327 1369
1841	5532 5991 1229 2204
1842	5475 1730 2339 6692
1843	3358 814 3776 5600
1844	2188 4915 1529 1495
1845	2517 6158 1425 4005
1846	6559 4837 1524 2422
1847	2091 6525 65 2741
1848	1357 5147 1870 2678
1849	5656 251 303 2042
1850	2422 859 4035 5222
1851	3509 3840 3208 4287
1852	4765 1878 616 3059
1853	6629 1983 2951 1342
1854	4426 3215 3513 6622
1855	5708 5373 139 4036
1856	5659 3692 6003 6078
1857	2379 3044 5990 3502
1858	5353 1435 5933 3740
1859	5337 3998 5311 2945
1860	1083 3687 3358 6767
1861	4308 218 3512 4274
1862	4983 4689 3162 888
1863	2804 5850 4694 1057
1864	2561 307 4258 5086
1865	3298 5381 6011 1318
1866	4790 1946 1092 5899
1867	4891 13 1256 6900
1868	5194 6955 6217 1370
1869	5656 4162 4749 4391
1870	3293 6248 3699 1644
1871	736 3052 4250 4967
1872	3586 5231 3157 701
1873	4813 5827 4728 6979
1874	4344 2321 3161 913
1875	900 3309 2361 5683
1876	4742 1413 6646 5790
1877	379 6663 6215 6128
1878	3367 3515 6914 629
1879	6990 2643 4524 2995
1880	3850 4536 4657 699
1881	2882 5914 5492 5007
1882	2332 5788 1242 3087
1883	5043 5015 2969 2456
1884	2581 5160 3351 6458
1885	6292 5066 3270 4433
1886	1001 6235 4797 661
1887	641 6092 1798 4454
1888	4337 701 5109 4416
1889	3155 6 3953 5400
1890	4699 3369 3161 4195
1891	3473 4803 4169 3979
1892	6568 2923 1835 901
1893	6947 5371 4680 4356
1894	6668 3155 5314 1007
1895	3806 3483 6871 37
1896	5094 6939 1255 4500
1897	5972 5112 2831 6741
1898	2750 514 2643 3220
1899	6081 55 3865 2629
1900	6047 839 718 4051
1901	5890 5079 3436 2059
1902	6961 5784 4849 5863
1903	4600 5400 2105 5914
1904	873 5794 6749 2153
1905	4742 1154 2658 6479
1906	3191 5368 6885 4945
1907	5014 1839 5671 2947
1908	1513 5239 4335 6785
1909	5024 247 2295 742
1910	1106 6544 1788 3440
1911	1084 5390 3060 126
1912	3694 1497 5706 4348
1913	1184 2175 6981 5875
1914	1979 3177 2031 4902
1915	6927 4226 1158 5243
1916	6960 5947 2105 2201
1917	1606 6234 6520 1981
1918	4025 1806 5763 3144
1919	1706 2495 4222 6763
1920	4854 1584 776 6530
1921	5942 3002 3533 6114
1922	3478 4333 56 6178
1923	2493 1421 5932 5733
1924	412 2592 2191 6111
1925	360 4654 1352 3996
1926	5464 6313 4042 1381
1927	6747 3360 1308 2440
1928	5855 1271 5246 6294
1929	73 859 1861 6094
1930	4429 1549 2543 1570
1931	2653 219 6061 2724
1932	1143 430 3923 5284
1933	2212 2021 1683 3324
1934	671 6492 579 5446
1935	2254 415 2683 5566
1936	2784 2100 3674 2547
1937	905 4428 4933 5372
1938	2222 675 3871 1602
1939	5115 3288 333 5345
1940	4069 178 3508 4902
1941	1143 597 2450 3423
1942	5143 3147 5206 37
1943	4974 6634 5341 1905
1944	4607 5342 3544 4646
1945	4764 5854 2194 1784
1946	2979 2656 2297 6896
1947	6593 1779 1858 6309
1948	5838 6363 1511 3756
1949	6668 3942 1248 5681
1950	924 46 4487 6858
1951	781 3363 2000 3928
1952	4912 4655 6452 6022
1953	6075 3208 1600 1230
1954	4952 3113 1449 5397
1955	1299 1750 2510 6236
1956	92 1673 1619 5668
1957	4436 4654 5647 352
1958	6965 4887 1719 2841
1959	4106 729 1770 2465
1960	1578 2517 317 2782
1961	5331 6894 6104 1134
1962	2716 6077 5715 4954
1963	4180 3927 1708 1999
1964	1416 2836 4177 649
1965	5442 6820 736 2909
1966	4041 4160 3586 1463
1967	3853 4113 4916 3139
1968	4877 4910 4122 4787
1969	2440 5506 1124 59
1970	1684 6345 6036 6755
1971	4398 3279 5036 5632
1972	3475 5491 5006 3281
1973	5377 2658 6371 6308
1974	4729 6385 5970 6674
1975	2318 2211 5216 4103
1976	2516 4773 683 720
1977	6931 6635 5455 2006
1978	4425 6983 1604 124
1979	6558 4922 3207 6267
1980	831 3590 2996 4832
1981	4578 4859 3644 6681
1982	5938 3248 3404 3932
1983	3603 1156 2400 2566
1984	4105 6707 5938 6624
1985	5544 2124 166 4864
1986	286 5462 4958 3162
1987	2180 3847 4861 4618
1988	940 2795 5973 3605
1989	1120 5133 69 938
1990	2510 6111 4688 5836
1991	4025 3224 185 5608
1992	564 5455 5273 5429
1993	2683 1273 4946 4544
1994	3834 929 5984 5754
1995	925 1971 706 4513
1996	1838 3400 3354 5010
1997	2514 2448 5974 1788
1998	2365 422 2156 1873
1999	2020 3608 397 6797
2000	2959 5634 5372 4955
2001	4244 2493 4425 4269
2002	5592 5118 3320 429
2003	6053 3014 2498 6962
2004	2012 5256 64 1874
2005	3532 6474 2617 3685
2006	4718 3502 3084 4767
2007	3049 1767 3687 2091
2008	3278 2228 2088 897
2009	4307 4911 954 4538
2010	6601 4395 1660 6568
2011	639 2698 6363 3271
2012	3947 3214 3247 1477
2013	3655 5721 3514 1183
2014	841 5224 767 929
2015	1988 2854 6329 6536
2016	634 2353 854 2289
2017	6212 420 1354 5256
2018	271 2444 6461 481
2019	4035 5770 2957 5702
2020	863 4570 237 4818
2021	4636 1880 2476 215
2022	898 5074 736 4521
2023	2530 5715 3617 5257
2024	5405 771 2109 3947
2025	4496 5683 4126 2533
2026	3059 82 5553 6825
2027	6065 3353 2963 166
2028	6135 2037 1324 4618
2029	5690 1862 870 4786
2030	6327 2104 632 1620
2031	70 1958 3343 3244
2032	3806 3674 4255 402
2033	1200 4582 4628 4651
2034	4441 6719 4153 4889
2035	6486 5119 4434 6475
2036	2892 3712 3782 5543
2037	6803 6037 5591 3588
2038	1286 4269 4231 4986
2039	1591 3603 3874 2424
2040	5399 6227 6650 2799
2041	4056 622 720 697
2042	704 2949 4777 3229
2043	2177 3782 3474 4618
2044	6307 4568 6685 166
2045	2661 3168 1245 2030
2046	1659 4650 3128 5944
2047	2050 4805 3309 535
2048	2029 4373 2115 6288
2049	3037 775 2364 4364
2050	4037 4782 5559 6155
2051	2582 1423 2750 3597
2052	4062 950 2994 2156
2053	5701 3550 5054 5187
2054	4112 5065 6557 1857
2055	4751 146 1236 1288
2056	2701 2401 4476 2390
2057	5783 4282 6701 1427
2058	2439 2008 6466 1586
2059	6906 3135 361 4297
2060	2504 2585 1426 200
2061	3783 1848 4968 4166
2062	6723 6566 3884 4722
2063	5221 9 3570 4319
2064	883 5772 2632 4843
2065	2394 6902 5085 373
2066	6927 5202 5927 1744
2067	2539 2488 4531 6897
2068	6982 3604 4594 4148
2069	2986 6128 1502 4391
2070	6652 5326 3237 6356
2071	5084 4519 5986 6443
2072	3753 2710 5650 1434
2073	3097 3106 4583 715
2074	562 1864 5349 217
2075	2247 4331 648 3332
2076	2865 78 2933 4900
2077	5015 3591 2776 1306
2078	6387 4405 2794 1696
2079	3421 2563 1441 3693
2080	868 1055 391 3305
2081	5286 3726 4443 1461
2082	2777 194 4049 2870
2083	4589 4402 148 294
2084	3747 1559 1896 5516
2085	6747 6511 4280 4997
2086	4035 2912 3224 3703
2087	4138 6382 1283 4653
2088	1777 4877 153 6244
2089	5424 2548 1021 4260
2090	512 3009 2080 3114
2091	102 6276 6728 6269
2092	2335 5141 1931 1053
2093	4376 6864 5845 5228
2094	6179 1046 1779 4372
2095	821 6239 3457 2589
2096	6058 4348 5853 450
2097	3331 358 3681 708
2098	1667 6288 461 3030
2099	5707 2127 1406 131
2100	2518 5524 4734 1645
2101	5701 4160 6338 6400
2102	3793 3528 6538 4342
2103	5594 2657 2289 866
2104	296 3384 2231 4291
2105	2326 5939 2152 3330
2106	4353 4864 2313 6850
2107	4885 4822 5923 3768
2108	3125 2601 280 4299
2109	5017 4975 566 2923
2110	5712 3922 4305 2620
2111	6465 738 1374 4163
2112	6492 4539 6582 6527
2113	1756 3508 854 4723
2114	4460 1744 4393 4290
2115	83 1834 3976 3256
2116	6860 3044 1130 934
2117	1138 4683 2894 3514
2118	167 2333 4657 5907
2119	3680 5052 5041 6982
2120	3405 3668 5514 2524
2121	6384 2115 4691 1373
2122	3024 3570 3532 3240
2123	5873 2483 3801 2071
2124	1926 5410 1517 5141
2125	6038 3881 3082 2899
2126	1870 4003 2647 5022
2127	2559 4597 5916 3943
2128	4327 4850 234 1949
2129	156 2477 1800 1634
2130	2915 5718 474 3314
2131	355 6996 585 6851
2132	3827 259 4711 3176
2133	5612 23 4834 2449
2134	6163 2288 3655 5948
2135	1338 342 75 4378
2136	794 3069 2865 4434
2137	6832 3778 2774 382
2138	5322 5528 4623 4746
2139	6304 5898 3231 5197
2140	6862 2776 3156 692
2141	2060 6743 3562 6223
2142	728 5523 1901 6964
2143	5504 1835 5277 5718
2144	6729 1162 1285 2737
2145	2996 4901 6848 826
2146	2555 5181 1184 153
2147	4574 6223 2950 2016
2148	2793 2416 5888 684
2149	1389 6386 4868 2933
2150	3349 6271 94 2401
2151	2129 3391 1802 6169
2152	3520 1527 996 2868
2153	1932 3623 3546 3004
2154	5650 697 3209 1641
2155	5229 4048 6201 5907
2156	205 1050 4732 184
2157	5543 234 3235 329
2158	3238 1462 3751 2487
2159	2690 6355 2365 4186
2160	6528 4090 520 1708
2161	3873 4250 6296 4426
2162	5284 2586 3052 1778
2163	6940 4855 2466 4096
2164	6043 3130 1771 2169
2165	5641 5928 1439 3492
2166	5416 3921 659 2810
2167	3902 6932 2630 2232
2168	4532 36 1821 2597
2169	5116 2206 2510 2406
2170	2502 627 1717 4915
2171	2112 4215 3372 6405
2172	836 3362 3597 4215
2173	854 5598 4169 3563
2174	6654 6773 5986 4880
2175	3030 2099 4805 4343
2176	6608 6802 3261 2414
2177	6520 5070 5625 1542
2178	749 2285 614 6364
2179	3270 2296 2643 768
2180	2104 3393 6839 2368
2181	4387 2184 3372 1369
2182	4476 2247 1554 298
2183	1208 3088 5838 3971
2184	3940 833 6569 2628
2185	3859 2562 2615 1883
2186	4710 1262 1215 6935
2187	3182 6698 398 5793
2188	2450 5009 6466 6756
2189	5090 5458 801 6484
2190	713 2360 3757 6030
2191	5250 3945 2689 631
2192	4062 3596 6355 5836
2193	5563 979 3463 6249
2194	1462 5693 2113 3322
2195	5229 6107 4290 6865
2196	2830 4339 2368 2424
2197	191 251 1286 1200
2198	3121 1984 4637 289
2199	3459 6656 4203 6837
2200	1039 2356 638 1274
2201	4314 6578 101 1225
2202	4431 3471 3984 6854
2203	1530 2279 3980 3284
2204	4518 4585 714 5903
2205	4644 5371 1218 5915
2206	558 6812 6602 517
2207	2928 1360 4070 6830
2208	4081 3220 4906 5820
2209	4029 3411 6310 6327
2210	2662 1210 4949 3088
2211	301 5842 6454 1962
2212	5239 1748 6592 4010
2213	5605 2724 3745 4443
2214	6220 3696 311 6980
2215	5842 3125 2370 3598
2216	2084 2935 3206 2966
2217	696 6110 91 5826
2218	891 347 3844 2771
2219	967 6432 2681 3148
2220	3000 2874 4419 2377
2221	5525 6137 1187 5741
2222	4427 2882 1201 4462
2223	5277 1804 2215 3698
2224	610 1949 756 274
2225	4601 2115 2998 4750
2226	6933 4883 883 5651
2227	4518 4640 2107 2706
2228	4096 3313 6634 5211
2229	3363 374 5164 549
2230	480 1628 1166 4564
2231	3986 3461 5977 6355
2232	1806 6242 6588 5818
2233	2410 3859 5935 2547
2234	4873 1250 6235 6640
2235	6614 4294 5490 428
2236	3802 3481 6163 6783
2237	1427 5858 1935 5458
2238	2071 5711 6897 6120
2239	3691 5876 604 370
2240	740 406 5720 4099
2241	2629 4395 3918 6920
2242	1569 4828 3990 5843
2243	4932 3561 3579 3897
2244	6249 5646 4168 5149
2245	6326 6584 4463 1886
2246	5746 315 363 3199
2247	3368 2624 5532 310
2248	1691 494 1347 4945
2249	6936 982 3302 328
2250	2962 1591 1042 4929
2251	3262 2372 5127 3388
2252	2984 1217 4570 6606
2253	6551 3743 1680 4478
2254	5938 6814 6957 2232
2255	3027 5221 4678 6498
2256	1856 1133 4571 890
2257	1880 6109 4977 2656
2258	693 5392 3359 370
2259	1847 1675 6748 5317
2260	4713 1044 6847 3364
2261	175 2532 4478 3419
2262	2052 4934 1780 2730
2263	2485 2854 4034 4290
2264	2001 2392 3149 4529
2265	2458 473 2021 2552
2266	533 3383 172 5028
2267	5469 5009 6111 1725
2268	3726 238 612 4969
2269	6171 5670 2910 1171
2270	105 3806 590 1117
2271	5644 3177 1337 6148
2272	5537 919 3772 1366
2273	4052 6411 2324 5933
2274	5119 3073 1547 3597
2275	3786 4903 5976 5314
2276	3508 6994 469 938
2277	6857 3118 6109 127
2278	5432 6407 2897 163
2279	5758 3689 4346 9
2280	2542 4830 4374 3629
2281	249 5273 2676 2157
2282	3495 2526 6881 6409
2283	4408 6600 5568 6521
2284	33 5930 5646 5135
2285	6955 3487 415 673
2286	2947 3882 709 6523
2287	4195 2178 3192 3439
2288	5200 5871 4960 5571
2289	24 3250 1816 5366
2290	5972 6188 5780 2082
2291	3224 1604 3793 3133
2292	2239 6438 6901 3375
2293	2779 5655 4228 6185
2294	5465 3259 437 5885
2295	3201 747 5325 3089
2296	5192 3333 4472 4753
2297	5800 4147 6950 6495
2298	1781 5856 854 1536
2299	473 6553 3793 952
2300	4194 4543 2213 3757
2301	5035 5076 6066 3428
2302	5577 1046 5445 3219
2303	4158 6907 3559 6939
2304	3501 6236 1175 1805
2305	4870 4610 2233 448
2306	4051 285 6906 1859
2307	3060 2915 1338 2994
2308	3435 1781 3746 4229
2309	6751 3294 6338 5885
2310	2587 4220 4758 5635
2311	834 250 6688 2831
2312	4171 3264 74 3169
2313	5703 1299 1714 948
2314	3586 929 2027 6525
2315	2624 5006 2562 4741
2316	5999 579 4587 6884
2317	4824 3155 5344 2494
2318	3015 4094 6416 344
2319	6133 1194 3214 1808
2320	3480 1976 2853 2320
2321	3609 6510 1248 4542
2322	2950 6317 2095 475
2323	2843 838 4539 5926
2324	633 654 6770 5483
2325	1684 212 3972 4312
2326	5140 4581 6989 1228
2327	3843 301 1642 1731
2328	6063 765 4849 5972
2329	5284 5748 872 5290
2330	1365 4570 3170 2549
2331	1492 287 5194 367
2332	3690 6924 2067 5714
2333	4587 1841 6624 3589
2334	6123 3338 5736 6507
2335	3872 3671 3888 695
2336	1459 2090 2549 3759
2337	3718 748 3145 610
2338	3917 552 5296 2772
2339	746 5083 4057 3345
2340	3210 3423 67 4675
2341	5027 543 1851 2768
2342	173 6297 3922 4024
2343	1493 1909 6256 746
2344	2592 461 1113 3900
2345	4982 1443 4954 5797
2346	2568 1160 2208 5001
2347	227 2131 4361 1020
2348	1678 1739 2024 3095
2349	4762 2955 1203 4893
2350	6282 2089 6784 6626
2351	5071 6169 3518 5375
2352	2690 4691 4427 5345
2353	5383 5391 285 3707
2354	2477 4246 3433 3422
2355	4297 4650 5968 391
2356	6974 6451 984 4776
2357	970 6057 6793 3947
2358	3005 4844 3651 2153
2359	2796 767 6582 319
2360	1137 6905 5185 899
2361	6485 3136 4458 1111
2362	6134 1682 1303 1404
2363	5100 4642 6651 1305
2364	2999 6092 4695 6778
2365	4024 1078 2079 6597
2366	4819 886 6717 3533
2367	4908 4874 245 5148
2368	3752 6821 6491 826
2369	1511 6030 5327 6216
2370	795 56 5362 6210
2371	848 1177 1200 6001
2372	1492 108 788 4819
2373	383 1600 4361 4863
2374	3519 5818 4962 6483
2375	3919 1779 5537 3143
2376	1013 3777 1500 3438
2377	6606 2000 5944 854
2378	1733 6509 680 3065
2379	3853 3009 2879 6702
2380	3525 2344 735 3422
2381	4110 1363 485 1203
2382	2188 4476 4733 5313
2383	3331 5227 5162 4978
2384	4700 2034 5570 159
2385	482 3765 1191 1836
2386	793 4208 1570 3071
2387	6805 2018 6718 3747
2388	182 3531 5091 6277
2389	4511 5269 274 5517
2390	5220 1296 6470 342
2391	6350 333 1518 4681
2392	6487 4832 4462 4574
2393	6921 4001 3874 4985
2394	5755 4950 1202 490
2395	1798 4968 3148 1770
2396	1925 1288 5506 4346
2397	2387 4086 1164 571
2398	2899 2542 5090 408
2399	3095 572 816 6394
2400	1958 712 4048 3954
2401	1662 1957 4781 4318
2402	6014 414 2629 3870
2403	6601 1093 3467 1414
2404	2141 3137 6019 190
2405	5420 1349 560 5332
2406	3040 3938 3515 2995
2407	1807 333 3783 6432
2408	6556 1598 3058 4768
2409	4147 17 3209 5917
2410	1053 4539 1701 3672
2411	2015 3661 4100 4374
2412	6029 4126 2030 168
2413	4962 3404 1726 1192
2414	1181 865 4458 2550
2415	1561 6455 4124 3972
2416	3141 4351 666 652
2417	1719 6449 4952 4243
2418	1542 2398 4940 5424
2419	3469 2050 5329 4736
2420	4881 5131 5042 2190
2421	996 461 1318 4890
2422	5840 793 1858 908
2423	5967 569 2954 5463
2424	3826 5213 6452 3275
2425	709 1746 6379 4433
2426	6077 5051 5337 4232
2427	5372 4283 1029 3012
2428	5625 3265 5372 5785
2429	4195 4816 3399 3474
2430	140 1475 3900 4181
2431	4307 5027 5495 6604
2432	2336 5180 532 3303
2433	6163 2214 1807 868
2434	1026 5975 1364 6691
2435	2701 5170 3447 3934
2436	4269 3094 1393 4860
2437	6667 3090 2003 5962
2438	2140 5754 5475 577
2439	1244 5971 5631 5976
2440	4686 6896 3342 4451
2441	3140 2218 4027 2895
2442	1427 4998 2936 1611
2443	6702 6853 86 5155
2444	5470 691 6686 4408
2445	3290 6867 3333 3488
2446	6789 5935 6314 3896
2447	2279 4929 2576 5282
2448	2610 6490 1263 6466
2449	5397 6729 2715 4999
2450	3041 3397 1011 5272
2451	1922 6816 6178 3391
2452	118 5100 1252 5120
2453	6304 4835 1108 6786
2454	2373 2735 238 2213
2455	1259 3564 5188 1405
2456	3717 4985 6504 5609
2457	1146 5131 5804 3627
2458	1053 2735 4715 5413
2459	3568 1242 4207 1258
2460	3431 5565 6459 6610
2461	3610 1153 4331 1250
2462	2851 5879 1522 3060
2463	6958 5506 2069 1893
2464	4902 2230 4484 1502
2465	5266 5001 2013 3336
2466	5413 1096 5316 3471
2467	1682 197 4970 4285
2468	3066 41 209 4761
2469	4266 3514 1968 5033
2470	1572 5855 6859 3597
2471	230 3777 5964 4380
2472	3524 4869 2171 6852
2473	4456 3357 2058 1742
2474	313 4231 3552 4569
2475	5651 2169 2685 4618
2476	2733 4486 4851 695
2477	6682 6440 1054 2723
2478	3886 4319 1432 1288
2479	240 6303 953 6437
2480	846 2823 5926 541
2481	1849 3858 1023 5780
2482	5294 6099 5821 746
2483	3534 1431 2639 3900
2484	3833 4424 1309 3863
2485	5014 1281 1708 3065
2486	2130 1650 5591 6562
2487	5267 5018 5930 366
2488	1228 1812 2306 2587
2489	3562 6482 5400 5772
2490	3501 5310 6723 6934
2491	714 3760 5880 1840
2492	5596 6290 1951 4757
2493	2257 2435 3574 248
2494	1516 1163 4634 4982
2495	582 4058 5882 5417
2496	3596 3398 1364 1483
2497	6706 1163 2297 1803
2498	6568 4978 3454 6186
2499	1376 4981 3451 2963
2500	6235 3048 5684 4742
2501	5539 2280 5171 3245
2502	2394 5466 3199 5400
2503	1900 5545 6455 943
2504	2660 6057 5919 3399
2505	6338 3893 317 1909
2506	639 6471 3564 3639
2507	6312 5861 4671 3044
2508	1617 4593 6778 1508
2509	114 5321 6672 3720
2510	5407 1479 4751 2616
2511	4907 5457 5320 1992
2512	3401 2777 1310 3760
2513	3869 5789 5600 2565
2514	1029 559 1562 3738
2515	2540 3839 4953 728
2516	5937 3422 4927 3646
2517	3550 5053 5589 4986
2518	1030 598 3685 5028
2519	5358 3094 2826 826
2520	3315 6685 4132 3692
2521	6413 6624 6535 3995
2522	2020 1473 4883 5191
2523	4261 97 1667 2827
2524	6910 5090 6032 842
2525	622 5036 2886 3522
2526	2998 4511 530 4779
2527	2255 6629 6445 1875
2528	1925 3203 5450 4841
2529	6592 3328 5646 777
2530	292 1364 702 3182
2531	1628 4468 5552 5811
2532	5973 936 3223 5196
2533	401 3691 2008 3555
2534	3120 5177 1756 5901
2535	1593 3251 4518 6633
2536	6047 226 995 65
2537	2288 6947 4132 265
2538	4497 2659 116 2323
2539	2847 6687 2159 5971
2540	6993 5595 4602 6157
2541	2045 2304 4317 5196
2542	4979 1440 693 1958
2543	3185 2398 3783 975
2544	6323 4831 6839 5490
2545	3842 568 5590 2318
2546	6460 5824 2168 1856
2547	5102 1482 6849 6775
2548	5999 1781 6226 3584
2549	5781 4746 4465 4630
2550	19 813 6048 4676
2551	2056 1577 1209 4415
2552	5516 15 1052 4446
2553	4207 2716 397 6836
2554	1528 5031 237 5598
2555	2795 1002 6827 5903
2556	6415 5845 4813 3423
2557	2599 5413 3170 2878
2558	1521 2902 2533 1080
2559	922 4278 5608 2798
2560	4062 1954 4837 2768
2561	6546 1703 4262 3605
2562	5544 2222 6278 4133
2563	1625 3087 3720 465
2564	309 5622 4686 512
2565	2137 3877 5914 5601
2566	6961 2985 1096 3620
2567	2226 2478 554 5922
2568	2390 5300 5652 2973
2569	780 2458 447 3951
2570	1967 1081 5419 2755
2571	6977 2880 6199 6907
2572	3153 5039 1435 1001
2573	4263 750 4062 3475
2574	4259 5250 258 797
2575	4265 4228 6082 2596
2576	2496 1992 5803 5798
2577	4586 306 6155 5703
2578	4626 5402 5411 645
2579	4147 2269 4144 1094
2580	5594 4017 1828 3894
2581	1865 6265 4895 6622
2582	4412 176 2057 782
2583	4882 4837 4696 5630
2584	5289 105 4022 626
2585	4347 4221 586 6966
2586	1606 4366 2440 1811
2587	3881 6684 4851 6083
2588	6740 1137 6432 1215
2589	4332 2075 2065 3593
2590	6016 572 2092 3529
2591	2234 3145 1151 1261
2592	188 4221 4531 4265
2593	2544 1043 5162 2197
2594	780 4216 6786 5258
2595	2746 5722 1786 2075
2596	6451 1591 480 292
2597	1239 6760 1964 2419
2598	174 6768 6180 2896
2599	3135 3380 2543 2510
2600	6488 2831 1075 4610
2601	105 4158 4419 6097
2602	5467 4835 5844 5914
2603	1821 4116 5370 5054
2604	2153 5907 5463 1667
2605	2729 3556 4513 3215
2606	5287 2454 116 1246
2607	472 6115 6186 6975
2608	1985 1260 2446 1674
2609	1197 1144 5065 3805
2610	736 1729 998 2800
2611	3215 1545 6328 2608
2612	647 3953 5950 6118
2613	6094 6792 4867 3842
2614	2239 5678 2032 5054
2615	198 5805 5780 2553
2616	1361 5621 4980 2486
2617	1973 6878 5712 5905
2618	2843 2908 2851 3942
2619	1905 1780 1055 2432
2620	6449 5717 141 5311
2621	4059 4548 5544 132
2622	4464 3492 4871 5009
2623	3397 5416 5378 3605
2624	838 3301 6541 1362
2625	1762 1618 6769 1743
2626	301 1172 2306 3536
2627	4403 5673 5551 1017
2628	4127 368 2654 1572
2629	3259 5024 462 5167
2630	398 4750 1462 110
2631	2920 2653 2640 2042
2632	2582 6465 2477 5051
2633	5214 2534 1007 3543
2634	92 3300 5013 4852
2635	744 5487 5375 2022
2636	1153 1086 3033 4270
2637	419 1124 4405 120
2638	2821 4561 4700 6259
2639	5103 261 884 4855
2640	3379 1096 2067 1247
2641	4892 6223 4292 2845
2642	518 640 6661 1390
2643	5301 5062 6164 3830
2644	1775 4179 2496 6339
2645	3737 3757 5398 2152
2646	5588 3893 3332 3849
2647	3054 1934 4425 573
2648	69 1058 5939 6974
2649	3808 1668 3984 3742
2650	6178 3601 3628 3781
2651	1920 6324 6176 1786
2652	6388 5974 6409 404
2653	4955 351 4502 870
2654	5239 3827 3847 2853
2655	3012 4300 714 5158
2656	1242 687 3975 4341
2657	4419 1183 3503 3428
2658	4593 3549 494 3928
2659	6885 630 6387 1619
2660	4927 3979 3992 3037
2661	3643 3085 6535 4840
2662	3 5970 979 4899
2663	2289 2502 2767 1828
2664	6691 4411 4193 5172
2665	2564 1802 5570 556
2666	5962 5603 3895 5901
2667	1199 3461 5632 5550
2668	2766 6834 1752 6632
2669	3169 1327 197 5664
2670	4687 1513 6303 5854
2671	6275 5869 1383 2325
2672	136 3893 5108 3003
2673	3853 6654 606 6905
2674	2554 2836 6249 1075
2675	1699 2942 5281 2582
2676	5630 528 2151 2403
2677	2881 3802 1124 3111
2678	946 1443 5447 393
2679	4026 4175 5658 2100
2680	704 4208 6080 4950
2681	3001 4783 5807 2851
2682	5244 375 4825 3013
2683	1491 715 5961 1468
2684	2021 403 1005 999
2685	3978 5957 358 3807
2686	1452 6412 1402 6069
2687	3923 6989 296 946
2688	1671 4540 3135 6950
2689	6622 3947 4381 1155
2690	6674 1909 3670 5596
2691	201 1644 6828 4877
2692	2652 3427 105 5244
2693	4582 5057 3728 3988
2694	434 3754 448 5381
2695	6902 5613 5206 1560
2696	2962 6913 1774 6873
2697	4958 874 5458 5549
2698	560 4091 1899 902
2699	1569 4860 3870 5227
2700	397 5251 3579 1497
2701	1518 3483 4661 1805
2702	3119 2154 169 5334
2703	4768 1114 2898 3534
2704	926 445 1251 3007
2705	1071 4488 4167 639
2706	4632 2353 6830 4322
2707	2846 6652 4765 5712
2708	1246 1539 1479 1131
2709	2281 3756 5899 691
2710	4550 2472 4092 996
2711	68 3940 3165 3286
2712	1856 1630 2846 2407
2713	2971 3596 6376 4615
2714	6714 4610 5480 6436
2715	532 4689 769 10
2716	3781 5076 101 2635
2717	1708 5767 2640 291
2718	5297 6218 3416 555
2719	2055 1632 3565 3422
2720	6780 151 3607 623
2721	3206 1541 2605 6264
2722	5435 380 2918 2121
2723	1927 89 4161 5173
2724	655 5157 4529 3838
2725	3853 2724 599 6439
2726	4551 2179 6356 3367
2727	2214 3119 3194 30
2728	6014 2713 80 6294
2729	5391 2323 6608 6801
2730	2082 798 4968 2417
2731	4015 824 722 4205
2732	5590 5748 5920 4755
2733	1552 318 2482 707
2734	2104 4699 6588 4499
2735	2865 2111 3248 413
2736	976 3411 5510 2118
2737	3190 678 1118 2000
2738	3084 6032 4774 4629
2739	6165 1969 2754 4815
2740	4379 5928 5010 4545
2741	1196 6601 1381 6003
2742	5721 111 6303 1277
2743	4346 3074 4883 4745
2744	754 3121 37 6688
2745	6251 626 4266 6138
2746	1642 1608 4714 1183
2747	4159 2282 3156 866
2748	1408 3108 5359 3105
2749	5198 3075 5584 6731
2750	5392 821 6361 5322
2751	3263 1301 866 4176
2752	3951 4419 6357 2700
2753	4584 2989 1158 2248
2754	4987 1132 173 2722
2755	4045 4635 2026 994
2756	4183 1524 814 3773
2757	4662 5506 308 12
2758	1976 546 2058 584
2759	5316 4568 6517 5853
2760	4277 6528 373 1035
2761	892 361 3133 4175
2762	5776 5910 5673 1953
2763	3317 3780 4317 1923
2764	5370 1513 2719 6657
2765	6747 938 3846 6458
2766	2728 2201 1988 4871
2767	202 1883 449 4393
2768	2409 3793 3327 6212
2769	2349 4056 182 2952
2770	6131 3986 856 741
2771	5909 6948 6035 952
2772	855 1060 5339 3085
2773	2239 2437 4632 2007
2774	1217 2945 3526 377
2775	91 1823 2596 1271
2776	6616 5181 1903 5705
2777	3329 1514 6030 3971
2778	6807 5063 2820 5937
2779	4526 6802 475 2139
2780	5299 6129 5030 2675
2781	2811 1042 6727 5323
2782	1124 2868 5397 2708
2783	5173 3963 6035 5658
2784	4640 1310 823 645
2785	4585 1671 3398 4472
2786	6999 2839 2318 4471
2787	3791 1218 1002 5653
2788	5722 4266 6623 5527
2789	4488 429 5217 2242
2790	3436 5844 4867 5894
2791	4786 4895 4103 6181
2792	1338 1509 1414 4375
2793	2372 3797 2923 5836
2794	4290 1243 5305 5177
2795	3716 410 6879 4823
2796	3589 2982 6555 36
2797	6816 4796 39 4788
2798	2516 2023 4033 2910
2799	3608 330 4307 1124
2800	6596 4393 661 5395
2801	29 5298 2250 1192
2802	5231 3071 1342 3866
2803	3006 3895 6633 1365
2804	1909 3411 5218 3824
2805	220 5458 2712 3239
2806	1570 5487 715 1182
2807	6436 801 4525 6555
2808	4988 3482 237 3160
2809	3497 2984 2791 4824
2810	1058 6525 2362 1153
2811	4675 6801 1465 291
2812	3845 3749 3044 4299
2813	2067 4658 4500 3762
2814	1993 3553 2461 1598
2815	27 1446 4996 3898
2816	1714 3335 1012 1265
2817	4299 5298 3652 894
2818	3049 6154 1281 6520
2819	6494 4005 3207 2002
2820	5345 968 4820 5324
2821	4930 3096 479 1094
2822	5105 3224 4151 511
2823	5525 388 3616 5425
2824	1288 717 553 3492
2825	2463 3012 4233 3971
2826	1011 1703 971 4133
2827	762 2623 3314 2071
2828	6266 1308 734 1523
2829	1548 3666 3035 1788
2830	1776 3302 2710 4233
2831	1947 6200 6014 3193
2832	6491 4292 4089 2227
2833	2892 6892 4982 3868
2834	2416 4352 5091 2899
2835	901 4333 405 2201
2836	1531 1042 4647 2692
2837	5984 6916 6267 3525
2838	2433 644 3425 3537
2839	4262 2962 4924 907
2840	6088 5340 3469 4758
2841	2688 1817 2834 1289
2842	1659 1873 2265 6273
2843	374 3037 5850 869
2844	4781 4030 6105 6840
2845	4486 1717 2822 3966
2846	5952 6078 367 2646
2847	5526 2407 2356 6221
2848	3803 1010 4592 2927
2849	924 2879 5810 4783
2850	1962 5174 3121 3312
2851	426 1365 2890 2160
2852	3047 2535 568 2353
2853	546 3649 634 682
2854	1951 3466 4425 1218
2855	3605 4658 1051 972
2856	1060 3590 1825 1676
2857	6364 6929 278 6507
2858	2413 4757 688 5468
2859	5155 523 2808 4273
2860	6934 1828 3382 2770
2861	3655 4602 1095 6631
2862	2947 2423 3429 2833
2863	3967 4054 3738 4844
2864	6982 4312 894 4941
2865	4630 4106 394 3299
2866	2641 1574 4642 6638
2867	1402 1970 5639 6224
2868	3812 1068 1975 5689
2869	263 5089 5128 698
2870	4922 6183 4902 4471
2871	2043 1567 2676 4970
2872	2152 181 2762 4432
2873	327 3817 1205 3559
2874	628 3782 5909 2950
2875	3964 3447 1928 1219
2876	6523 3952 3786 5291
2877	1434 6781 1693 5789
2878	5760 3125 3895 5489
2879	4672 6304 4994 6968
2880	6637 3331 984 2781
2881	4606 1686 6914 2436
2882	1157 6908 1130 5802
2883	1640 6838 5024 2221
2884	5097 6655 1420 5983
2885	2699 3746 5203 3992
2886	1076 6445 5442 4591
2887	3114 1607 6324 903
2888	3778 1410 3041 4557
2889	6683 2976 4829 5829
2890	3396 2906 3474 2643
2891	3588 6372 5421 5196
2892	6983 1534 5540 5663
2893	6614 3916 5358 287
2894	2938 5484 115 2298
2895	6139 5238 220 6694
2896	3230 5491 2158 6655
2897	2806 963 458 1690
2898	6125 629 1308 2002
2899	519 2668 4642 5543
2900	1284 121 1985 1111
2901	6514 254 902 323
2902	964 205 1184 5410
2903	3689 3152 5882 6445
2904	1776 12 1102 5560
2905	2170 4779 5297 1141
2906	6086 5194 1224 5261
2907	5204 4116 6167 1208
2908	4520 1884 4620 4991
2909	4960 151 1789 3747
2910	2313 3326 6886 1970
2911	4616 5362 5662 5214
2912	6395 1241 458 3972
2913	6285 1230 1761 5898
2914	6990 1748 4921 6679
2915	818 5102 1898 6983
2916	2378 3274 4416 987
2917	400 4525 3278 2595
2918	64 6603 3295 1213
2919	4994 3399 5870 6716
2920	4097 3773 3886 6314
2921	285 1060 803 3501
2922	637 3147 444 4157
2923	3595 567 6677 6484
2924	1001 1539 259 1548
2925	1513 3142 5437 2243
2926	6474 5767 4299 2029
2927	2503 850 367 5457
2928	1014 543 1862 6599
2929	1696 5200 6691 856
2930	695 4027 6276 3251
2931	5314 5414 4336 6321
2932	2266 3826 2995 1760
2933	2764 3652 4569 5410
2934	634 3610 6188 5400
2935	4389 1498 1457 5804
2936	1260 2885 394 181
2937	2148 6463 4451 1585
2938	6599 5781 3783 3929
2939	2111 5244 4797 6939
2940	4588 3053 2197 843
2941	1650 6837 2056 4730
2942	4000 1730 336 4352
2943	4500 544 1571 1487
2944	6043 1099 226 1867
2945	1536 2221 1487 682
2946	6096 3938 6523 1581
2947	1112 2944 5716 5658
2948	4730 1062 4173 3757
2949	5155 1571 6122 1371
2950	319 5416 5500 3896
2951	2892 3423 2234 3038
2952	1548 2057 10 3901
2953	5129 533 863 6983
2954	5925 4448 3903 5764
2955	1388 3605 2164 382
2956	4124 5548 4690 6442
2957	892 4006 2007 4223
2958	4439 3205 4216 4458
2959	1512 5707 1845 4655
2960	2077 337 5973 3329
2961	1137 2246 749 5937
2962	3131 2362 6693 3206
2963	1741 4287 5852 4501
2964	2206 4265 4945 3173
2965	1455 4458 6071 6136
2966	3504 1569 3806 1320
2967	455 599 1727 6011
2968	4953 5372 2557 4218
2969	6213 4557 2546 6191
2970	5518 3420 1897 1543
2971	3807 6115 409 6475
2972	1265 4009 4256 5535
2973	4462 523 4302 3725
2974	5038 6271 1490 3544
2975	5297 3517 5989 1489
2976	683 2145 6536 5266
2977	416 1546 3169 5486
2978	6736 1041 2478 3313
2979	6988 3227 4186 3597
2980	5295 4881 981 6522
2981	4804 891 2757 1224
2982	6417 2865 4098 5896
2983	6996 6271 4669 3351
2984	6882 2894 5122 4264
2985	120 6161 3002 5350
2986	3513 3212 6440 4690
2987	5708 1051 6119 1447
2988	2372 4327 5182 5257
2989	6589 3394 4407 1907
2990	1221 2852 894 1271
2991	873 4320 6674 4346
2992	3466 4356 5544 1945
2993	6368 6184 5024 1118
2994	2511 782 1766 1464
2995	6490 4426 2124 3521
2996	4026 6447 3499 4829
2997	3287 6750 6909 4563
2998	4985 4988 5001 2110
2999	6167 2632 16 2243
3000	3596 1030 3614 1692
