Students	3000
1	1478 3943 3752 4779
2	5339 209 3847 6170
3	6753 5706 386 3736
4	6634 1174 3375 5049
5	3927 1505 1375 6074
6	1952 2102 5126 6732
7	1530 2650 4929 4104
8	5366 634 5388 9
9	75 6388 5797 6923
10	6984 5918 3635 2467
11	7200 4209 1510 1127
12	6657 3878 1873 3152
13	3949 4138 2423 3092
14	2221 6076 3947 4181
15	1506 5636 5206 5255
16	4399 3763 2155 7497
17	5369 2509 3435 1685
18	5304 4142 2689 3463
19	1927 1265 5181 6353
20	2550 4512 7768 1720
21	567 1645 2037 2833
22	4308 1894 4984 5680
23	6900 4605 6721 6794
24	4212 4890 5259 2294
25	1389 6800 7477 2484
26	2827 6957 3933 6179
27	613 1671 683 7493
28	490 3912 6912 1920
29	5575 3514 6626 6468
30	6612 1437 5403 6362
31	4929 2470 3150 6027
32	7158 489 6677 7899
33	690 1133 3888 7969
34	774 1935 6415 275
35	3937 5542 6049 4011
36	7166 423 581 2111
37	4198 4595 5235 2583
38	602 5370 5401 380
39	691 4464 1537 6873
40	3019 6158 6906 241
41	237 385 6134 5106
42	5010 1006 4627 5158
43	3655 7227 4922 1194
44	1055 6679 7421 5924
45	3615 4552 5158 2209
46	3660 7085 7041 5208
47	6381 1383 2908 758
48	7664 2988 4927 1459
49	3563 6723 3058 1164
50	6775 4486 3855 6487
51	1964 7882 3937 6490
52	7466 2542 2434 6746
53	5767 5979 5077 766
54	4697 1802 7115 3358
55	3794 489 1423 7405
56	7490 6072 7205 101
57	1224 546 6289 615
58	6194 4251 7560 4093
59	6140 5702 6638 7759
60	1377 4189 4992 615
61	4440 3165 5740 6914
62	2565 4826 4044 5495
63	4104 4066 6058 3534
64	5646 3175 3715 5705
65	1516 4080 1182 2932
66	2572 6078 4794 7294
67	2461 7802 3924 1423
68	2047 5370 7881 7514
69	2634 5524 6165 6304
70	5229 2963 6805 6964
71	931 3637 819 7471
72	6038 7566 3011 1814
73	3492 5632 5288 1299
74	3470 3131 1635 5631
75	1409 3765 1030 2527
76	3412 2806 7377 1079
77	6210 3672 5374 243
78	1744 3086 1888 1718
79	4679 1830 7484 3660
80	3112 5000 2307 1372
81	4243 4501 6359 2225
82	557 611 4670 6993
83	6155 839 5036 706
84	259 5756 2355 6707
85	5824 2166 5668 3261
86	6992 5863 2291 1660
87	2165 1912 6883 7083
88	5423 6854 610 546
89	4477 4538 7876 6066
90	4247 7560 499 3166
91	4327 4787 907 2056
92	2183 1732 6428 4076
93	7132 2899 5416 3584
94	7213 4639 6535 1379
95	5528 963 2699 7583
96	982 5430 2868 2941
97	363 376 2121 450
98	5123 7822 7270 2773
99	3056 6406 69 915
100	7330 2371 5115 6063
101	1288 7148 1394 2515
102	2316 5471 7725 4308
103	2409 6720 7811 6099
104	4383 3401 3161 6228
105	5668 303 2766 2613
106	2130 2157 2248 7630
107	7303 1687 5509 5543
108	3911 5474 6045 6079
109	7716 282 4642 718
110	4966 330 627 2273
111	3428 2074 5161 2800
112	5717 1423 6913 3178
113	4173 1796 5004 2636
114	5557 5517 1419 503
115	1469 1642 1410 1719
116	3507 5184 2189 5800
117	1163 3125 1859 7413
118	457 1442 6788 461
119	6929 5218 7155 5134
120	1264 3902 143 1097
121	4365 3715 5208 3590
122	2803 3472 7116 4276
123	2287 3784 3323 2234
124	6149 6331 4122 7312
125	7036 1970 2325 4476
126	7363 4804 1682 3783
127	5015 5454 1596 3775
128	5960 6909 5744 7675
129	414 3148 4117 2592
130	2915 7796 3684 521
131	2995 1262 4856 2296
132	5182 6936 1321 5658
133	1023 1262 6357 5442
134	2974 6842 3887 653
135	2858 2663 4145 480
136	3658 4261 6796 3233
137	3434 4913 5561 4761
138	3916 7210 5174 7475
139	4786 1653 910 4839
140	3912 862 489 1791
141	986 2923 3298 5414
142	5509 6233 2292 4165
143	7294 2419 5319 3852
144	7159 7757 4904 7384
145	3020 7720 6712 2079
146	6908 1277 7064 1426
147	3545 3411 3433 7741
148	29 4625 915 7937
149	3145 4340 3032 1887
150	5115 2879 5345 2684
151	4700 2769 10 5012
152	32 5563 1574 4096
153	7069 2985 7864 1169
154	962 1461 6021 5500
155	7865 5973 5718 4946
156	5815 367 6860 1361
157	6537 3014 1031 2467
158	3639 6040 315 7837
159	4145 665 7551 1170
160	4209 6762 2616 1162
161	3883 6303 5754 7966
162	2785 3328 3684 5862
163	4344 1515 3220 5489
164	4134 6974 981 6538
165	1760 3854 943 7502
166	7196 7625 2602 3914
167	5837 6054 6297 7110
168	5364 54 1582 4073
169	2548 5575 6402 5303
170	3166 5924 6485 3315
171	2161 377 2910 2436
172	4200 3362 2778 5737
173	7995 1135 2696 3619
174	7499 4630 7069 2671
175	2832 3622 2746 2575
176	4076 6616 2230 4306
177	3605 5792 5494 7399
178	214 2288 1497 4312
179	940 6130 1164 7722
180	1130 3910 81 2000
181	2314 3113 144 4167
182	3989 2745 5408 7546
183	4041 2195 7191 3566
184	4771 7116 4026 2007
185	7989 6478 4283 3258
186	3362 1136 315 3367
187	5886 308 6176 4897
188	3274 2056 5560 6541
189	1262 7292 240 4565
190	6730 5109 1535 3277
191	2509 7800 7901 5538
192	2439 2884 2670 3093
193	4260 3786 1036 965
194	4167 3695 2971 883
195	6212 4796 4907 7785
196	3330 2044 2273 2539
197	2728 2347 3744 558
198	101 6223 5019 6923
199	4978 4377 3836 2506
200	3145 7243 1659 2745
201	2109 5249 2002 901
202	5879 3696 5875 4373
203	838 1868 6562 5037
204	1238 6830 6241 1343
205	90 711 7455 1376
206	7252 3020 6542 298
207	6731 2147 3887 6062
208	2313 2986 6878 7321
209	4150 5192 7911 5853
210	3802 6516 1792 1099
211	3379 3889 6601 2603
212	2856 6143 2057 3087
213	650 1806 7984 3359
214	3090 3389 3809 3717
215	5645 4657 4294 4789
216	6021 223 2669 7985
217	4796 4014 36 425
218	7492 7844 2109 6407
219	4669 3281 99 6420
220	706 3523 1699 4340
221	1941 3048 5161 1644
222	2063 6970 7696 5959
223	1396 6763 606 2692
224	7166 258 845 2563
225	823 5643 5022 3345
226	5370 5552 1686 5004
227	472 6729 1089 4778
228	2608 3321 6333 2717
229	6859 2304 5165 4190
230	6146 4372 4685 239
231	1258 1677 457 3043
232	4100 5898 1241 2807
233	2990 3307 567 1964
234	6930 4904 200 3584
235	4687 4543 5272 7413
236	7834 7716 3191 2239
237	2949 3710 2735 5528
238	7822 5943 40 2070
239	1416 5095 5991 5174
240	7473 3125 6118 6532
241	4006 3322 2360 6973
242	2755 4451 6365 2006
243	4146 7929 2566 6241
244	953 285 5762 3814
245	3100 3417 5675 5008
246	6693 6909 3031 942
247	5035 4839 6589 3920
248	1172 6743 6542 5638
249	2261 7967 4661 4608
250	6159 3444 6908 4966
251	5110 6367 5112 1199
252	3961 6685 5464 6641
253	3228 3191 7277 7954
254	7495 3022 3797 2861
255	568 3284 1315 6595
256	4739 5147 6730 7589
257	1175 3175 7856 5699
258	7275 5989 3637 2666
259	4900 2809 1173 1601
260	5278 446 2691 326
261	5446 3373 3824 3593
262	7256 232 3623 6152
263	3716 6327 1274 3741
264	1951 4144 2805 7171
265	5201 5752 6914 1491
266	6294 5248 1922 6768
267	5193 5406 2949 7290
268	4908 5798 2267 5281
269	7896 1363 7001 3778
270	7618 6403 6621 2562
271	7052 2878 7873 1668
272	3553 5790 7947 529
273	481 6133 753 6251
274	1867 7659 2577 1633
275	6966 3772 285 5557
276	3747 1526 1309 5403
277	5239 7637 7215 2476
278	312 1051 816 7629
279	1301 2886 2992 765
280	145 6262 7962 5489
281	4166 2661 2512 6656
282	2651 5195 1148 6830
283	7107 5768 304 3856
284	5052 5865 5492 1036
285	3797 3298 3816 4051
286	1791 7114 4641 4341
287	263 1896 3062 3606
288	1235 767 3249 4161
289	2386 3404 6724 5959
290	2027 3649 6617 6937
291	670 2833 4924 6285
292	66 2413 5721 2212
293	7351 3154 2228 4320
294	5017 4756 6834 4075
295	1413 4140 5041 821
296	4434 7472 5177 3821
297	4878 7503 5402 6939
298	7964 6953 3495 620
299	794 3832 2303 1860
300	5798 7090 7212 6179
301	1603 4332 5988 395
302	4408 3204 3749 4812
303	6138 4150 4304 2763
304	2819 2478 6869 4073
305	4271 2045 1027 1634
306	4039 1529 5340 4991
307	280 5442 174 567
308	6957 112 2978 3199
309	5282 419 7685 1304
310	1933 2609 2062 2641
311	7644 2916 442 944
312	2447 1813 4388 2298
313	4026 2473 4446 3849
314	5619 671 3667 3249
315	6814 7070 1093 1190
316	6053 7013 7721 6640
317	7918 1138 6811 3392
318	6378 1945 6894 4541
319	6510 6562 2955 7264
320	6025 6462 334 1381
321	7034 4527 5672 452
322	7195 954 269 7603
323	3861 2301 3594 6928
324	1637 4684 4126 7342
325	6262 5552 2514 6507
326	5752 938 7332 6438
327	1905 3562 862 7007
328	6739 6432 1845 7717
329	867 3713 1594 1450
330	876 6681 6949 1473
331	1200 6872 1250 4791
332	2711 455 5571 264
333	7374 4799 5264 2964
334	4858 24 3364 4557
335	2459 4484 4217 5635
336	4236 7837 1004 7498
337	7691 6309 4588 840
338	6031 6355 651 4980
339	3127 7188 7636 769
340	3291 196 7236 7415
341	2354 2364 7413 7289
342	4023 2338 6213 4041
343	4784 4267 1523 5350
344	6767 7028 5651 5290
345	2828 3892 4043 4250
346	2098 1187 6000 3704
347	2307 1360 7201 2799
348	1122 5464 5616 5066
349	2740 7873 4679 2753
350	2974 5739 82 4860
351	7665 7024 5059 3442
352	7478 3744 4608 880
353	1980 3409 4782 7354
354	543 1633 5252 739
355	3288 776 4052 3496
356	554 3666 2450 7241
357	7554 428 514 674
358	1882 4859 5302 999
359	1891 5384 4115 419
360	2866 1300 7299 4409
361	1107 4770 2402 1076
362	3977 3963 7641 4016
363	7667 4209 4632 6675
364	3572 3262 5045 5491
365	1015 1466 5403 511
366	3552 7193 6890 4925
367	3757 6359 6126 5918
368	1389 5801 1786 5792
369	4961 1973 3508 7565
370	424 6860 2143 915
371	4909 4450 2316 5654
372	983 6003 3017 951
373	894 5152 3047 6733
374	4776 3207 510 5341
375	212 3746 1716 6394
376	2227 4391 3209 6403
377	4277 3768 6859 6961
378	4759 50 5639 4155
379	4836 7472 7905 5334
380	7758 188 5426 4673
381	1538 2303 7466 2475
382	4840 6491 7841 6214
383	1668 5059 1653 2597
384	4206 6537 4627 5063
385	1620 5843 5425 6938
386	7284 968 2489 4967
387	3754 4132 2032 4063
388	2534 2961 6331 2244
389	7543 5845 7003 3967
390	3188 7935 1352 7087
391	6462 4991 5699 823
392	872 333 2273 6290
393	1885 6544 5339 3028
394	1474 7448 3505 5545
395	251 2396 5471 3282
396	7266 3642 2740 6687
397	2084 1797 7238 7755
398	6239 7936 6484 679
399	981 5409 3381 1951
400	5731 3846 3209 6844
401	3464 6131 1767 1723
402	6875 6449 4339 6785
403	642 4101 7352 949
404	7041 4077 4973 3640
405	5906 5791 801 2691
406	7366 2643 1236 7754
407	7434 5880 2651 257
408	7632 7490 3390 4543
409	2054 1558 3675 6368
410	3158 2812 7274 3296
411	2077 2244 3284 4746
412	2046 35 3426 816
413	6967 5121 4101 2716
414	26 223 1160 1278
415	7287 725 2471 4016
416	4316 3429 4135 1366
417	3132 4789 7506 1827
418	3326 47 6416 5701
419	5298 2809 3385 5073
420	3692 3620 7747 1745
421	4733 6320 4950 414
422	4050 7169 5756 3860
423	352 2614 1285 1879
424	6121 2010 7004 4840
425	7084 644 3767 5929
426	6084 1150 4301 6212
427	5060 3115 6215 7809
428	2892 6730 2415 3799
429	5141 275 1106 5357
430	5084 4632 2284 2471
431	3532 678 5416 7032
432	5835 7237 7077 7698
433	2988 176 4513 7705
434	7361 1456 7903 3493
435	2202 2705 6618 2870
436	2502 1534 6723 500
437	2210 871 5712 3224
438	3196 6786 6973 4441
439	1224 1162 1354 7140
440	6716 3264 4647 5829
441	7056 1581 7748 4393
442	2986 1516 47 2799
443	1378 2763 1468 539
444	5912 5990 3172 98
445	6306 1161 7643 7701
446	6626 5228 3640 6741
447	3372 2611 7959 70
448	661 3923 7311 2504
449	5729 6633 6723 5239
450	2529 4013 2234 3397
451	6444 6057 5325 3578
452	5795 2386 2271 446
453	3070 3073 2767 1169
454	6705 3400 7712 2548
455	7189 5575 4566 7392
456	4533 1292 2474 2881
457	7432 661 148 6064
458	2286 6704 868 1273
459	1497 5421 7992 7126
460	1013 921 7735 4147
461	7001 4649 4101 169
462	1921 1054 3664 5089
463	2521 4863 3001 5668
464	6644 1279 256 2800
465	6982 4048 7302 2623
466	1431 3395 4886 3112
467	1576 4766 5983 6373
468	5677 310 6103 5980
469	5689 4807 2881 1645
470	3147 4739 7847 4764
471	875 309 3497 3516
472	3399 6252 6806 7848
473	2656 7264 4058 6744
474	1320 4947 6803 7568
475	1015 4617 7894 15
476	6369 1421 751 4617
477	6713 5648 4534 5972
478	23 4325 4738 7553
479	4104 6087 6522 4462
480	2087 4688 4019 6715
481	5909 1431 7808 5244
482	7947 4314 3160 5808
483	7457 4191 1684 1498
484	7513 5951 6315 2610
485	7190 280 7562 770
486	4492 7555 588 6706
487	4744 6543 4507 3562
488	1836 3863 3665 6824
489	7755 4422 3294 1625
490	1567 1610 6368 5342
491	5518 7997 7857 6034
492	905 4120 7520 6670
493	1977 6181 1324 5486
494	7497 627 6477 3708
495	6011 6570 5488 5821
496	4721 5566 3924 247
497	1803 6483 1355 564
498	5460 5212 3978 1134
499	6113 971 6554 5402
500	7403 3412 6418 217
501	2542 4094 2732 4774
502	4832 6814 2777 2535
503	1449 4504 4650 6376
504	5031 849 4317 7900
505	3944 7395 2562 3164
506	1871 4886 5339 1988
507	1434 144 6550 6531
508	2768 6331 2029 4219
509	6475 2449 7846 6639
510	145 7107 1020 5178
511	6243 3556 3774 477
512	685 3807 3060 6020
513	699 5164 5780 1007
514	3085 955 3671 4227
515	5585 2839 4160 1865
516	3663 5200 2386 6308
517	1667 7318 6385 5379
518	5107 6895 7171 4463
519	181 1780 2594 3235
520	6815 387 4808 2922
521	6224 4238 1620 4969
522	1674 5488 1543 4639
523	877 3400 4045 7506
524	5808 5989 994 2182
525	1140 5904 7132 5294
526	730 4674 2313 2141
527	2272 4563 6066 3161
528	3498 231 2817 6042
529	7966 7265 2805 836
530	3894 3530 7761 718
531	1777 2449 1930 5140
532	2294 5168 1688 1280
533	534 7556 6256 5184
534	7838 2785 732 264
535	1024 7650 3530 5481
536	5643 3550 3505 3251
537	4984 2373 3442 3682
538	6237 6352 1651 6176
539	508 4683 5228 7743
540	6050 3602 7900 745
541	6255 2320 6533 3628
542	6707 189 5408 1840
543	382 2704 3788 1234
544	3040 7026 1423 2464
545	6915 5982 7199 7042
546	7143 742 4761 5742
547	6314 1191 7565 5075
548	466 5466 4332 3670
549	2267 1018 3480 5043
550	5847 3270 919 775
551	1306 1393 2088 2151
552	6563 4753 4632 5518
553	5606 5156 386 6861
554	1868 6324 7960 5239
555	6377 4312 1217 944
556	6174 6196 7036 5616
557	3558 862 6387 6520
558	7949 2666 3743 5088
559	3029 2009 3007 1318
560	4527 4197 2485 338
561	3396 3478 1947 222
562	4501 4906 5953 4944
563	4390 3015 7451 2258
564	3988 5478 1901 1422
565	243 594 2262 1453
566	4986 138 5973 1412
567	3949 6619 7250 7613
568	1201 5200 7815 7384
569	6061 6454 2354 2862
570	5149 1861 7189 4229
571	4784 2822 772 3860
572	5992 1255 7540 285
573	4342 5159 2680 3931
574	6470 1462 435 777
575	6190 4745 6349 5932
576	5484 2008 1530 373
577	404 6460 3410 1463
578	2271 7542 7188 1485
579	2618 2250 3077 5138
580	6792 776 2594 5135
581	3195 7916 1536 1933
582	864 3365 3210 1671
583	3820 7582 5268 7195
584	5729 4328 7615 1295
585	515 3208 2957 4726
586	2165 6723 1263 1323
587	7121 5791 7714 6424
588	2921 4671 1431 279
589	7555 2370 7710 3286
590	6155 2476 5569 2385
591	6714 735 4917 126
592	6728 1427 6539 1693
593	6676 7748 490 5227
594	5622 74 663 1057
595	6887 5424 1447 5167
596	4401 60 2263 7330
597	6314 3439 4631 2412
598	5573 6320 3307 2639
599	87 3503 4572 823
600	4850 1251 3069 2243
601	929 2007 3680 55
602	1725 1669 105 474
603	732 6653 332 3889
604	2461 6690 3655 5423
605	7904 2257 753 7858
606	4483 2340 3488 6487
607	3672 6679 4199 4107
608	1340 4577 4490 6598
609	7296 1845 7796 2230
610	4814 4522 4723 6881
611	2206 7083 7492 1927
612	1413 4105 5454 7702
613	4347 2501 6934 6604
614	4415 951 4594 6504
615	2565 891 2688 648
616	1769 6206 1231 5525
617	4660 3658 45 6901
618	2595 6155 423 7428
619	5760 3522 804 6951
620	6676 7851 6117 2096
621	5956 6255 725 5152
622	2261 4621 2080 1258
623	1713 3473 3987 7878
624	5644 3174 1898 3317
625	297 2504 805 4329
626	3422 2199 7639 723
627	6565 7615 2488 6266
628	4972 2705 446 377
629	6704 1401 1558 7398
630	2627 2989 7338 2057
631	72 7863 3152 6683
632	6171 6002 6710 2493
633	4065 5758 1776 3646
634	2719 25 6500 3721
635	5998 2014 2607 5892
636	4663 941 5729 7491
637	4238 2543 4849 5286
638	7339 6011 4066 983
639	411 3534 4290 3872
640	4180 976 3349 6770
641	3258 6305 5028 7401
642	567 406 1403 5897
643	6776 1069 4468 5429
644	4251 5622 288 3177
645	6556 5464 3001 2238
646	2109 7137 6039 204
647	2777 6461 2422 434
648	197 3458 5207 6322
649	6099 7259 6963 4884
650	2448 7211 4986 2697
651	1745 4063 3934 704
652	5034 2931 2438 3868
653	5340 3113 1316 1373
654	349 522 4294 2567
655	1618 113 5244 5576
656	684 6228 44 5322
657	5910 6218 3175 4230
658	7138 5127 1516 276
659	333 4970 2637 2193
660	7920 3525 5841 869
661	7938 3117 812 2503
662	4152 267 7714 7474
663	6555 6978 2795 4535
664	2424 2857 5056 7760
665	5918 7045 2224 3307
666	1767 5422 5680 3509
667	652 6746 3103 1230
668	6391 927 7276 2817
669	4016 2839 7949 3908
670	6421 1686 5023 39
671	2819 6622 1033 4176
672	7066 2109 338 5546
673	4736 7181 4315 7385
674	23 3725 4777 7296
675	7260 4150 5782 7996
676	3630 2942 2814 2427
677	6849 5953 3257 4896
678	6161 616 4186 1525
679	7336 275 3318 375
680	5834 5382 764 4891
681	2483 4496 4874 1583
682	7522 5847 4326 3130
683	2578 3099 3979 5290
684	1801 4113 4392 7514
685	5286 4553 871 5145
686	917 2746 1215 1062
687	477 1951 7797 7178
688	2380 7172 6272 6974
689	7573 3663 3045 2105
690	6330 5634 5072 4967
691	3962 556 4695 6075
692	7485 7201 805 4293
693	6355 2805 2978 4821
694	384 2983 2378 4651
695	1457 99 703 7740
696	5801 6571 2548 2888
697	156 2065 3082 6245
698	2643 6844 3400 2360
699	2438 941 7378 2817
700	1276 1698 3093 976
701	4537 6109 5163 1484
702	1154 2852 7822 5440
703	3391 5787 5550 7050
704	5808 1796 124 2862
705	213 7238 4652 5185
706	5621 5062 3160 4882
707	3079 1081 576 4593
708	3523 7376 2340 3629
709	1690 3815 664 3770
710	6638 5920 595 7293
711	4014 7410 244 6436
712	6057 3754 3876 7775
713	4310 1841 2042 7567
714	5377 5639 2895 5832
715	3057 3691 4492 5990
716	246 2860 3882 325
717	1627 5455 3534 1854
718	130 3259 1078 1628
719	44 3939 2092 7849
720	7631 627 4935 6942
721	3005 4156 4275 5852
722	2130 1676 2470 5219
723	7335 7378 3456 3777
724	5188 7235 5912 5576
725	7357 6508 6709 2702
726	3036 931 6820 5546
727	5214 694 4725 3930
728	2678 5502 7002 6184
729	2920 4125 131 1453
730	2506 4020 1117 24
731	6023 1190 4293 1366
732	6038 6690 6502 1040
733	980 7705 6982 6092
734	6254 5518 5784 5235
735	7953 3653 2922 5857
736	6209 7023 3060 2182
737	1456 2911 73 4655
738	2998 7307 6881 1754
739	5390 7682 606 5047
740	6807 2182 3020 516
741	6233 3856 4881 5430
742	2713 3666 2996 663
743	725 288 5341 977
744	2052 3074 2511 3110
745	6175 7998 7079 5315
746	4583 30 5469 5264
747	4533 2523 6955 13
748	2353 6141 3966 3217
749	5698 2210 7458 1331
750	5069 3676 601 3538
751	5026 2937 7156 4212
752	6957 1502 699 3546
753	6832 3813 386 6342
754	6494 6638 4516 869
755	1695 2631 6953 6153
756	1071 203 1205 7324
757	4665 2352 5980 8000
758	4552 7116 7323 568
759	31 6700 6606 7256
760	862 7859 6854 5672
761	71 5891 129 3959
762	7150 5668 5242 1736
763	2250 6836 3262 1643
764	3738 1970 2607 7826
765	5651 5624 4530 377
766	2980 2468 1337 5985
767	6909 1877 5438 5543
768	7318 4186 6437 2747
769	6763 2559 899 6746
770	241 7905 1531 2555
771	337 1083 5495 6302
772	6507 4812 1097 6632
773	1574 2081 7508 6076
774	1912 808 2540 7361
775	4779 4926 5271 3003
776	60 2823 5889 869
777	6018 4158 2200 1466
778	1970 2579 2403 1492
779	2153 158 27 744
780	68 2685 4108 6972
781	7587 2978 2049 2097
782	980 5513 2236 703
783	2339 7961 3854 6599
784	7746 3248 3789 3011
785	5840 3798 3811 5668
786	1449 7588 1902 1425
787	6898 1944 1711 5297
788	956 7997 7443 4080
789	7560 2788 3331 4323
790	1354 3 2219 6826
791	5134 2774 3238 6641
792	4843 7953 4418 7341
793	6441 5641 2057 3077
794	6253 3752 4385 2458
795	5387 2221 7502 2714
796	7020 2490 5544 149
797	3230 2750 6811 1798
798	2380 5510 7268 1011
799	2495 3397 1848 2886
800	677 5351 5730 7827
801	4219 4711 6990 5758
802	3133 5107 5217 5719
803	301 1979 7982 4664
804	1049 1164 2157 7580
805	1998 3950 3342 3788
806	3366 4886 7049 7940
807	2127 7183 6470 416
808	2631 3706 5727 1119
809	378 2246 4468 7072
810	5879 5215 2876 440
811	4115 3281 4796 1994
812	6551 1229 1423 4500
813	3383 5934 5221 3615
814	6529 433 7417 5920
815	4352 2434 4134 3297
816	1508 104 7242 3713
817	2221 4572 3147 5399
818	2346 3520 6462 2314
819	2664 5639 5996 2790
820	7687 4083 7352 6570
821	4142 6847 7125 7284
822	1092 1768 3132 4379
823	12 2543 1911 2026
824	7043 449 1127 3394
825	5085 1511 2373 6657
826	4630 3728 2609 3135
827	374 6937 3285 2199
828	1371 2333 3724 3071
829	2029 1111 5960 2885
830	4546 3725 7972 2649
831	4028 6683 2611 6747
832	1574 6496 3849 968
833	6939 322 4991 1589
834	6404 4217 5811 3727
835	7150 4877 7171 52
836	1513 7833 6381 1272
837	2228 2629 3621 2774
838	5058 6277 2264 2028
839	613 3015 394 2259
840	7872 5907 1491 2265
841	3637 7173 7047 1844
842	3411 483 4147 6137
843	2917 2954 28 6252
844	7425 4766 7935 7076
845	6431 1520 4646 2540
846	1044 497 1812 3125
847	4141 2436 278 4803
848	3122 1349 4158 4433
849	830 142 402 2825
850	1110 3613 4416 1129
851	3820 972 3063 5952
852	4388 7748 2876 1953
853	4574 2390 4790 4751
854	5896 4552 4232 485
855	7676 2852 1561 623
856	3064 2611 6792 4502
857	6528 1747 260 5334
858	5480 6794 4677 2944
859	2076 6079 5184 516
860	365 4968 1092 149
861	5235 4127 6496 7482
862	5860 1719 700 2496
863	7155 7988 5146 2319
864	290 1762 4394 2246
865	324 7017 5587 3985
866	983 7846 2196 7349
867	7487 4347 5782 250
868	6875 6360 1789 6179
869	4680 5235 1277 1623
870	3076 443 1098 575
871	1224 720 772 2975
872	695 7336 1645 1303
873	3274 3084 449 2403
874	7675 3796 798 4967
875	2605 866 7418 4929
876	28 801 3820 4602
877	2573 6694 2998 4970
878	3774 4418 4570 3638
879	2737 2954 2153 69
880	2084 5552 4944 4602
881	4426 4313 249 3210
882	5485 1472 5626 5884
883	7560 4389 2409 94
884	1706 2347 426 2074
885	4334 353 75 1095
886	3625 703 7487 5851
887	1904 2017 6022 5163
888	6943 4556 844 50
889	4015 2955 2875 780
890	1638 140 1307 7539
891	2535 491 5326 5135
892	4913 5495 2371 5687
893	6162 2855 6567 3000
894	6246 1871 4814 3661
895	5103 3594 7080 3378
896	1353 5707 4896 4512
897	1310 7343 750 4789
898	5246 6160 5524 5903
899	7904 5272 7402 1156
900	3266 5479 5494 5581
901	6708 3088 188 5552
902	6862 2184 4882 2108
903	1342 7192 854 2649
904	71 1881 902 2069
905	3115 3609 1790 2533
906	1044 3685 1991 5922
907	6024 3579 838 6617
908	658 7594 2661 5848
909	1408 3179 7213 6693
910	1132 3804 5574 6419
911	4376 4130 2461 756
912	1764 6822 6573 4557
913	929 4939 7272 40
914	6291 5385 4842 3259
915	4686 7774 5020 763
916	5065 5559 4131 3712
917	3466 5005 2297 5442
918	7118 5033 7908 2885
919	6491 2069 5274 2148
920	2398 7506 5589 6387
921	764 352 6601 1951
922	6825 3200 2416 5310
923	6213 1018 2642 2829
924	2516 4900 6314 986
925	7503 2246 3203 4669
926	419 2584 7031 5016
927	7931 67 3501 532
928	6783 3552 6076 5648
929	5613 7021 987 6193
930	268 7128 456 7497
931	6229 1099 5731 7031
932	3216 7373 952 3816
933	3857 5964 4424 6658
934	6464 3886 4621 978
935	5989 6167 2664 3260
936	2278 1656 5473 7490
937	2581 6112 4033 1426
938	6399 50 713 847
939	2070 782 7589 1331
940	3830 417 4694 6708
941	7535 3715 1728 5440
942	1948 5416 6691 6315
943	3752 5515 5987 5484
944	2648 1055 1824 5785
945	6669 6169 7217 3275
946	671 4569 6953 6856
947	6863 4697 627 1996
948	5914 3632 1085 4829
949	1827 190 7594 3922
950	5440 5065 2801 1945
951	2502 3014 4695 6100
952	6078 6031 7457 3079
953	5214 6013 2295 5339
954	6895 1900 6372 7625
955	1249 6754 115 3921
956	6512 299 6953 6594
957	579 7393 5564 3784
958	1138 4536 2678 1445
959	5778 505 206 5473
960	7347 5435 5089 813
961	6986 5192 597 988
962	1070 2778 2421 7284
963	2777 87 5837 2749
964	4907 5919 3211 2534
965	1111 4342 7500 4167
966	3780 5771 6238 3612
967	7083 477 6245 4935
968	4151 3252 2319 3832
969	7942 1944 5241 7937
970	6381 2405 7028 4697
971	937 7539 1650 4765
972	5520 5795 6061 6447
973	7806 6308 1739 5135
974	4718 5411 7019 2309
975	5261 315 2853 4077
976	1593 190 4540 3178
977	5633 6701 4243 3598
978	7338 7420 4237 1442
979	1869 670 4946 4569
980	4978 5635 2602 4821
981	2341 7583 4169 3921
982	3138 7283 1020 1586
983	3519 5074 6308 7811
984	2816 2305 6251 5157
985	2275 3126 4540 7222
986	7089 2909 1248 1083
987	2707 7294 2033 6535
988	7330 7194 2851 2555
989	585 1778 195 3958
990	6449 928 4938 92
991	4112 6786 2951 7223
992	5804 4656 4778 6692
993	464 4673 6914 812
994	7873 7441 2859 3711
995	3599 3558 5403 6051
996	7420 941 4162 942
997	145 3653 5623 686
998	3815 6148 7825 4759
999	2684 6298 6914 2194
1000	2332 1988 398 954
1001	3560 2688 5830 4829
1002	6642 4136 1325 7779
1003	5369 2540 4927 6537
1004	2418 3767 57 7949
1005	6577 4480 2450 4141
1006	4855 3595 4140 5771
1007	2257 1644 5762 5819
1008	7076 6453 2875 1280
1009	717 2029 2174 666
1010	1830 7767 1612 7204
1011	4842 7388 939 4245
1012	3509 1708 5463 4769
1013	6247 936 1547 6327
1014	3487 3383 211 4816
1015	2891 2939 6036 2593
1016	877 4354 397 7367
1017	4577 4234 894 7913
1018	7282 7889 6065 3764
1019	7823 986 3234 846
1020	3734 1718 6351 659
1021	1846 5524 4267 1369
1022	6943 7735 6104 4618
1023	2984 5820 6702 388
1024	161 7930 6919 5749
1025	1616 6200 5559 402
1026	5343 2 2478 6767
1027	7734 147 7978 7787
1028	1988 4458 5787 4055
1029	2572 2533 2947 6449
1030	5928 7663 899 3745
1031	243 7401 510 4203
1032	521 6160 7917 551
1033	3146 2414 5814 1029
1034	3095 4744 7573 8
1035	5908 2349 4507 6441
1036	7178 6126 2384 1973
1037	4955 5520 317 7515
1038	1938 1676 3369 710
1039	4299 4771 7254 3701
1040	6444 2610 544 6537
1041	975 2697 1742 7358
1042	3757 7117 1884 7996
1043	5532 4988 54 4029
1044	2535 1312 1164 7688
1045	346 4331 3820 1784
1046	7741 522 4068 3342
1047	986 4022 6946 2528
1048	7206 306 4195 421
1049	7723 5494 5141 13
1050	1237 3744 47 1480
1051	7258 5175 2364 5332
1052	2079 6890 4825 4694
1053	5066 5648 6838 5015
1054	1002 5955 2825 7441
1055	274 3800 884 5407
1056	6917 1637 5476 2476
1057	1795 2683 5693 5843
1058	1847 2153 4496 6236
1059	2458 53 4225 175
1060	3246 6935 5411 6950
1061	5197 3072 816 3571
1062	3080 7546 3642 4720
1063	3858 5398 4643 7022
1064	722 3289 1581 4414
1065	5006 3926 2056 3871
1066	5162 98 6565 3155
1067	147 7657 5903 2699
1068	7668 6676 4397 7399
1069	4048 731 6305 7256
1070	6965 1508 3003 21
1071	402 5375 954 2671
1072	5161 6218 2071 3548
1073	870 4543 5846 6026
1074	4051 4908 7000 7594
1075	3554 293 7483 2413
1076	2108 7479 1171 2776
1077	258 6427 6901 6940
1078	6382 3568 7580 1818
1079	442 6702 503 716
1080	2683 4641 1069 3245
1081	1536 4921 6537 4655
1082	7849 871 3872 4023
1083	4348 2458 7117 7021
1084	7557 2860 1923 2694
1085	4572 6304 6093 958
1086	2048 3863 5359 5994
1087	2944 4450 6633 801
1088	4317 6071 3850 7644
1089	3387 5454 5262 6816
1090	4695 4641 7898 3944
1091	6532 5287 1175 5045
1092	478 7532 4951 3011
1093	3265 5062 3021 6295
1094	5088 3865 6161 908
1095	1517 6000 7946 5857
1096	2501 6377 7844 6668
1097	3294 5014 1521 7352
1098	3026 4685 1172 7096
1099	3978 5530 6307 4210
1100	6216 3477 6358 7477
1101	219 7685 3136 2554
1102	1596 3343 3572 5737
1103	2285 1787 2818 7886
1104	2064 3871 6043 3317
1105	7525 6954 795 746
1106	4219 4758 3294 5938
1107	3630 5064 3409 5626
1108	557 7060 6165 5666
1109	5664 2713 3769 4697
1110	2372 5352 6280 2102
1111	1411 2578 3821 7532
1112	5367 440 816 7232
1113	5310 4640 7068 3761
1114	6399 7409 916 5417
1115	2354 6934 7494 5743
1116	7448 5163 2829 7189
1117	7573 7041 6600 4578
1118	5797 3255 6823 2973
1119	6284 3276 2042 7424
1120	3599 1693 126 6549
1121	7062 6516 4252 4854
1122	3401 5517 683 6011
1123	1456 3923 3474 6090
1124	4870 4356 4167 181
1125	1709 250 5045 1246
1126	5871 1776 3731 6859
1127	352 5258 7323 7308
1128	2226 4149 160 2035
1129	7258 701 2524 4380
1130	6879 1860 1590 2065
1131	6842 3660 7839 2796
1132	2867 5100 2680 6079
1133	4332 467 6538 4041
1134	1412 4086 1090 1277
1135	7624 5250 391 4958
1136	4607 5456 6359 3498
1137	3971 7115 1562 5567
1138	7588 4715 2740 7390
1139	2846 6251 4252 7888
1140	1737 980 7296 2676
1141	3563 5756 5724 4463
1142	2404 914 5499 3497
1143	4817 2720 907 6865
1144	5753 1638 856 488
1145	7062 5137 2690 286
1146	7806 3492 2508 165
1147	7709 2449 5048 2377
1148	2372 6965 7504 7456
1149	5403 5047 559 822
1150	5503 5701 438 6583
1151	5166 5814 7416 4710
1152	247 7374 4326 7267
1153	7025 4798 1935 1585
1154	921 389 1112 7102
1155	6714 4348 2633 1118
1156	758 709 1910 5213
1157	2403 6587 7316 7676
1158	6704 3769 6048 2697
1159	5888 7820 5201 1622
1160	327 7309 4229 2071
1161	4494 1497 7979 7021
1162	6175 6095 2594 2898
1163	6978 613 6797 1458
1164	2628 4872 7185 3950
1165	5005 7930 6493 6042
1166	7157 3537 4304 7697
1167	3300 2159 6049 4210
1168	4116 2396 1475 4650
1169	397 2257 1031 761
1170	2560 3508 4202 4979
1171	1901 241 3928 3659
1172	6279 2481 3430 7055
1173	3518 7452 7634 6398
1174	145 1759 5610 3011
1175	7600 7915 3919 378
1176	6014 3271 3485 88
1177	6778 7507 4587 6472
1178	5869 3492 1179 7504
1179	1273 853 2135 3107
1180	5537 1318 3939 1768
1181	772 5400 5051 4454
1182	7215 2796 4788 6795
1183	5295 5885 2517 6929
1184	5239 6654 7657 901
1185	2263 397 2120 2987
1186	4912 4669 2963 6671
1187	3030 5512 6281 6301
1188	879 3340 5375 7920
1189	7412 6476 4455 1716
1190	7465 7920 6477 6371
1191	1294 5177 6778 6939
1192	537 6788 3251 3427
1193	4192 3644 6652 2755
1194	878 5231 785 1292
1195	6677 4082 6908 2622
1196	6719 3129 6348 6955
1197	3856 3944 4492 6822
1198	3994 2646 3942 651
1199	4320 6254 4918 7035
1200	5906 3663 2483 5401
1201	7909 7249 1073 1858
1202	6794 2682 4651 355
1203	3110 3088 7883 2840
1204	3380 2402 3240 906
1205	5275 1186 5668 7496
1206	2099 3285 3597 5968
1207	2919 2409 3754 3258
1208	3726 1118 4318 3666
1209	7704 4419 97 528
1210	6280 3913 7649 5578
1211	4244 7165 7665 1988
1212	3406 1404 5646 3022
1213	7322 3287 305 5021
1214	6410 1061 7590 2452
1215	3840 3818 3432 4299
1216	1985 7765 1832 7797
1217	4836 2406 7635 2979
1218	3824 776 1222 7614
1219	7178 3409 4423 5623
1220	4692 7347 5421 6240
1221	5024 6528 629 5887
1222	6145 7306 1904 6630
1223	1914 1274 1545 1149
1224	3995 3175 4091 390
1225	7372 2406 6720 710
1226	6724 3838 6046 7527
1227	1135 577 4391 3825
1228	5467 547 2331 2757
1229	5642 2782 4840 751
1230	1764 5967 7093 6718
1231	3191 6802 7570 2177
1232	5239 253 4112 5240
1233	4147 679 3971 1780
1234	1413 6572 1524 7879
1235	4871 6379 4249 7351
1236	4310 6262 3099 4171
1237	4528 4137 4693 5834
1238	1111 738 6410 6648
1239	6711 577 2943 4774
1240	2994 1549 933 7406
1241	6794 3567 724 5104
1242	1463 1393 6047 82
1243	7222 7849 5585 3859
1244	796 7701 4107 7368
1245	6424 5862 3523 4302
1246	6934 6305 3211 1753
1247	810 5751 2903 5144
1248	4983 1977 7970 1931
1249	3308 7427 2952 1922
1250	7626 7106 546 5410
1251	4174 1626 5134 2278
1252	5155 3455 2397 3079
1253	293 4293 3055 4805
1254	6443 4992 3644 2102
1255	1961 7182 120 2262
1256	1063 1946 3645 7221
1257	3144 3457 1967 407
1258	3901 7759 3317 5666
1259	465 6136 4793 1342
1260	4986 5318 6938 7083
1261	3676 1615 2994 5174
1262	6889 824 618 3499
1263	4141 6074 2109 7977
1264	5939 2886 4301 7080
1265	1846 3441 1897 5444
1266	1634 6903 4131 7505
1267	3725 3684 5429 6272
1268	4980 4529 6185 6069
1269	4593 1560 1396 1267
1270	1181 6982 3054 6135
1271	2734 6521 6419 3284
1272	918 5190 7401 1399
1273	5200 2392 1951 5556
1274	7647 1255 1627 4416
1275	7137 454 4455 1623
1276	7688 6411 7913 6155
1277	4960 7999 7821 4980
1278	3535 2674 2413 4890
1279	961 1958 5606 4736
1280	2682 4562 1001 1506
1281	4929 2106 1460 2991
1282	404 5772 3982 353
1283	4637 407 1196 4285
1284	3316 1420 3337 4065
1285	1547 6453 1265 3410
1286	7150 7412 514 3306
1287	2842 5516 1990 5031
1288	7105 6761 3508 6166
1289	5909 3619 7704 2961
1290	6205 6127 4866 3032
1291	2642 1097 6035 631
1292	4550 4600 3505 4960
1293	4464 4501 4878 7173
1294	3917 4690 6624 7198
1295	4694 285 4185 7738
1296	4089 765 1722 2244
1297	4926 4571 2514 6042
1298	7405 2594 2675 6881
1299	312 7382 1338 3836
1300	2416 7439 7986 2923
1301	1180 7099 1458 7879
1302	6159 7071 7833 1940
1303	5155 5485 1422 190
1304	3441 6332 7157 2015
1305	4958 5477 7663 7726
1306	6675 5337 3047 1636
1307	6339 3049 2160 3342
1308	7167 6144 5826 104
1309	6073 2805 5731 769
1310	2404 2683 4716 5390
1311	5738 6541 7641 4533
1312	3778 7970 2639 1142
1313	4987 4905 5030 1134
1314	3291 1108 661 2611
1315	269 4343 4736 2483
1316	2204 6306 4789 4521
1317	7504 4905 1408 4496
1318	3190 3115 4262 482
1319	5925 1062 3376 2921
1320	4460 3313 7190 5301
1321	1348 3559 3554 2879
1322	5446 7350 313 2613
1323	2359 7399 2747 4265
1324	7026 7986 4885 2518
1325	438 7454 3024 2076
1326	4895 4727 6102 7474
1327	4781 4734 3408 4882
1328	560 1904 7197 1466
1329	4606 5267 962 2090
1330	2605 1704 1277 1511
1331	7959 1587 3377 5303
1332	5216 7195 174 5871
1333	4578 4217 6561 6987
1334	3603 3359 2002 3845
1335	5106 5109 6216 4830
1336	4859 2385 5850 5848
1337	3962 2880 4280 4594
1338	5887 2927 4947 5472
1339	6429 4756 7140 1914
1340	5450 1789 4850 1564
1341	47 2517 853 2423
1342	7005 2452 649 7857
1343	121 3309 5190 1734
1344	4880 89 2877 497
1345	3194 1070 1129 245
1346	473 3211 1756 7843
1347	587 4388 3493 4366
1348	7547 5768 3609 211
1349	587 3989 3763 5711
1350	322 2568 1711 1765
1351	2673 3629 1643 4951
1352	2944 5044 4543 2548
1353	4132 40 5798 1423
1354	6052 3911 5381 3693
1355	6687 660 2238 7283
1356	5543 3976 6301 3137
1357	4297 4247 7157 5879
1358	6268 328 3183 2691
1359	989 3056 7594 6202
1360	7265 2378 3949 6137
1361	5651 140 99 4675
1362	1295 6683 2228 2016
1363	6932 3409 688 210
1364	7799 3217 2854 4115
1365	1904 7445 2642 2384
1366	3036 743 6013 5149
1367	4942 682 2331 1719
1368	2072 3135 7595 962
1369	6215 7386 5007 7521
1370	4364 4017 4199 7579
1371	2509 3001 2633 6327
1372	6138 7768 6490 5762
1373	6560 3753 4099 4989
1374	326 6959 4004 7228
1375	2867 7032 6765 4538
1376	4765 5495 234 7509
1377	5933 3887 7073 4418
1378	1445 5192 736 440
1379	3167 7115 5073 1325
1380	2019 3303 5216 6588
1381	5170 1741 6990 6807
1382	5392 7411 3006 4431
1383	892 1297 7554 2949
1384	6100 6396 4008 4925
1385	4161 7179 7628 5870
1386	7320 5621 6151 5109
1387	5321 3426 4740 4435
1388	5737 1223 1598 2702
1389	3257 7658 446 6492
1390	3130 4370 1385 3170
1391	4812 469 7016 5110
1392	5405 3573 3858 3557
1393	4625 6463 6762 4707
1394	5964 7616 6236 5375
1395	2683 4194 4399 1619
1396	4654 3393 814 173
1397	7355 3633 4144 3593
1398	2191 7914 7770 1919
1399	4485 4388 2821 5809
1400	829 7992 7222 2142
1401	83 3754 6086 5508
1402	7179 550 154 4787
1403	1430 762 6931 908
1404	464 3279 6994 2052
1405	4928 765 5954 3055
1406	7130 7293 4087 20
1407	4769 4691 5463 7383
1408	2623 6696 2010 1652
1409	4510 3930 2276 1192
1410	7255 428 5611 4784
1411	3902 7962 1192 7904
1412	7488 3501 7833 6046
1413	1833 3138 4375 891
1414	582 3701 1871 6150
1415	2984 5668 1512 2800
1416	1449 58 867 7797
1417	825 5690 7396 4754
1418	1663 868 7308 495
1419	4832 2421 7665 5435
1420	2 5786 7493 848
1421	1300 6722 7750 2993
1422	3474 4462 3861 2436
1423	4901 5026 2655 4889
1424	7721 5435 7704 2187
1425	139 5422 4005 4169
1426	5781 7482 4677 6182
1427	4104 6782 3880 5367
1428	4592 1327 7780 5126
1429	454 5200 2263 1115
1430	1261 6612 2875 4239
1431	3276 2560 507 5731
1432	5983 7236 6526 6145
1433	538 1968 7044 4438
1434	7649 7669 2896 2347
1435	44 3821 5625 570
1436	5545 5552 5610 1165
1437	360 6684 4716 6001
1438	4202 5898 5963 3580
1439	2900 724 7212 6207
1440	4308 1389 530 1183
1441	1402 6309 4501 806
1442	757 7807 7187 492
1443	7245 4480 3933 5048
1444	3268 5295 2745 7169
1445	1609 1352 4086 5672
1446	5661 3171 7851 233
1447	192 1116 1820 7696
1448	6737 2217 1491 6124
1449	5245 4140 4867 7122
1450	4864 5863 396 5536
1451	6917 1797 1849 2210
1452	5740 6378 7823 4216
1453	5424 3979 3870 4876
1454	2442 4197 5654 4471
1455	1315 865 2450 1939
1456	744 7723 5420 2892
1457	3099 3364 3361 7367
1458	6847 7395 3846 7891
1459	1775 6753 2988 5317
1460	4994 1593 2659 1873
1461	305 7383 1200 5683
1462	1152 870 2881 7462
1463	2827 926 4232 3049
1464	3739 7275 6519 2948
1465	3415 2488 6943 2331
1466	1582 970 1487 1188
1467	3456 2014 3860 2068
1468	6632 7097 4829 6460
1469	2206 2772 2750 5247
1470	6603 1826 6713 3335
1471	2865 6280 3023 5687
1472	4589 3707 5398 2393
1473	4509 3923 2109 3445
1474	859 986 3312 5667
1475	4463 1589 1990 3352
1476	4370 3210 6547 7980
1477	234 7000 1420 6715
1478	4234 4468 6567 2888
1479	6858 6037 4923 1385
1480	4189 5811 7592 5714
1481	2530 4193 5465 1778
1482	6320 1900 4061 5214
1483	2646 4385 7805 152
1484	7613 7616 1800 5697
1485	3891 4727 5798 7301
1486	4574 401 1942 2960
1487	7767 1458 1548 1031
1488	7044 3255 343 2200
1489	6962 5051 1082 4181
1490	6441 7861 1208 2067
1491	2213 5677 318 610
1492	6063 4979 1792 4375
1493	3840 1490 6409 7506
1494	1731 2267 3540 3460
1495	867 5863 3106 3510
1496	7902 7889 7676 3001
1497	3658 1497 632 4591
1498	1531 5751 4224 1161
1499	3267 6479 6580 7242
1500	3360 953 2643 1173
1501	2205 7674 2740 5507
1502	1916 7987 3676 4044
1503	5050 4466 5241 2501
1504	1400 5467 3745 6857
1505	5405 6708 6308 6495
1506	4775 5630 7127 150
1507	7886 823 4922 2312
1508	3750 4612 5389 7192
1509	4397 5391 7053 4689
1510	5992 2413 7966 463
1511	6663 6100 5661 3424
1512	2756 5775 474 2471
1513	2021 5867 524 4539
1514	7299 593 308 5063
1515	6718 943 7972 1364
1516	3788 7274 4255 3683
1517	482 6269 4970 6345
1518	6060 381 4291 548
1519	5879 6860 2551 6557
1520	3481 3162 1462 3545
1521	5979 2907 6394 1311
1522	7273 2023 1643 3638
1523	6122 365 1455 2911
1524	1070 1742 3205 4910
1525	4070 4146 4850 7523
1526	78 7177 1054 7871
1527	1597 5643 2764 292
1528	2132 3479 2188 472
1529	5569 4156 6994 7259
1530	3039 2260 6880 4293
1531	3833 6908 6781 6271
1532	7994 5938 785 7668
1533	740 2664 3935 33
1534	4500 4402 2708 1047
1535	6874 3600 3791 565
1536	2089 1423 481 682
1537	5584 6886 7405 3785
1538	2274 4674 7317 768
1539	5157 5584 7404 5575
1540	2560 6960 3235 7459
1541	1993 1778 3289 6615
1542	4963 5248 6567 699
1543	2887 7495 1522 4426
1544	4366 291 5278 1642
1545	7546 4775 3540 1481
1546	3186 5137 6747 2415
1547	3705 7409 6965 3915
1548	4195 5530 5889 5321
1549	744 3166 3513 6252
1550	990 7180 905 4082
1551	3430 964 3772 5775
1552	7453 6134 7670 4522
1553	5452 6267 5748 5531
1554	7735 915 1703 6144
1555	2647 4119 7223 3660
1556	6609 4856 2859 1319
1557	334 6546 1237 651
1558	4730 6020 325 7353
1559	1935 7686 5606 5256
1560	2189 322 6214 504
1561	1063 5849 1199 4259
1562	6894 6950 965 2034
1563	506 795 5761 925
1564	3685 3902 4989 2686
1565	1083 901 6401 1873
1566	5737 3445 2423 7512
1567	5037 2460 2433 2295
1568	5669 6517 2542 5760
1569	2714 221 3055 846
1570	5931 3563 360 587
1571	1483 2385 1470 4189
1572	398 7056 6104 2624
1573	4368 2610 4315 1120
1574	1762 3883 5717 3983
1575	4651 2183 4885 5311
1576	2176 43 3239 5074
1577	3666 5384 6420 4191
1578	5732 3553 4844 5651
1579	6306 6147 3826 1085
1580	4769 6214 5529 5761
1581	6237 483 2495 2682
1582	3599 4820 4874 3865
1583	4602 4743 3478 68
1584	3150 7674 10 132
1585	7977 6631 7066 6938
1586	147 2709 5857 988
1587	3618 3982 1934 5326
1588	4846 3263 2897 261
1589	549 3701 6289 7039
1590	1941 511 7205 2831
1591	1770 3809 7055 193
1592	6187 1820 4125 6459
1593	3912 5435 6952 2652
1594	1376 1722 5963 2509
1595	5893 6688 1366 3809
1596	6717 4972 1234 596
1597	3649 4672 7273 3112
1598	4281 3102 2449 1689
1599	5770 3530 7007 7849
1600	1067 1124 3144 3017
1601	885 7259 2511 6154
1602	1375 7508 6779 4157
1603	5882 6110 4772 7854
1604	1557 2294 6327 4971
1605	574 4778 4444 5683
1606	1840 5151 1835 6591
1607	5172 5149 7277 556
1608	2817 5460 3930 6459
1609	5930 2261 7728 1015
1610	1307 1938 4171 5451
1611	1594 7201 4272 4618
1612	1704 2065 2370 7402
1613	791 3043 6178 5962
1614	6526 7559 6426 906
1615	4239 1509 4147 4183
1616	3799 1344 5931 2038
1617	7699 6909 3994 2202
1618	1010 1967 2741 4681
1619	5805 5987 5639 4651
1620	5765 3121 3898 4455
1621	7461 7695 977 7311
1622	1923 4911 4743 4749
1623	6207 7475 7804 80
1624	839 1745 4758 7170
1625	3999 2499 4744 5883
1626	506 7180 5596 1767
1627	4098 5439 249 5618
1628	757 807 3996 644
1629	242 2646 5001 6130
1630	4314 4214 3676 2160
1631	3087 2258 5687 6379
1632	5375 4306 6030 7662
1633	4859 6588 6875 6384
1634	1541 6734 7390 6767
1635	1436 1256 823 4168
1636	5277 7909 6792 472
1637	7615 867 6370 1890
1638	5734 1052 665 3945
1639	10 3649 7618 1447
1640	649 7972 5514 2585
1641	7118 1321 944 4310
1642	5149 1714 2655 2046
1643	1270 5543 949 3972
1644	5701 7975 4230 7148
1645	750 4675 2263 334
1646	3055 5137 5175 2171
1647	6088 6156 711 5490
1648	1919 4019 3533 1808
1649	560 2675 4152 1816
1650	1254 6889 5413 6099
1651	1165 407 6378 7904
1652	5421 5056 5124 7941
1653	4897 4929 4780 5824
1654	5099 7275 1442 4317
1655	3824 3046 2063 4322
1656	7712 1494 1666 4193
1657	1569 2602 102 5033
1658	2301 3881 4062 3031
1659	977 1453 6109 6385
1660	7105 5846 498 6202
1661	308 7126 3601 6846
1662	5788 3732 507 7085
1663	5034 298 5229 7285
1664	6099 3063 1721 439
1665	6319 4081 5346 5658
1666	4919 1731 7550 5690
1667	3541 3186 7253 5883
1668	3992 2230 5198 42
1669	698 406 1416 6678
1670	7317 2010 1528 1859
1671	5320 2461 475 3325
1672	8 7257 2997 4585
1673	3497 1081 2705 1694
1674	3613 884 2831 465
1675	3906 2323 1676 5569
1676	223 6239 3798 7656
1677	1224 1465 6145 7209
1678	1371 4027 2374 7829
1679	1055 6411 813 3228
1680	7567 1134 1820 6171
1681	2549 3416 1381 5343
1682	4491 566 3596 1730
1683	3094 7009 4429 6130
1684	193 5411 4771 7319
1685	8 1372 7928 5910
1686	356 2706 7501 766
1687	916 7028 5817 4009
1688	1476 3339 5367 7052
1689	1473 6528 3837 2069
1690	3017 5581 2291 3949
1691	2386 3936 7948 6732
1692	2945 2555 6957 4023
1693	1186 3292 908 1972
1694	2681 3964 5106 5457
1695	3938 2766 3223 7457
1696	7410 1578 7764 2873
1697	2124 6151 3471 798
1698	1803 4501 5412 3439
1699	6154 7378 51 2149
1700	5584 7928 2302 2782
1701	3485 3117 5785 7590
1702	50 6118 5567 3790
1703	4100 5134 4309 839
1704	5459 4491 4472 1190
1705	5068 5906 1060 3293
1706	421 3272 4088 5787
1707	5205 2118 1701 43
1708	3737 3811 2885 4584
1709	2339 5004 1161 4411
1710	6806 4685 1163 6506
1711	1450 89 5050 7756
1712	6591 3935 948 265
1713	3954 5782 3997 673
1714	1262 6226 3933 6921
1715	673 296 560 6399
1716	1027 5497 219 5006
1717	1528 3812 7658 1133
1718	3291 2599 3071 4592
1719	7749 1328 5066 5162
1720	4151 3674 3595 4497
1721	7424 7537 4298 1091
1722	3405 4490 6195 7843
1723	433 151 322 7119
1724	7593 6683 4839 7484
1725	6352 2458 823 4260
1726	5244 5826 7649 4347
1727	2657 7484 340 6534
1728	4394 6473 4987 524
1729	4552 996 3396 4570
1730	4543 7811 173 3012
1731	46 2678 5824 5770
1732	7630 5265 2170 7236
1733	2342 4169 807 2021
1734	7229 388 1 6089
1735	4446 3241 1725 3194
1736	4042 3599 7374 1977
1737	5819 7263 7718 997
1738	6915 3785 2921 2389
1739	241 2186 3945 1492
1740	3972 1545 4674 5842
1741	3489 7640 6838 5434
1742	4094 2799 6817 2534
1743	3243 338 3230 7801
1744	6875 2730 475 6885
1745	3608 6833 7039 3266
1746	7288 488 6235 3134
1747	926 2766 276 7059
1748	7693 4842 4284 4484
1749	6016 1107 4460 6535
1750	6462 3898 2501 812
1751	806 2496 83 3985
1752	3361 2266 1549 7744
1753	244 4614 3617 7587
1754	6959 4518 2917 2960
1755	7724 661 3583 7094
1756	750 4506 5107 3842
1757	3678 7320 1563 1757
1758	6253 2091 576 158
1759	831 2238 4583 6146
1760	5301 4052 1743 2238
1761	3556 3853 116 4941
1762	5796 2443 321 3145
1763	7051 545 2042 4448
1764	3652 5346 4427 6637
1765	4588 7420 1195 4473
1766	237 2005 6374 1250
1767	1793 5625 7725 1404
1768	3524 4504 6729 618
1769	1970 4969 6300 7702
1770	303 5650 1183 5200
1771	1716 5710 7259 6727
1772	4162 3453 5969 2844
1773	5582 3727 3147 2687
1774	3615 6541 3001 3199
1775	4307 889 2616 1711
1776	4598 136 7615 1736
1777	3144 1295 4518 7406
1778	5722 2608 3733 5191
1779	7060 2155 2074 4980
1780	7028 2440 5462 5550
1781	114 1434 6328 1887
1782	1639 6339 6592 208
1783	5040 2981 1661 2112
1784	6580 3507 6143 5733
1785	4117 7720 5964 3678
1786	2164 6529 1080 5720
1787	3617 4583 4139 4544
1788	749 2083 469 5479
1789	7673 1204 7915 5047
1790	3258 2641 2838 5875
1791	5134 2021 3538 1170
1792	5795 1560 2165 3392
1793	1008 6246 1721 4325
1794	771 2444 7889 1559
1795	2316 306 1286 37
1796	5368 3369 4507 158
1797	744 6676 3289 5799
1798	793 3572 803 5157
1799	5173 3653 1955 7539
1800	6651 4377 3402 2133
1801	2228 4440 4585 568
1802	1910 5677 6332 6945
1803	2207 3054 2667 2522
1804	5302 1950 5446 5755
1805	5294 2877 6750 6746
1806	7649 5816 15 5995
1807	6677 5309 180 4703
1808	6473 4333 5481 4681
1809	1239 2803 1669 1447
1810	1395 3734 7324 526
1811	4723 4691 1685 2813
1812	3194 6004 189 7566
1813	2788 5537 1011 2938
1814	2054 5706 2842 2584
1815	126 379 3361 5862
1816	7385 1661 2256 376
1817	835 3041 5793 3372
1818	749 1585 7038 7968
1819	471 4838 6697 2943
1820	6807 2500 5631 5156
1821	5738 1317 3479 6509
1822	4831 3717 4148 6311
1823	7519 6285 626 2977
1824	3206 4425 6413 5146
1825	4955 5237 1653 2831
1826	1485 6371 2703 6213
1827	4551 2402 7504 7793
1828	943 3874 1904 4161
1829	6787 6936 5309 4458
1830	7204 6364 2232 4342
1831	7463 462 4956 5977
1832	1394 6890 4349 2136
1833	6033 5942 6764 262
1834	3429 3498 7680 5400
1835	416 1007 1623 4867
1836	4393 3108 3901 6744
1837	5315 3206 3251 5602
1838	625 5510 3048 1869
1839	2789 250 2850 115
1840	4007 6311 1340 2993
1841	3870 1158 3199 7070
1842	3069 150 5824 435
1843	4251 342 4334 230
1844	7920 1213 1079 4707
1845	3585 3981 264 4669
1846	648 3077 5700 7
1847	2703 2682 1767 1483
1848	7705 6118 983 1804
1849	4048 6235 95 3810
1850	3934 4204 1127 4223
1851	5893 1401 6515 2607
1852	5274 7123 1543 3261
1853	418 7999 2923 3560
1854	4820 5165 5231 1360
1855	3472 4191 3346 6682
1856	2777 1511 2924 1696
1857	7866 677 6949 5520
1858	3008 6551 6632 6553
1859	6279 5641 4257 7621
1860	1237 5993 421 7450
1861	2397 5640 3604 5762
1862	611 5576 679 7226
1863	3633 212 2413 652
1864	7202 7462 6867 6089
1865	5811 1844 1691 6214
1866	5173 2824 647 6641
1867	3420 4041 253 2211
1868	697 3902 4504 7231
1869	602 4588 7445 3914
1870	3372 2744 4425 2474
1871	1739 696 7763 2653
1872	3744 5123 2864 2601
1873	2561 7572 1541 6526
1874	5687 2533 6220 3326
1875	2916 67 4980 1183
1876	6759 965 5183 5216
1877	4880 6398 4093 4536
1878	327 6076 816 4068
1879	4634 1530 730 2408
1880	73 2639 7884 7620
1881	5521 3690 646 522
1882	684 5602 1912 2930
1883	995 6547 1654 7935
1884	7884 850 7655 3060
1885	3646 1969 235 5913
1886	4596 3692 2076 1248
1887	2261 3863 3534 6396
1888	7916 6368 663 7521
1889	4882 451 2497 5649
1890	5716 6320 3841 762
1891	86 4446 6968 7329
1892	6054 4699 418 6517
1893	5206 5925 4904 5127
1894	7243 7573 5485 7376
1895	998 5335 5408 6305
1896	1252 2509 6842 548
1897	5223 5860 7127 3862
1898	6320 4692 3009 4292
1899	4923 3551 7611 2720
1900	1981 1461 5045 5140
1901	4628 5903 3570 6257
1902	7365 4122 7858 3421
1903	7530 7218 6513 1644
1904	1519 1129 2376 7345
1905	633 3919 5099 5890
1906	4620 5195 1914 5969
1907	3179 1067 574 5146
1908	5333 6623 2237 2649
1909	128 6740 5011 1728
1910	4206 6123 1288 1120
1911	7249 1460 7623 501
1912	5870 2609 7234 6149
1913	1374 5766 6257 2668
1914	5954 6948 2442 5706
1915	6634 2108 5224 2669
1916	2003 1356 2162 5946
1917	6996 5580 4965 2819
1918	3303 2110 2181 5781
1919	5184 5630 5605 2473
1920	2447 2485 5374 4634
1921	4067 1735 3279 7921
1922	5540 5282 5035 7009
1923	4870 2105 3176 1873
1924	2398 60 7068 795
1925	1053 5872 6566 3323
1926	665 7141 5568 2749
1927	5465 5785 6668 7736
1928	4695 6697 7000 4419
1929	5414 2310 1996 3906
1930	3167 715 7147 6777
1931	3503 7114 1930 1522
1932	6774 2321 6186 6145
1933	3634 2286 5556 373
1934	4981 2979 4697 3523
1935	5320 3222 5401 282
1936	4705 5254 1101 6224
1937	7454 3986 2499 2308
1938	1922 3340 4979 6746
1939	6940 31 2305 6372
1940	3586 1270 6910 3126
1941	111 4527 284 4410
1942	5862 3682 7913 3539
1943	7597 1154 5588 5308
1944	1582 4288 2276 3685
1945	2339 4048 7026 298
1946	2945 4614 2494 2593
1947	5671 717 1639 5137
1948	4880 4348 2254 6690
1949	7936 64 6483 2321
1950	4111 2591 810 7595
1951	7822 7284 6809 763
1952	4856 532 3829 1830
1953	4655 4242 2631 3739
1954	217 552 7714 2700
1955	4094 25 4782 4612
1956	2715 6485 6598 3906
1957	2226 3753 828 5725
1958	4029 4736 1669 6948
1959	7788 287 813 7050
1960	913 6192 1159 201
1961	7266 7358 2631 1555
1962	3377 6334 4299 569
1963	4865 3734 6865 3959
1964	2610 7672 3711 2925
1965	6874 6380 5274 4419
1966	3744 4635 6180 52
1967	3675 195 5686 6883
1968	6465 232 1419 644
1969	690 2724 6842 7251
1970	4575 2311 6405 898
1971	1786 6391 7849 1139
1972	2030 6953 3055 4586
1973	3189 2100 4185 4976
1974	3583 1513 1441 4966
1975	697 6694 5788 3306
1976	5046 2058 7463 3747
1977	4008 598 4585 3596
1978	5348 7421 828 7307
1979	1218 3061 6861 3506
1980	5901 812 371 4688
1981	4072 2786 2226 6505
1982	4463 7915 5236 3407
1983	2289 1325 1476 3860
1984	2545 7620 4076 5939
1985	7306 7470 481 2454
1986	3538 4011 4422 7727
1987	4033 2974 4303 6556
1988	3148 5974 6549 6913
1989	1721 3286 3056 5562
1990	322 7734 6605 4467
1991	1815 1589 4609 6910
1992	5762 7907 6477 1239
1993	5643 2273 3028 7779
1994	234 6066 807 1441
1995	89 1092 7750 836
1996	4283 6608 4775 2410
1997	870 5584 789 2221
1998	579 3641 3680 7983
1999	4817 2961 7835 2134
2000	3 5858 7110 7670
2001	553 5495 3953 5761
2002	6741 2838 350 7783
2003	3241 7569 5625 2999
2004	2 5939 7958 28
2005	5553 1865 4237 3302
2006	6620 5921 6817 7562
2007	5788 4806 3655 5157
2008	1703 3675 719 2322
2009	5082 5201 353 2129
2010	7597 5894 3433 4491
2011	2885 3129 656 3031
2012	4830 2263 4446 7217
2013	3402 491 1947 2747
2014	2325 6718 2997 5264
2015	3478 4212 1271 2352
2016	6081 4542 3692 1075
2017	350 7958 7610 6612
2018	3601 3555 6996 7722
2019	4024 340 3117 7615
2020	5787 5371 4018 5569
2021	7486 2883 7999 7164
2022	2620 7683 5517 1945
2023	2736 1711 5219 1786
2024	1826 752 7701 6976
2025	7645 2672 3090 559
2026	2885 2754 2372 1715
2027	7879 6799 3843 7670
2028	4096 1378 4154 5033
2029	7660 7303 604 6520
2030	4056 1033 960 7248
2031	6875 6928 7772 2338
2032	810 240 7611 7276
2033	55 1324 4628 3704
2034	4015 2293 394 2116
2035	1020 6228 3035 2033
2036	1907 5961 591 4770
2037	3470 3550 5472 5989
2038	1433 4008 5440 1254
2039	4576 116 7141 4953
2040	6843 7519 3680 7118
2041	1623 618 7784 4101
2042	7120 5508 7780 959
2043	5033 1465 2841 1306
2044	2068 1997 6162 679
2045	2568 2558 7964 2965
2046	2439 6746 2140 3795
2047	3316 5613 7441 6072
2048	7446 3030 6032 7884
2049	2039 4531 1894 3210
2050	1057 4341 6816 5300
2051	6718 3373 7718 7850
2052	916 5611 1913 3566
2053	4671 899 2030 1219
2054	4332 5550 4121 7413
2055	1337 1195 4446 1206
2056	667 4889 5419 6201
2057	2857 7772 4884 4134
2058	2600 2819 6299 5511
2059	4816 1644 4581 7943
2060	2107 637 496 7978
2061	7048 4199 3917 2222
2062	649 5578 6416 1983
2063	6135 3339 1128 2669
2064	4920 1044 2257 1596
2065	7253 149 886 3017
2066	7669 3935 7780 5226
2067	1273 1521 6725 4096
2068	7470 1470 1859 3692
2069	3538 1452 2672 1621
2070	5946 4920 7406 6989
2071	7488 4395 970 3468
2072	7859 3843 1947 817
2073	5302 3836 619 3603
2074	2587 3941 3072 4950
2075	5025 2416 5532 3513
2076	4897 338 5196 1855
2077	5098 6243 3416 2870
2078	6568 4101 7478 3457
2079	5011 5658 7064 3350
2080	2283 7001 4478 6799
2081	6799 3551 4558 2941
2082	7363 6044 7055 7315
2083	4329 2441 1963 6722
2084	5266 2974 1198 7786
2085	5881 883 7405 4017
2086	1456 4973 4958 1543
2087	6249 6353 6995 5004
2088	1072 975 311 4298
2089	5600 5641 886 255
2090	3012 1507 1749 8000
2091	7606 843 1826 352
2092	4387 4694 4573 435
2093	2853 3439 4867 1653
2094	977 3026 1336 7781
2095	7290 521 3493 422
2096	3153 2750 540 2171
2097	7502 6070 2221 962
2098	2907 2163 3673 305
2099	4838 2341 2826 6069
2100	1990 6884 2851 2490
2101	933 5684 627 8
2102	3792 1099 3763 7981
2103	7920 1810 6883 7408
2104	2498 24 1339 319
2105	5650 7316 5132 3858
2106	160 321 2492 5379
2107	5474 3380 1399 5674
2108	1736 5893 1472 5151
2109	7664 1937 4507 5211
2110	3752 494 4832 1790
2111	1303 4185 256 4155
2112	5807 6692 5283 3477
2113	169 4427 7446 3031
2114	4100 6932 4107 4883
2115	4278 7323 2346 4263
2116	6328 1150 7552 5426
2117	827 6509 703 6825
2118	5510 7642 4905 6195
2119	2523 709 2572 3308
2120	3418 1395 2498 1178
2121	2446 2234 7432 2374
2122	143 1988 6652 3332
2123	3291 6116 6053 5261
2124	6761 7525 6842 1162
2125	7948 4786 3803 6059
2126	5363 4142 6941 1688
2127	5134 6662 2261 3371
2128	1897 6351 1200 5705
2129	6600 7850 5373 3113
2130	7765 5407 7654 1494
2131	575 1211 3109 2584
2132	1838 5092 6926 5658
2133	7430 2380 7441 6567
2134	1531 6756 963 486
2135	2178 7893 4664 5106
2136	5812 4138 3997 4307
2137	244 384 476 3744
2138	4481 3453 7083 493
2139	61 3911 1895 382
2140	4796 3412 1854 2331
2141	2411 755 3033 552
2142	4495 1289 665 712
2143	5990 1650 3859 2784
2144	7488 2859 1085 1594
2145	7573 2172 563 7879
2146	6960 1957 4753 2471
2147	5233 7131 6734 6279
2148	6387 7603 1876 5566
2149	6419 2106 523 361
2150	3889 1114 1207 4243
2151	7310 831 4108 7367
2152	5625 2280 1128 4130
2153	3705 2974 188 7807
2154	7377 4641 4486 7699
2155	4812 2915 3919 1566
2156	2208 5115 2143 4577
2157	5656 446 1579 5564
2158	4053 6645 7716 1586
2159	3426 6891 7468 4724
2160	6335 2238 6794 4561
2161	1915 2962 1905 99
2162	1168 2732 7937 4205
2163	347 7738 3899 441
2164	4433 4789 2075 4796
2165	193 5478 1937 4079
2166	999 2082 7435 7272
2167	6211 532 3556 4884
2168	2581 1343 2946 1275
2169	5781 2473 4701 5238
2170	6201 3851 2075 1945
2171	7715 3590 7626 2270
2172	1961 4183 7376 2801
2173	68 7251 2918 3306
2174	780 1445 1530 5792
2175	2081 2184 5470 2311
2176	17 5948 1486 1592
2177	6238 6562 3580 7280
2178	5341 184 317 3496
2179	4520 6836 5052 882
2180	955 1199 2710 2769
2181	4289 5589 4082 7318
2182	3259 3889 4553 4057
2183	3846 6247 7867 3217
2184	5248 5416 2861 4481
2185	3536 316 4303 1548
2186	435 7936 5320 3291
2187	3406 4864 1784 6894
2188	5808 5979 3032 6466
2189	6750 4311 5054 60
2190	3296 6292 7566 2397
2191	6476 1140 7196 3903
2192	4477 5649 6219 6818
2193	2102 2968 1289 2361
2194	5690 6069 1431 3375
2195	7274 4508 5897 7071
2196	491 1082 3578 4758
2197	1045 6223 4496 2595
2198	5332 5136 4916 81
2199	2768 7104 86 4133
2200	577 4916 230 5165
2201	6314 4781 2665 6781
2202	466 2311 4792 1694
2203	2401 4259 2901 716
2204	6332 5949 506 6669
2205	4191 4897 243 374
2206	7383 7662 667 7378
2207	6924 7812 3896 3539
2208	558 3952 2553 5085
2209	5178 6715 2480 6411
2210	5473 6460 7100 4923
2211	1469 6251 2865 5086
2212	4180 1642 6196 5954
2213	7262 1231 2585 540
2214	6440 305 6689 4143
2215	2031 3739 7414 1055
2216	5441 6342 7966 1991
2217	5906 6878 69 3204
2218	6371 2959 1022 5816
2219	4505 30 3699 1847
2220	4988 7872 7207 1213
2221	924 789 719 7261
2222	5275 6417 4405 940
2223	7449 7328 7718 1387
2224	6545 5184 1152 1521
2225	412 1756 6576 1322
2226	785 6754 3274 1093
2227	1713 2108 2590 4555
2228	799 4298 4892 1535
2229	7874 3921 6345 7095
2230	653 5264 2192 6685
2231	6105 7930 1191 507
2232	172 37 6136 3446
2233	4706 6226 2633 3008
2234	4711 6440 7345 5855
2235	6231 3292 3594 3169
2236	135 4121 6663 5673
2237	6195 665 2424 389
2238	4948 4310 437 2836
2239	7695 6526 4687 2186
2240	705 142 385 1110
2241	7192 348 3196 4505
2242	6348 6677 5889 4531
2243	778 3800 1389 5601
2244	7801 3943 3916 6743
2245	3606 6434 1092 2706
2246	1173 4777 4255 103
2247	3789 4232 6868 5556
2248	105 1940 1560 404
2249	5883 6940 1538 3998
2250	7316 5899 6759 2357
2251	2214 4156 1173 4286
2252	1082 5921 4618 2469
2253	2626 6478 6730 4283
2254	3406 493 7854 5690
2255	2844 4583 5677 7696
2256	5823 850 2927 6261
2257	2509 7934 4390 1586
2258	3298 1295 6714 5390
2259	12 3863 6736 7792
2260	2359 4197 4537 6946
2261	4641 5132 189 3521
2262	2629 6011 2568 1076
2263	5125 1604 7987 1261
2264	1111 1349 1420 4699
2265	5541 7512 2254 3293
2266	4075 1075 6770 5043
2267	4622 3863 4668 5463
2268	4123 3607 5140 3938
2269	877 7843 4170 6511
2270	1974 6024 4533 6315
2271	1529 5651 3390 3136
2272	7743 5318 2364 378
2273	6120 6025 6858 1101
2274	975 20 1208 3161
2275	1757 774 4741 5082
2276	6400 2672 2143 5713
2277	2283 3979 1768 4583
2278	1366 6044 2033 2881
2279	315 7048 4155 6118
2280	7140 6678 4854 1698
2281	2885 692 7771 5020
2282	5726 2306 247 1624
2283	572 913 4434 3578
2284	2578 878 4717 5401
2285	313 2418 161 5890
2286	7585 4378 2489 7032
2287	5745 1489 3333 1638
2288	3906 4302 3789 5428
2289	7718 1083 4180 3189
2290	4713 7617 2365 483
2291	3759 2090 1623 6756
2292	5645 2223 1348 2886
2293	6622 3922 3463 5026
2294	1727 1373 7116 1715
2295	629 1237 7024 5504
2296	3761 5213 4562 865
2297	4383 7377 3816 6006
2298	646 4536 275 624
2299	7543 3199 3424 6063
2300	6830 3060 4361 4234
2301	7665 2287 2732 6672
2302	4070 1951 5227 2995
2303	770 4094 794 2685
2304	5890 6058 6408 5518
2305	88 3407 1042 2291
2306	1627 7216 569 6969
2307	3584 5576 3190 4380
2308	6650 209 1089 6645
2309	6199 2278 3131 3272
2310	350 7420 198 1017
2311	1326 4153 6261 7121
2312	5695 4869 6406 337
2313	5932 486 2091 7479
2314	1635 3330 5003 4201
2315	2791 2145 1669 6851
2316	2367 7361 7709 4941
2317	1697 2342 4251 6745
2318	5444 569 7091 3505
2319	3071 337 7819 562
2320	3950 7101 4140 459
2321	6277 10 5465 7844
2322	4404 1313 5448 5025
2323	5033 6342 4313 4740
2324	7844 3753 5727 7582
2325	1666 2111 1582 2223
2326	4454 43 1927 1784
2327	2564 6713 1533 2445
2328	2363 5952 3012 1493
2329	1019 6847 5490 4758
2330	6714 4873 4496 6964
2331	6764 4829 6751 4320
2332	5818 3131 5125 2220
2333	3868 6669 5150 3826
2334	7202 3998 2621 7337
2335	6224 4593 2186 2796
2336	5552 4966 4217 5337
2337	4758 1506 7026 2975
2338	1090 6786 1720 5672
2339	2553 5973 4405 792
2340	4568 6994 6154 2772
2341	1454 7620 7304 461
2342	4128 3042 5570 2895
2343	314 409 4477 2168
2344	1417 6913 5370 1521
2345	6890 3082 7331 2952
2346	1904 5982 5590 4797
2347	515 4125 6280 5239
2348	2996 6115 7801 6038
2349	6997 925 7656 3659
2350	3598 2449 5898 4055
2351	825 1376 6385 2606
2352	3921 4960 7790 4087
2353	589 2992 5088 1197
2354	2882 3896 3049 2361
2355	7654 7663 895 606
2356	4114 2349 2889 5840
2357	3437 5520 3189 1439
2358	2617 1666 1361 3431
2359	3274 934 2679 1646
2360	2283 4108 4440 3994
2361	4709 5483 581 2653
2362	6022 115 2740 5678
2363	5113 6830 6375 6715
2364	933 6717 3859 4697
2365	1927 6726 3509 6205
2366	6944 7088 7900 1336
2367	4404 1970 593 1346
2368	4570 4925 526 1060
2369	2582 2930 7030 1106
2370	5914 7297 3895 6801
2371	5323 5346 706 2311
2372	2763 1772 7182 3032
2373	2592 4426 3262 677
2374	619 2123 2859 6993
2375	3787 1822 5651 4342
2376	3700 1553 6747 7433
2377	1728 1903 5084 3632
2378	5468 1376 6874 2499
2379	3064 7801 134 4136
2380	1919 253 4452 1907
2381	6188 2031 3699 1843
2382	4893 6540 7853 6286
2383	5342 7064 5651 948
2384	5848 5994 1210 2594
2385	2466 30 4466 7073
2386	3048 3045 5365 6772
2387	434 6832 1732 3040
2388	4827 4008 4115 7290
2389	669 4230 7405 6959
2390	6566 5086 3294 4026
2391	6750 2073 4807 7272
2392	5259 6685 7989 3886
2393	7442 5631 782 2537
2394	3014 6524 4241 3885
2395	5718 6083 2114 1116
2396	3546 3212 3867 7856
2397	6663 3517 6183 1563
2398	7729 5402 6579 766
2399	4782 3380 41 6374
2400	5471 1347 351 586
2401	4049 135 7477 3942
2402	5664 7605 3066 5949
2403	2167 2939 313 1876
2404	3686 3853 5704 2316
2405	1850 7494 6086 1529
2406	916 5202 5921 4134
2407	4531 3793 7439 4451
2408	2940 4119 633 3492
2409	3764 7282 6952 582
2410	4592 6982 5267 3018
2411	2687 7047 4809 5443
2412	741 7511 5626 280
2413	251 6969 5619 5158
2414	1658 748 1852 6707
2415	4546 2313 6859 6054
2416	1069 6972 4777 6059
2417	6385 1100 836 5726
2418	3445 860 955 1725
2419	2422 2622 714 4796
2420	4825 3410 2000 646
2421	2416 823 3083 3283
2422	6446 597 371 6406
2423	1881 3823 695 338
2424	2653 3404 7521 5051
2425	5180 673 3420 5250
2426	86 2844 7404 4452
2427	1259 2520 1122 3022
2428	5810 756 2583 7531
2429	4530 1662 5087 3426
2430	96 636 1750 1434
2431	5043 559 6798 2337
2432	719 6420 4244 4736
2433	4936 3678 6235 2299
2434	6169 5114 3191 5024
2435	4228 6110 2599 7620
2436	2878 1351 2192 7719
2437	6410 2253 211 7967
2438	532 4390 5003 3734
2439	2850 3370 5554 1281
2440	3778 784 5470 600
2441	918 2712 5799 1981
2442	2116 2879 7983 4939
2443	3812 916 846 5821
2444	6474 4496 7035 1653
2445	6423 2739 5821 6361
2446	957 4619 2 2985
2447	5191 6748 5118 3932
2448	3485 1565 4030 2607
2449	2735 399 2510 4093
2450	7500 6107 7989 6129
2451	4162 4040 6508 4951
2452	665 169 5705 3948
2453	3300 6634 51 1371
2454	5448 2193 7255 5130
2455	7700 3645 4804 962
2456	701 6952 2873 5978
2457	3110 3276 6707 7873
2458	6834 2546 3063 247
2459	3224 3373 1140 5816
2460	5909 2486 2815 1445
2461	862 5601 6930 1347
2462	1944 2248 1341 5430
2463	4327 6077 4628 4355
2464	5962 1360 3541 1504
2465	7555 6460 7871 794
2466	6772 4018 3466 6495
2467	761 2583 5335 1124
2468	6227 7441 7306 789
2469	3647 5011 2675 6525
2470	4649 7624 1996 4053
2471	3821 3493 1016 7844
2472	2356 4811 7299 5397
2473	957 5097 6998 7376
2474	4707 3998 4284 1976
2475	4293 5883 7002 2937
2476	784 6938 3398 1539
2477	7449 6283 7129 1359
2478	1836 5585 860 4193
2479	6120 6945 4658 2377
2480	2807 4597 913 664
2481	7067 4598 4122 2038
2482	783 2473 5499 4577
2483	4936 2585 1804 7151
2484	7872 7084 4204 2814
2485	4762 6007 4370 4893
2486	5060 7815 7878 4723
2487	6641 7024 4525 2615
2488	5762 5230 3099 2015
2489	4894 1644 990 1982
2490	1309 6087 1721 387
2491	7149 3427 5750 3013
2492	1304 6785 1 7464
2493	1125 7842 461 7152
2494	3778 3707 5357 7373
2495	486 1585 2039 463
2496	5286 663 7611 306
2497	2008 3983 6897 103
2498	1580 7556 1573 7645
2499	4388 4693 3946 7664
2500	7210 4609 5150 3778
2501	6379 3206 6369 3573
2502	5370 6917 5684 2446
2503	6544 1249 7402 1631
2504	3563 802 3003 6505
2505	4750 5003 3685 5931
2506	108 4377 732 1216
2507	665 4103 7496 1718
2508	5243 5936 7684 719
2509	4830 4735 6030 3460
2510	4572 7216 692 1062
2511	3506 693 2077 5225
2512	5806 4296 1032 7198
2513	1345 5091 1879 6608
2514	252 4812 631 5604
2515	2018 493 6572 1864
2516	6190 2386 1540 692
2517	4312 536 1576 483
2518	6314 7609 6688 5932
2519	5783 7711 7433 2368
2520	1568 1604 5726 3623
2521	1919 3765 2 3894
2522	3260 1151 4810 493
2523	5876 5266 7622 2514
2524	5988 7533 1454 1843
2525	167 1207 3720 5191
2526	1962 6745 1135 4667
2527	3332 6067 7533 5860
2528	462 4349 7106 2230
2529	3435 6596 3028 3205
2530	4715 2260 4930 2819
2531	346 5639 6755 6463
2532	4146 896 4515 1891
2533	2121 7653 3291 7568
2534	6968 2605 2995 5614
2535	1391 119 2095 2859
2536	6288 951 3565 782
2537	3517 2905 1 6679
2538	6390 1413 437 1370
2539	1390 3655 7260 4598
2540	2576 212 6364 7487
2541	71 7670 7929 1619
2542	3927 5468 4719 229
2543	4109 1235 1595 2601
2544	5567 2541 899 5979
2545	3195 6245 809 6278
2546	7504 3397 7889 3930
2547	3922 6989 5303 4629
2548	4829 1992 4065 5108
2549	778 5321 3938 3985
2550	3036 165 7902 7972
2551	2100 7980 534 7146
2552	6476 7157 3 6620
2553	2550 1664 111 4919
2554	3389 2904 7933 934
2555	2801 7528 3764 850
2556	3733 2358 5617 1481
2557	3466 7087 7290 6586
2558	7967 5606 6591 7744
2559	7885 91 4858 5159
2560	4197 6220 1212 2286
2561	1262 3747 421 5635
2562	3562 6206 1943 1676
2563	7739 7735 2237 936
2564	1448 6156 2131 1538
2565	6329 799 7791 3304
2566	3138 3598 2247 7849
2567	7253 6231 5538 721
2568	4667 5291 5311 3571
2569	76 5438 2353 4770
2570	1199 4105 6309 3029
2571	107 2795 7190 1771
2572	1914 4361 2664 7906
2573	7936 3355 2399 6690
2574	6395 4936 6366 2486
2575	6525 1524 6300 1170
2576	6732 7115 7186 7822
2577	7158 5650 6016 1205
2578	2026 4168 4392 6713
2579	3652 2538 2268 6304
2580	3714 3754 7702 5917
2581	7558 5218 1701 2703
2582	7100 776 2757 2776
2583	3717 6873 5518 7975
2584	2715 936 2148 2435
2585	5372 7652 3570 1609
2586	4602 6244 4119 1079
2587	1121 1150 2771 5438
2588	5341 881 5309 2165
2589	383 7689 5544 7485
2590	1623 3296 1474 2322
2591	7625 2056 257 6640
2592	1386 2102 900 7659
2593	4454 231 6934 1732
2594	20 5263 5254 7437
2595	4787 2659 6270 948
2596	2871 299 1921 582
2597	3653 4969 7823 6161
2598	2244 3634 4404 1289
2599	4798 605 479 7640
2600	5335 1946 1165 2949
2601	6096 5649 2654 3723
2602	3009 1309 309 2906
2603	4885 2205 3394 1439
2604	43 1098 3809 52
2605	5695 3001 2428 1675
2606	7454 3100 6515 5035
2607	6430 2469 1400 6388
2608	2757 7953 7974 4841
2609	5935 6371 5924 1474
2610	6443 4985 5119 3801
2611	7956 7093 4762 3321
2612	2741 3705 1185 1552
2613	1867 7085 2341 1655
2614	1674 1684 4755 1250
2615	3154 4453 6004 2234
2616	1639 2204 2603 4358
2617	4450 2573 1769 2009
2618	7253 2050 3071 1550
2619	1087 5622 78 827
2620	1893 974 6976 4825
2621	1408 6287 3898 3310
2622	4368 3835 2611 7646
2623	7741 443 5715 494
2624	6358 6102 173 7953
2625	6763 4442 1373 6892
2626	3754 1344 6994 3138
2627	6073 7701 5380 5058
2628	4761 5547 2246 6589
2629	1187 6619 4196 4356
2630	4570 5521 6322 2166
2631	5711 7408 3223 1511
2632	4677 7380 7898 1980
2633	7346 3247 1580 5671
2634	371 1989 2695 4090
2635	3471 1244 2446 4060
2636	6652 5509 278 4271
2637	2372 5007 3670 3978
2638	814 6578 754 3732
2639	1838 1186 1473 4746
2640	1159 1394 3 4695
2641	3640 5192 3532 1352
2642	7769 3877 2162 1979
2643	2568 4345 6356 3928
2644	3022 4315 1314 1275
2645	1992 4035 5812 5820
2646	6472 4331 4918 3515
2647	6576 6053 2796 7903
2648	4975 6689 1280 1786
2649	2570 4060 6479 7909
2650	2399 1430 2417 6466
2651	5254 1233 1207 2950
2652	6001 5001 1943 1781
2653	3414 7472 2057 3006
2654	497 4502 3161 6747
2655	6383 6068 6213 5080
2656	127 2853 3318 1446
2657	7977 623 4740 7816
2658	1442 4654 6028 1876
2659	3799 6016 3994 6771
2660	5308 6678 7157 7078
2661	1721 583 1822 5191
2662	3572 5397 4001 5057
2663	1951 2202 6884 3962
2664	6074 2648 5376 4961
2665	946 848 7815 1619
2666	1160 3463 3274 2297
2667	539 2197 4631 603
2668	5586 1303 1055 1421
2669	4001 7218 7696 7649
2670	3668 7378 6625 3341
2671	6346 3251 1716 2030
2672	764 6429 7919 842
2673	5051 4875 7658 1537
2674	6659 7289 7973 3219
2675	5466 1974 2146 2449
2676	136 6736 204 3426
2677	536 3686 3796 2388
2678	7003 3609 7035 1163
2679	7048 2526 5129 5814
2680	6072 2835 2810 2479
2681	497 6779 1112 5088
2682	5050 3975 6957 1700
2683	7729 5326 5022 1372
2684	5056 4077 1661 2996
2685	2905 5401 1271 3292
2686	2413 4090 7864 4685
2687	7909 326 6979 1170
2688	3646 3766 4156 5338
2689	3174 1112 7487 757
2690	6025 1944 3208 1061
2691	5030 6873 7691 788
2692	5793 7281 5645 3774
2693	987 2323 966 1306
2694	3126 970 3833 1131
2695	3001 4193 4630 6594
2696	5158 5645 3810 3674
2697	614 232 5305 1687
2698	1831 7655 4656 4116
2699	6942 6524 3198 2795
2700	4097 5059 4871 7129
2701	2869 3169 5244 5639
2702	1942 7140 2876 3784
2703	6386 2944 1195 5562
2704	961 952 7530 6787
2705	4856 2402 198 7403
2706	2655 6338 2619 6933
2707	119 3900 4007 1526
2708	1378 3055 535 5676
2709	1672 410 2956 7008
2710	3822 4107 6914 3506
2711	5782 6494 5920 1901
2712	7155 4050 3799 2806
2713	2217 2683 3960 1570
2714	7417 6006 7917 5123
2715	7423 4543 2970 5543
2716	2478 2311 959 6323
2717	1268 4051 3578 2911
2718	3878 3155 4289 6803
2719	4136 3448 731 2200
2720	7052 7281 5293 2002
2721	3969 2599 760 5778
2722	1961 4756 4625 667
2723	4949 1904 6451 5255
2724	3839 6005 6892 6854
2725	909 4184 4501 925
2726	2777 7776 1853 4403
2727	1113 483 4940 1237
2728	7057 7355 7009 3636
2729	1921 6587 506 1364
2730	4664 5346 1495 5264
2731	4961 3114 7611 1369
2732	2087 2480 3465 2037
2733	6772 2336 7468 4045
2734	7545 1395 4712 2386
2735	6476 3506 2099 6454
2736	2950 2010 1051 2333
2737	909 1229 7366 3259
2738	3440 1055 1026 4218
2739	4734 6531 7836 2371
2740	3013 544 2803 7271
2741	2392 3584 182 6046
2742	5777 4368 3631 7825
2743	1384 601 5018 1453
2744	4571 958 4072 5993
2745	4195 1261 3454 1871
2746	4160 824 2199 4858
2747	5301 7079 2340 3046
2748	2969 1058 5295 7755
2749	2017 5461 3061 881
2750	5260 4263 6088 4975
2751	3593 6745 6936 4520
2752	2919 7115 5366 5232
2753	3764 6369 7657 994
2754	2469 1676 856 5481
2755	103 1355 5905 4015
2756	2663 4806 3520 5198
2757	6859 3638 1149 2113
2758	6992 3423 2989 5983
2759	562 6318 6846 2196
2760	3651 4105 7628 2349
2761	3535 764 5633 3756
2762	3015 422 7749 831
2763	1557 4528 2795 4318
2764	1367 4638 825 6054
2765	4261 2388 5189 4366
2766	3618 3811 3043 4132
2767	2464 5384 982 1860
2768	2990 2051 4356 7829
2769	7474 7535 2952 6592
2770	2085 644 233 4113
2771	5512 3013 809 3019
2772	7521 5906 566 3288
2773	5757 1839 5846 2823
2774	7266 5132 2779 1619
2775	3109 5759 455 7356
2776	6041 1649 1924 381
2777	619 1786 5408 5249
2778	1645 2964 3625 1528
2779	1629 6929 1509 5845
2780	5759 7172 2001 3678
2781	52 5992 1092 2743
2782	6786 4245 240 3858
2783	4766 863 7053 1648
2784	3506 511 2298 6496
2785	6999 6558 2472 825
2786	2784 6584 2213 3352
2787	1656 6336 2584 855
2788	4323 1199 6837 642
2789	901 7536 4740 7016
2790	2407 7847 314 323
2791	6895 5341 7191 4505
2792	6814 5809 6417 7550
2793	4476 7524 5913 1837
2794	6568 2125 3922 3536
2795	1616 3259 4389 3145
2796	6900 228 442 604
2797	1892 1437 145 1749
2798	1787 6441 7732 7914
2799	2788 2481 4020 1219
2800	1654 1180 2228 6423
2801	4479 2472 3567 2319
2802	2301 7725 6640 3841
2803	1891 3483 626 4575
2804	851 1533 7701 2882
2805	2144 7309 3047 7876
2806	5477 1589 3721 4857
2807	4110 5402 3694 2351
2808	7909 7927 5375 1666
2809	4651 5569 272 3957
2810	3187 438 6196 2506
2811	1228 4140 5191 541
2812	5858 1251 3539 1117
2813	2902 567 5585 2811
2814	1792 2442 6308 7140
2815	1351 4027 7786 6512
2816	2009 4494 4545 1183
2817	2401 2397 5946 6249
2818	5405 2905 1997 7443
2819	637 5071 7169 1761
2820	2970 4510 2097 2223
2821	3040 4359 5456 4121
2822	7080 3555 2291 3471
2823	181 1837 7872 6175
2824	1673 4225 7475 7460
2825	1364 3787 6831 697
2826	2583 1303 4320 5970
2827	5204 7971 1996 3108
2828	4056 3817 560 2877
2829	5481 2284 4238 7239
2830	3409 3977 2851 777
2831	1716 2410 2260 515
2832	5072 7401 7608 2309
2833	6763 2417 3896 5037
2834	3686 2585 7260 7066
2835	3803 7313 6763 1465
2836	1668 1746 5646 7537
2837	6504 3885 2861 5202
2838	1649 7628 2835 227
2839	2685 5731 6880 3282
2840	4394 7563 3412 7156
2841	5680 4204 2382 5488
2842	2303 2993 3334 166
2843	2722 1060 7689 2615
2844	3307 1893 2748 3990
2845	3977 2931 6245 6424
2846	1970 958 7685 3789
2847	3504 2297 335 1709
2848	5810 114 2345 6856
2849	236 2468 4518 3046
2850	5345 7854 3745 2480
2851	5191 1147 3745 5161
2852	2096 4123 7740 4432
2853	4480 470 1083 6498
2854	7738 7882 4029 7318
2855	4262 989 7096 6443
2856	3850 5199 5493 5037
2857	1669 2885 1386 7797
2858	5148 2661 4296 6851
2859	4816 7757 6433 5475
2860	7858 92 5426 4080
2861	1347 674 6789 6031
2862	824 1998 5927 178
2863	604 6741 2865 4517
2864	2190 4872 847 6979
2865	5330 7217 7945 1274
2866	2981 7433 4966 2139
2867	4919 7368 7723 3684
2868	6605 5053 2656 5315
2869	7603 7461 3597 6509
2870	2311 90 4770 7388
2871	7529 7971 6093 3343
2872	4837 6542 1245 6020
2873	6571 7822 1207 6829
2874	7962 2353 7136 6131
2875	3788 6588 146 6684
2876	4425 1938 95 7356
2877	3820 1891 5820 4195
2878	6621 4910 2841 2308
2879	3091 1816 7643 1746
2880	5726 4698 2973 1498
2881	5556 4949 5575 52
2882	7381 691 481 3000
2883	5829 1765 5045 181
2884	7786 1731 6647 5466
2885	4865 356 4261 2055
2886	1030 1235 6527 5851
2887	3999 5124 6624 4024
2888	4718 4917 5012 4222
2889	4961 2812 1333 7214
2890	424 1009 7505 5273
2891	6624 385 979 5772
2892	235 113 4538 3686
2893	1566 5545 5785 3718
2894	2606 1220 7190 226
2895	5139 7250 4372 1036
2896	6011 2155 4952 1472
2897	4593 4445 4294 3738
2898	3312 6645 5745 4347
2899	3902 2249 4283 3050
2900	7511 2395 5051 5107
2901	5277 6185 6041 1468
2902	4542 7014 1692 5215
2903	2986 4614 591 2331
2904	2953 5315 7557 5534
2905	4912 1341 604 709
2906	5835 4476 3625 5528
2907	6406 424 1791 746
2908	7062 726 6922 7665
2909	7354 5574 3349 2262
2910	3904 6674 582 980
2911	2935 1057 3648 3299
2912	1261 104 1985 5766
2913	7451 1868 4703 3410
2914	3304 2971 1965 7606
2915	4676 5990 3704 4893
2916	5968 3586 5389 1473
2917	1535 2889 1736 7787
2918	2774 7348 3930 5399
2919	6528 1963 3026 3358
2920	4647 6157 7667 4191
2921	159 6470 4440 5891
2922	3904 5513 5147 2954
2923	3729 4552 4626 34
2924	3270 1561 7897 3684
2925	1222 3273 7129 543
2926	2811 5746 4828 5939
2927	6595 6172 3934 7171
2928	6851 463 842 2625
2929	3633 5645 5346 1567
2930	7447 3014 5945 2169
2931	1654 546 748 3452
2932	705 1399 4466 6882
2933	7681 4709 4707 3958
2934	5214 3889 535 6055
2935	2295 7674 67 4894
2936	2081 7048 5749 1338
2937	6265 4712 2065 5851
2938	7543 5800 3997 7232
2939	6110 1321 3192 4433
2940	1848 4343 701 5006
2941	5135 5673 1412 4533
2942	4085 2143 7290 6119
2943	6073 3079 534 7455
2944	1856 4964 2471 5240
2945	300 7350 935 6817
2946	5171 6791 5944 1212
2947	4724 1001 3507 563
2948	3662 4749 5476 4806
2949	2771 5566 1605 4024
2950	1208 5529 2775 2887
2951	6507 872 2930 4865
2952	6257 2537 7439 1605
2953	2784 1922 1734 7891
2954	5653 7946 3227 6489
2955	5408 127 7332 7053
2956	451 4988 1258 2829
2957	7654 1929 7890 5648
2958	6229 7317 234 3493
2959	3079 4449 4574 3563
2960	5587 1912 2593 1322
2961	1437 2585 6576 6578
2962	3042 2003 3525 7518
2963	6569 1090 4198 3097
2964	4220 2623 5099 3939
2965	4538 4442 3091 2324
2966	2244 1904 2251 1972
2967	4843 4932 7894 2784
2968	433 1873 5196 3677
2969	5422 5174 3964 1219
2970	3911 1494 7871 6118
2971	5235 7332 5506 3262
2972	5441 1870 281 5362
2973	2597 5698 5380 2945
2974	788 6969 6181 2321
2975	4996 3770 7977 1967
2976	4135 2941 2306 670
2977	5017 5868 4000 5773
2978	6549 7041 1404 5295
2979	7083 6340 2642 1906
2980	6230 5341 6609 6270
2981	1053 766 570 4684
2982	6242 2908 1242 4083
2983	7363 5114 6270 3191
2984	7665 2764 1907 861
2985	4206 6644 753 4644
2986	3564 6934 1794 5597
2987	2370 4408 1265 2631
2988	1922 6069 5375 6891
2989	5707 3526 3555 3322
2990	5632 1559 1257 2467
2991	4785 5981 6438 4640
2992	6906 1773 4689 4744
2993	2161 3507 1782 3522
2994	3893 3993 1307 1997
2995	7782 5197 7739 766
2996	3059 7812 2967 1153
2997	4391 7794 4914 5618
2998	3845 197 5060 7002
2999	1413 4193 4380 5103
3000	344 7135 4491 7659
