Students	3000
1	2589 8864 1386 8781
2	2678 306 2322 2379
3	7927 2042 826 4148
4	7650 8451 6656 7839
5	164 6823 4375 7928
6	3279 5819 2006 8832
7	7561 4370 3271 2116
8	3278 4127 3361 8646
9	6839 5917 5295 4236
10	4184 4296 1783 8816
11	7900 6713 5527 8606
12	8177 756 987 5156
13	1644 8621 7092 6228
14	155 8989 8409 3632
15	5926 8642 4280 1893
16	7725 6160 823 8480
17	12 4071 8880 5810
18	756 3764 838 3985
19	5716 4942 5897 4563
20	4208 6328 5292 2570
21	1025 4932 4117 2490
22	1243 7328 3622 4407
23	7206 4890 2088 630
24	8024 1650 3806 8600
25	8248 4738 8208 2250
26	2198 130 6346 7087
27	6058 568 1542 564
28	779 8917 8072 7795
29	1979 3372 4906 678
30	8039 1682 8262 6279
31	5061 6004 3502 3984
32	4064 2968 7667 4005
33	3998 7642 125 7198
34	8815 3310 1571 8680
35	3810 3231 8523 7961
36	2924 8108 6932 5560
37	150 6145 5020 7507
38	5918 3593 5992 5448
39	7587 2559 1911 4161
40	6290 2691 469 5182
41	1334 846 6462 6553
42	610 8983 8591 2774
43	8670 3643 566 314
44	6888 4473 7820 3000
45	3743 88 3249 8659
46	1515 8370 6999 4159
47	3523 6160 4227 4713
48	1409 4631 2103 2942
49	7430 5945 8697 649
50	1462 4589 5478 1808
51	3568 5147 358 4724
52	8941 5579 1667 5053
53	2531 4134 3440 6051
54	2332 8132 4495 807
55	8506 7341 3155 8537
56	950 5944 2067 504
57	5727 2916 4579 1752
58	6796 8551 8737 2993
59	3386 8064 1420 5612
60	312 3343 3911 5356
61	6788 7677 5532 3679
62	6095 4330 8736 5662
63	6880 5485 7294 561
64	6188 6846 7373 331
65	2262 133 2200 370
66	4246 3212 1533 550
67	2478 5319 4067 7435
68	6734 8229 8427 6153
69	7654 2353 8305 525
70	4339 6237 1063 5725
71	549 7282 7581 1620
72	1939 7428 7110 4226
73	4681 2035 1035 3883
74	1793 5 171 3314
75	4488 2862 7944 8850
76	6102 797 4345 8696
77	7416 3731 1326 4032
78	4738 1908 1457 218
79	7391 7231 1551 24
80	1710 5063 2150 4174
81	1427 4961 431 7986
82	4905 7338 2351 8226
83	3976 6362 1650 817
84	7749 3102 6261 5660
85	7222 4410 4607 5643
86	4672 5122 2119 3196
87	4711 8662 7941 8318
88	4714 5916 5490 4448
89	8601 7642 4057 4452
90	1159 4700 1699 6197
91	5335 5697 7943 2136
92	827 4436 3349 7057
93	1723 7032 7472 3909
94	1527 2783 5569 8792
95	2257 8810 4123 6735
96	4252 1043 8754 7460
97	1 4851 6806 2707
98	1851 8502 1056 6853
99	2517 6722 21 1937
100	1307 6917 2860 5156
101	3129 6698 125 7659
102	8243 5309 761 4588
103	6278 6407 6863 2840
104	6955 1603 321 3868
105	3837 4719 4663 6725
106	1093 124 2044 5666
107	5054 6826 8393 2606
108	4091 6431 1525 8901
109	205 8302 3433 5746
110	6591 6482 7718 1622
111	5133 325 3923 4859
112	4390 2649 3615 7441
113	1617 2202 5021 5739
114	907 8697 2402 5948
115	6887 8772 8828 5647
116	6740 3418 6340 8342
117	682 2268 2409 6843
118	4695 1274 6193 4513
119	7957 1743 1985 3209
120	530 6032 5029 4173
121	2716 3223 5959 1266
122	7794 2103 5589 1244
123	1484 5324 886 8000
124	1308 3006 1258 8567
125	8600 2202 3905 827
126	5287 3151 4841 7221
127	5872 1353 6414 716
128	585 7895 993 155
129	2117 4956 2976 2952
130	5302 4698 2153 3585
131	2773 2157 2532 4282
132	1796 8993 8268 2628
133	4076 4953 7013 8208
134	6205 2337 3415 939
135	4254 4105 349 6019
136	1700 266 6695 1695
137	5828 8784 682 6730
138	6077 5258 8379 5133
139	4365 2552 1332 8484
140	3718 7175 4368 4990
141	1992 3584 7670 6139
142	1624 4567 5481 7609
143	4543 977 8625 3675
144	8012 247 3939 4200
145	2474 7410 6945 4796
146	7906 1646 4697 3701
147	7582 3383 1730 604
148	6278 5528 4941 5964
149	5118 3751 5974 5488
150	6534 1800 5152 8566
151	3109 8293 8033 4444
152	2575 3307 3647 3306
153	2565 4633 4995 4901
154	2240 6706 3365 6645
155	5785 6878 1910 720
156	2661 727 3012 4661
157	154 2994 2705 4471
158	943 5409 6343 6815
159	2673 8066 3407 279
160	6644 166 2513 5761
161	5945 279 6989 462
162	3720 1874 6921 8650
163	1504 7672 3733 5004
164	5940 1523 2915 7933
165	1200 442 7548 3365
166	5331 2345 7043 2437
167	4769 881 4044 8494
168	5826 7777 295 8570
169	905 7798 4528 3983
170	6174 5017 5902 1879
171	6869 4646 6268 4185
172	7094 5460 8840 8837
173	1152 5420 535 3770
174	3836 772 7109 2618
175	5763 4812 3955 2634
176	8589 1911 1251 4881
177	8485 1014 632 4301
178	4617 4988 2334 5012
179	4835 6046 5389 7942
180	4637 5447 8783 3084
181	6523 4472 4184 5950
182	7681 7672 8075 7813
183	922 4873 6451 4529
184	7641 7833 4228 3140
185	5446 1540 1674 5139
186	6730 1414 494 7658
187	1722 5395 3971 7747
188	2365 3668 3393 3006
189	7190 8293 845 8739
190	2334 5932 489 5537
191	1034 1508 7560 43
192	1667 2581 3881 987
193	411 5357 773 5486
194	2330 1195 5436 5646
195	4540 4680 1156 8647
196	6714 1352 3203 8520
197	2569 3073 5761 7506
198	7913 7390 6263 3284
199	3077 610 5775 7014
200	933 2343 7552 8412
201	6697 5042 2135 7283
202	3331 3232 6794 5703
203	8624 8332 1205 8484
204	1231 4876 7764 2596
205	7710 8742 3329 3695
206	5324 6367 540 6077
207	439 3582 6632 2886
208	3248 6421 284 7665
209	6308 4164 862 932
210	5690 2880 6346 3996
211	70 1490 1433 1062
212	1658 7732 7174 2735
213	7827 5642 3070 3426
214	2643 160 5591 6143
215	1191 1927 8627 4529
216	7797 310 6481 7418
217	8612 1344 3711 5118
218	3840 2618 3853 6068
219	4468 7048 8724 7752
220	7131 6825 1495 1940
221	742 4091 3804 667
222	3230 20 1219 7222
223	4911 7878 1955 7756
224	8331 4360 717 6683
225	1192 2462 5313 3453
226	8117 6442 8667 2646
227	6434 985 8130 7040
228	4989 3633 6571 1702
229	5766 368 5540 3465
230	6085 1088 7192 7000
231	5553 8562 2594 7027
232	6221 1544 5179 7981
233	4374 2538 5348 7427
234	6670 2487 608 4822
235	5454 5489 5051 514
236	6702 3706 5734 6484
237	7499 3609 1562 8752
238	6941 5817 193 5177
239	6875 1192 205 845
240	2880 818 272 3268
241	8924 4764 8177 7184
242	2361 1364 6612 8127
243	5513 4355 1496 3793
244	2407 1015 4914 2208
245	1057 3104 227 2212
246	4596 6361 2786 5655
247	911 5811 4380 5345
248	3041 6583 3849 111
249	8433 200 431 3612
250	3152 8725 641 6973
251	6036 177 929 2902
252	556 5650 6634 4252
253	8228 6515 8976 5716
254	7984 2434 6904 8364
255	3998 6049 4709 8574
256	6406 6746 8599 2626
257	4867 2633 1058 245
258	6485 8549 376 975
259	7626 1820 1193 6582
260	4187 2361 6405 8443
261	6049 496 3039 5821
262	3481 5147 6360 4211
263	1852 2437 2188 4961
264	1151 1869 7074 5657
265	795 8085 8326 4487
266	144 6647 5166 6656
267	1105 678 7020 1046
268	295 6456 7013 2558
269	6312 228 359 1844
270	3954 4312 7872 4661
271	6194 2739 8457 6478
272	8800 7930 863 6721
273	798 496 1284 6651
274	2111 3897 4758 7029
275	7352 3221 3622 672
276	2827 5536 1202 6833
277	2492 3360 4218 6987
278	4044 2728 7108 2445
279	2432 7827 8365 8000
280	4959 1168 7409 4202
281	8551 8058 178 4314
282	8903 2695 283 5559
283	1442 7322 3858 1143
284	784 7585 8251 3966
285	4609 5866 7069 7047
286	8189 4926 6257 2897
287	8883 6595 7372 1342
288	8415 7535 5969 4297
289	6074 7708 1326 4485
290	907 6133 6031 8997
291	4592 7871 2497 1521
292	4940 1901 6946 6133
293	4508 3304 6078 7175
294	889 899 5611 4424
295	57 2398 6283 6500
296	1097 8244 7223 5219
297	671 6288 6950 8095
298	193 5397 471 6605
299	6400 174 4045 774
300	8671 8386 3446 2503
301	2063 8997 7867 214
302	7699 3299 671 4598
303	4489 3532 6812 7580
304	7401 7907 8022 8153
305	35 5861 1465 8304
306	5324 4887 2066 4251
307	891 3641 2671 229
308	2401 3670 4544 7758
309	6818 3608 8977 5096
310	8474 7605 7274 379
311	3615 254 7480 4915
312	4378 8783 6786 5465
313	1034 1686 4721 7115
314	5650 8566 4336 884
315	5856 2252 8703 7482
316	1157 7592 8819 119
317	1541 642 1521 8810
318	4339 5770 2235 4974
319	5204 4823 3342 7875
320	286 3614 3043 4667
321	5671 8355 8711 814
322	7588 8023 8705 1891
323	7003 4314 213 1235
324	8742 1523 2192 5373
325	7214 7346 8557 5434
326	8909 3833 11 4814
327	7847 6095 3049 8873
328	7004 564 3613 2632
329	5718 1590 227 1724
330	5399 3763 6610 1831
331	2397 999 2177 5589
332	4017 7043 7363 7405
333	1941 2525 663 1733
334	4238 3011 8887 5168
335	4984 5135 4741 6057
336	811 3751 3937 4570
337	3531 5203 1976 1775
338	8940 1219 5381 4048
339	7709 8171 728 8263
340	7799 5462 2658 4731
341	4285 7767 4219 2826
342	1012 2756 6177 6881
343	5989 1375 7272 7192
344	2025 7883 3053 2248
345	1535 3708 1657 8387
346	6917 3989 3395 661
347	8763 6998 2980 6268
348	872 8684 2752 1545
349	1533 4575 897 416
350	477 3292 8947 8746
351	6808 5808 7267 1241
352	8011 2484 2709 5973
353	886 102 7489 4174
354	5120 8793 8991 7437
355	883 3843 3938 3516
356	3608 6927 8806 757
357	6385 7917 858 4088
358	6608 3121 1756 3998
359	4643 4706 4510 1130
360	46 8225 4131 8824
361	4815 7302 697 5966
362	146 6651 8662 5043
363	2543 6949 8996 867
364	6706 4789 3487 3539
365	3565 3674 6155 3177
366	3013 5001 4919 2443
367	7185 4390 2168 209
368	1550 5848 6928 4638
369	4137 4741 5464 2637
370	1113 3788 6016 7168
371	2813 5402 8505 1126
372	545 6154 4380 1884
373	6864 6515 3844 7693
374	7081 7896 8790 1713
375	4909 8517 6341 8900
376	3184 5188 5640 1253
377	3446 8630 1822 1264
378	4859 3757 999 8037
379	113 8883 7933 6474
380	8641 6456 306 4656
381	6106 8661 2302 1825
382	7859 7405 3559 2152
383	904 4418 2448 5042
384	2303 6796 6442 6504
385	2478 8369 1023 6092
386	1133 293 3897 2794
387	1763 8705 1104 3847
388	3729 5784 25 2647
389	6536 4081 7252 3498
390	8177 154 1073 6826
391	3768 7960 2947 424
392	8279 4655 5478 465
393	157 7633 8842 6816
394	3272 3377 7604 4271
395	6833 8632 8017 5747
396	7952 2336 8836 3149
397	3145 2581 4994 510
398	4506 5672 8177 2169
399	6043 451 8877 3008
400	187 7497 5349 6462
401	7808 3605 7362 7686
402	866 4031 3656 6627
403	3796 3990 1751 7004
404	3663 6724 572 3511
405	2405 2313 2345 1722
406	8055 2224 1075 4753
407	6708 5071 6750 5347
408	3349 2216 2242 4319
409	4056 7875 4694 2924
410	913 8339 1539 8374
411	5484 3553 7947 5976
412	1343 620 6492 7219
413	5944 6188 1784 826
414	3606 6134 4203 7689
415	1220 1351 5254 3693
416	1248 7882 2206 5378
417	6890 5502 4171 1953
418	8958 1181 1764 282
419	8837 8724 3377 4688
420	8130 6257 1562 5964
421	5637 5707 6305 1172
422	3588 2072 8133 2152
423	6605 6173 8304 7293
424	2300 8844 8068 5757
425	6415 728 5488 953
426	8729 6194 8218 3655
427	964 8493 5093 1413
428	463 1274 6636 4225
429	3631 8694 4477 7164
430	3892 7808 990 6544
431	103 1816 919 6383
432	4992 5444 8500 2370
433	5764 861 6304 4224
434	7752 3459 3269 1494
435	6994 3690 3655 7201
436	4340 7407 6027 851
437	7787 7442 3213 4724
438	7916 7952 886 8781
439	856 3534 6429 2371
440	882 6814 722 4201
441	3706 5813 8800 868
442	457 6408 7162 1034
443	4232 2012 5947 837
444	8682 6528 8976 4145
445	7054 8772 4740 7316
446	6360 4156 3880 6202
447	2159 1163 3519 5705
448	1966 6284 6360 7328
449	4408 7797 8694 292
450	6279 5451 1164 7164
451	4121 6340 3071 6754
452	4324 3540 7515 3961
453	3269 4497 4283 1046
454	7248 6293 4954 3623
455	1752 4276 4600 5941
456	6901 6878 3939 1204
457	4889 5689 7215 5022
458	7235 7828 6993 1221
459	495 849 2824 3377
460	105 6606 6221 4290
461	4876 3803 3953 323
462	3695 5107 6508 1004
463	8665 6359 3016 8500
464	597 2412 7526 1692
465	646 2548 5527 6333
466	5501 7186 3009 1670
467	4640 2385 5255 8413
468	2581 1234 2372 3866
469	5081 6033 2342 2582
470	912 2839 878 2254
471	4116 7532 583 7614
472	671 8688 8017 7351
473	4947 8791 4122 7202
474	7467 4376 5680 4153
475	653 1646 6810 3584
476	8846 3713 1987 1264
477	2923 8384 323 8583
478	7945 7322 3367 4662
479	4957 1302 2954 7966
480	2266 5290 6564 478
481	5314 1540 2657 5066
482	1792 2970 5808 3424
483	5605 5638 1551 296
484	7971 384 4270 2007
485	8779 8016 562 4771
486	7657 3047 5304 457
487	176 1851 5326 519
488	5727 8468 656 6404
489	5669 6617 4759 1912
490	7935 2008 7037 2665
491	4995 5916 1964 7755
492	4549 2273 3945 5178
493	2787 3071 5233 2200
494	8449 2710 4613 3999
495	7940 8357 8969 5039
496	5650 633 8331 8545
497	5667 1704 5278 1168
498	1685 8461 123 5673
499	2021 3115 2844 7018
500	5863 3562 6982 1029
501	3702 6095 7440 1531
502	2209 3721 1413 1095
503	5700 856 1094 3807
504	8782 8936 48 2704
505	2693 5166 504 4920
506	1168 1920 3473 5430
507	5136 2262 767 7496
508	4157 1412 1227 2108
509	671 2385 7852 5588
510	4015 7194 8127 4946
511	7838 8135 1551 5024
512	4299 4457 3690 6128
513	3045 4033 7839 6941
514	2857 4 3455 556
515	3413 1375 1638 1387
516	3530 631 3413 4371
517	4441 1727 7032 2985
518	7065 4907 6613 7224
519	7372 156 858 6409
520	7933 4480 220 7821
521	1786 4633 423 4041
522	6053 3996 5982 8133
523	6211 4847 2824 554
524	5934 7693 7081 8813
525	6487 8062 4990 8322
526	1348 1732 822 8779
527	2204 5526 1062 7483
528	4472 4377 1478 8608
529	7778 3401 4219 3227
530	4370 201 5858 5413
531	7638 3116 8375 7351
532	5793 602 6879 99
533	3568 1551 3431 1438
534	6552 6038 7466 8467
535	2426 8493 1933 3049
536	120 4578 8623 2453
537	1383 8337 2058 2183
538	2698 3519 4398 2904
539	6319 4115 813 4879
540	6732 5103 4771 3693
541	2209 554 6209 4243
542	6720 1576 7208 8619
543	5171 7982 8991 7365
544	219 2152 8720 2535
545	350 7625 139 1570
546	1159 3750 7816 1336
547	3958 4018 17 7195
548	1919 2745 2631 998
549	7606 1019 4501 2605
550	7126 4320 4877 5628
551	4520 161 4863 5500
552	6835 5471 4973 8573
553	4370 6917 480 8635
554	4551 8119 1886 8001
555	5213 758 6683 2951
556	3519 8287 3734 3998
557	1465 4779 5172 5809
558	1906 1796 5195 6172
559	4956 6050 5472 7393
560	4713 4486 4098 908
561	2812 4776 836 638
562	7774 4519 6365 8978
563	5355 841 5866 3987
564	8765 5952 641 5904
565	3255 6266 7860 5086
566	920 4375 7528 1561
567	6872 4655 7562 2092
568	3081 87 1344 1834
569	5128 771 8571 5603
570	6758 2982 6693 736
571	6245 5939 8108 5350
572	6140 1034 7980 1299
573	3394 5123 7256 6697
574	3353 6042 6157 3719
575	4622 1149 3047 5695
576	2835 7075 3661 1692
577	8442 4746 981 7878
578	3364 6872 1461 4608
579	2099 1769 6643 5272
580	8172 2343 621 8294
581	6863 4240 7106 98
582	3554 3136 563 3288
583	1636 580 1701 473
584	1575 8215 5505 6211
585	5809 6737 7580 7009
586	8783 8300 8144 5659
587	2558 7759 8187 8575
588	7343 3011 4745 7188
589	2737 6690 5404 657
590	6613 3563 2240 7366
591	2074 8612 3674 3691
592	5007 7903 2797 2600
593	3652 2059 3845 440
594	4922 3257 4608 416
595	7562 3001 6811 23
596	3613 131 4309 7123
597	8152 7078 304 450
598	4179 3984 6519 8369
599	1535 810 7343 617
600	4212 923 4515 1906
601	7878 4041 7909 2522
602	3270 3979 8887 4989
603	1523 2980 4391 117
604	52 3752 400 2252
605	2190 8804 3233 2613
606	5014 2471 5921 5531
607	8319 8956 2994 7224
608	4272 4795 1444 111
609	1158 3936 6722 5338
610	7770 8026 4725 1068
611	7293 3601 1149 831
612	7090 3726 2993 1908
613	6192 8729 714 8770
614	7783 6142 4517 2519
615	737 4895 1835 6082
616	768 7237 4559 6496
617	5899 8479 4159 2852
618	3156 590 5393 4293
619	6441 3990 5764 1784
620	5880 6890 4596 4276
621	9000 7759 4393 17
622	1590 2261 1819 3692
623	4970 426 5843 2943
624	7631 4207 4559 8749
625	3380 6609 6594 1864
626	301 3520 8270 7512
627	327 4588 6580 7359
628	1273 5105 3292 8068
629	2620 6832 4775 5984
630	7742 5318 4688 4475
631	986 7717 3942 1519
632	5863 7059 1044 5333
633	1570 4855 4425 6291
634	8037 4574 6700 1414
635	477 3027 7378 7264
636	6905 4641 7675 3707
637	6816 1822 4169 5452
638	5260 4575 8755 7375
639	3000 8768 8013 8943
640	6622 5281 6834 1605
641	4114 880 8055 6257
642	7968 5394 613 5037
643	6759 1286 6246 8030
644	2902 4411 1182 2509
645	6121 8844 7334 5043
646	5621 5593 7868 5115
647	3986 1397 7236 4432
648	8165 6344 4937 1190
649	2008 7677 7839 3502
650	8780 3698 1415 2660
651	4857 1646 3024 2953
652	5691 8545 5317 370
653	1787 7481 1340 3480
654	2247 8220 57 7403
655	4748 268 7266 1639
656	4158 4139 6658 6110
657	1435 6940 6475 5613
658	4522 4201 8656 7573
659	5555 4913 3831 1979
660	2431 5822 3275 6462
661	3146 4410 1128 7900
662	6225 6565 3522 7828
663	6026 6454 5736 2187
664	2850 6519 8355 3165
665	2288 7085 2364 2558
666	3391 8756 7956 5225
667	4308 6441 173 25
668	6554 1445 7449 6425
669	7909 5948 3285 7751
670	1765 6434 6128 3384
671	4172 4030 7597 6909
672	7605 432 4337 4065
673	3862 3432 421 2054
674	5500 8217 3708 5251
675	626 3430 8137 5249
676	4921 6659 5348 8570
677	2886 2996 5518 739
678	5903 1741 5937 8128
679	3861 6210 3791 8267
680	8307 3157 6409 8827
681	6227 7049 840 2233
682	6127 7525 1050 8877
683	751 14 1166 5752
684	8088 8727 4393 6582
685	7627 8909 6341 3352
686	2937 4401 3246 2457
687	7358 2509 7746 4472
688	6117 6137 2558 4910
689	2770 2759 6326 5142
690	1967 7520 4604 4206
691	8141 5633 1912 5233
692	1188 6744 121 7225
693	3499 1761 7466 5449
694	1100 6177 2651 2526
695	2842 449 1220 3786
696	4102 4903 3290 6618
697	4420 2800 7273 3543
698	4859 1968 2484 2884
699	6246 4191 4674 6074
700	6929 804 7274 1559
701	4680 527 5405 8409
702	8976 3021 2630 2285
703	1270 4295 961 5525
704	4221 2606 104 4249
705	1046 2653 3408 8544
706	4507 3322 3078 5636
707	1096 6499 2920 7376
708	4198 2012 5287 1152
709	5582 681 3771 7357
710	8154 5371 4142 8649
711	299 7325 7704 7244
712	6180 641 2615 7500
713	8527 5524 3385 5534
714	1689 2691 3096 197
715	2179 1499 388 4425
716	3783 4849 670 8800
717	7200 7690 5795 2942
718	7613 2926 6749 3297
719	5757 2142 4008 6624
720	3646 7865 5822 7627
721	8006 2988 6839 4945
722	8455 3546 8386 5104
723	130 8782 1270 3116
724	6711 7374 3785 250
725	890 1932 546 2201
726	4354 5401 5757 6601
727	7165 4515 5414 2538
728	326 922 15 6857
729	6810 6297 402 3322
730	1812 7641 4027 1881
731	8710 2880 1978 8799
732	2691 2784 5515 2431
733	4065 1514 1355 3966
734	7768 1743 3878 5182
735	1808 5255 7440 8820
736	5409 2157 837 2554
737	555 6841 8163 3216
738	6395 2657 4179 3094
739	4596 1855 6991 3085
740	4179 820 3334 2678
741	8320 2508 5953 359
742	6239 4324 5903 8591
743	8861 7632 3909 4219
744	3873 635 4976 2642
745	2918 5275 3103 6387
746	4631 1068 6216 8793
747	3462 662 1288 3076
748	3550 2514 258 8475
749	6490 8092 8811 7841
750	6485 2613 911 5632
751	6059 1818 105 3043
752	5149 8747 2018 4776
753	3594 5806 7967 2829
754	2891 8737 6621 8821
755	6872 5806 856 551
756	1889 4790 8210 1189
757	4123 7103 7185 6328
758	6147 1811 8477 4794
759	424 6876 7266 8002
760	3658 6928 1930 6777
761	2921 7133 3112 5108
762	6123 8724 2148 8516
763	4463 4779 5788 1587
764	5887 3411 6259 4315
765	1885 5499 5377 6880
766	3101 6961 4420 1335
767	3541 4776 4907 2733
768	8704 5962 1697 7805
769	1685 3559 5797 6519
770	4484 821 7764 1281
771	8935 783 4457 119
772	6361 7774 2272 722
773	7388 7233 3693 449
774	1023 2039 552 1472
775	5885 4948 1472 6524
776	4233 6385 3597 4804
777	4600 751 1440 2555
778	3451 2316 5849 537
779	2341 242 6275 6945
780	5877 50 4445 403
781	8945 3037 3613 8199
782	6678 505 3963 219
783	8694 872 8824 6726
784	4952 3495 8628 6687
785	5962 5670 1329 8201
786	2926 5468 2173 559
787	5176 2590 8532 3672
788	992 5178 6242 2232
789	5755 7614 6670 3887
790	5463 837 4312 7341
791	903 3202 7060 7355
792	6320 6446 7573 7782
793	6982 4155 6284 3532
794	1827 4214 4136 5681
795	2766 5857 820 6105
796	4612 6197 7216 7221
797	4 5742 2530 817
798	676 4530 2646 8944
799	2616 925 3167 390
800	3889 3951 1210 6032
801	6291 2669 6787 1137
802	5670 4595 6790 6387
803	3464 5529 2537 7572
804	4952 6435 2235 6784
805	401 788 4784 1855
806	4025 2074 5235 4190
807	8641 8054 7998 8254
808	5522 7078 173 7440
809	4125 3705 6063 5859
810	5632 5404 112 5785
811	8138 197 2972 4694
812	624 39 6595 4500
813	5632 8132 3947 6013
814	8883 3400 4928 4645
815	7568 2362 8094 4002
816	4963 2643 8949 3284
817	6681 354 7615 6347
818	5611 7558 2064 1946
819	3468 8494 6475 2101
820	8327 8360 4533 3886
821	8251 6998 4158 4096
822	4772 302 8529 750
823	8899 3640 8825 1679
824	2278 1703 7524 5571
825	8155 3532 7722 2923
826	2772 2691 4913 2637
827	1537 2816 7206 579
828	2656 6675 5632 2672
829	5482 8206 4098 3924
830	1590 327 6689 7928
831	1731 8003 373 6389
832	3657 7643 7174 1251
833	8946 7363 6390 4276
834	7075 8474 1320 4923
835	4224 7322 5968 165
836	8520 6767 6618 7077
837	3461 8316 7601 8608
838	5078 1645 7819 7811
839	2490 7721 4039 8544
840	5074 7367 4899 687
841	2550 5229 5265 6459
842	5301 2153 4705 7152
843	4907 4727 1623 4687
844	8679 2848 7058 7590
845	1393 5700 5487 6403
846	2018 3385 5528 5108
847	7212 2091 5392 8808
848	322 8077 3003 4873
849	7615 6978 5996 3711
850	57 8808 5379 3818
851	4950 7379 6586 5233
852	3891 1326 2446 1762
853	5139 2014 5089 3621
854	4680 1946 1074 6589
855	5876 3842 3737 6232
856	8898 7163 8315 3914
857	5681 7787 4560 8593
858	2277 6845 1936 3803
859	4506 116 904 1078
860	5168 3930 4188 5487
861	2732 2584 3996 6116
862	5995 4781 4334 7707
863	293 576 2426 8080
864	2261 7675 6560 2251
865	5094 3194 4042 4942
866	8709 6197 4433 4497
867	8113 2413 417 8536
868	7655 2671 980 3302
869	5315 2197 2498 7827
870	2979 3153 8801 346
871	3039 1741 7498 2849
872	2950 2906 6370 3145
873	1594 784 5374 135
874	4885 6757 4823 7300
875	4593 2312 502 8267
876	4616 160 1076 4184
877	5001 5813 5241 8897
878	2883 7365 8089 6195
879	3943 4645 3146 8976
880	1062 6566 4441 1917
881	2078 6034 7528 1180
882	7085 3530 167 7000
883	6750 641 6896 6515
884	1030 5766 6963 350
885	7169 7674 7586 4854
886	7592 4963 4471 5258
887	7621 1002 7526 5738
888	7599 7055 2335 1436
889	8046 4825 3670 114
890	3791 7011 1110 4528
891	2372 8011 5102 7794
892	4309 3128 7915 4561
893	6677 5332 7178 5353
894	7753 8405 4927 6984
895	2568 1508 6385 2847
896	6177 3331 7427 365
897	8210 1108 4768 222
898	8123 2279 3130 2596
899	1032 8102 7880 2514
900	5626 1511 3952 8436
901	2504 8085 221 5996
902	152 7714 211 7533
903	1296 1964 3034 1232
904	5593 883 4494 3659
905	2793 6230 5155 6572
906	766 4321 6057 6716
907	1187 8739 5314 1045
908	1347 4510 2691 1260
909	1317 8321 2958 7710
910	5815 3596 3447 8669
911	3020 3423 146 2512
912	8763 8294 1453 5819
913	993 2427 2556 3365
914	1889 7075 5357 88
915	8084 5244 1970 1728
916	5096 8603 2591 8805
917	5467 1277 3865 7192
918	3363 8528 8734 3779
919	403 880 7885 8666
920	1515 2905 736 5398
921	5127 1970 5066 3602
922	6545 1695 4690 4879
923	7960 4578 1627 5323
924	910 52 3090 3651
925	7905 3702 4039 7924
926	7091 2330 273 7525
927	7846 7988 1871 7388
928	1755 5076 8821 1262
929	3952 8471 2587 4569
930	4065 5542 239 370
931	2049 6772 7092 8401
932	4030 8647 1143 6506
933	7527 3933 6307 2250
934	6299 8698 7522 7621
935	7827 5322 6475 1637
936	2489 4547 7394 2101
937	6659 1858 6222 6637
938	4941 7390 4301 8492
939	5885 2133 3606 7173
940	8784 6808 5648 5043
941	4447 884 2534 1026
942	4346 214 3859 5245
943	8799 5665 1947 6876
944	2209 4390 7669 8705
945	5045 5498 7125 878
946	7688 4369 4653 231
947	409 6746 2317 7269
948	8100 519 2268 726
949	6693 1442 8641 7326
950	8957 5333 4268 4572
951	3127 6840 1875 2509
952	1144 7069 3339 479
953	3358 5989 3311 1995
954	211 113 8188 5421
955	1373 5751 4346 7948
956	8125 1625 8152 8149
957	7826 7771 1728 5259
958	7833 6552 940 589
959	7567 8474 3996 3877
960	1088 6684 2720 3322
961	108 8920 5078 140
962	4646 2322 7411 8550
963	6918 6936 1258 6457
964	2970 5047 2378 2993
965	8031 4499 6653 6059
966	3249 5552 8148 6916
967	867 3215 8175 5817
968	6741 1316 5152 2835
969	2423 5439 5663 3671
970	4480 661 5108 1240
971	1992 2170 8633 1489
972	5878 7301 7793 2896
973	2004 4418 277 3857
974	769 3901 3375 5890
975	3488 4276 5266 4045
976	5461 5069 6204 3840
977	59 1382 6618 384
978	6440 6449 3908 2581
979	2335 8790 6431 1373
980	5491 8267 8938 5195
981	3135 6533 8514 102
982	2112 5782 1237 3491
983	8878 6328 8066 1013
984	263 4539 7553 6880
985	3130 6923 7341 4557
986	6715 6280 2997 1154
987	349 6579 5916 1091
988	1452 7601 2873 8831
989	3472 2042 1555 8185
990	6869 7217 467 3593
991	3185 5161 3841 5613
992	4786 8760 8413 5819
993	6328 8994 6772 8460
994	6623 7580 1533 4399
995	5179 2841 4182 4140
996	2426 6946 8531 3780
997	5030 3145 4478 7663
998	3826 5373 5721 713
999	3796 3629 4406 110
1000	1436 1532 4078 5248
1001	1173 5332 6728 6144
1002	7609 7359 1215 3322
1003	4215 1453 8511 3335
1004	1983 5523 1577 3726
1005	5055 7016 3430 7237
1006	6755 4382 3026 3312
1007	7912 3438 895 3431
1008	8123 3889 2228 2059
1009	7424 2986 2052 2217
1010	7954 4731 715 6009
1011	7861 5000 3685 6216
1012	2323 109 4271 167
1013	2704 7471 2867 4948
1014	4178 4188 1338 2140
1015	8652 5259 7726 1325
1016	6092 8216 7479 7698
1017	2150 3783 7070 1105
1018	5719 7709 4507 438
1019	2107 499 1726 1580
1020	341 2907 1839 4442
1021	4629 4851 4364 3131
1022	7602 3908 749 5140
1023	2202 3677 2254 8879
1024	3363 4503 5688 7596
1025	2956 8250 5878 8307
1026	3404 2760 5558 4091
1027	2369 5198 7588 6616
1028	3554 820 4843 2187
1029	6982 608 1492 1593
1030	4729 6216 8804 8400
1031	8488 8471 7618 8910
1032	4258 4253 6519 6272
1033	3880 6487 1939 3130
1034	828 8639 412 6871
1035	6132 5957 4285 1161
1036	8363 4611 1057 4711
1037	3315 8103 4261 537
1038	2141 246 1463 6652
1039	1896 6723 8278 4702
1040	6528 3526 4756 615
1041	2439 5511 491 4422
1042	7740 2986 5144 815
1043	1861 3717 6961 5563
1044	8170 3460 8345 3805
1045	4906 3102 7628 8720
1046	8952 8512 4181 2827
1047	8517 5267 8746 2622
1048	3585 6635 8871 2839
1049	5344 7539 282 8785
1050	8644 5198 4695 2111
1051	2711 5543 1402 660
1052	8841 418 8049 5475
1053	5982 7487 7571 7353
1054	1938 4350 619 3159
1055	5432 4959 6001 1091
1056	5318 6979 6350 615
1057	8367 6746 8115 3784
1058	1352 5063 2091 6912
1059	1510 4759 5490 378
1060	2015 7253 6371 3095
1061	6361 4671 6237 234
1062	2631 1378 6492 2339
1063	4531 1287 6106 8422
1064	1020 1527 5265 2878
1065	8873 8965 8708 6633
1066	5756 2675 1030 2457
1067	4542 7654 6100 2427
1068	8759 3189 3269 2494
1069	5997 6224 1642 1629
1070	901 4480 7033 8218
1071	1368 6814 8508 4019
1072	3905 7443 3612 4812
1073	1515 6853 2377 6885
1074	2329 2104 7360 1987
1075	4598 3277 929 1631
1076	80 6045 8349 4463
1077	2945 4196 2454 2378
1078	8494 6800 5595 2566
1079	553 945 7533 439
1080	1725 4356 7889 2510
1081	6583 5013 7028 6593
1082	2839 8348 8927 8964
1083	5826 6815 5782 7349
1084	4772 8264 268 3190
1085	8225 2658 325 8750
1086	4054 1266 7880 4378
1087	5173 534 6572 3821
1088	6986 4777 6439 7807
1089	514 569 1969 474
1090	5794 5048 1307 5091
1091	5860 1047 4786 6532
1092	4121 7336 5131 5120
1093	1103 6944 3306 5533
1094	8111 2129 295 6233
1095	1754 3819 4460 3174
1096	4256 5153 1039 4792
1097	5068 4701 7043 8554
1098	3106 7477 914 2632
1099	2735 5383 1053 2872
1100	4949 118 1404 745
1101	281 2103 8820 858
1102	4548 17 7940 4196
1103	8254 1188 3539 2029
1104	6079 2079 2250 5495
1105	6657 1639 4564 3800
1106	6478 6289 4990 3535
1107	4084 6991 1281 1581
1108	7514 8551 6823 1809
1109	3496 6054 1698 4270
1110	1033 8020 2718 8787
1111	598 3284 7927 6960
1112	5980 6142 2016 2248
1113	7337 2608 5587 244
1114	8014 4552 1970 4851
1115	7129 1494 1794 7271
1116	7753 6263 808 4452
1117	7031 3954 8789 5529
1118	7932 5280 8085 5482
1119	1239 933 7459 4455
1120	4070 3911 16 1225
1121	4964 1236 3979 97
1122	5552 8539 727 960
1123	7948 3759 7533 3457
1124	2370 2576 1881 8772
1125	1633 2268 7632 3654
1126	3184 7614 8922 4280
1127	1260 5408 5839 2669
1128	1751 7581 7277 6655
1129	6002 5917 2816 2341
1130	7218 3793 2202 5091
1131	8531 6264 7476 8169
1132	1279 401 7591 313
1133	3343 46 8697 702
1134	4664 8648 4030 2810
1135	8511 2527 7470 7523
1136	6012 7753 4532 5213
1137	3497 629 594 5325
1138	1705 1961 7899 4650
1139	8120 6547 1011 3172
1140	6888 3531 8439 5981
1141	6741 7911 690 791
1142	2502 2974 7772 2496
1143	1277 5081 3479 673
1144	2832 4858 3837 82
1145	5714 713 4750 7835
1146	6773 895 6778 7845
1147	1340 239 7740 2311
1148	737 5828 8308 3886
1149	88 2253 6425 854
1150	7886 5824 5320 1269
1151	7988 1092 6435 4850
1152	3172 6730 1941 201
1153	2923 1103 5013 4161
1154	2473 6531 8006 6107
1155	5602 7177 2232 2458
1156	4974 2802 1901 6607
1157	1896 8125 1762 4635
1158	6832 1767 1055 3332
1159	2457 407 3260 7048
1160	4070 5823 912 5174
1161	2858 1522 1058 4648
1162	5592 4024 7106 823
1163	5307 98 3212 1581
1164	7191 3088 3674 7386
1165	6391 352 8114 1426
1166	3431 6924 2575 5472
1167	6158 4123 1822 5086
1168	4330 3569 1511 8370
1169	4326 5126 7983 5237
1170	1820 8666 6973 8859
1171	6322 1420 6699 7418
1172	5095 8316 6779 745
1173	4397 5346 3018 4037
1174	4065 6201 7849 428
1175	6037 342 4737 2032
1176	7314 5386 825 4688
1177	3484 4109 8103 493
1178	1145 3065 8269 6392
1179	7251 1598 1577 5274
1180	4540 1874 2517 1032
1181	3129 3125 4273 6505
1182	1098 4044 8985 1807
1183	7359 8758 4840 6987
1184	6325 8822 7655 7501
1185	1272 1769 6555 8627
1186	4963 8096 706 4535
1187	8982 570 109 6421
1188	2393 5071 1776 388
1189	4391 3041 8142 1046
1190	5535 4210 8139 5048
1191	1088 7580 6869 1736
1192	2092 7355 8151 7280
1193	7503 3521 6229 4992
1194	6418 4121 4698 271
1195	4029 5779 6899 1618
1196	3758 7185 8998 5646
1197	8689 716 2129 4741
1198	7162 4063 5048 5944
1199	3309 8283 7822 3758
1200	2854 5326 3210 2385
1201	1122 8378 5503 2589
1202	1456 3981 5898 5180
1203	4151 275 2789 4244
1204	6042 7915 7125 5650
1205	4751 684 2807 1462
1206	1652 7884 5690 206
1207	175 3692 3522 5103
1208	2534 3526 5119 7542
1209	4117 5379 5304 5038
1210	6113 3256 3110 3471
1211	2759 2410 2195 7541
1212	8374 5724 3070 8503
1213	2962 1240 6231 1535
1214	8145 706 2572 4588
1215	896 900 7859 7630
1216	4521 4921 6960 8486
1217	3595 6486 2984 7555
1218	3515 1290 3083 5819
1219	2611 5603 8397 4472
1220	5863 8573 3175 239
1221	200 8994 8401 7640
1222	803 4161 3158 5052
1223	5262 8513 8233 6110
1224	5542 26 1261 2286
1225	5516 3424 4506 5409
1226	5106 7496 2684 5489
1227	5285 694 6253 2694
1228	213 8557 4188 426
1229	6596 6636 1302 8456
1230	1832 2855 2909 7489
1231	7201 736 5683 4692
1232	7133 8419 7408 1847
1233	8584 5989 5458 5368
1234	5599 1418 7945 3279
1235	2949 4377 5870 3141
1236	4180 5927 4230 3183
1237	3689 4408 3005 4536
1238	7486 6756 6466 6495
1239	2871 6781 213 8231
1240	5213 903 4308 82
1241	1809 4310 8368 8635
1242	7148 4074 4495 6748
1243	3900 8215 6705 722
1244	8377 6013 2276 6138
1245	500 8776 340 7925
1246	3535 2104 2453 2688
1247	7787 6110 6803 1979
1248	7248 3813 6804 6261
1249	8215 3561 8851 5771
1250	241 4060 869 8255
1251	6405 5742 3615 2634
1252	4932 2541 8633 5801
1253	3019 2819 6625 2015
1254	2708 2345 4416 1088
1255	6486 3020 7613 5144
1256	516 2965 2346 6042
1257	8219 647 63 6109
1258	4820 3928 5192 293
1259	6314 3137 3346 5782
1260	483 5838 7931 8862
1261	592 5819 4973 1138
1262	612 5573 383 4032
1263	1226 6042 6885 4803
1264	1973 2750 4417 2670
1265	8164 6324 8971 7149
1266	5122 2333 2749 5628
1267	6966 8994 1961 825
1268	5033 3442 5106 927
1269	725 557 6661 7399
1270	7620 7004 4561 3157
1271	2217 6686 4027 8689
1272	5211 1874 2209 8858
1273	6516 298 6947 7452
1274	7738 6448 1929 732
1275	8876 7658 8711 7317
1276	1145 1598 5895 3165
1277	8799 2821 4061 4243
1278	8233 7964 8655 1920
1279	8888 7015 6391 5333
1280	15 7242 59 2837
1281	6219 3766 5169 4514
1282	2405 7148 46 7028
1283	1708 1657 3851 478
1284	5984 8150 8334 5387
1285	2191 7617 2643 268
1286	5414 7892 8321 1179
1287	4698 1546 5251 7075
1288	6021 485 7132 6089
1289	5710 3920 6348 131
1290	1007 2470 8547 3424
1291	8039 1708 5890 4071
1292	5714 6333 757 5058
1293	2310 5588 1546 1768
1294	1397 1874 1245 6315
1295	5966 7991 458 432
1296	7972 5633 8863 8250
1297	95 4911 6261 8750
1298	6312 1832 7090 6658
1299	3395 4805 790 2891
1300	733 4952 6803 3718
1301	6037 2142 8205 8516
1302	462 6183 6353 6413
1303	7252 7322 6298 6338
1304	4061 1435 5649 4694
1305	5986 2761 4608 1317
1306	4923 6529 2006 8931
1307	5086 897 7601 3367
1308	4261 7461 1921 1347
1309	6079 7784 1558 1295
1310	2196 8351 644 1992
1311	7762 4674 7035 2738
1312	888 6816 6302 7287
1313	6495 5739 2686 5097
1314	6954 6999 4637 2357
1315	1318 3637 6041 3787
1316	7780 3433 2888 2144
1317	5736 4156 1310 6650
1318	7709 8252 3165 4780
1319	6294 8577 1648 2052
1320	4502 1988 7745 5820
1321	893 5698 1371 4003
1322	1929 1352 6059 4699
1323	4095 1721 514 4621
1324	7811 4928 1818 232
1325	5571 7287 4767 392
1326	7337 1707 4599 5049
1327	5218 5019 7262 8997
1328	3046 4698 1470 1623
1329	1425 3853 3927 3894
1330	6407 3675 6675 918
1331	5398 6305 73 469
1332	8547 6253 1189 3798
1333	2496 7545 2733 5339
1334	8312 1111 7991 993
1335	990 2848 7764 7281
1336	8500 124 2250 840
1337	8785 5538 1123 6371
1338	820 1604 6193 3011
1339	3161 1007 8821 3116
1340	4831 6616 1363 3150
1341	5765 6797 6982 786
1342	7903 7575 5106 4660
1343	1701 1996 5113 6648
1344	19 7916 4599 7897
1345	6757 6399 6171 3563
1346	3046 2666 3480 7658
1347	2522 5987 4255 1206
1348	3980 1178 8118 4200
1349	2382 4284 3784 8222
1350	6534 2093 904 1937
1351	4164 6042 6846 1796
1352	7369 2878 6494 5634
1353	7508 1558 8981 7398
1354	4195 2890 1799 170
1355	5865 8615 7053 5021
1356	962 7994 1673 5880
1357	2408 7690 8 6787
1358	2372 5221 656 6078
1359	7031 2605 8268 653
1360	5966 8801 5840 7617
1361	8046 4232 7228 857
1362	5121 8185 5920 231
1363	5144 8213 3801 883
1364	1413 354 6734 6975
1365	6695 1927 4286 6956
1366	7887 2785 184 2296
1367	1453 6069 842 522
1368	6001 933 1204 7130
1369	6337 6301 1738 4729
1370	5161 4996 6611 949
1371	7994 8388 6159 8662
1372	7009 1018 7025 1888
1373	512 6125 1746 7973
1374	2885 3100 1727 3891
1375	6766 5137 2258 6581
1376	7179 8598 1284 7328
1377	585 2342 5693 3340
1378	1587 1719 2012 3699
1379	3126 6440 7972 3899
1380	3679 840 5836 5830
1381	4597 7329 7807 5517
1382	8518 5214 5940 8439
1383	2719 8727 4708 7255
1384	3539 8459 2652 2088
1385	3166 616 148 3785
1386	4290 1391 6382 278
1387	4510 2354 6821 6043
1388	2172 3293 3069 5929
1389	8107 402 7547 108
1390	7760 8669 2524 2528
1391	5734 5685 7840 944
1392	6883 8926 3236 2015
1393	1727 7514 2364 8133
1394	7182 153 5728 5848
1395	7835 4876 4516 4305
1396	468 1383 1291 4776
1397	3985 3636 1132 1753
1398	4858 6282 8975 1544
1399	5701 4845 5913 6617
1400	3301 6206 2059 2137
1401	6946 7956 8466 2132
1402	1820 6973 8815 3190
1403	7769 3172 28 4616
1404	7535 8466 289 7889
1405	5239 568 6814 8325
1406	3260 445 8976 3012
1407	1813 6910 5636 8775
1408	285 5501 7740 3771
1409	2446 254 3904 898
1410	1756 8145 50 755
1411	8486 7559 6367 4208
1412	6938 3447 2629 4604
1413	1621 1509 7993 7187
1414	5508 2448 1905 1981
1415	6926 2670 7202 3263
1416	6954 3845 6238 5061
1417	8376 8923 1243 3091
1418	1109 7062 5747 2012
1419	4995 1836 5896 6302
1420	8796 1887 7718 893
1421	5227 4272 1851 4549
1422	3609 1315 5979 967
1423	6967 2052 7015 4463
1424	5867 2095 357 704
1425	2147 7956 1759 2082
1426	6854 8744 8275 7606
1427	2739 678 1592 7411
1428	5578 5492 7874 606
1429	503 2612 1046 6066
1430	380 5666 1527 941
1431	5865 8501 8603 338
1432	1935 5555 8500 4334
1433	6835 2055 2360 4606
1434	5343 7653 576 807
1435	7994 625 6742 6759
1436	7260 5508 8895 2644
1437	1159 1873 1974 7175
1438	3260 1095 7887 4871
1439	7525 6192 1227 3841
1440	8937 8756 183 8100
1441	734 317 7319 7404
1442	2541 1264 5572 1765
1443	2541 149 4587 6309
1444	7315 8502 7635 550
1445	2496 1338 5100 6666
1446	4096 7568 1438 2314
1447	2338 578 682 7190
1448	5124 4868 6797 906
1449	3579 3878 4323 8355
1450	7487 6911 1943 6065
1451	6128 3301 8402 5907
1452	1066 8041 3082 7031
1453	4643 1794 1854 2997
1454	3408 7340 3255 2561
1455	7715 8766 3786 5508
1456	6429 6271 7128 4834
1457	1921 3013 8339 2594
1458	8480 5404 3788 1086
1459	6221 2443 1522 7038
1460	6875 5764 441 8903
1461	3203 6794 4592 4841
1462	2620 8897 7901 3825
1463	5175 4224 5061 4322
1464	768 8758 6127 8242
1465	6172 6196 6799 4117
1466	487 4914 1663 1650
1467	2532 7560 4805 2695
1468	4681 5354 3722 968
1469	5810 4133 7126 6380
1470	4763 8405 836 1990
1471	3446 327 8106 6425
1472	8946 2887 5439 7032
1473	797 6612 8597 7381
1474	5267 4625 3500 1487
1475	8839 657 6038 2865
1476	3394 1894 1329 4305
1477	7096 4030 6318 3826
1478	1157 6194 5967 7405
1479	7121 7227 166 605
1480	6652 981 5180 5605
1481	8179 7633 3408 1384
1482	7729 6658 8904 6987
1483	7587 8733 7790 1123
1484	7627 7131 3154 1501
1485	7566 3514 8240 3691
1486	2560 1750 5820 2229
1487	3338 1558 2382 1736
1488	61 3269 5474 8979
1489	636 3745 6816 4738
1490	2004 8766 2326 4763
1491	5775 2844 194 3840
1492	5281 7120 7679 293
1493	8888 7523 5406 288
1494	2291 7732 8840 4828
1495	6995 3479 2245 2731
1496	7524 6669 3239 1593
1497	7103 2433 6765 227
1498	7741 295 5621 2509
1499	7634 5737 7183 511
1500	7473 773 2573 5152
1501	8089 3200 1561 7974
1502	1829 6506 7327 2724
1503	7007 4536 6727 4860
1504	5865 6722 6729 7283
1505	4967 1527 4824 7362
1506	7130 1919 5478 3657
1507	7578 7582 3661 5686
1508	1321 6803 3302 275
1509	4162 8907 7547 8629
1510	4377 6700 1495 1589
1511	7093 2868 4620 4927
1512	7766 6166 330 928
1513	6573 7498 3766 410
1514	5144 639 3234 1345
1515	7951 271 5115 6022
1516	65 7551 8239 2519
1517	3584 4440 3726 7876
1518	7910 6279 4156 5800
1519	3598 6241 4551 6819
1520	4762 7655 8108 284
1521	2880 221 8970 423
1522	1503 554 2565 5172
1523	3055 8807 1173 5946
1524	6044 5222 778 8750
1525	2243 7954 8473 6537
1526	2184 1637 3548 7033
1527	3852 7410 200 7908
1528	5318 4124 8616 485
1529	2783 1684 3131 3752
1530	4863 4905 2557 6266
1531	5966 7272 7594 5430
1532	8016 6008 2948 4123
1533	2280 7087 5241 8827
1534	1223 2212 5771 3416
1535	8564 8321 2200 824
1536	1520 7297 2450 7720
1537	1595 1163 6792 3546
1538	3726 5884 654 2143
1539	5626 2881 7216 4381
1540	8329 8602 5041 8787
1541	5330 806 2681 8788
1542	7783 1119 8373 8733
1543	7751 7639 6238 4087
1544	3851 1840 3057 5587
1545	183 2347 4192 745
1546	6574 4713 985 4876
1547	2732 4611 326 2143
1548	3438 1616 734 5511
1549	4686 3444 7339 4461
1550	4280 5297 8548 2170
1551	3700 1107 837 104
1552	4569 661 304 2630
1553	7273 7926 8927 55
1554	2726 3494 5573 1054
1555	2906 6921 6983 5613
1556	3269 1386 6218 4746
1557	7864 6457 3414 8296
1558	1695 3690 5473 3124
1559	2470 8246 1340 1032
1560	187 7849 297 3535
1561	2410 133 3934 4415
1562	1413 330 1918 3054
1563	7644 2045 7784 5471
1564	3931 8676 4836 8600
1565	4086 1377 7080 4299
1566	6955 3929 1267 5554
1567	5424 3872 6576 3995
1568	5545 1762 1952 7523
1569	8080 2742 3282 3457
1570	584 1209 5465 7102
1571	7560 7374 7563 6021
1572	8276 5771 1714 4251
1573	7163 5483 1885 418
1574	3277 7049 5091 1382
1575	5299 1964 8725 2177
1576	979 5761 4824 2397
1577	5487 4025 6287 5439
1578	6927 8168 8445 6646
1579	408 4416 1536 5147
1580	8811 7473 3909 277
1581	7297 4669 2703 671
1582	1998 5719 8857 7457
1583	311 8345 6867 2267
1584	6092 8083 7686 3784
1585	4500 6168 1442 187
1586	3615 6217 1598 2519
1587	2393 840 1391 885
1588	447 8481 2549 2414
1589	7289 7026 761 505
1590	8364 1486 2086 1552
1591	3795 8709 1731 7776
1592	5624 5360 2363 40
1593	2252 7637 6662 1507
1594	5279 7535 1274 5411
1595	3264 4101 8809 2100
1596	606 2677 6487 5247
1597	3662 4627 1229 898
1598	4803 553 3384 5924
1599	8877 5473 3127 8710
1600	1909 3288 3326 5337
1601	5900 4009 6343 2595
1602	6696 4442 5414 8136
1603	4696 1150 3942 2786
1604	171 6797 5948 4311
1605	7183 1022 4881 700
1606	1164 1562 5049 7926
1607	2687 8964 576 113
1608	443 5935 528 423
1609	7051 2756 5745 1936
1610	705 6627 8911 4207
1611	2452 2717 7315 5473
1612	2783 3001 5691 6136
1613	8308 938 1315 7710
1614	3428 6904 6303 1158
1615	7604 5437 628 6967
1616	5044 7192 2004 8558
1617	2342 2484 181 5184
1618	6844 5164 1843 3201
1619	6838 3690 3681 8248
1620	3989 2838 6171 4702
1621	32 2685 5244 994
1622	4397 8048 4667 7680
1623	1034 5421 368 2960
1624	103 6877 8720 5128
1625	1679 4136 7534 7537
1626	7212 2778 96 2438
1627	6934 8063 2318 4893
1628	4735 3100 198 832
1629	8644 6775 5354 1934
1630	852 3387 3943 4773
1631	6229 5908 626 6616
1632	5447 1973 7179 7432
1633	1645 4645 6579 6099
1634	1049 6895 4853 448
1635	116 5975 4256 2631
1636	707 83 7610 6005
1637	1902 239 1226 6528
1638	5686 8107 7346 3747
1639	7635 5863 360 8286
1640	1287 2519 2278 7147
1641	561 4545 1630 1727
1642	2539 7956 3475 2748
1643	1363 6327 6961 7993
1644	6019 3726 8444 8092
1645	3110 2156 6828 8412
1646	5504 6571 252 6303
1647	1276 7569 3749 2506
1648	6767 4640 4919 1967
1649	5704 7046 2001 3870
1650	4346 1497 7254 6413
1651	845 3478 5945 3285
1652	7753 2157 4115 2524
1653	1610 3894 7068 140
1654	3203 4729 8079 4949
1655	4681 8307 8462 4213
1656	1618 6226 5877 4920
1657	1197 4056 1779 6894
1658	1356 4509 4541 3956
1659	303 8532 6832 8184
1660	8840 7130 4094 3384
1661	6182 6547 6915 2181
1662	6020 7039 8794 4957
1663	3834 4868 6629 8333
1664	1397 6749 3419 8855
1665	7047 7665 421 5398
1666	7154 7555 4762 2000
1667	6706 5699 7352 5935
1668	1792 4853 5591 2918
1669	2852 7087 6594 7172
1670	8554 3417 1559 380
1671	3669 6390 2998 5224
1672	2834 4734 8178 617
1673	8850 5589 5659 8012
1674	4720 2165 6806 5256
1675	5699 240 7788 8671
1676	3785 5717 6748 987
1677	1619 721 6335 5899
1678	2263 6697 1989 7617
1679	6593 6038 785 2483
1680	1773 6366 2780 2382
1681	5652 7067 5232 193
1682	6846 7000 4295 6302
1683	336 496 355 5336
1684	4582 8414 3827 926
1685	5579 3954 196 519
1686	6926 1119 4555 8030
1687	4551 6006 4715 3623
1688	7208 4745 4728 680
1689	479 3713 1922 4502
1690	5779 7278 5234 3657
1691	2595 1497 5026 3729
1692	2810 8951 3907 3345
1693	5969 3862 8455 523
1694	2589 4332 6606 2103
1695	7122 1356 758 2105
1696	1923 6286 3034 1590
1697	1011 2830 8416 8869
1698	5583 981 7535 7665
1699	180 1657 3300 160
1700	84 5059 3587 2342
1701	7620 68 58 5932
1702	475 4416 8523 8669
1703	2149 8192 7045 4241
1704	7223 764 7109 605
1705	7934 2680 6482 1351
1706	6726 3322 6926 2673
1707	2107 3040 8405 7218
1708	2474 501 1183 6656
1709	8314 8926 6644 236
1710	5368 1425 3506 4670
1711	6408 5657 2494 4452
1712	4266 5499 5412 6687
1713	4439 4208 958 7876
1714	1391 4988 5732 5009
1715	5578 8726 6450 150
1716	6827 4764 1945 235
1717	8562 7415 632 2569
1718	8971 4953 6479 7978
1719	3808 3271 7608 7396
1720	4492 8192 337 7979
1721	5391 726 2059 2473
1722	2005 5644 44 5268
1723	5638 3741 7013 2358
1724	3427 5655 2761 8731
1725	2276 1240 872 3621
1726	741 1209 637 1765
1727	632 4095 6979 2458
1728	3654 1902 6875 710
1729	8645 4053 3507 494
1730	8493 1220 3758 6390
1731	7117 5081 677 8508
1732	8514 288 5876 6427
1733	6873 5632 5369 5795
1734	687 2125 4113 1924
1735	4304 3233 5975 3099
1736	3936 8666 1511 4765
1737	6041 3612 5964 6324
1738	8760 1454 5997 47
1739	7355 5311 7996 1748
1740	5142 7965 3110 1084
1741	2265 6367 7566 1091
1742	1648 975 277 2035
1743	2203 8159 1122 2575
1744	678 6269 5888 7435
1745	4539 6983 297 72
1746	7884 1213 1414 2823
1747	8219 3252 8414 6545
1748	3885 6452 7085 4215
1749	8280 4482 1697 8239
1750	5541 1014 6163 7393
1751	8001 4381 3676 3514
1752	1199 5651 3715 1842
1753	8029 4418 5143 3766
1754	544 79 7869 3700
1755	7898 246 5621 1633
1756	2901 3151 7948 8286
1757	7980 5206 8708 2563
1758	5085 4639 4525 577
1759	43 5933 3887 8856
1760	8209 4465 1438 7539
1761	296 5802 1308 6516
1762	8163 2707 3988 7345
1763	3990 2504 8847 3575
1764	4826 2666 4104 2343
1765	395 589 1243 4089
1766	5489 3570 5026 5073
1767	8259 6208 6457 5663
1768	8329 1277 3162 5787
1769	5643 1587 1466 5183
1770	5273 4454 7101 6694
1771	3362 7034 6604 1433
1772	5034 1260 3450 3563
1773	7163 4351 2193 4387
1774	626 1545 5047 8447
1775	3115 4609 6681 284
1776	6201 2911 3318 1008
1777	6676 5168 7685 3027
1778	611 2772 8056 6337
1779	7314 2658 362 8061
1780	729 3712 8619 1229
1781	1587 8420 1316 6650
1782	7165 2045 7633 1575
1783	5091 5544 1792 1388
1784	697 2436 1600 5912
1785	2750 1222 5265 6843
1786	7426 2874 1419 2211
1787	3507 8600 3676 7503
1788	7398 4064 8714 6640
1789	7595 697 425 3521
1790	8189 1527 2065 3412
1791	5207 3249 5984 359
1792	6733 4302 8643 8803
1793	6577 2510 6396 93
1794	6520 4174 7541 3085
1795	5197 2166 2243 1010
1796	6103 6766 64 6434
1797	4115 3513 2634 5142
1798	8773 1683 1561 3822
1799	7069 1941 1639 7555
1800	1169 2118 1958 8554
1801	1487 3624 4127 4514
1802	5503 7988 1018 8349
1803	7233 1005 5409 3162
1804	6120 2715 4469 3847
1805	8354 2298 4178 4959
1806	1049 219 7605 8956
1807	5965 3802 2234 4930
1808	4314 3572 7628 4767
1809	7858 7202 3155 727
1810	775 6007 2017 605
1811	7361 7440 4615 1618
1812	2434 3682 8456 8390
1813	497 2962 2298 4752
1814	5230 649 4406 4676
1815	8484 5306 6449 8516
1816	4529 8002 6245 1603
1817	2199 1092 5932 326
1818	8729 8047 1991 2556
1819	7297 8401 5283 1960
1820	3574 4647 8039 5461
1821	307 6471 5690 4409
1822	2112 613 5987 4536
1823	7176 6361 961 2277
1824	425 4106 614 2789
1825	8398 7977 3582 3958
1826	8677 5555 7266 4703
1827	7092 8422 1645 168
1828	8298 4515 1480 372
1829	3140 4146 7022 5937
1830	4554 8215 7400 6813
1831	4750 797 7429 8813
1832	3156 1300 6700 2298
1833	5626 4961 3144 2889
1834	3 1400 7011 2328
1835	6284 1229 7012 4197
1836	7625 8734 6555 6309
1837	4869 7153 3020 214
1838	2422 873 6571 85
1839	2297 6679 7172 4444
1840	3319 214 8339 2213
1841	8408 5600 5620 1564
1842	7029 2420 5083 2297
1843	7330 1412 8986 1173
1844	7716 304 7826 7719
1845	3217 6713 3612 3975
1846	1510 2197 2277 3861
1847	1063 5954 42 7140
1848	5941 5844 6192 8256
1849	8344 2903 2351 2651
1850	111 6246 3258 4148
1851	7827 5668 7110 697
1852	6105 686 416 2616
1853	7000 4509 7651 7537
1854	7935 2386 8746 4767
1855	4240 4930 3982 8826
1856	3071 6839 3465 7501
1857	7000 2782 3199 4071
1858	7458 4893 3331 4986
1859	4018 5143 2469 5771
1860	6770 97 8782 2315
1861	3787 808 3691 8767
1862	7500 5637 1393 8774
1863	5308 4088 8776 8546
1864	5464 6432 4869 4760
1865	451 8464 2054 3521
1866	8171 622 5605 5680
1867	1078 8338 6716 5826
1868	6558 4709 4002 2099
1869	7456 7786 341 2782
1870	7535 2082 5176 6985
1871	3402 7724 5499 6994
1872	2870 1526 6351 5143
1873	994 5354 1152 5984
1874	7002 2573 8248 4859
1875	7694 7108 3057 5374
1876	2458 7232 3060 8303
1877	1178 2559 677 3890
1878	1704 3738 6093 3465
1879	5217 5923 6145 2900
1880	1413 4412 7058 1296
1881	1507 4863 8709 2726
1882	7344 8660 3043 3210
1883	1423 7245 7665 2763
1884	6218 2404 3635 324
1885	5292 4423 6225 5271
1886	6294 4984 5294 1630
1887	8950 5368 3959 4787
1888	7574 3640 3077 5816
1889	3985 7683 5379 7281
1890	3933 4244 8002 4574
1891	4337 2131 2038 4559
1892	7810 6863 1894 3065
1893	4609 1802 1011 6895
1894	1470 7049 4333 7682
1895	1774 5477 4952 8590
1896	8263 3529 3412 7339
1897	8721 8032 1016 8927
1898	8783 75 6369 343
1899	3455 1987 1806 8022
1900	247 6924 7791 4297
1901	610 3403 1171 8175
1902	6999 3026 7042 1592
1903	2351 5377 110 8637
1904	5502 2826 722 7801
1905	4658 7342 6264 1149
1906	6836 5995 3496 4664
1907	8460 6195 5468 1217
1908	7243 740 8369 446
1909	4067 2071 3635 5864
1910	8958 8901 6541 6143
1911	8875 1205 8796 1491
1912	2192 7010 314 1387
1913	1392 5914 4457 8586
1914	7841 7921 8107 937
1915	8197 4203 7578 3220
1916	1222 4372 563 4315
1917	8563 8863 376 1685
1918	2908 1105 6867 6512
1919	1155 5242 8843 5160
1920	6487 6732 3883 7639
1921	8347 4028 338 8976
1922	945 6590 5426 2114
1923	1460 517 8871 4948
1924	4175 8236 8012 1223
1925	3433 8821 8719 6206
1926	5034 8086 2742 3913
1927	1232 1384 832 8165
1928	5259 7912 6520 1253
1929	1595 8004 6090 6577
1930	5523 5579 7698 4303
1931	7564 5269 829 4099
1932	6867 5460 5371 2069
1933	3605 4950 5226 7444
1934	8774 396 2963 786
1935	8028 3437 4076 5980
1936	1168 969 2454 4044
1937	8852 732 5194 588
1938	6713 7091 6582 171
1939	7203 3872 1187 3704
1940	7885 6625 6628 8832
1941	1858 1913 1638 7714
1942	8405 6801 2923 3034
1943	8535 4751 6778 3322
1944	823 8705 4065 1592
1945	2121 7144 6587 6051
1946	5190 2012 2924 2645
1947	7090 253 886 5797
1948	6041 409 6925 4985
1949	989 5924 6393 7219
1950	4110 1910 764 7820
1951	7033 3684 893 4820
1952	3543 1329 6646 4062
1953	7502 7157 4653 5742
1954	5648 3734 1409 2417
1955	7881 3171 6962 4689
1956	4620 8614 7386 2342
1957	4388 349 2201 1865
1958	2016 1823 7652 8405
1959	4853 1394 7176 7530
1960	4218 7121 2410 3695
1961	4664 6566 2522 8553
1962	2516 4257 1592 7749
1963	5892 5114 5879 2367
1964	4972 6103 1439 4829
1965	5524 519 7192 8832
1966	4704 3301 2688 2539
1967	7162 3468 4922 8830
1968	5764 251 3266 4486
1969	7467 390 4181 2860
1970	3388 1046 7810 81
1971	6094 3282 4801 5499
1972	2959 7116 8157 1677
1973	7842 3247 8127 7369
1974	5690 4949 7945 8911
1975	7296 2882 4898 7168
1976	677 2235 4837 2523
1977	6260 4187 6915 7381
1978	4686 174 8466 7933
1979	5895 4149 2310 8550
1980	1743 7493 4088 3551
1981	7570 6548 4178 6335
1982	1385 6929 130 6137
1983	7119 2794 8970 174
1984	7186 5537 4239 2516
1985	1323 4815 7549 8022
1986	5033 219 1202 6613
1987	8206 7109 1059 3521
1988	424 3283 1100 90
1989	6936 5076 3772 8975
1990	7018 2681 5384 5807
1991	5922 2663 4909 2640
1992	2502 2816 4107 2991
1993	5979 6154 19 1206
1994	6858 6443 5442 8230
1995	5297 7699 3875 2791
1996	8027 250 4724 5387
1997	8293 1758 6004 5436
1998	42 3171 3702 3083
1999	7354 6207 908 7859
2000	665 318 7383 8667
2001	5865 3287 4752 4203
2002	1721 7732 3820 4495
2003	932 6915 6792 7579
2004	6336 779 1501 6886
2005	2660 4139 7111 6519
2006	2503 8156 7488 7342
2007	3891 1692 5271 4829
2008	489 1912 7351 2504
2009	4857 6635 8363 933
2010	6859 1811 5984 838
2011	3292 4094 2537 7515
2012	1074 8667 6836 2208
2013	2164 936 521 6175
2014	890 973 3733 4377
2015	6340 48 806 1820
2016	6104 4269 4432 7933
2017	168 3550 7173 7766
2018	4459 1224 5278 2312
2019	2186 4897 7950 6828
2020	3930 2316 6856 2399
2021	3904 4299 1960 3230
2022	4951 7336 7329 7642
2023	5876 324 8405 6805
2024	7598 7689 226 2749
2025	8089 5865 6038 2813
2026	4147 6588 3804 808
2027	7039 3856 2845 644
2028	3941 6815 5764 6113
2029	6711 270 5130 5855
2030	6987 6668 5006 5054
2031	8112 3970 1315 5253
2032	7253 2073 313 4198
2033	906 7903 3998 2196
2034	8205 5613 2366 4067
2035	6176 15 822 4899
2036	4711 8423 3211 3210
2037	4333 966 7455 5276
2038	8112 6439 1400 3841
2039	8715 1452 7599 2785
2040	5881 4529 3309 5723
2041	2466 3440 7241 8814
2042	1009 2396 4789 2989
2043	4880 5147 4506 367
2044	5985 3942 5159 3286
2045	4518 4950 2386 4214
2046	7997 5031 752 6942
2047	5043 7701 297 2197
2048	7757 141 7669 3896
2049	4911 3125 1882 94
2050	3190 474 5115 7752
2051	2746 4060 2738 2296
2052	6068 484 751 3627
2053	6514 5326 5782 5573
2054	7572 623 733 6459
2055	3327 6892 2766 340
2056	3650 6364 4751 3024
2057	8065 2859 8062 4229
2058	6016 7164 7186 4219
2059	4812 6473 5205 8164
2060	2592 6133 8693 88
2061	4478 5027 3849 1855
2062	2212 5590 2898 7660
2063	7882 56 8719 370
2064	8451 4577 7631 1925
2065	5987 6635 3861 8412
2066	6502 655 96 6161
2067	7976 5987 2009 8042
2068	5132 7007 8630 402
2069	3293 7822 7152 5829
2070	5893 7926 8270 7031
2071	5859 7023 454 7853
2072	4901 4270 3173 3387
2073	6183 322 2526 544
2074	3732 8378 2031 767
2075	3205 3629 5680 8073
2076	1167 7207 5027 8407
2077	6296 7520 8189 920
2078	2815 1185 2553 879
2079	6029 199 6775 6247
2080	4912 1388 2848 5802
2081	4975 6921 8520 4946
2082	5917 4150 5979 7962
2083	7020 1484 128 8570
2084	5890 1161 3064 1710
2085	6418 6888 31 4852
2086	2008 6443 7475 1989
2087	1100 8673 7103 6228
2088	7989 6307 7818 8469
2089	4533 2769 882 8549
2090	7662 6575 2828 6026
2091	773 6904 8040 4213
2092	2367 8872 17 6261
2093	3233 7771 6535 8019
2094	1399 777 4757 5826
2095	2075 1157 1279 2397
2096	5252 1960 757 8081
2097	4067 5202 2407 7074
2098	4971 5225 5337 7010
2099	7206 6802 2213 1875
2100	1540 7547 5665 2370
2101	5417 3926 2613 7100
2102	860 8766 7211 792
2103	5138 2258 6557 3844
2104	6549 7611 4947 8884
2105	5676 3176 5143 4705
2106	7459 7090 5484 7456
2107	2793 6528 7336 6551
2108	1584 7131 6179 8639
2109	5115 8053 8080 3407
2110	5728 1510 2471 36
2111	3581 5582 4293 8067
2112	5171 764 8108 6011
2113	3365 5347 8700 7744
2114	7298 788 4702 7917
2115	3377 2827 706 6906
2116	4103 4231 2030 6321
2117	723 542 8554 6479
2118	7294 3668 7849 305
2119	4263 3168 2820 3770
2120	1667 7731 7495 493
2121	4711 3102 4879 7759
2122	8379 5057 4483 6776
2123	3576 3375 3387 929
2124	1685 7933 7398 5608
2125	578 2423 4935 2407
2126	7764 8017 6821 7359
2127	8106 761 5015 7009
2128	1251 7328 740 5446
2129	8700 6051 3118 3715
2130	3201 8007 6871 8868
2131	8490 7406 6316 3210
2132	4289 7019 6577 6342
2133	3053 7025 6943 8400
2134	4199 8033 5643 6427
2135	4127 5407 2063 216
2136	7309 3227 7960 2935
2137	7215 1477 2251 4603
2138	981 8651 2324 8405
2139	183 5909 5843 2326
2140	996 75 6895 1654
2141	2573 8835 2227 2092
2142	7922 8984 7592 8216
2143	8498 7886 6908 3570
2144	6505 8450 3604 8
2145	5692 4243 3088 8045
2146	3485 3190 3463 4692
2147	5457 5922 218 7833
2148	5597 2991 3630 2027
2149	8029 8077 4534 79
2150	4899 4048 8344 3975
2151	153 479 5890 4246
2152	3986 504 5564 8417
2153	4431 3651 3306 4396
2154	5086 1589 3196 1156
2155	8401 2390 5515 2385
2156	1534 2359 5434 3286
2157	6114 4488 5455 2208
2158	5595 954 7971 5101
2159	418 7560 4088 20
2160	5176 4665 2038 6499
2161	8067 765 6162 1831
2162	3538 6900 5722 1172
2163	240 1121 5501 1457
2164	6685 3270 7759 2011
2165	58 2801 5222 4088
2166	8796 4631 8072 809
2167	4188 7526 6839 8734
2168	2682 3904 8644 4749
2169	4705 5686 2517 4920
2170	7980 6875 8913 5180
2171	8956 7317 1941 182
2172	1499 4993 8786 8882
2173	2282 7440 1091 1352
2174	916 5391 7537 338
2175	1127 2560 4957 3137
2176	8784 3960 8291 3557
2177	214 8286 2680 5196
2178	3656 331 5575 4619
2179	5199 2185 7857 805
2180	3976 8061 364 1441
2181	3456 1922 772 8155
2182	4260 4120 1429 2218
2183	1414 6717 4143 571
2184	3028 6052 3304 629
2185	4177 7899 5569 6202
2186	3864 8798 8090 4152
2187	3987 2135 6209 8246
2188	8001 3243 1442 788
2189	3472 7461 2436 4401
2190	7778 6991 5509 3084
2191	7517 1853 4085 6040
2192	6421 8741 4299 7576
2193	8007 7470 8684 6535
2194	4624 5928 1935 4690
2195	6682 7057 4536 7279
2196	5517 920 3515 6700
2197	823 280 8791 5221
2198	772 3203 2873 5543
2199	8504 882 3744 2125
2200	7718 7438 5317 8183
2201	4717 3658 403 8373
2202	8565 3178 3578 5722
2203	3764 4181 1027 6827
2204	7052 6341 3571 2670
2205	7897 7137 7716 5182
2206	6097 2233 6236 2587
2207	1392 6860 1344 8274
2208	7306 5048 3707 6857
2209	860 4399 2086 1995
2210	5545 8261 2259 4447
2211	6875 5019 1537 2861
2212	2092 8289 3037 8382
2213	6674 5551 4965 8737
2214	314 108 6331 6063
2215	8027 7406 2543 6948
2216	3190 2267 6269 744
2217	7115 6424 2505 2783
2218	4483 4865 6142 5201
2219	6660 2888 2046 8422
2220	7800 3631 4236 4105
2221	2341 2233 5440 7409
2222	4331 5199 8943 6688
2223	2001 8960 5296 2137
2224	4575 8021 8144 6027
2225	3048 237 5081 1220
2226	3920 3145 8353 7685
2227	4891 8515 4056 2252
2228	3582 8270 8846 1514
2229	8309 6235 1528 7218
2230	7011 2034 3070 5121
2231	2108 7360 1916 7733
2232	5544 2545 2963 7897
2233	6519 7046 3445 1368
2234	4801 3483 3393 5505
2235	8368 6229 4431 7540
2236	8010 4981 4856 4437
2237	3152 294 1 2848
2238	5248 1628 8719 1577
2239	3824 7264 2819 6270
2240	4334 1615 1749 698
2241	264 8154 6812 8341
2242	6976 4015 4429 8492
2243	7119 6225 181 8276
2244	5575 3656 538 8030
2245	7941 4888 1993 2044
2246	3024 2837 1816 2504
2247	5335 4894 5468 8526
2248	714 1417 2069 5756
2249	8123 5305 2669 5262
2250	2934 2431 2968 3348
2251	4371 8423 3681 4727
2252	6806 2430 1914 4873
2253	502 5502 3528 5754
2254	936 4225 8765 3797
2255	6595 1619 2999 2486
2256	2954 6566 1945 8374
2257	1438 491 5285 5210
2258	244 5544 1407 1069
2259	3818 8394 839 5518
2260	3225 7209 1226 2497
2261	4074 8596 3131 2511
2262	7692 7962 6119 75
2263	3916 7869 1047 3177
2264	3896 1765 17 7508
2265	106 7709 5535 2659
2266	5237 6126 5961 4686
2267	3664 4882 701 5833
2268	1653 6092 7921 2831
2269	3883 5784 2989 8543
2270	6080 2224 7887 6501
2271	2596 5875 2258 854
2272	2621 6611 4461 2618
2273	3796 2181 6537 8896
2274	8392 3518 2473 798
2275	1960 4402 996 1224
2276	7364 2185 625 2083
2277	2126 3716 8195 5134
2278	3919 7631 2973 7653
2279	7084 1751 7996 1057
2280	4216 2044 1155 3194
2281	821 533 5609 4935
2282	2959 503 603 6407
2283	8720 415 125 5535
2284	5589 1313 2631 6539
2285	8860 7170 1543 2717
2286	3468 3193 8235 8954
2287	2178 398 5740 8031
2288	2133 2946 2610 2460
2289	5176 6419 8046 5418
2290	5298 7958 6888 4557
2291	6325 3596 6095 5443
2292	8863 4119 6388 5789
2293	308 4850 6401 2201
2294	1821 6278 7685 6140
2295	1757 6746 669 1006
2296	1654 2373 2142 750
2297	232 6117 5201 4002
2298	443 7762 3194 7271
2299	6714 1673 1884 105
2300	3719 7070 3497 6884
2301	2069 7394 8143 2046
2302	8765 5099 7302 3291
2303	7552 3829 5945 6846
2304	7946 7947 8810 2060
2305	592 575 2399 2738
2306	6386 4490 7036 7290
2307	2850 6358 6760 4426
2308	8238 7845 7699 7913
2309	4746 7082 8653 1569
2310	5616 228 2991 2903
2311	8446 2185 5182 3551
2312	1218 3878 5599 6285
2313	2605 6410 2154 3932
2314	586 8362 2282 3110
2315	7989 2852 4030 2434
2316	1940 1627 3388 5510
2317	4472 7758 2389 4990
2318	2526 6614 1161 8519
2319	6816 3099 8612 1135
2320	2475 5138 6362 1616
2321	8045 3372 1209 5000
2322	1201 7971 5735 2824
2323	7217 4435 739 8271
2324	2518 8782 4103 4782
2325	1861 3455 4521 3720
2326	764 2638 6428 8404
2327	4407 6166 431 7356
2328	368 1280 11 6626
2329	8444 3760 5889 812
2330	1538 273 4095 2262
2331	5780 642 7805 5299
2332	5934 3438 548 168
2333	8856 230 630 4379
2334	8465 1674 7962 7774
2335	6240 2695 6853 8820
2336	4641 1399 2470 4527
2337	6589 5297 7275 7018
2338	5236 1355 8794 4934
2339	7701 1514 8100 1815
2340	1348 8457 595 3720
2341	4994 4704 2472 8061
2342	6359 7678 4947 6078
2343	2055 4440 1342 7935
2344	5683 4738 4873 8101
2345	7680 2962 1689 868
2346	4658 6467 8221 7270
2347	1178 2432 6965 885
2348	2402 1299 3809 8312
2349	582 1808 7315 8335
2350	2967 3291 3677 4825
2351	1795 4167 2539 3244
2352	6666 440 2520 7807
2353	2642 1275 7001 16
2354	6018 2822 1815 7664
2355	267 42 7678 5785
2356	353 4286 4960 7275
2357	4279 7239 340 3479
2358	3773 1966 8784 5466
2359	3616 7547 385 7606
2360	6792 940 1091 5570
2361	2109 4549 7245 4819
2362	6720 3672 3540 7818
2363	3354 751 6350 2558
2364	5547 3753 4053 2953
2365	7591 1121 4600 457
2366	6863 6612 4088 1827
2367	6939 5892 2929 754
2368	3126 5511 4602 3739
2369	8552 7586 1059 6617
2370	1430 145 1247 1890
2371	7910 8310 1773 5187
2372	1748 8601 355 8691
2373	8773 8374 3062 6137
2374	2544 5255 8579 7592
2375	3036 2207 1332 704
2376	6540 6442 7631 7721
2377	3083 340 5440 3502
2378	3363 6363 2401 2932
2379	5029 3978 6704 5878
2380	6809 741 1924 3749
2381	8649 6289 7196 1239
2382	8436 8226 5032 6332
2383	1648 5090 1558 6536
2384	4243 6372 5283 1794
2385	5408 33 1307 1082
2386	4295 4314 8699 3142
2387	3255 4769 2092 5958
2388	1196 6930 1149 7633
2389	830 5811 6649 531
2390	522 5362 6743 8594
2391	8141 3955 1263 6034
2392	8416 6260 7420 1597
2393	4446 7228 5394 2725
2394	3799 12 5057 7411
2395	5191 6284 747 5880
2396	7855 8509 1788 8362
2397	5853 5029 2472 5753
2398	5696 728 5898 4535
2399	697 2085 6368 7692
2400	6439 4506 7635 7788
2401	7106 7362 2949 2800
2402	4203 6408 3488 669
2403	4395 3614 8949 3856
2404	3925 8524 3011 1157
2405	725 8370 2418 8789
2406	256 3360 6074 5605
2407	2038 4028 1829 2582
2408	6221 2711 1492 387
2409	2724 4230 6753 5392
2410	2766 2585 2344 6532
2411	7064 4839 7499 7586
2412	1808 8757 7949 7052
2413	379 8007 810 4571
2414	5894 5525 8364 8786
2415	7191 6815 7095 4582
2416	1127 4586 4507 5291
2417	661 8932 3955 1027
2418	3589 8715 450 7755
2419	1994 5600 1712 611
2420	7078 134 7243 3939
2421	7536 3968 1468 224
2422	638 7006 631 4880
2423	5779 8509 4759 2473
2424	2996 3503 2392 3462
2425	1562 6776 2225 4860
2426	8731 2289 7611 2981
2427	334 1256 848 2779
2428	1739 7045 5105 8528
2429	6484 4452 7208 6946
2430	286 8897 8395 8344
2431	4354 2598 7901 8397
2432	3765 8190 49 2295
2433	5770 5633 8722 7875
2434	2064 4110 1993 6290
2435	5624 5125 3493 4316
2436	2333 1043 2371 7745
2437	5263 1855 7406 1134
2438	8795 8430 4846 5180
2439	8264 7705 618 177
2440	5189 3076 2821 3659
2441	412 8257 377 7555
2442	2343 5567 899 3053
2443	8612 5298 2370 3022
2444	8395 3448 4067 5044
2445	4759 1005 4127 3237
2446	4155 8307 8484 3376
2447	3552 2143 8255 5001
2448	4152 769 6489 8117
2449	1628 3054 6994 5551
2450	996 2669 6403 1584
2451	2364 8551 4102 5073
2452	7757 3341 1978 6155
2453	7209 5095 325 8857
2454	229 66 3895 1396
2455	6397 1793 4815 4969
2456	1084 2194 537 5818
2457	3475 4816 5669 3837
2458	5142 6350 1379 5092
2459	4155 4821 5407 2933
2460	7193 1454 8715 2750
2461	5623 8832 8601 1584
2462	71 6957 5145 5220
2463	4582 6815 4071 2007
2464	8972 3859 7155 3567
2465	8986 5903 21 3848
2466	1332 6548 399 7437
2467	7644 781 2240 6891
2468	2921 4454 3794 3539
2469	3603 3292 4035 7070
2470	7210 1841 5316 8437
2471	2500 1702 5864 3636
2472	4469 2783 7507 2570
2473	3886 4392 746 4115
2474	6508 2548 7022 8182
2475	4839 980 380 8698
2476	3447 1122 3213 290
2477	7084 5975 5583 3838
2478	414 1605 5658 2885
2479	3201 4145 92 6114
2480	5599 3551 2749 3355
2481	3472 5676 1980 881
2482	3687 5100 7942 6453
2483	1341 4082 4945 7829
2484	1257 5925 5033 8276
2485	1477 3578 2536 1340
2486	2418 604 2878 6351
2487	3963 5255 5894 6435
2488	1562 5027 7302 6369
2489	6154 2018 2981 5210
2490	868 5802 8538 5091
2491	2377 675 2366 5849
2492	5859 3483 4469 5648
2493	8731 963 552 1736
2494	4135 8616 2059 3807
2495	909 3594 6520 2691
2496	138 7204 5875 3753
2497	2150 6575 7633 79
2498	1663 8252 6285 2612
2499	1120 4164 2287 395
2500	7669 5436 1976 1233
2501	3793 841 2748 2929
2502	831 8817 5698 4711
2503	7153 2554 402 5302
2504	8183 6703 4749 2784
2505	5849 2360 6258 3968
2506	147 8476 5554 4463
2507	787 2254 8917 1278
2508	3250 8195 8848 1254
2509	991 8662 2363 2327
2510	778 2279 1386 4853
2511	7983 2563 1902 605
2512	3727 3412 1808 4507
2513	8331 8678 7250 2424
2514	4436 1120 6285 4083
2515	3031 4502 7317 1186
2516	5394 96 813 5484
2517	8818 4207 487 5844
2518	1873 8483 6608 1245
2519	1576 1620 5268 6309
2520	3173 4775 5831 5029
2521	7543 8511 6021 4128
2522	3478 6910 7043 1261
2523	3112 1462 5132 4513
2524	6551 4445 4137 1322
2525	1628 1391 8353 1649
2526	3741 8360 4173 1577
2527	3755 8663 6265 7309
2528	3083 5219 1526 5998
2529	3643 2359 3768 940
2530	7581 8889 8953 8295
2531	5355 1910 8262 1789
2532	8112 960 3728 5288
2533	2748 2773 2696 2138
2534	5798 5336 6775 5710
2535	3276 2275 5010 1371
2536	8074 8233 8834 2754
2537	8997 4041 8556 7434
2538	5149 8915 7008 3457
2539	394 8642 6978 2234
2540	3033 102 1749 3458
2541	4492 6270 687 5659
2542	4798 1916 3187 8726
2543	7149 1217 3496 6172
2544	5302 5585 6974 8653
2545	5340 953 5211 4429
2546	2152 1932 264 7251
2547	7698 371 3973 2922
2548	6308 4811 6232 2309
2549	8589 5584 6918 8464
2550	5339 4272 6571 3029
2551	500 8290 2296 5208
2552	7048 8187 6748 3076
2553	5598 283 6537 6997
2554	4812 7515 7409 6978
2555	7888 5185 7862 7049
2556	2794 8122 8194 5504
2557	2522 6829 7968 8405
2558	2861 5355 2430 1993
2559	5460 3034 980 8064
2560	3903 7104 5599 5604
2561	8866 3680 1348 466
2562	4013 1177 2211 4099
2563	3333 108 5617 5833
2564	5878 4191 5758 2091
2565	2277 2870 1026 4872
2566	6594 5034 7685 8666
2567	600 5761 6700 4548
2568	4047 4206 918 1873
2569	6050 4883 1812 913
2570	1936 1952 7346 8896
2571	4536 1227 8450 507
2572	6496 8200 7783 6637
2573	3999 8867 7085 8457
2574	8000 8742 2376 6021
2575	2388 1412 1483 6187
2576	1130 8967 3117 4604
2577	4669 5808 5616 1636
2578	4413 5739 108 4944
2579	799 6911 4628 5943
2580	5996 8674 3490 2782
2581	2060 1525 1200 1868
2582	7170 150 8498 259
2583	7193 6755 7709 8588
2584	1243 5906 7940 2311
2585	5313 1590 3445 8126
2586	1509 2928 3490 4870
2587	683 5606 3741 4376
2588	2350 673 1596 1719
2589	6041 555 7315 579
2590	2708 360 5464 4661
2591	5318 6407 4282 5160
2592	5497 5177 4542 7182
2593	6265 2080 279 4020
2594	3819 3783 7152 3923
2595	2742 7713 5900 6746
2596	6216 5398 8455 4106
2597	7118 8837 2155 1710
2598	3575 2113 1697 4497
2599	8568 5195 3988 2702
2600	6692 796 5812 8636
2601	4786 4303 1005 5542
2602	3995 4104 1762 6840
2603	50 7055 8387 1157
2604	1347 8675 3692 4895
2605	6361 4795 1680 5660
2606	4417 8522 5847 6475
2607	5855 3343 8554 7350
2608	4588 3020 6457 8059
2609	8552 1374 847 1939
2610	2992 3652 5222 6516
2611	5011 2413 236 8946
2612	6842 2844 7856 591
2613	1444 473 1617 6962
2614	858 819 1145 6252
2615	4341 6997 7884 3396
2616	8266 5365 8333 4210
2617	7755 5363 3109 2394
2618	6536 846 4265 8969
2619	8953 2657 3265 861
2620	2751 1539 3567 3439
2621	8263 7824 1545 3890
2622	4267 1627 8378 4489
2623	7606 6576 1005 1458
2624	3102 7774 540 5808
2625	2369 7628 5739 4940
2626	5319 4234 4938 1115
2627	7006 1951 2042 1861
2628	2528 4861 2665 4035
2629	4967 7705 55 4295
2630	6502 4248 7997 3958
2631	7364 8459 7186 7522
2632	3819 1425 6755 3793
2633	8070 7097 6206 8854
2634	6409 2223 7463 834
2635	2771 1543 1297 2023
2636	6828 450 2872 3859
2637	894 7073 1473 5184
2638	7120 6472 4856 1202
2639	2208 7504 8760 7347
2640	154 682 6339 6763
2641	317 3009 2197 3038
2642	3391 3590 8968 4844
2643	6267 1637 8273 2065
2644	5149 4946 452 5239
2645	928 8898 2652 4538
2646	8565 403 6072 4242
2647	2885 3898 1134 6729
2648	6612 699 3679 84
2649	8094 1613 1625 6899
2650	6725 253 2613 870
2651	2667 3844 7522 8979
2652	2832 6350 373 8239
2653	4748 7272 326 4862
2654	1827 3810 6523 8839
2655	1616 5835 1489 6131
2656	4822 160 7296 4183
2657	1816 5326 1456 6203
2658	3831 821 4579 3622
2659	4322 1722 4633 4282
2660	5901 773 1478 972
2661	508 3236 5536 3983
2662	1073 2491 4467 802
2663	8947 4536 2676 4177
2664	7988 3667 4204 2505
2665	2885 6843 2856 4427
2666	6390 4402 5447 2062
2667	1559 8889 8418 6379
2668	4246 2089 6159 1841
2669	2411 805 6619 4575
2670	5748 6161 6800 6854
2671	632 7092 2797 7505
2672	8942 8270 6020 4661
2673	5421 1707 4151 5099
2674	374 193 3449 2484
2675	5782 3225 1018 6535
2676	2669 1970 5030 5201
2677	1703 5707 2261 1934
2678	2657 6359 1428 539
2679	4055 5642 6981 6490
2680	5291 5650 331 6236
2681	2636 5838 3099 1618
2682	1300 6328 7100 887
2683	337 7654 8472 7966
2684	5260 1830 4109 5952
2685	6569 4321 1122 8481
2686	3511 2871 285 689
2687	4688 4383 5854 2325
2688	7161 4432 814 2786
2689	5385 1512 3990 6075
2690	3198 8507 2715 6148
2691	1684 6008 6211 1539
2692	2634 4150 6 8559
2693	4449 8332 1525 2509
2694	5451 4179 4467 6935
2695	1078 915 7193 8967
2696	5042 5157 2609 8502
2697	3364 5309 7048 4550
2698	5807 882 8292 1506
2699	1335 4470 6003 8589
2700	2510 3704 6603 6987
2701	4253 7585 711 3670
2702	5039 6421 3997 1774
2703	5877 7411 8281 7448
2704	1229 4390 446 3055
2705	8475 1505 2664 5405
2706	7497 7724 2287 1830
2707	88 103 4834 6346
2708	135 1183 2755 3075
2709	998 6649 2159 692
2710	7230 381 7729 5683
2711	6404 8126 3444 1042
2712	1360 5472 2032 112
2713	4850 6427 1933 5062
2714	4410 351 1758 4207
2715	4048 4962 7232 1478
2716	1064 7707 3480 4830
2717	2344 5589 7475 5844
2718	6808 1988 8865 785
2719	6238 1735 4285 4808
2720	6552 4427 5178 8032
2721	8032 7270 15 1772
2722	319 1833 6396 7314
2723	4920 4282 8536 4244
2724	1777 8733 7163 143
2725	4548 1441 6346 6635
2726	801 2840 7614 6568
2727	8353 7003 5109 985
2728	1635 497 6195 4239
2729	3822 4860 2810 7870
2730	4719 5958 1929 5100
2731	3105 6257 6601 6763
2732	4656 8862 3255 440
2733	3323 5904 5062 8245
2734	366 7251 5473 6149
2735	7285 285 6037 8755
2736	6986 8836 8036 8762
2737	5284 2884 4448 2016
2738	5637 2976 407 4267
2739	6066 7889 1448 5898
2740	8794 31 8988 5747
2741	8111 2721 8102 210
2742	1646 7307 2641 6598
2743	3831 5367 8316 2868
2744	454 7840 5689 462
2745	7402 2072 1100 5931
2746	2657 8608 4865 7052
2747	6489 7433 5351 3245
2748	8170 1614 4578 3694
2749	1268 2291 2287 4826
2750	1102 8455 3055 3799
2751	1792 7123 4314 633
2752	1890 5628 7335 4428
2753	5913 3834 599 2114
2754	5683 1822 1867 8808
2755	7720 4910 4873 4749
2756	1656 5902 5449 6934
2757	8648 8962 2003 4810
2758	5814 2098 4567 380
2759	238 8524 2709 6767
2760	769 5160 5749 4050
2761	3786 862 5382 3054
2762	3909 885 4429 5887
2763	2000 4216 5336 6416
2764	1380 4490 5947 7491
2765	7112 4554 6983 6682
2766	7261 6721 5736 175
2767	3822 1458 3375 615
2768	1415 7505 3459 6267
2769	868 4183 249 6426
2770	8525 3182 5817 326
2771	4974 3301 236 6658
2772	7934 1048 6064 5538
2773	6438 6576 3163 1401
2774	4063 2026 6759 1753
2775	1622 8900 7449 6224
2776	1321 3753 6159 3496
2777	7188 3166 3431 2772
2778	2633 300 1727 5826
2779	6986 3935 5098 4730
2780	1930 5998 8668 95
2781	4140 7650 2101 6727
2782	6209 3598 26 4485
2783	15 4905 4099 6788
2784	6062 5070 6876 7727
2785	3424 6994 5486 4180
2786	898 888 4344 5545
2787	7667 560 7277 7801
2788	1406 8573 732 156
2789	6707 7650 6462 6826
2790	7247 3583 8807 4668
2791	6093 4931 1478 4953
2792	4317 7397 1394 8306
2793	6027 1091 7505 8445
2794	7410 2785 7780 1178
2795	3301 6716 7189 6122
2796	573 2783 4070 6739
2797	4739 8040 5068 617
2798	951 6883 7563 4204
2799	2112 7002 7370 8483
2800	6473 3297 3422 1882
2801	7502 2997 1128 2215
2802	2279 8913 8389 4845
2803	3478 6557 2500 1817
2804	1419 8763 2076 6367
2805	5504 8925 2020 1351
2806	1964 5380 7393 316
2807	5474 4196 29 8797
2808	7347 441 1027 37
2809	3362 6217 2891 7635
2810	6447 1446 3461 5282
2811	534 6940 739 5781
2812	7653 4027 7965 7469
2813	1400 4302 3382 931
2814	2901 2672 5105 5834
2815	2745 969 1708 1860
2816	3482 6246 2816 1089
2817	2227 5507 3378 5968
2818	4222 4742 8800 2825
2819	4271 5606 1868 7199
2820	3501 3111 25 7209
2821	4827 7027 1930 2473
2822	7443 3830 7414 5510
2823	5211 1810 7380 1941
2824	6561 1146 7373 2575
2825	5589 136 6692 3714
2826	7038 7553 672 702
2827	2472 5935 281 1169
2828	2846 2108 7361 1245
2829	971 8981 472 8597
2830	8891 1675 8777 5905
2831	5464 3724 7151 7738
2832	3409 4025 8444 4901
2833	6743 6591 2747 2712
2834	1933 994 2640 2123
2835	4689 1789 1751 6946
2836	2219 8602 8654 4903
2837	2998 6949 6232 5969
2838	8691 79 8345 3311
2839	1530 6058 7865 6361
2840	2091 275 4390 1680
2841	4370 4248 2867 4730
2842	5258 1792 6774 8668
2843	2825 8933 5819 292
2844	4138 8496 8420 290
2845	7156 8700 797 4566
2846	7443 6773 7558 232
2847	3022 6143 4395 1682
2848	6615 7013 7376 6231
2849	8280 7494 8213 1047
2850	1098 2296 3742 6483
2851	5998 3536 3119 7450
2852	7290 233 7271 2824
2853	5290 5783 7140 1197
2854	8875 193 1857 2913
2855	5843 3285 4135 8543
2856	5723 935 2830 1768
2857	5826 7807 5519 5521
2858	2926 4762 274 7768
2859	1191 6265 1152 5219
2860	4066 1912 5678 8689
2861	5265 7516 6197 6742
2862	5287 828 7030 4420
2863	2907 6574 1173 8335
2864	7291 1319 7645 8757
2865	1462 6300 3643 642
2866	8968 403 1515 8074
2867	6186 1445 1992 651
2868	7942 8798 750 7725
2869	801 5700 4522 6650
2870	2975 8596 7689 2771
2871	8408 6033 3664 5433
2872	5818 6668 6637 3949
2873	7977 6210 7441 8080
2874	8803 5717 7747 7892
2875	3281 1816 8443 6856
2876	7202 4730 7498 3234
2877	3217 524 5498 3156
2878	2122 8742 3370 4617
2879	1120 1599 1889 8998
2880	4514 5501 5766 1589
2881	2875 5855 5451 218
2882	680 7572 2997 4053
2883	1302 2360 132 425
2884	2522 4914 1122 7215
2885	4584 2185 5626 8755
2886	7667 5748 3765 977
2887	7232 4428 7509 7645
2888	6490 2789 8595 4308
2889	7426 5544 2900 8169
2890	6052 1570 3021 420
2891	5384 7721 1043 8961
2892	6887 8628 787 6526
2893	2791 3714 2366 4396
2894	3638 8769 4588 520
2895	3216 6046 6504 4467
2896	6540 3532 1518 8177
2897	4875 5938 5518 7791
2898	4844 2181 5166 6386
2899	7054 2696 8995 232
2900	3362 1298 2412 3475
2901	3018 1512 58 1928
2902	3468 85 2559 7898
2903	3234 818 1316 8927
2904	6025 2983 6230 3449
2905	8303 2380 3679 2182
2906	2935 2136 6611 671
2907	8088 5317 7560 422
2908	216 1494 7958 325
2909	125 5082 404 8278
2910	778 8072 27 5632
2911	2578 3256 2668 8113
2912	1352 6015 5962 2472
2913	3660 6673 6352 8164
2914	2366 2605 5489 8917
2915	1655 12 1922 5013
2916	7882 4297 2724 4240
2917	439 4483 11 3872
2918	5129 1198 3717 7047
2919	6646 1661 2586 2858
2920	4554 8137 1959 276
2921	6448 1817 3369 5261
2922	4773 1629 7391 2590
2923	5251 7344 2180 1769
2924	5277 5579 2140 3144
2925	6468 7979 8510 2782
2926	5258 3532 4104 4761
2927	5952 5590 5105 5217
2928	1461 5649 6719 7339
2929	2574 5206 4510 4659
2930	7533 8336 5735 1678
2931	5913 6840 3588 2334
2932	7956 3666 1576 7015
2933	5010 1403 1738 1132
2934	8273 4276 2922 8219
2935	674 2662 2174 1815
2936	4977 3441 5486 6028
2937	2854 1775 6907 8659
2938	6146 6411 3533 7693
2939	2220 5394 4240 5951
2940	8631 899 4640 6101
2941	8183 4723 3479 7220
2942	6333 7812 3299 3783
2943	7231 194 7245 4553
2944	949 6944 7492 6216
2945	8679 3616 3258 113
2946	7333 6353 23 5467
2947	3581 3757 1696 7783
2948	1520 595 8492 3556
2949	7854 5316 3284 4895
2950	1291 3781 3017 3869
2951	6404 3164 7056 4177
2952	7135 2718 2458 6571
2953	1350 6539 8365 2355
2954	3352 1987 685 2258
2955	302 610 49 2356
2956	5053 3890 4655 1016
2957	994 6453 2849 7665
2958	1813 5662 4406 639
2959	8485 5013 7109 2217
2960	6772 4189 6843 1028
2961	4561 1094 485 7113
2962	2046 6750 1135 654
2963	7947 2713 4929 4612
2964	6430 1989 8835 4586
2965	425 6484 6463 1043
2966	6477 390 367 8741
2967	5962 4779 4334 8781
2968	4235 5026 6357 7929
2969	8547 6553 6994 8918
2970	106 3253 3398 8770
2971	1479 641 1958 3076
2972	3514 4307 7237 1762
2973	8491 3236 5015 2633
2974	4329 2479 4019 3597
2975	7243 1053 8445 1717
2976	304 6666 6215 344
2977	3398 6349 5873 6489
2978	3063 8602 6064 2258
2979	4684 4602 4138 2635
2980	4580 7998 3896 3775
2981	3133 1118 3083 1454
2982	6428 1175 481 2749
2983	2914 3282 8494 4636
2984	8519 7488 4655 3070
2985	21 5466 7509 2621
2986	6496 7995 8813 4608
2987	6385 836 1683 8433
2988	8415 3385 2501 4861
2989	3877 7426 3570 6002
2990	4851 3119 5278 6750
2991	4028 1891 6107 301
2992	137 3117 2207 793
2993	7273 7290 6309 7049
2994	5970 4089 8829 2258
2995	4939 4093 7795 376
2996	5253 1789 8230 6959
2997	6226 4363 8426 7552
2998	7679 4040 8879 2106
2999	3933 746 2918 7875
3000	7190 2390 6212 3946
