Course	Room	Teacher	Time	Students
1	771	21	7	753 1290 
2	597	126	10	530 678 1303 1657 1813 2728 2987 
3	890	450	10	59 65 214 462 1217 1771 1914 2288 2711 
4	818	607	2	628 691 1854 2144 
5	732	515	1	101 366 546 1541 1546 2731 2755 
6	822	499	1	687 776 1202 1584 2129 2217 2373 2513 2666 
7	382	712	9	116 149 228 242 594 789 934 1797 1831 1838 1996 
8	201	33	2	1019 1144 1395 1494 1820 2236 2603 2773 2843 2875 
9	14	617	4	340 342 477 810 1060 1829 1830 
10	713	947	2	1899 
11	818	65	3	1266 2475 2916 
12	14	867	5	215 305 1497 1545 1895 2244 2255 2543 
13	522	40	6	265 598 896 1686 2109 2390 
14	732	129	2	1429 1430 1579 1798 1866 1968 2106 
15	822	38	2	59 1005 1149 1419 1458 1974 2663 2804 2928 
16	522	768	7	64 1731 1795 2348 2427 2794 
17	732	354	3	49 1262 1725 2188 
18	522	811	8	635 983 1658 2982 
19	771	139	8	104 1685 2693 
20	63	311	6	138 868 2029 2920 
21	522	201	9	1177 1661 2395 2675 
22	522	27	10	783 910 1058 2073 2234 
23	63	786	7	813 1191 1725 1992 
24	63	549	8	134 365 376 1935 2178 
25	713	864	3	592 637 
26	684	311	1	274 302 1427 1937 1938 1996 2346 2512 2650 2661 2735 2891 
27	732	667	4	405 710 1334 1736 2084 2441 
28	382	198	10	296 351 357 1039 1152 1368 1738 2111 2708 2717 2957 
29	14	772	6	481 796 819 1333 1986 2496 2576 2952 
30	771	526	10	157 1179 2702 
31	818	631	4	1080 1140 1824 2571 
32	680	727	1	255 364 824 2035 2222 2285 
33	680	538	2	124 781 1700 1856 2296 
34	732	717	5	86 400 427 881 1614 
35	63	494	9	391 698 1651 1705 2566 
36	713	810	4	1208 2157 
37	232	343	1	411 1881 1973 2529 2624 
38	63	571	10	1376 1421 2013 2376 2384 
39	14	585	7	63 995 1873 1956 2752 2915 2937 
40	14	755	9	279 899 955 1624 1920 2331 2856 2938 
41	680	209	4	380 799 1249 2087 2687 
42	264	171	1	457 627 714 1012 1285 1300 1677 2151 2197 2221 2887 
43	201	975	3	516 719 918 1088 1615 1870 2059 2667 2672 2776 
44	822	760	3	353 355 788 990 1260 1672 2116 2712 
45	680	462	3	180 211 290 594 617 
46	869	184	1	555 
47	869	676	2	340 1565 2290 
48	264	781	2	73 171 254 295 1096 1116 1130 1466 2253 2642 2877 
49	818	54	5	1576 1668 2181 2592 
50	818	486	6	2241 2734 2866 
51	232	940	2	1378 1725 1992 2051 2114 
52	822	13	4	60 216 438 853 1103 1237 1561 1749 2995 
53	680	879	5	191 1253 1593 2126 2732 
54	732	546	6	256 705 1314 1915 2550 2803 
55	771	836	9	592 1147 
56	732	138	7	18 609 770 1341 1884 2592 
57	680	778	6	248 540 1287 
58	680	92	7	58 632 969 1594 2134 2967 
59	14	359	8	1335 1374 1560 1715 1895 1903 2973 
60	14	781	10	892 1091 1186 1536 1600 1768 1855 2465 
61	818	896	7	1073 1906 2648 
62	232	499	3	1277 1524 1768 2940 
63	680	440	8	2 595 1327 1617 2386 2616 
64	232	542	4	379 1448 2119 2133 2921 
65	232	988	5	1011 1948 2172 2274 2958 
66	822	627	5	140 289 1350 1368 1845 1851 1890 2174 2640 
67	232	756	6	373 1395 1461 1583 2780 
68	732	502	8	353 448 951 1144 1490 2317 2517 
69	52	196	1	54 635 956 1822 2225 2518 2593 
70	680	165	9	472 994 1403 1824 2888 2946 
71	818	339	8	1776 2074 
72	818	541	9	140 619 2097 
73	680	841	10	46 953 1354 2217 2657 2671 
74	869	784	3	1202 2796 
75	732	807	9	374 830 2158 2202 2610 2917 
76	818	809	10	30 730 1767 2727 
77	264	825	3	1069 1116 1654 2142 2322 2368 2458 2616 2622 2678 2966 
78	52	79	2	426 808 936 2277 2302 2716 2782 
79	713	779	5	229 389 
80	869	583	4	1604 2457 2496 
81	52	680	3	348 1128 1181 1308 1823 2484 2853 
82	869	522	5	1241 1857 2754 
83	713	491	6	1835 
84	232	546	7	2936 
85	713	181	7	2761 
86	609	695	1	148 202 2013 2101 2264 
87	822	293	6	159 393 708 898 925 1173 1755 1832 2287 
88	609	865	2	575 965 1583 2467 2609 
89	609	390	3	196 689 726 1986 2498 
90	732	463	10	668 1319 1410 1524 1743 2735 2839 
91	837	882	1	1334 1478 1549 2014 2220 2775 
92	869	623	6	1496 2655 
93	837	958	2	599 840 1355 1400 1619 1869 2636 
94	232	373	8	470 530 559 2206 2544 
95	609	984	4	1306 1559 1568 2112 
96	609	640	5	286 347 724 
97	201	936	4	50 572 1255 1634 1741 1864 2205 2275 2609 2630 
98	201	729	5	655 667 847 1029 1272 1631 1671 2313 2686 2988 
99	227	24	1	1339 2061 2745 
100	227	5	2	664 1670 2829 2996 
101	869	772	7	412 1370 1656 
102	232	309	9	92 440 943 971 1791 
103	837	982	3	1904 2264 2284 2310 2520 
104	52	449	4	272 332 2056 2376 2574 2883 
105	822	601	7	786 1338 1574 1666 1687 1848 2084 2089 2181 
106	869	701	8	1174 1724 
107	869	90	9	
108	232	223	10	1360 1400 1439 2127 
109	201	907	6	2 505 1381 1408 1472 1890 2074 2586 2617 2829 
110	227	882	3	1312 2254 
111	52	62	5	53 250 392 1301 1847 
112	837	423	4	1143 1324 2030 2328 2349 2910 
113	227	225	4	176 207 1977 
114	609	658	6	194 313 1440 1953 2143 2233 
115	201	866	7	485 543 658 670 671 1044 1160 1527 1601 2225 
116	52	752	6	297 1165 1388 1626 2259 2291 2464 2683 
117	201	225	8	185 720 814 888 1233 1486 1820 1975 2166 2869 
118	837	633	5	214 291 936 1748 2009 2484 
119	837	799	6	813 1019 1258 1390 2958 
120	609	900	7	728 990 1145 1455 2027 2122 
121	21	466	1	43 482 517 586 589 
122	684	833	2	85 437 803 928 1106 1887 2043 2138 2158 2161 2326 2992 
123	837	121	7	1003 1402 1776 2677 2848 2912 
124	609	835	8	2127 2439 2478 2562 2840 
125	805	56	1	1883 2085 2117 
126	227	641	5	1020 1332 2901 
127	869	467	10	1390 1391 1878 
128	805	813	2	689 1263 2838 
129	227	903	6	43 
130	805	426	3	1043 1544 1836 
131	609	676	9	1157 1291 2312 2336 2647 2778 
132	837	813	8	405 486 672 958 1731 1997 2545 
133	609	162	10	537 623 1577 1985 2989 
134	52	207	7	146 197 1372 1923 1927 2208 2879 
135	796	77	1	659 1092 1119 2851 2857 
136	822	856	8	143 378 645 1295 1340 1470 1681 2794 
137	264	86	4	398 899 1067 1382 1451 1834 2278 2517 2741 2843 2854 
138	227	673	7	2055 
139	21	935	2	218 2235 2995 
140	227	884	8	1639 
141	227	468	9	241 981 2264 2773 
142	227	529	10	280 1119 1928 2262 
143	481	279	1	161 1511 1922 1972 
144	481	159	2	182 731 1623 
145	481	36	3	1424 1729 1755 1847 
146	837	778	9	843 1041 1387 2176 2302 2410 2827 
147	796	945	2	67 509 1342 2438 2696 
148	341	798	1	37 538 715 906 921 928 1185 1240 1893 1919 2078 2545 2903 
149	796	415	4	227 1636 2151 2683 
150	822	849	9	152 173 208 962 1036 1052 1054 1627 2477 
151	837	347	10	360 447 495 1254 1413 2436 
152	21	991	3	444 641 1261 2033 
153	796	111	3	799 1213 1290 1656 2627 
154	481	314	4	36 386 1296 2334 
155	21	387	4	588 1900 2256 2367 2373 
156	481	713	5	965 2562 2684 
157	822	343	10	798 903 1079 1180 1405 1459 1713 1784 2432 
158	246	33	1	436 801 819 1369 1507 2022 
159	481	395	6	774 1699 
160	796	585	5	36 1830 2192 2285 2447 
161	52	698	8	37 221 1146 1188 1481 2508 
162	805	172	4	2332 
163	481	91	7	34 2141 2238 
164	201	754	9	226 498 580 1353 1505 2182 2414 2504 2536 2933 
165	805	611	5	273 1991 
166	21	704	5	976 1371 2913 
167	201	154	10	105 294 863 915 2028 2060 2298 2309 2371 2805 
168	796	740	6	959 1040 1796 1874 2398 
169	912	422	3	1210 
170	481	197	8	159 560 1840 
171	796	891	7	496 1760 2013 2257 2644 2892 
172	977	866	1	67 143 304 469 612 1689 2371 2577 2871 
173	246	523	2	260 639 1962 2628 
174	246	179	3	113 751 1073 1739 2034 2335 2638 
175	481	36	9	822 2012 2426 2545 
176	246	673	4	5 961 1332 1833 2548 2615 2828 
177	21	423	6	14 746 1213 1721 
178	713	169	8	1043 
179	21	657	7	141 991 1604 2769 
180	796	390	8	1129 1294 1425 2641 2707 
181	273	767	1	645 812 1099 1218 1262 1483 2288 2634 2771 2981 
182	805	677	6	114 826 2529 
183	796	181	9	209 261 928 1253 2606 
184	796	711	10	844 849 1691 2938 
185	805	794	7	549 
186	684	907	3	7 265 351 658 683 1209 1225 1257 2009 2909 2955 2967 
187	481	332	10	395 1911 2586 
188	21	424	9	99 855 1504 1565 2186 
189	246	747	5	80 736 1477 1888 2021 2546 2898 
190	977	506	2	455 538 703 1488 2459 2658 2750 2948 
191	52	439	9	61 189 852 1312 1552 1757 
192	386	808	4	277 560 672 738 841 1203 1681 1710 1783 1876 1928 1943 2191 2881 
193	38	443	1	68 1140 
194	977	856	3	794 1134 1456 1513 1555 1664 1889 2993 
195	848	692	1	17 107 781 2365 2768 
196	38	447	2	588 1261 2823 
197	264	133	5	551 932 1201 1218 1471 1776 1802 2147 2367 2715 2785 
198	848	155	2	1713 2417 2679 2695 
199	52	959	10	3 25 130 543 836 1556 1672 1796 
200	21	534	10	190 755 1114 2162 
201	246	489	6	270 1095 1237 1940 2151 2426 2552 
202	246	705	7	32 300 631 1115 1474 2559 
203	21	307	8	554 1293 1921 2580 
204	848	855	3	399 966 1924 2095 2203 
205	713	941	9	1839 2834 
206	977	551	4	74 93 201 417 1064 1836 1938 2342 2413 
207	273	189	2	100 283 646 1260 1692 1765 2001 2651 2677 2953 
208	805	143	8	161 2358 2515 
209	149	806	1	736 1113 1445 2668 
210	273	232	3	284 323 388 422 1250 1316 1393 1958 2296 2329 
211	273	698	4	2 464 694 1405 1729 2094 2320 2633 2670 2777 
212	246	39	8	383 855 2022 2125 2607 2839 
213	264	580	6	245 299 742 1081 1252 1416 1435 1815 1970 2528 2557 
214	805	573	9	1756 
215	848	473	4	1361 1574 1891 2159 2629 2667 
216	38	817	4	1456 2216 
217	36	921	1	87 968 1289 1346 1583 2058 2370 2711 
218	38	369	5	54 946 1627 2159 
219	149	587	2	1160 1403 2565 2919 
220	805	988	10	53 
221	848	238	5	414 883 1590 2168 2628 2849 
222	246	716	9	477 1037 1040 1726 2256 2461 
223	38	693	3	1930 2318 
224	246	754	10	47 108 521 823 994 1048 
225	38	488	6	542 1464 2502 
226	848	50	6	422 961 1271 1457 2066 
227	273	979	5	485 543 697 773 2459 2648 2655 2714 2804 2889 
228	848	339	7	459 938 1148 1915 2109 2643 
229	38	98	7	1211 
230	713	143	10	632 
231	730	233	1	
232	758	844	1	294 417 2721 
233	264	638	7	245 354 399 532 1827 2049 2098 2326 2584 2703 2876 
234	508	978	1	437 832 1474 1789 1827 2761 2872 
235	848	424	8	136 521 1432 1517 2179 2777 
236	38	794	8	988 2427 2560 
237	848	916	9	650 1254 1376 1919 
238	508	497	2	227 228 602 946 2664 
239	977	527	5	1238 1349 1391 1714 2123 2320 2332 2639 2698 
240	264	480	8	606 1184 1732 1743 2008 2251 2434 2456 2550 2739 2846 
241	730	661	2	1147 2809 
242	149	5	3	2418 
243	508	17	3	717 1099 1226 1228 1304 1586 2340 
244	38	818	9	575 642 
245	508	543	4	358 559 722 1406 1752 2452 
246	38	159	10	428 2757 2958 
247	508	389	5	52 218 224 579 808 
248	848	822	10	183 1488 1745 2097 2170 
249	149	908	4	462 1283 1923 2254 
250	149	763	6	1257 1623 2871 
251	158	8	1	1138 1638 1831 2554 2580 
252	663	77	2	2045 2984 
253	158	485	2	55 478 2456 2625 
254	758	425	3	597 2541 
255	758	703	2	586 1620 2725 
256	158	512	3	128 1392 2178 2644 2651 2832 
257	158	388	4	260 609 1714 1769 2302 
258	149	900	5	565 781 1400 2824 
259	730	695	3	2305 2397 
260	158	469	5	963 1088 1091 1286 2363 2681 
261	730	709	5	1177 
262	684	359	4	65 94 555 582 790 1121 1163 1309 1822 2199 2590 2620 
263	36	556	2	76 164 528 1008 2111 2289 2391 2714 
264	758	769	4	90 1345 1907 
265	977	580	7	173 190 705 874 970 1181 1830 2431 2469 
266	663	37	1	923 1184 
267	149	898	7	545 1193 1737 1803 
268	977	435	6	96 1041 1205 2085 2120 2292 2565 2567 2867 
269	977	29	8	87 147 323 576 975 1413 1483 2398 2867 
270	149	679	8	432 1755 2297 2822 
271	758	15	5	32 715 1259 
272	977	661	9	254 286 731 784 1006 1597 1789 2170 2598 
273	149	797	9	663 1050 2297 2480 2513 
274	977	938	10	126 312 531 890 1046 1491 2442 2492 2685 
275	36	796	3	289 327 831 1165 1360 2565 2767 2972 
276	158	795	6	351 1445 1628 2782 2816 
277	758	164	6	931 1526 2428 
278	565	532	1	468 575 595 688 701 1523 1759 
279	565	175	2	186 416 565 747 805 1496 1879 2104 2312 
280	214	777	1	135 1671 2690 2931 
281	158	317	8	1637 1852 1871 2037 
282	36	408	4	10 633 751 851 1426 1624 2337 
283	158	488	7	1343 1677 1958 
284	158	986	9	931 1612 2163 2180 2980 
285	158	748	10	276 796 1593 1650 2675 
286	730	767	4	470 2840 
287	36	125	5	249 419 512 2083 2183 2239 2738 
288	758	547	7	888 2662 
289	663	214	3	542 1811 1832 
290	508	226	6	552 923 2033 2510 2837 2839 
291	36	427	6	128 233 337 997 1054 1394 2396 2913 
292	758	176	8	1914 
293	758	145	9	486 696 
294	663	391	5	356 1731 2578 
295	149	258	10	782 1766 2477 2537 
296	663	969	4	1606 2616 2727 
297	758	524	10	558 962 
298	438	943	1	572 858 2874 
299	663	759	7	109 1585 2385 
300	214	438	2	183 892 2192 2263 
301	730	931	7	2010 
302	754	173	1	45 113 1993 2096 2463 
303	214	638	3	425 471 1761 2369 
304	912	553	5	2413 
305	438	911	2	526 2399 
306	214	724	5	84 354 381 2590 
307	36	806	7	342 390 503 1162 1311 1602 1733 2085 
308	565	261	3	318 475 1161 1163 1214 1274 1296 1894 2983 
309	214	21	4	15 585 1965 2268 
310	730	260	6	1484 
311	36	888	8	978 1603 1807 2156 2401 2594 2638 
312	214	504	6	606 1778 2265 2580 
313	912	912	4	2207 
314	214	458	7	238 443 607 673 840 
315	214	835	9	144 211 1061 1625 
316	663	189	6	865 1740 
317	754	627	2	308 1213 2036 2360 2697 2870 
318	754	633	3	521 1520 1716 1999 2790 
319	754	351	4	122 289 1162 1850 
320	273	927	6	386 416 520 645 1639 1814 2065 2118 
321	565	432	4	3 304 451 494 1894 2594 2825 2976 2977 
322	663	957	8	153 273 1326 
323	214	965	8	204 587 1387 2637 
324	730	188	8	1880 2723 
325	438	37	3	1959 2199 2836 
326	508	535	7	288 382 985 1023 2453 2604 
327	438	130	4	435 968 1337 
328	663	852	9	704 1395 2040 
329	36	841	9	836 1168 1242 2210 2262 2291 2464 
330	214	490	10	97 1513 2208 2351 
331	663	855	10	330 707 
332	435	721	1	132 1367 1548 1884 
333	461	276	1	1104 1450 1533 
334	438	722	5	468 469 2677 
335	565	910	5	122 297 301 538 1550 1660 2282 2693 2836 
336	754	528	5	9 199 482 1124 2094 2431 
337	461	456	3	477 1094 1590 1593 
338	508	622	8	1175 1407 1793 2102 2645 2902 
339	508	779	9	807 1364 1587 2021 2306 2380 
340	438	893	6	1417 2532 2754 
341	461	78	2	170 899 1587 
342	435	287	2	190 421 572 
343	508	304	10	472 1567 1879 2094 
344	36	839	10	464 718 1069 1262 1339 2036 2599 2800 
345	345	532	2	378 1050 1758 1762 1853 2229 2501 
346	345	789	1	811 894 1076 2003 2392 2815 
347	438	678	7	1976 2793 
348	754	281	6	539 2106 2127 
349	912	967	6	2516 
350	345	209	3	218 611 1985 2228 2280 2624 
351	730	557	9	
352	438	438	8	1521 2409 2604 
353	435	981	3	1144 1807 
354	461	266	4	466 980 2359 2934 
355	754	973	7	356 1080 1879 2778 
356	629	521	1	1327 1406 
357	730	531	10	242 
358	461	555	6	537 728 1161 1635 
359	565	138	6	628 1022 1328 1493 1927 2055 2416 2806 2991 
360	273	577	7	144 163 250 359 1599 1966 2115 2389 2575 2774 
361	565	936	7	106 280 336 898 1031 2526 2528 2542 
362	345	636	4	489 540 1424 1441 1512 2682 2807 
363	435	249	4	2509 2862 
364	345	71	5	900 1123 1181 2352 2397 2884 
365	565	605	8	239 702 717 1096 1411 1803 2523 2584 
366	461	307	5	1581 1618 1647 2052 2782 
367	629	444	2	706 
368	345	49	6	148 795 1143 2263 2337 2521 
369	754	470	8	1264 1634 1845 2405 2614 
370	461	396	7	1234 2914 2975 
371	345	575	7	987 1404 1517 1880 2678 
372	461	380	8	697 886 2789 
373	273	755	8	508 661 998 1150 1222 1540 2121 2272 2497 
374	364	313	1	471 581 665 759 2248 2394 2489 2726 
375	565	859	9	452 531 557 1204 1687 1980 1998 2472 2906 
376	438	541	10	2200 
377	565	796	10	102 642 1108 1211 1896 2433 2481 2591 2860 
378	345	242	8	435 712 1457 1569 1618 2286 2722 
379	435	908	5	2203 
380	754	826	9	538 978 1044 1075 1461 2975 
381	912	342	7	761 
382	438	591	9	2855 
383	364	123	2	516 732 1414 1554 2518 2631 2723 2913 
384	435	204	6	676 1458 1463 1926 
385	345	681	9	494 884 1508 1571 2075 2192 2234 
386	754	388	10	1872 2128 2482 2632 2653 2773 
387	184	482	1	1415 1841 
388	345	932	10	168 856 1105 1249 1284 2903 
389	56	151	1	70 497 1674 1718 2275 
390	56	677	2	951 964 1118 1250 1264 1828 
391	435	450	7	1101 1428 1473 2273 
392	662	524	1	115 662 1074 1171 2507 2866 2956 
393	461	737	9	156 858 1585 2438 
394	435	732	8	483 986 
395	662	646	2	128 726 744 1033 1609 1983 2282 
396	435	242	9	10 1774 2190 
397	364	760	4	106 430 554 675 828 2215 2688 2899 
398	461	328	10	486 2105 2604 
399	311	688	1	158 1018 1357 1417 1568 1669 1678 2200 2429 
400	56	518	3	805 1431 1681 1795 2189 2984 
401	56	483	4	339 1189 1442 1498 2605 
402	184	909	2	229 2207 2974 
403	56	555	5	24 684 973 1056 2236 2576 
404	56	649	6	703 853 885 1289 2826 
405	629	237	3	
406	778	111	1	2368 2603 2832 2927 
407	778	679	2	653 1613 1913 
408	311	361	2	563 1385 1502 1546 1749 2020 2276 2564 2893 
409	662	574	3	45 68 496 1065 1388 2193 
410	273	646	9	525 801 1476 1653 1674 1933 1956 2343 2391 2588 
411	684	192	5	94 261 1044 1348 1393 2034 2366 2423 2560 2706 2990 
412	912	743	8	1238 
413	311	7	3	62 72 217 973 1189 1721 1813 2170 2920 
414	56	485	7	393 1809 2111 
415	435	283	10	212 1219 1479 
416	633	185	1	929 1235 1821 
417	778	365	3	182 876 2856 
418	264	87	9	51 755 812 1260 1378 1503 1675 1734 2052 2860 
419	364	859	3	255 1842 2359 2465 2466 
420	311	3	4	330 482 1231 1454 1926 1959 2179 2315 2540 
421	364	385	5	780 1373 1659 2103 2176 2823 2876 2911 
422	364	783	6	205 323 695 1429 1977 2110 2214 2401 
423	633	373	2	742 1270 2718 2884 
424	633	902	3	478 885 2724 
425	184	655	3	547 1408 
426	629	406	4	
427	56	313	8	363 890 2267 2512 2721 2919 
428	56	308	9	260 1046 1622 1640 1730 
429	633	102	4	1831 2715 
430	56	253	10	184 573 1016 1166 2365 2629 
431	137	222	1	361 415 660 840 1148 1482 
432	273	861	10	643 926 1055 1106 1269 1464 1690 2358 2763 2895 
433	778	389	4	287 1028 1913 
434	662	217	4	1797 2107 2156 2234 2308 2749 
435	311	107	5	41 178 441 943 1048 1316 1856 2144 
436	912	923	9	2379 
437	633	270	5	70 472 2292 
438	633	380	6	773 1160 1881 
439	449	647	1	6 23 490 505 932 1292 1944 2028 2531 2760 
440	311	168	6	201 285 364 480 741 1933 2459 2963 
441	184	761	4	170 1999 2103 
442	364	99	7	39 297 846 1780 1886 2014 2902 2949 
443	629	303	5	967 
444	778	44	5	1438 2369 2831 
445	633	235	7	57 1932 2160 2580 
446	184	417	5	2844 2867 
447	633	356	8	524 2058 2643 2941 
448	662	678	5	64 272 954 1039 1613 2289 2527 
449	449	886	2	194 593 1386 1582 2362 2395 2526 2743 2842 2882 
450	311	118	7	8 52 381 1399 1456 1542 1705 2805 
451	633	791	9	366 401 2365 
452	137	849	2	203 251 1111 1995 
453	449	183	3	457 619 630 682 1336 1543 1619 2140 2963 
454	778	90	6	424 1077 2713 2729 
455	778	612	7	388 1259 1621 2568 
456	662	979	6	34 348 587 1367 1743 2044 
457	311	808	8	311 719 1361 1488 1691 1837 1917 2040 2895 
458	137	512	4	399 1059 1219 1918 2989 
459	364	367	8	502 788 1258 1563 1641 2123 2378 
460	633	385	10	1047 1552 2229 2352 
461	778	30	8	1064 1381 2432 2720 2868 
462	141	530	1	221 439 1237 2633 
463	778	249	9	743 912 1748 1984 2248 
464	137	419	3	552 578 1341 1492 2994 
465	449	612	4	283 334 821 1507 1706 2153 2219 2613 2691 
466	311	511	9	194 1256 2378 2405 2412 2661 2921 
467	264	188	10	191 397 816 845 1351 1693 1873 2031 2172 2563 2765 
468	840	210	1	77 166 724 1081 1661 1811 1877 1966 2319 2413 2460 
469	662	822	7	129 212 679 804 1427 1986 2381 
470	141	439	2	117 2231 2473 
471	137	501	5	110 276 790 1192 1564 2670 
472	662	675	8	89 395 518 1244 1519 1739 3000 
473	141	320	3	2487 2612 
474	778	924	10	435 1776 1821 2015 
475	684	174	6	415 487 497 939 1027 1251 1530 1689 1951 2176 2795 
476	311	206	10	118 454 588 893 1059 2189 2383 2456 2506 
477	141	263	4	745 942 1532 
478	137	759	6	196 839 912 2054 2688 2884 
479	218	786	1	200 409 744 1324 1433 1712 1846 1882 2260 
480	991	263	1	1116 2218 2296 2847 2965 
481	137	629	7	998 1183 1223 1607 1994 2862 
482	662	375	9	739 1255 1356 1817 2205 
483	364	641	9	213 329 410 1173 1895 2741 
484	991	964	3	322 1486 1802 2371 
485	991	635	2	1049 1343 1517 2589 
486	364	624	10	443 1041 1348 1364 1861 2295 
487	629	680	6	976 2339 
488	629	417	7	979 1041 
489	137	534	8	83 562 857 1010 
490	991	116	4	69 2083 2634 2690 2799 
491	662	598	10	547 1474 1549 1793 2349 2429 
492	141	224	5	639 834 2502 2616 
493	991	160	5	58 1106 2107 2933 
494	991	384	6	172 287 2014 2035 2544 
495	464	135	1	828 1062 1679 2192 2251 2331 2672 2693 
496	141	204	7	1657 2596 2838 
497	137	251	9	53 364 552 1845 2375 
498	184	765	6	608 1243 1834 
499	141	741	6	1768 1867 2164 2269 
500	464	503	2	230 379 633 771 1098 1209 1803 2327 
501	299	562	1	236 696 940 1724 2448 2630 
502	629	44	8	
503	137	577	10	121 160 1029 1077 
504	61	932	1	401 1281 1525 1784 2383 
505	991	567	7	105 218 1094 1109 1426 
506	61	456	2	553 1461 1532 1597 2632 
507	449	644	5	104 166 334 1251 1759 2433 2531 2784 2814 
508	991	130	8	845 1316 2349 2356 
509	991	937	9	1035 2093 
510	991	266	10	613 1379 1521 1591 2908 
511	629	892	9	1264 2831 
512	629	74	10	2679 
513	261	478	1	580 955 1354 2555 
514	141	725	9	262 1562 1646 
515	488	440	1	176 1060 
516	261	328	2	546 1100 1399 2112 2770 
517	61	355	3	1337 1401 1792 2561 2933 
518	464	994	3	56 523 628 1365 1638 2011 2542 2737 
519	218	264	2	147 713 768 918 1229 1443 1489 2270 2511 
520	61	271	4	1563 2239 2769 2832 
521	61	911	5	232 598 1205 1591 1800 2051 
522	61	750	6	48 135 387 2194 2334 
523	488	471	2	2418 2708 
524	261	108	3	112 188 2560 2591 
525	449	341	6	340 388 479 489 879 1033 2003 2355 2605 
526	299	522	2	263 761 2136 2440 2634 2710 
527	141	483	8	355 370 459 624 
528	261	553	4	262 1138 1878 2820 
529	299	770	3	202 231 648 1097 1215 2307 2979 
530	299	399	4	1304 1868 2008 2154 2163 2294 2766 
531	141	56	10	79 983 1744 
532	261	9	5	112 1397 1461 2458 2783 
533	61	666	7	907 1752 2045 2093 
534	171	891	1	1347 1766 2642 2849 
535	171	635	3	207 241 2535 
536	299	997	5	809 1026 1118 1829 
537	218	689	3	233 576 625 1753 1762 2038 2226 2746 2922 
538	61	917	8	63 1078 1548 2057 2960 
539	61	345	9	35 358 1631 1910 2116 2195 
540	449	252	7	426 879 1277 1445 1768 1826 1974 2227 2477 
541	184	351	7	2091 2880 
542	261	264	6	195 558 1703 1910 2195 
543	184	750	8	1708 
544	299	686	6	448 777 817 1053 1060 1640 
545	218	238	4	483 626 1305 1307 1925 2684 2786 
546	261	262	7	918 1765 1849 2775 
547	464	448	4	147 920 1279 1452 1717 2417 2964 
548	261	153	8	671 1633 2067 2144 
549	184	416	9	2294 2457 2796 
550	299	993	7	60 186 624 1747 2666 2882 
551	171	547	2	209 272 459 2495 
552	299	31	8	145 475 1171 1287 1489 1779 2387 
553	464	737	5	582 947 1195 1232 1319 1691 2661 2851 
554	299	433	9	678 1080 1316 1324 1623 2112 2360 
555	261	228	9	58 1526 2581 
556	949	258	1	1696 1867 2770 
557	171	432	5	669 2723 2971 2994 
558	299	459	10	197 370 1971 2243 2282 
559	218	545	5	876 1038 2000 2037 2162 2651 2712 2799 2975 
560	61	448	10	319 2419 
561	171	751	4	1053 1322 1809 2425 
562	464	606	6	121 1668 1691 2011 2278 2363 2784 2850 
563	200	593	1	4 418 1164 1180 1705 2059 2188 
564	184	743	10	1989 2518 2924 
565	200	878	2	91 568 1367 1492 2055 2337 
566	200	598	3	389 1042 1251 2480 2611 
567	488	539	3	303 2507 
568	261	221	10	1066 1282 
569	786	836	1	464 711 743 2284 2647 
570	464	885	7	392 578 901 902 1761 2439 2458 2808 
571	200	851	4	247 579 824 1005 1436 1782 
572	200	376	5	124 458 960 1522 2879 2926 2939 
573	341	379	2	25 160 729 749 753 1146 1197 1745 1839 1988 2064 2736 2921 
574	840	31	2	5 118 403 708 741 877 1088 1500 1880 2107 2441 
575	450	636	1	291 387 1903 2433 
576	840	980	3	319 392 426 449 526 847 1103 1314 2353 2470 2747 
577	171	505	6	1840 2519 2699 2859 
578	786	952	2	155 647 2023 2772 2826 2950 
579	464	505	8	664 748 767 948 1049 1179 1275 1853 
580	171	306	7	1066 1328 2277 2569 
581	786	213	3	60 622 2121 2454 
582	200	265	6	164 169 1155 1781 2024 2500 2719 
583	171	887	8	38 
584	450	425	2	578 980 2692 2730 2938 
585	450	265	3	2285 
586	171	64	9	465 1422 2720 2776 
587	684	421	7	310 665 809 1011 1579 1673 1997 2043 2274 2411 2665 2688 
588	449	924	8	294 336 596 1318 1597 2026 2243 2587 2859 2947 
589	912	11	10	463 
590	200	974	7	442 873 2149 2252 2449 2571 2760 
591	684	332	8	21 443 926 1220 1797 1952 2079 2348 2423 2672 2803 2909 
592	171	923	10	436 766 1981 2988 
593	488	68	4	1120 1465 
594	464	992	9	84 761 946 1484 1709 2084 2241 2969 
595	200	255	8	787 1048 1067 1656 2053 2308 
596	488	99	5	2505 
597	450	248	4	1987 2537 2598 2860 
598	464	447	10	156 369 693 1409 2022 2324 2348 
599	786	73	4	786 1035 1102 1579 2514 
600	881	435	1	1097 1697 1775 1892 1929 2628 2804 
601	200	618	9	365 887 1194 2120 2134 2877 2927 
602	200	431	10	338 438 1983 2160 2406 2575 
603	786	930	6	119 471 1017 1198 1592 2807 
604	881	682	2	562 1214 1292 1615 1902 2070 2786 2825 
605	752	458	1	1179 1434 1816 2224 2447 2915 
606	218	713	6	288 355 658 862 1220 1946 2546 2598 2919 
607	752	384	2	279 977 1420 2129 2149 2497 2613 
608	450	943	5	1031 1786 2704 
609	752	55	3	168 773 960 999 2035 
610	386	101	5	101 161 744 783 1059 1068 1084 1150 1225 1992 2076 2654 2687 2759 
611	980	886	1	1211 1310 2776 
612	786	651	5	267 372 709 1428 2066 
613	786	43	7	55 575 1358 2314 2981 
614	450	4	6	322 411 1783 
615	980	625	2	382 1580 1807 
616	488	510	6	1999 2559 
617	488	700	7	1298 2116 
618	786	514	8	5 489 1359 1454 2171 
619	450	876	7	425 921 948 1928 
620	786	999	9	1003 1074 1855 2930 2944 
621	450	584	8	388 1125 2565 2757 
622	949	70	2	185 239 2485 
623	488	853	8	487 1034 
624	752	647	4	436 1509 1547 2043 2068 2428 
625	786	115	10	508 1522 2267 2791 2873 
626	881	875	3	237 770 1415 1514 1579 1631 2293 2934 
627	980	604	3	171 1980 2190 2641 
628	854	217	1	136 1040 1343 1387 1858 2714 
629	980	613	4	1598 1774 1795 2062 
630	949	558	3	228 
631	881	135	4	99 133 556 629 817 1360 2120 2569 
632	752	141	5	230 1293 2296 2328 2761 
633	980	14	5	1560 2240 
634	881	320	5	278 1422 1466 1775 1957 
635	980	490	6	176 1338 2597 
636	881	163	6	158 277 1042 1358 2232 2361 2524 2603 
637	752	956	6	1216 1423 2730 
638	450	407	9	626 1966 
639	854	497	3	1701 2722 
640	386	958	1	66 573 648 871 1135 1222 1315 1751 1914 2104 2277 2310 2476 2703 2952 
641	854	863	2	329 1352 2261 2519 2981 
642	840	170	4	409 849 989 1014 1151 1212 1239 1487 2152 2539 2948 
643	450	25	10	529 1004 1353 2150 
644	752	205	7	139 2341 2953 
645	840	254	5	474 597 717 1250 1701 1894 2246 2558 2561 2602 2613 
646	980	894	7	589 1001 1020 
647	172	45	2	357 605 641 1711 2093 
648	172	122	1	181 1030 1087 1227 1688 
649	980	728	8	65 1249 2583 
650	980	865	9	567 717 
651	949	158	4	412 413 631 
652	854	974	4	78 443 1713 2434 2954 2959 
653	218	732	7	122 447 1249 1283 1612 1704 1882 2443 2539 
654	980	336	10	1167 1636 1815 
655	752	428	8	737 915 2005 2801 
656	488	872	9	991 
657	949	224	6	308 2078 2384 
658	881	251	7	1046 1418 1654 2184 2229 2588 2733 2813 
659	218	17	8	130 238 276 930 1331 2020 2194 2717 2954 
660	949	461	5	1417 
661	752	674	9	1321 1397 1487 1607 1657 2043 
662	74	94	1	557 563 2226 2602 
663	172	489	3	127 649 1204 1856 2814 
664	840	97	6	759 1268 1299 1490 1509 1848 1949 2444 2577 2618 
665	752	236	10	238 846 1141 1170 1754 2232 2673 
666	854	620	5	165 514 535 1435 2041 
667	622	514	1	314 637 779 1621 2153 2453 
668	854	57	6	548 827 1131 1634 1989 
669	622	79	3	511 969 1007 1158 1398 1727 2354 
670	172	986	4	134 204 1696 2998 
671	488	452	10	
672	949	228	7	335 1013 2377 
673	172	757	5	841 1207 1899 2695 
674	74	323	2	1592 1645 2075 2096 
675	622	846	2	306 390 941 1716 2455 
676	449	231	9	142 154 171 960 1479 1510 2169 2372 2947 2962 
677	622	12	4	660 1085 1383 1599 2322 2993 
678	172	867	6	304 1729 1747 2449 
679	622	206	5	136 1586 1695 1813 2330 2402 2970 
680	854	491	7	30 689 838 893 1467 
681	881	782	8	452 760 763 802 1366 1613 
682	341	519	3	13 408 681 870 880 991 1001 1107 1453 1684 1741 2512 2732 
683	74	810	3	407 512 2141 2607 
684	881	983	9	170 980 1580 1798 2108 2568 2931 
685	854	771	8	963 1050 1167 2681 
686	854	400	9	1605 2440 2498 2994 
687	449	428	10	335 494 808 850 900 1035 1860 1910 2861 
688	840	815	7	227 232 824 1007 1045 1647 2097 2177 2182 2317 2631 
689	854	792	10	219 295 560 1053 1649 
690	218	949	9	29 76 290 437 517 1098 1362 1483 2556 
691	949	747	8	756 2491 
692	533	475	1	2424 
693	218	777	10	989 1017 1275 1356 1653 1832 1978 2155 2331 
694	126	128	1	127 771 800 836 1023 1166 1779 2694 
695	968	272	1	2259 
696	622	675	6	1 1093 1227 1708 1791 2362 
697	521	144	1	814 1066 1243 1396 1576 1758 1835 2023 2148 2355 
698	172	190	7	971 1287 1696 2659 
699	881	887	10	604 1541 2275 2366 2446 2674 2771 2904 
700	892	492	1	175 214 915 1915 2122 2530 2803 2909 
701	521	277	2	19 872 1084 2137 2626 2745 2768 2797 2858 
702	78	519	1	707 769 2551 
703	892	984	2	644 1224 1706 1723 1737 1784 2557 2957 
704	968	985	2	1234 
705	622	146	7	24 100 621 1439 1487 1756 1822 
706	892	207	3	385 1066 1070 1293 2298 
707	892	719	4	305 478 497 1748 2353 2464 2586 2819 
708	172	692	8	736 1511 2436 2791 2812 
709	78	273	2	125 371 738 1781 1984 2452 
710	74	259	4	22 1493 1612 
711	172	753	9	809 1135 1193 
712	74	739	5	654 1094 1502 
713	172	973	10	4 44 792 1714 2214 
714	74	728	6	615 955 2460 2984 
715	949	292	9	1683 2287 2742 
716	905	811	1	2954 2976 
717	126	7	2	341 1304 1779 2131 2222 2543 2591 
718	533	913	3	1984 
719	622	601	8	208 642 794 1940 2631 
720	78	840	3	710 757 1143 1982 2619 2840 
721	905	42	3	1074 1499 1533 1640 
722	892	392	5	76 81 519 647 723 770 1224 2870 
723	905	274	2	490 1829 
724	755	431	1	2167 
725	949	449	10	1230 1871 
726	905	757	4	647 711 1576 1588 2037 
727	755	241	2	320 2223 2534 
728	78	292	4	311 707 916 1108 2273 2736 
729	622	363	9	30 269 676 1769 1826 2572 
730	905	166	5	442 941 2833 
731	78	477	5	95 424 807 2312 2620 
732	892	773	6	98 173 473 1228 1301 2117 2370 2590 
733	622	662	10	151 1424 1611 1746 2135 2487 2527 
734	78	477	6	528 713 2212 2442 2560 2680 
735	78	478	7	7 259 1663 1680 
736	286	35	1	651 1976 2079 2490 2744 2806 
737	78	516	8	393 1449 1932 2627 2691 
738	386	166	6	692 710 1049 1057 1140 1188 1263 1296 1578 1702 1837 1969 2276 2346 
739	286	299	2	197 242 1079 1404 1682 2963 
740	905	69	6	586 859 1942 2664 
741	533	329	2	
742	74	795	7	919 1981 2417 
743	905	82	7	829 1375 1651 2437 2525 
744	286	147	3	1575 2195 2244 2706 2750 2846 
745	78	467	9	27 165 231 2293 
746	755	127	3	779 815 
747	755	91	4	58 141 956 
748	74	40	8	723 1124 2936 
749	840	381	8	244 796 1386 1514 1642 1924 2611 2790 2841 2908 
750	905	751	8	601 1402 1567 1730 1960 
751	286	618	4	202 284 865 983 1046 
752	286	783	5	1049 1236 1280 1902 2404 
753	126	626	3	945 1676 1938 2180 2272 2416 2423 2573 
754	905	4	9	515 2991 
755	78	568	10	788 1575 2549 2550 
756	892	590	7	11 1271 1295 1377 1910 1918 2507 
757	521	418	3	288 503 566 616 877 881 1017 1141 2063 2959 
758	74	684	9	1862 2087 2633 
759	286	739	6	756 924 1169 1963 2738 2798 2939 
760	905	684	10	621 1307 2166 2891 
761	128	809	1	256 765 1788 2047 2138 
762	74	663	10	1544 1698 2124 2169 
763	128	659	2	916 1636 2018 
764	126	765	4	39 529 537 549 1488 2385 2641 
765	892	145	8	253 777 895 968 1119 1420 1465 
766	974	12	1	1515 1559 1744 
767	823	669	1	644 1000 1983 2877 
768	892	666	9	174 1148 1468 2204 2681 
769	286	73	7	261 592 1288 1557 1797 2061 2538 
770	15	198	1	162 618 934 1095 1861 2542 2919 
771	892	899	10	251 610 817 1508 1730 2745 2748 2996 
772	128	852	3	174 1689 1801 2427 2931 
773	755	862	5	153 1425 
774	128	257	4	184 185 636 1778 
775	521	140	4	291 1016 1131 1245 2451 2546 2643 2666 2834 2863 
776	755	664	6	620 
777	15	312	2	449 600 853 1257 1679 1810 1935 
778	974	831	2	1244 2720 2747 
779	823	583	2	924 2095 2305 
780	823	615	3	900 1050 1500 1550 1814 1855 
781	823	650	5	495 631 931 1885 2817 
782	823	980	4	1018 1679 2039 2551 
783	974	329	3	677 2128 2374 2713 
784	15	175	3	42 109 141 1425 1539 1740 2113 
785	126	325	5	35 134 184 193 1298 1757 1946 2269 2523 
786	755	362	7	620 1163 1184 
787	533	667	5	33 1683 
788	968	205	3	697 
789	128	875	5	1750 1949 2307 2611 2905 
790	15	831	4	347 524 682 1112 1780 2734 2797 
791	823	199	6	74 1089 1300 
792	286	342	8	386 1320 1505 1660 2363 2498 2913 
793	974	63	4	249 936 2632 
794	341	688	4	51 83 162 169 391 423 621 1172 1438 1843 2017 2720 2890 
795	15	815	5	174 1523 1543 1897 2090 2156 2940 
796	286	761	9	103 1129 1276 1534 1591 2050 2184 
797	840	303	9	166 549 1014 1346 1821 1840 1904 1952 2235 2563 2900 
798	286	843	10	577 586 734 822 1707 2354 
799	111	624	1	71 1636 2300 2334 2706 2934 
800	128	873	6	231 711 722 2789 
801	974	147	5	765 897 
802	15	749	6	344 439 872 1194 1922 2116 2273 2386 
803	823	345	7	208 1012 2100 2553 2875 
804	15	945	7	216 217 384 407 1063 1219 1851 2176 
805	128	838	7	2233 2400 2708 
806	823	232	8	108 113 202 1330 2139 2574 
807	823	66	9	39 296 793 1833 2476 2517 
808	128	773	8	47 92 2187 
809	128	730	9	15 112 339 1935 2747 
810	823	798	10	413 869 1428 1770 2040 2499 
811	111	398	2	70 757 1707 2088 2274 2678 
812	15	850	8	420 1239 1368 1438 1720 2612 2903 
813	755	563	8	2083 
814	128	960	10	930 942 1761 2254 2713 
815	111	906	3	258 308 570 1510 1600 1751 1996 
816	126	599	6	319 764 911 952 1593 1829 2098 2299 2907 
817	974	371	6	298 1177 1710 
818	974	597	7	2247 2380 2606 
819	405	506	1	539 1372 2341 
820	405	558	2	996 2865 
821	755	527	9	781 1792 
822	405	454	3	221 1947 2364 2681 
823	998	176	1	57 331 1441 2145 
824	405	991	4	617 1238 1722 
825	533	718	4	685 2347 
826	998	480	2	52 697 1511 2424 
827	405	560	5	371 1424 1652 2266 2850 
828	15	1	9	1301 1569 2004 2056 2240 2833 2995 
829	974	741	8	433 1015 2357 
830	998	817	3	657 949 1505 2214 
831	405	502	6	232 275 1437 2373 
832	405	551	7	2869 
833	974	873	9	492 602 842 2743 
834	111	136	4	295 368 687 1210 1646 2625 
835	111	396	5	1210 1450 1515 1646 1989 2026 
836	111	16	6	1221 1276 1726 1982 2301 2724 
837	405	367	9	1882 2039 2126 2386 
838	405	752	8	129 1166 1938 2878 
839	998	545	4	1107 2411 2520 
840	533	191	6	1613 1875 
841	653	570	1	61 72 268 1681 1721 
842	840	200	10	224 527 860 1444 1540 1863 2240 2313 2335 2405 2662 
843	974	714	10	1901 2158 2489 
844	998	401	5	601 2047 2064 2469 
845	998	962	6	257 1723 2749 2774 2893 
846	111	487	7	647 652 700 1522 1598 2099 
847	10	775	1	2015 2215 2236 2326 
848	10	605	2	986 1890 
849	10	889	3	861 1931 2372 
850	533	690	7	1993 
851	10	962	4	345 947 
852	10	707	6	28 1104 1298 2669 
853	15	97	10	969 1711 1763 1907 1921 2774 
854	33	549	1	354 440 568 807 1399 1571 1653 1773 1891 2038 2889 
855	126	11	7	22 90 96 441 466 1147 1355 1380 2058 
856	10	400	5	85 2105 
857	521	734	5	151 423 875 1452 1454 1622 1685 1801 2526 2766 
858	10	897	7	1523 2354 
859	10	52	8	856 1908 2522 
860	405	854	10	1065 2290 
861	653	972	2	120 338 352 1280 1431 
862	111	469	8	29 343 762 1013 1198 1445 
863	998	1	7	659 1105 1323 1712 2047 2809 
864	10	537	9	1532 1853 1934 
865	111	219	9	381 828 1176 2143 2230 2739 
866	539	45	1	273 495 845 1596 1752 2615 2830 
867	126	120	8	40 80 854 867 1232 2070 2708 2793 2942 
868	998	637	8	291 346 981 1352 1440 2555 
869	533	368	8	52 866 
870	684	474	9	114 313 1126 1721 1925 1992 2080 2274 2281 2514 2535 2779 
871	998	880	9	153 835 949 2224 2340 
872	111	498	10	382 630 1090 1652 2435 2821 2905 
873	653	230	3	2204 2225 2235 
874	653	917	4	1101 1708 2567 
875	998	250	10	544 1240 2323 2819 2853 
876	968	722	4	
877	539	797	2	1012 1076 1241 1688 1715 1862 2071 
878	656	154	1	980 1288 
879	539	493	3	550 663 1195 2117 2246 2618 2798 
880	653	978	5	55 498 1812 1842 2839 
881	653	386	7	1674 2578 
882	10	542	10	87 525 2193 2451 
883	755	125	10	2164 2907 
884	653	446	6	1090 1485 1652 2499 
885	653	871	8	1431 1920 2155 2559 
886	33	85	2	23 315 530 863 971 1308 1876 1969 2021 2091 2969 
887	659	881	1	429 1489 2297 2380 
888	653	535	9	873 1107 1303 2319 2508 
889	700	151	2	2278 2927 
890	862	834	1	493 1056 1361 2267 2843 2897 
891	49	938	1	55 1971 2110 2911 
892	862	523	3	83 200 905 1495 1644 1788 
893	653	850	10	175 2486 2613 2764 
894	539	368	4	476 551 944 1677 2382 2431 2668 2760 
895	126	163	9	453 926 1486 1502 1637 1662 1835 2344 2623 
896	700	608	3	27 886 1682 2831 
897	533	704	9	2250 
898	862	170	2	310 582 1480 1643 2002 2234 
899	126	337	10	741 1836 1934 2021 2072 2285 2473 2796 
900	533	131	10	655 
901	659	844	2	300 444 858 1009 2531 2739 
902	49	881	2	143 1002 2324 2956 
903	656	748	2	1736 2471 
904	659	697	3	24 88 806 2707 2827 
905	700	466	4	168 1922 2263 2535 
906	862	291	4	534 1275 1396 1838 2073 2237 2823 
907	659	459	4	491 813 1290 2270 2306 
908	659	203	5	132 1075 1416 2669 
909	862	557	5	452 1473 2420 2908 2949 
910	656	102	3	473 1468 2901 
911	862	112	6	1168 2202 2501 2982 
912	49	788	3	252 1083 1196 1483 1659 
913	49	47	4	181 814 1570 
914	49	406	5	589 1034 1678 1869 2258 
915	539	392	6	357 818 835 1274 1605 2031 2764 2886 
916	254	660	1	131 262 881 1350 2083 2177 2454 2936 
917	656	136	5	1154 2891 
918	659	219	6	352 731 1277 1859 
919	49	365	6	110 2808 2964 
920	49	910	7	195 327 680 2220 2241 
921	700	662	1	604 874 990 1057 
922	521	603	6	82 204 309 680 837 1292 1537 2310 2412 2587 
923	521	333	7	28 56 179 361 1247 1777 2087 2404 2445 2532 
924	539	848	5	1320 1389 1703 1939 2545 2603 
925	521	287	8	195 364 514 799 843 1991 2198 2359 2399 2582 
926	808	694	1	2612 
927	254	994	2	284 614 780 1325 1398 1515 1930 2970 
928	49	818	8	537 2393 2751 2865 
929	808	347	2	430 917 
930	700	293	5	1901 2635 
931	521	906	9	135 138 332 707 1172 1538 1875 2140 2313 2654 
932	254	443	3	406 464 989 1553 1955 2256 2408 2422 2960 
933	862	735	7	1630 1653 1857 2355 2771 
934	49	616	9	462 2851 
935	659	14	7	895 2012 2723 
936	49	655	10	467 982 2081 2178 2788 
937	254	826	4	356 469 692 969 1055 1183 1455 1584 1945 
938	659	540	8	659 1253 1496 1504 1571 1909 
939	994	888	1	332 1273 2119 2536 2959 
940	862	725	8	69 721 904 984 1134 1469 2018 
941	254	960	5	38 567 979 1209 1539 2271 2318 2401 2772 
942	656	101	4	953 2730 
943	700	88	6	1313 1375 1713 2748 
944	994	195	2	515 1302 1334 1860 1875 
945	254	312	6	252 358 484 1460 1491 1948 2242 2248 2438 
946	659	9	9	419 1438 1954 2005 2216 2607 
947	656	162	6	1825 2158 2311 
948	659	893	10	400 433 453 1193 1221 2977 
949	808	569	3	2390 
950	656	970	7	157 246 819 
951	862	129	9	547 824 881 1112 1187 1900 
952	33	414	3	409 429 450 835 984 1166 1389 1605 1854 2539 2726 
953	386	68	7	41 102 121 536 587 769 871 986 1061 1092 2669 2695 2783 2998 
954	656	758	8	1484 2678 
955	700	414	7	276 1788 2066 2701 
956	700	733	8	1786 1791 
957	404	137	1	545 556 1043 1732 2142 
958	254	72	7	167 1366 1374 1716 2463 2573 2722 2842 2993 
959	404	706	2	1350 2246 2279 
960	862	445	10	1939 2130 2209 2382 
961	404	590	3	93 432 791 2026 2689 
962	876	683	1	830 1564 2048 2109 2671 2858 
963	404	568	4	214 382 900 2271 2555 
964	700	929	9	1007 2175 
965	521	401	10	504 673 1336 1733 1970 2004 2029 2182 2564 2785 
966	876	356	2	795 1273 1417 1857 2944 
967	404	28	5	810 1846 2202 2388 2406 
968	994	32	3	118 442 1092 
969	808	271	5	
970	994	823	4	704 1931 2503 2648 
971	876	361	3	152 268 394 1193 1443 2734 2941 
972	876	305	4	152 736 1970 2361 2677 
973	700	745	10	1133 2901 
974	656	649	9	204 1197 2100 
975	404	472	7	138 1821 1824 1952 2075 
976	994	707	5	376 1972 
977	994	966	6	735 962 1248 2485 
978	876	494	5	244 616 2689 2800 2922 2943 
979	876	543	6	1071 1157 1337 1357 1830 1917 2251 
980	12	944	1	970 1570 2360 
981	404	955	6	329 456 691 1125 1325 2851 
982	994	354	7	458 1190 1415 2609 
983	47	854	1	728 2017 
984	404	586	8	67 380 1100 1866 2263 
985	12	421	2	152 184 1333 2558 
986	472	309	1	96 634 942 1206 1353 1528 1808 1895 2543 
987	539	30	7	367 524 767 802 1215 1940 2110 
988	472	301	2	142 419 890 1425 1468 1611 1675 1994 2667 2854 
989	33	465	4	314 683 864 1241 1432 2015 2596 2599 2855 2925 
990	472	560	3	18 75 245 754 954 1100 1386 1655 2344 2379 
991	539	239	8	438 1308 1896 1906 1979 2069 2573 2888 
992	12	299	3	878 1230 2551 
993	254	953	8	414 924 1383 1936 2012 2266 2663 2833 
994	539	830	9	251 281 333 1200 1352 1451 
995	472	20	4	757 889 1353 1430 1577 1962 2462 2653 2967 
996	994	851	8	982 2118 2700 
997	254	896	9	69 266 273 493 693 1348 1939 2243 2257 
998	911	861	1	394 758 2350 2439 2493 2701 2999 
999	968	297	5	633 
1000	254	330	10	1 250 471 1212 1392 1547 2277 2868 2966 
1001	994	816	9	1452 1610 1825 2873 
1002	876	640	7	229 954 1029 1320 1618 2420 
1003	404	970	9	353 541 834 1444 2496 2848 
1004	404	567	10	420 1297 2338 2614 
1005	472	515	5	569 731 746 851 1893 2403 2528 2572 2666 
1006	994	348	10	857 1023 1749 1891 
1007	460	187	1	180 1421 2758 
1008	656	316	10	1997 
1009	460	949	2	26 1731 1815 1947 2682 
1010	539	884	10	568 795 894 1475 1515 2141 2165 
1011	876	460	8	912 1867 2124 2294 
1012	460	892	3	583 1717 2388 
1013	876	115	9	86 1696 1782 2555 2627 2959 
1014	460	632	4	61 373 1697 1954 2168 
1015	12	895	4	62 1129 2298 2961 
1016	460	816	5	544 581 1358 
1017	12	300	6	1100 2257 2351 
1018	12	426	5	1054 
1019	12	464	7	341 439 1564 2554 
1020	33	918	5	149 248 609 1183 1418 1491 1680 2128 2196 2208 2395 
1021	47	894	2	968 
1022	876	860	10	100 389 2078 2085 2397 2808 
1023	237	977	1	41 1075 1182 1572 1666 2313 
1024	884	985	1	137 941 1842 1863 2114 2774 
1025	460	714	6	40 65 749 
1026	12	187	8	2239 2743 
1027	237	67	2	383 818 1904 1960 2203 
1028	472	634	6	530 753 831 1998 2088 2218 2282 2402 2634 2979 
1029	237	977	3	21 205 299 416 1133 2042 
1030	47	277	3	1170 1666 2375 
1031	884	42	2	669 1190 1761 1865 2505 
1032	884	461	3	92 650 673 1945 
1033	460	749	7	346 909 2253 
1034	237	877	4	337 741 977 1541 1746 2566 2660 
1035	237	355	5	649 1423 1860 2110 2567 2781 2864 
1036	880	460	1	269 721 747 782 1038 1293 2219 2457 2904 
1037	237	321	6	236 1091 1446 1954 2553 2960 
1038	47	279	4	981 1647 
1039	472	617	7	583 842 884 1006 1033 1629 2293 2503 2524 
1040	237	240	7	113 1178 1199 1584 1899 2030 
1041	33	800	6	398 889 1047 1361 1385 1405 1762 2308 2321 2353 2481 
1042	884	331	4	1683 1812 2265 2900 2929 
1043	884	877	5	115 484 1196 2441 
1044	460	885	8	9 566 2105 2162 2174 
1045	237	787	8	882 908 1495 2200 
1046	460	870	9	2165 2609 2659 
1047	884	193	6	237 274 336 1028 1742 
1048	884	199	7	189 298 582 833 855 1555 
1049	932	352	1	857 1586 1921 
1050	237	39	9	22 686 728 1932 2247 2329 2737 
1051	12	230	9	1265 2081 2290 2897 
1052	884	721	8	100 102 157 1410 2473 2673 
1053	460	404	10	1005 1289 2000 2042 2213 
1054	47	250	5	508 1002 1715 
1055	47	153	6	1615 2197 
1056	47	609	7	1588 1855 2442 
1057	33	972	7	101 433 1359 1834 1863 1936 2325 2597 2930 
1058	911	768	2	94 615 1272 1531 1604 2548 2769 
1059	880	481	2	83 822 1299 1699 1886 2450 2810 
1060	237	173	10	638 688 1202 1794 2239 2682 2954 
1061	911	628	3	235 374 465 1354 1732 1953 2054 
1062	808	634	4	2044 
1063	884	554	9	16 559 1071 1528 2528 
1064	808	805	6	1005 1137 
1065	884	275	10	624 733 827 1112 1363 
1066	12	869	10	1383 1961 2122 
1067	932	538	3	366 2509 2577 
1068	936	174	1	234 619 777 992 1169 
1069	936	441	2	132 245 486 1220 1888 
1070	784	20	1	1437 1990 2820 
1071	911	252	4	664 696 789 867 1087 1394 2113 2479 
1072	936	780	3	61 685 1525 2080 2153 2198 
1073	911	142	5	131 850 928 1178 1216 1329 1887 2250 
1074	982	602	1	481 694 1162 1501 1608 2937 
1075	936	596	4	95 548 643 811 906 908 1586 
1076	47	876	8	447 1263 1268 
1077	880	951	3	803 842 892 1245 2270 2626 2690 
1078	982	571	2	226 860 1842 2671 2906 
1079	932	651	2	540 622 1058 1321 
1080	982	734	3	225 333 674 
1081	33	35	8	315 366 782 827 851 1037 1082 1097 1539 1573 2383 
1082	932	53	4	816 1009 1849 2235 
1083	932	572	5	542 657 1327 1351 2887 
1084	808	442	7	
1085	936	430	5	139 501 1589 1637 2077 2391 2880 
1086	936	468	6	17 271 324 441 1061 1684 
1087	982	566	4	220 999 1502 1810 
1088	932	226	7	429 449 2640 
1089	684	379	10	72 279 541 589 722 978 1150 2137 2186 2418 2601 2849 
1090	936	61	7	263 320 431 1000 2088 2787 
1091	784	733	2	2393 2783 2802 
1092	982	969	5	1580 1723 1905 2500 2763 
1093	982	897	6	428 1164 1712 2159 2223 2614 
1094	936	595	8	149 651 844 1692 1868 2761 
1095	932	146	6	681 821 1062 1344 
1096	911	8	6	667 721 966 1477 2057 2686 
1097	808	940	8	2798 
1098	784	711	3	82 1465 1687 
1099	932	874	8	151 593 1756 2412 
1100	936	738	9	259 370 511 863 1201 1595 
1101	47	600	9	1022 1506 1844 
1102	784	848	4	259 661 2286 
1103	932	402	9	578 952 1722 2232 2996 
1104	936	652	10	226 328 825 1561 1963 2529 2644 
1105	911	720	7	79 156 499 1021 1034 1182 1967 
1106	784	128	5	2452 
1107	911	62	8	362 2132 2716 2800 2911 2917 2929 
1108	784	652	6	740 1744 2026 
1109	982	283	7	798 836 1414 2337 2409 
1110	911	926	9	49 571 1278 1618 1656 1912 2288 2830 
1111	472	576	8	326 798 939 1218 1459 2046 2063 2499 2787 2950 
1112	556	16	1	18 356 1462 1493 1545 2139 
1113	33	609	9	505 783 794 859 1967 2077 2177 2424 2474 2579 2702 
1114	472	319	9	521 792 1017 1082 1323 1325 1561 1672 2145 2309 
1115	982	862	8	15 591 2323 2776 2864 
1116	982	358	9	268 1345 1913 2806 
1117	911	770	10	446 1006 1373 1543 1602 2343 2379 2914 
1118	982	756	10	89 1024 1078 1817 2622 2766 
1119	784	260	7	112 511 2466 
1120	880	227	4	224 377 688 1072 1093 1178 2822 2827 
1121	303	540	1	16 1208 1840 2181 2212 2812 2864 
1122	452	498	1	317 977 1574 2569 
1123	556	556	3	343 593 1294 1720 2157 2183 
1124	556	944	2	700 1157 1158 1269 1617 2317 2398 
1125	556	588	4	591 742 761 834 1720 2713 
1126	341	88	5	203 300 676 951 1063 1138 1883 2259 2333 2829 2877 2925 
1127	932	708	10	847 1082 1471 
1128	303	49	2	174 1436 1557 1698 1767 1909 2806 
1129	556	94	5	206 1667 2014 2231 2435 2775 
1130	880	374	5	240 970 1135 1826 2149 2160 2392 2490 2536 
1131	472	352	10	12 275 520 853 1331 2126 2146 2322 2416 2669 
1132	784	905	8	646 2447 2971 
1133	303	172	3	307 609 837 1082 1346 1576 1639 2656 
1134	452	959	2	173 745 1977 2494 
1135	452	671	3	275 372 397 2017 2554 
1136	20	275	1	157 2089 
1137	808	690	9	2400 
1138	452	847	4	1174 1469 2581 
1139	556	574	6	90 189 526 1531 2540 2815 
1140	466	669	2	104 354 496 837 1771 
1141	556	317	7	634 964 1274 1701 1744 2893 
1142	556	697	8	1063 1592 1981 2177 2382 2474 
1143	556	620	9	389 519 977 1180 1447 1663 2945 
1144	784	738	10	1791 2511 2969 
1145	20	843	2	541 878 1369 
1146	303	156	4	615 886 1135 1280 1520 1827 
1147	303	233	5	282 595 1110 1161 1470 2185 2209 2825 
1148	452	814	5	270 404 1085 1765 
1149	466	870	1	1070 1520 2552 2932 
1150	466	61	3	1647 1662 1862 2880 
1151	808	600	10	1283 
1152	556	280	10	21 933 1192 2872 
1153	47	941	10	255 1267 1667 
1154	20	904	3	1396 1952 
1155	452	78	6	168 1370 1923 2094 2184 2318 
1156	452	889	7	1205 1356 1694 1985 2740 
1157	386	314	2	701 923 956 1376 1503 1578 2010 2040 2044 2057 2209 2230 2472 2821 2915 
1158	574	804	1	126 391 611 862 1302 1495 2179 
1159	20	96	4	2547 2700 
1160	574	100	2	42 405 587 870 1782 2584 2657 
1161	71	616	1	1695 2667 
1162	574	24	3	269 362 427 520 1868 2154 2754 
1163	574	304	4	71 288 517 1620 
1164	33	566	10	177 554 669 738 1441 1530 1559 1964 1974 2237 2781 
1165	452	685	8	367 752 1285 2328 
1166	574	637	5	42 147 430 1111 2061 2375 2534 
1167	880	394	6	362 482 699 1120 1566 2020 2284 2935 2938 
1168	452	333	9	50 1606 1706 2154 2452 
1169	784	22	9	604 846 1531 
1170	452	286	10	263 590 2654 2770 
1171	20	696	6	349 1170 
1172	20	879	7	2357 2426 2563 
1173	466	321	4	785 1126 2495 2623 
1174	466	922	5	829 884 899 2281 2892 
1175	303	2	6	776 893 1225 1264 1557 1560 1585 2509 
1176	20	653	5	1344 1493 
1177	880	167	7	196 282 352 422 1300 1342 1420 1905 2629 
1178	574	472	6	485 771 942 1191 1379 2410 
1179	943	839	1	322 393 950 1463 2491 3000 
1180	71	27	2	715 
1181	880	308	8	99 436 959 1230 1545 1596 1771 2233 
1182	943	429	2	103 465 1434 1581 1799 1877 
1183	933	116	1	638 1432 2411 
1184	20	316	8	522 1790 
1185	247	952	1	169 369 774 856 896 1172 1504 1947 2299 2819 
1186	933	23	2	2077 2300 2744 
1187	466	46	6	461 570 1136 2215 
1188	466	947	7	772 1628 1644 1726 
1189	574	161	7	116 377 435 752 1670 2304 
1190	933	148	3	2320 2510 
1191	71	753	3	349 2088 
1192	303	276	7	14 927 1146 2218 2276 2540 2976 2977 
1193	880	990	9	448 512 870 1045 1102 1257 1405 1628 
1194	303	256	8	458 657 757 1736 2201 2593 2595 
1195	574	38	8	638 1057 1362 1379 1565 1643 
1196	466	579	8	408 455 766 2701 
1197	20	971	9	
1198	933	50	4	1180 2244 
1199	466	922	9	637 1163 1271 1478 
1200	880	87	10	24 256 885 1089 1159 1734 2470 2696 2941 
1201	943	43	3	371 995 1145 1363 2671 
1202	382	270	1	312 698 878 1044 1648 1747 1876 2081 2150 2265 2462 2564 
1203	933	736	5	534 820 1900 2071 
1204	466	513	10	125 1350 1470 2336 2787 
1205	247	671	2	363 2024 2046 2174 2319 2427 2493 2940 
1206	933	83	6	591 1492 1873 
1207	968	331	6	2890 
1208	574	248	9	395 432 750 758 1917 2001 
1209	968	310	7	
1210	943	504	4	1735 2135 2442 2637 2768 
1211	933	216	7	125 1450 1983 
1212	303	699	9	85 661 925 1342 1745 2352 2467 2539 
1213	20	484	10	17 1562 
1214	574	168	10	945 1187 1235 1538 1658 1680 1922 
1215	272	495	1	1214 2437 2912 
1216	705	72	1	271 1035 1449 1693 1702 
1217	341	171	6	258 311 804 1034 1553 1554 1673 1770 2146 2423 2435 2488 2881 
1218	247	236	3	28 659 767 1192 1258 1434 1448 1793 2824 2946 
1219	705	57	2	222 1251 1253 1648 
1220	247	409	4	145 614 826 1246 1974 2092 2121 2221 2530 2935 
1221	272	842	2	1025 1777 
1222	429	348	1	951 961 1105 1345 1384 2329 
1223	7	479	1	14 625 813 976 1149 1774 2082 
1224	429	853	2	90 145 590 825 869 1570 1753 
1225	943	639	5	1248 1774 1968 2148 2461 
1226	933	429	8	1595 1988 2924 
1227	188	463	1	203 282 829 949 1239 1898 2307 2646 2658 2709 2845 
1228	429	369	3	78 651 1120 1339 2024 2482 
1229	933	95	9	267 456 920 1550 
1230	933	451	10	515 555 2024 
1231	429	650	4	178 583 1164 1490 2238 
1232	968	193	8	1199 
1233	429	763	5	15 186 488 1794 2062 2151 
1234	705	350	3	98 1096 2479 2752 
1235	943	614	6	646 1167 1880 2165 
1236	382	259	2	292 415 1312 1382 1516 1632 2249 2345 2448 2592 2917 2987 
1237	489	394	1	215 1685 2617 2868 
1238	705	484	4	2212 2430 2861 
1239	429	629	6	42 766 1775 1857 2000 2685 
1240	705	399	5	145 1601 1971 2856 
1241	188	137	2	105 195 348 547 574 727 1038 1211 1297 2204 2522 
1242	943	221	7	176 574 650 806 2593 
1243	247	186	5	1359 1567 1608 1650 1729 1978 2119 2547 2746 2830 
1244	7	997	2	466 874 891 908 1175 1290 1826 2756 
1245	7	957	3	377 700 1142 1411 1421 1599 1728 
1246	272	445	3	37 2386 2852 
1247	7	709	4	563 598 1031 1695 1719 2049 2309 2362 2789 
1248	705	683	6	989 1217 2217 
1249	429	451	7	66 395 854 1309 1548 1957 2154 
1250	429	404	8	515 2431 2845 
1251	247	712	6	211 250 301 553 1133 2474 2561 2611 2783 2942 
1252	705	708	7	841 2905 
1253	943	13	8	133 1074 1189 2068 2295 2874 
1254	272	975	4	1499 2449 2912 
1255	71	691	4	1899 
1256	705	639	8	219 693 1783 1825 2314 
1257	705	820	9	655 1514 1635 2167 2183 
1258	7	300	5	7 431 702 1108 1374 2316 2752 2961 
1259	489	402	2	507 1139 1362 2076 
1260	429	256	9	131 574 628 1542 1578 2054 2810 
1261	386	454	8	35 109 625 775 1427 1587 1844 1998 2468 2549 2885 2891 2962 2985 
1262	71	383	6	877 
1263	429	1000	10	309 359 785 2096 2175 2448 2968 
1264	809	28	1	958 1707 2595 2728 2859 2996 
1265	705	544	10	1007 1081 2196 2410 2630 
1266	7	829	6	181 199 913 1111 1153 1625 2082 2383 
1267	834	668	1	91 610 767 1195 
1268	247	682	7	779 1122 1171 1231 1494 1537 1561 1650 1814 2500 
1269	489	554	3	41 636 2676 
1270	834	913	2	656 1141 2390 2724 
1271	303	955	10	76 1226 1248 1285 1480 1619 1837 
1272	943	526	9	470 806 1077 1501 2101 2267 
1273	943	296	10	339 378 965 2880 
1274	281	951	1	974 1011 1305 2973 
1275	489	119	4	607 1001 2390 
1276	489	719	5	1498 2504 
1277	809	787	2	373 982 1437 1785 2092 2760 
1278	281	899	2	84 1114 1331 1459 1919 1963 
1279	809	169	3	666 871 1849 1861 1962 2582 
1280	834	357	3	705 1358 2065 2735 
1281	834	720	4	400 897 1893 2662 
1282	664	310	1	621 706 1176 1955 2178 2974 
1283	809	434	4	1015 1104 2231 2755 
1284	7	59	7	198 875 920 1262 1524 2153 2275 2301 2311 
1285	272	702	5	712 762 1787 
1286	664	110	2	43 249 487 671 839 1236 2765 
1287	809	32	5	123 338 585 2283 2740 2753 
1288	834	539	5	144 787 1665 2794 
1289	71	158	5	838 1419 
1290	968	381	9	
1291	809	165	6	359 1934 2156 2742 2983 
1292	71	790	7	653 
1293	809	202	7	118 188 598 821 1054 2653 
1294	834	420	6	296 406 525 864 1988 
1295	281	210	3	357 1221 1242 1978 2929 
1296	281	592	4	86 901 1594 1661 2115 2719 
1297	834	804	7	95 1799 1810 2195 2883 
1298	247	190	8	498 507 1279 1339 1448 1645 1926 2089 2679 2719 
1299	809	96	8	117 476 993 1145 1695 2585 2955 
1300	281	105	5	708 1016 2777 2902 2912 
1301	247	179	9	81 230 797 1233 1381 1464 1511 2524 2923 
1302	664	623	3	114 135 321 940 1038 1295 2645 2795 
1303	809	800	9	239 347 976 1306 1738 2055 2358 
1304	281	74	6	16 493 496 1479 1704 2369 
1305	809	939	10	1447 1892 1959 1979 2317 
1306	834	744	8	650 755 1773 
1307	272	780	6	1132 2061 2746 
1308	834	350	9	287 343 459 1680 2345 
1309	281	744	7	1808 2328 2951 
1310	7	112	8	156 434 611 739 1689 1717 2479 2689 2939 
1311	860	846	1	39 140 1726 1868 2367 2969 
1312	860	785	2	220 344 716 1525 1741 2072 2549 
1313	489	371	7	160 695 2054 2675 
1314	860	473	3	51 913 975 1678 2483 2687 2780 
1315	968	220	10	
1316	281	427	8	265 503 1839 1964 2828 2988 
1317	7	589	9	1432 1540 1794 2035 2493 2978 
1318	834	222	10	1018 1129 1149 1245 1340 
1319	489	289	6	2471 
1320	489	280	8	480 1485 
1321	383	84	1	1411 1815 2253 
1322	281	691	9	89 1159 1332 1390 2072 
1323	489	967	9	283 772 1616 2821 
1324	247	434	10	302 337 540 1127 1330 1739 2117 2157 2425 2714 
1325	281	284	10	1154 1550 1569 2139 2143 2224 
1326	489	742	10	1139 1950 2249 
1327	272	802	7	191 
1328	382	895	3	64 463 752 907 963 993 1872 1988 2400 2753 2817 2998 
1329	664	653	4	544 919 1043 1201 1867 1920 2242 2848 
1330	383	374	2	819 1187 1813 2561 
1331	188	520	3	278 375 504 820 1234 1284 1929 2167 2297 2460 2731 
1332	188	54	4	4 266 510 914 967 985 1443 1549 1940 2589 2898 
1333	272	161	8	1473 
1334	272	474	10	1064 2514 2618 
1335	860	702	4	123 543 1392 1475 1732 2646 
1336	383	291	3	201 279 510 841 1609 
1337	71	370	8	2807 
1338	664	481	5	608 882 1174 2049 2260 2476 2525 
1339	383	208	4	253 1545 1944 2716 
1340	307	660	2	580 1415 1728 1766 2099 2352 
1341	383	113	5	31 328 593 1708 2762 
1342	554	518	1	837 2286 
1343	383	297	6	1265 1476 1924 
1344	860	23	5	406 895 1506 1746 1854 1889 
1345	554	479	2	257 
1346	383	686	7	311 787 877 935 2291 
1347	307	377	1	447 1410 1633 1649 2279 2791 
1348	860	201	6	306 682 1319 1760 1912 1916 2103 
1349	177	281	1	1659 
1350	383	898	8	1819 2245 2542 
1351	691	416	1	154 678 889 905 1187 1256 1742 1982 2316 2589 
1352	307	602	3	460 869 2857 2948 
1353	188	930	5	68 666 670 860 1142 1219 1311 1478 1835 1958 2705 
1354	860	131	7	500 904 1062 1794 2130 2240 
1355	860	726	8	333 684 1052 1446 2016 2279 2320 
1356	860	946	9	164 522 1669 2538 2812 
1357	71	340	9	499 798 
1358	383	701	9	299 666 692 1217 
1359	383	475	10	31 119 1318 2364 2712 
1360	860	758	10	374 409 579 699 760 1967 
1361	820	582	1	40 241 518 1132 1739 2333 2409 
1362	628	455	1	943 1663 1823 
1363	820	71	2	319 1200 2086 2835 2886 
1364	71	710	10	786 
1365	664	144	6	67 385 638 712 1872 2059 2188 
1366	628	736	2	606 888 2586 2924 
1367	554	529	3	1288 1937 2365 2564 
1368	554	315	4	211 1272 2299 
1369	691	548	2	267 375 649 815 1537 2100 2311 2361 2949 
1370	554	832	5	316 811 1246 2407 
1371	307	10	4	306 996 2374 2897 
1372	382	801	4	180 292 326 637 823 1214 1759 2001 2619 2815 2826 
1373	691	789	3	328 804 1384 1828 1990 2162 2243 2516 2639 2749 
1374	378	362	1	1472 
1375	307	363	5	368 411 758 2053 2247 
1376	177	82	8	
1377	628	591	3	298 1244 1973 2220 
1378	664	919	7	206 847 1188 1347 1458 2641 2810 
1379	820	19	3	509 843 1122 1232 2414 2570 2896 
1380	664	195	8	460 602 1095 1886 2045 2415 2488 2664 
1381	664	223	9	649 1099 1270 1930 2102 2901 
1382	820	25	4	346 567 1026 1336 2439 2644 
1383	272	586	9	507 
1384	307	340	6	1356 2076 2462 2582 
1385	7	570	10	939 1122 1237 1518 2123 2841 2926 2946 
1386	440	457	1	1392 2656 
1387	554	915	6	109 241 330 1246 
1388	820	509	5	493 818 1291 1587 1961 2305 2434 
1389	664	572	10	2 1503 1918 2272 2497 2876 
1390	162	615	1	264 320 402 603 727 1014 1407 1844 1995 
1391	820	928	6	785 1800 1823 2253 2483 2715 
1392	554	278	7	510 555 2044 
1393	386	415	3	187 246 581 600 601 911 1338 1407 1566 1874 1950 2485 2635 2729 2881 
1394	820	132	7	1139 1229 1443 2362 2519 2625 2682 
1395	941	965	1	11 183 433 1444 1931 1951 2622 2764 
1396	162	315	2	620 686 1103 1584 2255 2415 2535 
1397	440	685	2	561 2429 2445 
1398	307	194	7	950 1692 1960 2450 
1399	162	407	3	163 270 274 832 1024 1067 1127 2016 2071 
1400	628	588	5	1 308 1437 2173 2252 
1401	628	920	4	748 862 1942 2512 2790 
1402	440	823	3	1027 2120 
1403	628	200	6	177 532 1206 1892 2768 
1404	341	318	7	33 590 861 896 1401 1509 2003 2095 2366 2601 2816 2907 2929 
1405	378	240	2	1330 1552 
1406	440	829	4	624 759 2809 
1407	554	606	8	186 2028 2530 
1408	820	914	8	285 1161 1452 1466 1893 2031 2293 
1409	378	592	3	1567 1923 
1410	378	486	4	1820 2077 
1411	440	520	5	1385 2520 
1412	307	70	8	597 643 1212 1728 2994 
1413	162	724	4	257 329 331 455 473 2027 2759 2791 2818 
1414	941	503	3	396 801 1286 1648 2376 2807 
1415	307	642	9	396 831 1399 1894 2249 
1416	820	67	9	444 1828 2047 2404 2896 2920 
1417	820	921	10	78 317 321 561 1632 1805 2928 
1418	382	956	5	210 227 345 906 1326 1409 1529 1597 1975 2101 2171 2436 
1419	628	578	7	490 2056 2520 2730 
1420	177	659	3	2662 
1421	307	937	10	911 1327 1335 
1422	294	81	1	424 712 849 888 1125 1753 
1423	941	150	2	368 937 1562 1606 2256 2409 
1424	554	180	9	729 872 
1425	162	152	5	401 948 1022 2219 2408 2430 2619 2621 2886 
1426	440	323	6	1544 2304 2993 
1427	941	782	4	1128 1153 1365 1431 1497 1555 1968 2533 
1428	188	710	6	139 171 656 982 1418 1455 1469 2244 2387 2451 2726 
1429	628	108	8	162 256 691 1646 1946 
1430	440	611	7	2904 
1431	378	805	5	1282 2935 
1432	628	799	9	457 1021 2027 
1433	628	182	10	2136 2879 2973 
1434	294	93	2	144 603 2164 2304 2583 
1435	274	971	1	1683 2388 2505 2941 
1436	691	83	4	407 446 467 668 943 1641 1976 2553 2725 
1437	554	830	10	1176 2203 
1438	294	762	3	16 487 2685 2951 
1439	294	80	4	303 461 882 1562 1682 1707 1948 
1440	188	621	7	754 828 1465 1577 1665 1987 2287 2321 2475 2478 2874 
1441	274	470	2	126 225 2872 
1442	274	124	3	1182 1709 2392 2601 
1443	274	336	4	492 1699 1734 1896 2214 
1444	440	237	8	
1445	324	654	1	310 1950 2185 2327 
1446	274	89	5	180 902 2143 2741 
1447	162	214	6	66 627 1750 1824 2411 2574 2820 2896 
1448	324	954	2	110 539 640 1248 2775 2801 
1449	883	961	1	56 1847 2414 2737 
1450	941	246	5	6 391 935 2002 2513 2748 2847 
1451	274	730	6	549 1204 1235 
1452	274	124	7	417 805 2652 2971 
1453	440	142	9	2269 2822 
1454	691	286	5	231 711 892 1223 1270 1780 1915 1918 2006 2152 
1455	324	827	3	107 580 721 1285 
1456	294	594	5	740 763 791 933 1456 2031 
1457	274	832	8	122 765 821 949 2538 
1458	274	183	9	636 910 2265 2660 2777 
1459	440	274	10	1572 2404 
1460	297	290	1	35 1787 1953 
1461	274	587	10	475 1357 2421 
1462	162	227	7	368 894 917 1261 1449 1990 2278 2461 
1463	324	261	4	523 1419 1989 2206 2886 2887 
1464	883	186	2	655 1177 2836 
1465	297	155	3	502 1446 
1466	422	446	1	1008 1156 
1467	691	993	6	286 503 1086 1371 1444 1662 1694 1787 2670 2863 
1468	941	114	6	413 706 1178 1311 1534 2123 2266 2289 
1469	941	537	7	454 548 1528 1541 1858 2125 2541 2649 
1470	941	950	8	193 509 714 789 1130 1733 1969 
1471	294	386	6	936 1087 2758 2914 
1472	941	140	9	5 677 1412 1698 1891 2465 2629 2802 
1473	883	689	4	2871 
1474	324	370	5	606 839 1655 2396 2991 
1475	422	665	2	293 
1476	422	46	3	678 910 2174 2402 2610 
1477	422	784	4	183 499 2570 2593 
1478	294	191	7	513 1943 2197 2245 2811 
1479	294	160	8	617 1154 1542 1856 2698 
1480	883	872	3	860 1330 2556 
1481	691	925	7	242 296 372 698 1256 1896 1941 2515 2529 2986 
1482	382	334	6	597 1004 1558 1573 1727 2245 2327 2330 2344 2487 2660 2999 
1483	883	462	5	679 774 1736 
1484	324	950	6	129 207 1801 1955 2668 2673 
1485	941	501	10	492 572 950 1073 1388 1844 2090 
1486	294	648	9	219 1349 2036 2318 2399 2640 
1487	294	619	10	501 925 1072 1117 1477 2412 
1488	16	880	1	802 1426 1542 1637 2397 2998 
1489	16	681	2	381 995 1898 2600 2788 
1490	422	828	5	1313 1819 1947 2816 
1491	883	255	6	1467 1487 1843 2825 
1492	16	496	3	12 282 1036 1625 1903 2424 2642 2659 
1493	422	133	6	318 2478 2717 2772 
1494	422	525	7	1912 2046 2510 
1495	422	890	8	1745 2273 2490 2684 2857 
1496	422	995	9	278 629 665 1869 2304 
1497	324	273	7	271 1036 1410 2147 2444 2997 
1498	324	92	8	350 412 1006 1153 1375 2332 
1499	883	208	7	866 1869 2062 
1500	883	117	8	1136 1265 2213 2579 
1501	324	152	9	252 608 616 640 1924 
1502	324	364	10	217 246 315 557 2106 2330 
1503	378	858	6	2067 
1504	262	441	1	88 895 1108 2556 2645 2878 
1505	297	55	2	1131 2030 2254 
1506	177	998	9	
1507	883	802	9	94 654 1002 
1508	262	700	2	277 613 702 740 947 2704 
1509	262	180	3	1186 1199 1997 2497 2758 
1510	811	619	1	922 931 1010 2155 2568 
1511	297	411	4	1133 
1512	297	914	5	507 703 1605 
1513	297	596	6	88 397 522 
1514	262	658	4	1196 2227 2460 2511 
1515	297	530	7	766 1480 1930 
1516	297	3	8	1240 2207 2786 
1517	16	717	4	290 355 695 898 2013 2075 2639 
1518	475	834	2	1078 1286 1317 1624 2157 2746 
1519	262	696	5	517 1558 1764 1772 2421 
1520	162	121	8	550 791 972 1364 1901 1961 2231 2325 2731 
1521	475	243	1	254 456 734 1642 1711 2016 2080 
1522	422	203	10	384 852 883 2259 
1523	16	668	5	479 614 771 1165 1806 2167 2443 
1524	162	282	9	74 577 585 889 1603 2428 2495 2878 
1525	475	405	3	73 243 725 2773 2820 2932 
1526	475	860	4	32 98 2377 2398 2636 
1527	162	982	10	49 387 882 1021 1123 1568 2190 2401 2738 
1528	262	419	6	150 1539 1620 1975 2015 
1529	306	607	1	30 1027 1529 1790 2001 2068 2640 2890 
1530	883	604	10	1408 1806 
1531	262	104	7	253 379 420 
1532	262	909	8	347 696 1051 1355 1954 
1533	475	212	5	378 463 805 1598 1779 2068 
1534	811	306	2	570 1057 1806 1881 1981 
1535	306	953	2	8 34 491 1638 1905 2115 2128 2348 2370 
1536	306	565	3	115 1056 1085 2175 2382 2489 2602 2781 2863 
1537	475	824	6	1156 1207 1340 1630 2018 2591 
1538	176	405	1	1083 1727 2584 2793 
1539	378	15	7	756 
1540	262	569	9	6 1155 2444 2468 2997 
1541	691	113	8	348 533 996 1332 1509 1809 2140 2193 2916 
1542	811	231	3	660 2581 
1543	297	507	9	451 1667 
1544	262	726	10	268 396 747 1313 1973 2864 
1545	177	996	2	592 
1546	691	821	9	120 326 622 734 1435 1549 2450 2699 2716 2866 
1547	297	581	10	342 2315 2572 
1548	176	177	2	2515 2757 
1549	606	589	1	1109 2422 2449 2471 2925 2949 
1550	16	670	6	425 1551 1763 1870 1897 2053 
1551	16	878	7	45 240 1140 1573 1948 2465 2506 
1552	176	552	3	2146 2413 2534 
1553	306	26	4	38 56 646 749 1760 1990 2108 2406 
1554	16	603	8	19 1804 2135 2470 2472 2676 2893 
1555	378	465	8	1319 2978 
1556	811	377	4	230 410 1209 1995 
1557	176	939	4	228 1114 1993 
1558	176	579	5	1383 2453 2834 2882 
1559	176	915	7	1119 2173 
1560	176	981	6	217 2007 2856 
1561	475	528	7	1010 1690 1700 2060 2898 
1562	475	66	8	85 232 233 1021 1525 2108 2668 
1563	811	41	5	588 726 1433 1554 
1564	16	285	9	1032 1152 1670 1704 2298 2615 
1565	139	26	1	305 1629 2916 
1566	475	582	9	191 386 632 732 833 1062 1267 
1567	475	324	10	150 818 1854 2585 2827 
1568	811	630	6	894 2957 
1569	606	964	2	2315 2844 
1570	306	919	5	576 823 1376 1735 2683 2853 2862 2928 
1571	606	215	3	106 1090 2242 2697 2884 
1572	596	476	1	89 1828 2216 2295 2779 2870 
1573	606	235	4	12 129 130 793 
1574	596	968	2	1014 1039 1128 1401 2262 2706 2892 
1575	596	444	3	151 997 1159 2099 2492 
1576	606	632	5	148 926 2481 2767 2874 
1577	16	487	10	128 514 1076 1305 2173 2910 2942 
1578	373	34	1	323 1498 1616 2127 2242 2312 2637 
1579	811	792	7	4 324 1900 
1580	811	840	8	594 1298 1994 2725 2906 
1581	606	378	6	303 574 1664 1728 2249 
1582	176	723	8	1693 2073 2736 
1583	176	376	9	127 188 1092 2899 
1584	139	150	3	476 1621 2245 
1585	606	961	7	54 732 1032 2187 2610 2931 
1586	373	358	2	431 451 2008 2292 2513 2847 2980 
1587	373	775	3	97 716 750 1334 1479 2032 2518 2702 
1588	606	395	8	257 703 1531 2537 
1589	691	109	10	164 815 1182 1347 1633 1759 1819 2578 2691 2721 
1590	606	648	10	14 182 1758 2102 2778 
1591	596	269	4	750 1333 1347 1804 2016 
1592	139	762	2	331 1199 1238 
1593	139	29	4	596 
1594	606	360	9	484 1719 2089 2990 
1595	497	622	1	344 946 1282 1317 1397 1735 
1596	139	34	5	477 1790 2986 
1597	596	573	5	432 752 2042 2048 2106 2556 2944 
1598	373	167	4	539 1083 1142 1457 2350 
1599	139	995	6	730 1102 1818 
1600	596	927	7	103 480 1282 1571 2430 2712 
1601	497	285	2	172 584 683 774 1594 2685 
1602	373	22	5	844 1045 1315 1384 1556 1566 2485 
1603	497	610	3	480 1668 1694 1848 2131 
1604	373	509	6	891 1272 1315 1364 1655 2975 
1605	177	411	5	
1606	306	628	6	843 1183 1406 1572 2303 2324 2525 2704 
1607	811	110	9	516 800 2149 2721 
1608	139	413	7	2530 
1609	378	525	9	1 
1610	596	508	6	986 2124 2175 2472 2562 
1611	176	243	10	1036 1850 2918 
1612	497	500	4	132 940 2279 2340 2622 2999 
1613	497	790	5	238 735 1137 1858 2495 2649 
1614	811	536	10	838 1067 1102 1644 
1615	389	104	1	524 2135 2228 
1616	497	931	6	1317 2095 2538 
1617	306	455	7	150 533 764 1409 1462 1660 2338 2349 2617 
1618	306	820	8	146 398 808 1075 1344 1404 1902 2353 2987 
1619	520	19	1	1103 2882 
1620	389	1000	2	440 483 903 1941 2638 
1621	306	268	9	445 605 820 844 2022 2034 2213 2376 2728 
1622	389	408	3	240 1118 1650 2258 
1623	497	149	7	834 1194 2038 2212 
1624	389	693	4	8 271 584 1244 
1625	520	296	2	807 2266 2920 
1626	596	788	8	797 906 1526 2071 2521 2762 
1627	389	935	5	904 1360 2432 2744 
1628	373	244	7	44 369 445 569 1688 2432 2663 2751 
1629	139	211	8	1070 1206 
1630	389	508	7	70 155 925 1533 1908 
1631	596	239	9	848 866 1195 1700 
1632	596	393	10	746 1015 1143 1433 1846 2207 
1633	389	107	6	137 1203 2005 2968 
1634	139	80	9	1396 2433 
1635	306	858	10	71 139 868 996 1025 1489 1781 1920 1931 
1636	497	992	8	25 1510 1600 1949 1951 
1637	139	912	10	333 1627 
1638	864	229	1	222 525 1526 1767 1770 1817 2060 2499 2549 
1639	711	294	1	512 631 816 1313 1519 2074 2165 2389 2486 
1640	373	801	8	20 181 599 715 929 1472 2384 2454 
1641	378	58	10	652 
1642	373	197	9	488 782 1518 1676 2030 2118 2387 2789 
1643	497	837	9	706 1269 1496 2764 2868 
1644	497	81	10	1382 1592 1753 2198 2464 
1645	373	803	10	713 814 1375 1402 1404 
1646	678	322	1	778 839 1254 1400 2784 2817 2971 
1647	520	69	3	295 2871 
1648	389	869	8	413 1799 2023 2172 2461 
1649	864	51	2	93 106 321 880 985 1083 1589 2134 2171 
1650	929	375	1	485 918 1247 1475 2199 2635 
1651	678	387	2	21 610 618 1023 1095 1957 2378 2588 
1652	177	106	4	2261 
1653	864	968	3	467 680 768 937 1916 2544 2842 2894 2989 
1654	678	318	3	223 314 1406 1546 1733 1877 1993 2181 
1655	678	241	4	159 845 848 927 1370 2575 2965 
1656	929	934	2	1164 1453 1769 2163 2422 2923 2955 
1657	864	322	4	37 571 1025 1130 1852 2257 2516 2607 2679 
1658	864	625	5	8 720 1053 1197 1322 1942 1965 2335 2934 
1659	678	904	5	360 499 558 2113 2286 2758 
1660	929	52	3	91 192 846 1229 1581 1634 2522 
1661	902	954	1	890 1911 
1662	988	257	1	957 1664 1686 
1663	389	942	9	957 1009 1134 2364 2902 
1664	678	216	6	858 1335 1341 1422 1524 2247 2833 
1665	711	946	2	325 670 718 733 1137 1185 1439 1944 2567 
1666	902	148	2	560 688 
1667	520	182	4	1141 1785 
1668	678	344	7	13 318 577 1916 2065 2079 2161 2271 
1669	520	100	5	212 1203 2733 
1670	988	746	2	57 522 1306 1518 
1671	902	254	3	222 2813 
1672	567	578	1	410 1601 1795 
1673	929	731	4	1061 1158 1278 1344 1616 1884 2945 
1674	902	410	4	165 
1675	988	496	4	82 142 1949 2069 2510 
1676	567	925	2	188 997 2003 
1677	520	771	6	1124 1261 1885 
1678	929	383	5	216 604 704 1440 2393 2652 
1679	567	626	4	72 
1680	520	727	7	1447 2048 2051 
1681	520	327	8	995 2792 
1682	389	521	10	681 848 
1683	929	76	6	417 687 1377 1500 1798 2785 
1684	864	247	6	239 264 284 423 856 1442 1660 1724 1841 
1685	678	341	8	662 1160 1208 1227 2290 2403 2753 
1686	567	6	3	2477 
1687	988	610	5	689 692 1771 1785 2805 
1688	711	335	3	421 914 1265 1804 1913 2360 2419 2650 2869 2980 
1689	567	918	6	1242 2623 
1690	902	464	5	2750 2796 
1691	711	117	4	568 713 852 1169 1767 2740 2763 2894 2979 2991 
1692	520	644	9	2283 2788 2794 
1693	988	857	3	9 412 992 1051 2292 
1694	988	902	6	1068 1582 1714 2992 
1695	711	245	5	40 694 915 1098 1538 2019 2087 2220 2548 2858 
1696	902	857	6	562 
1697	520	665	10	285 1448 1697 2846 
1698	929	511	7	281 975 1393 1460 1560 1718 
1699	567	437	7	380 
1700	637	890	1	301 399 1114 
1701	929	731	8	212 1200 1315 1551 1591 2096 2718 
1702	711	564	6	290 341 536 635 914 972 1080 1939 2343 2533 
1703	864	613	7	200 316 514 785 876 1520 1556 2078 2323 
1704	637	507	2	224 552 1464 2734 
1705	864	942	8	207 1216 1491 1725 2032 2183 2350 2737 2780 
1706	929	746	9	427 1307 1583 1684 2369 2828 
1707	864	903	9	79 546 684 790 867 1030 1416 2693 
1708	504	687	1	103 1191 1527 
1709	637	533	3	1686 2092 2389 
1710	637	196	4	1690 1758 2926 
1711	504	76	2	1608 2166 
1712	637	51	5	952 2600 2756 2822 
1713	988	65	7	483 1387 2656 2923 
1714	929	118	10	793 1482 2261 2402 
1715	567	268	5	1087 2466 
1716	504	294	3	2421 
1717	453	825	1	10 142 167 810 1266 2581 
1718	637	656	6	353 611 
1719	864	53	10	107 210 679 764 1197 1266 2503 2756 
1720	637	245	7	187 506 1118 2194 
1721	988	948	8	1229 2799 
1722	504	901	4	838 1529 2141 
1723	988	983	10	169 633 641 1750 1811 2703 
1724	988	544	9	91 897 2311 2500 2507 2729 
1725	812	134	1	108 206 307 626 2638 2928 
1726	500	963	1	567 643 972 1321 1780 2092 2419 2480 2945 
1727	678	234	9	133 463 694 1184 1206 1423 2067 2547 
1728	504	595	5	219 1898 2111 2211 
1729	812	302	2	893 1534 
1730	567	516	9	937 2750 
1731	500	769	2	660 751 851 1536 1823 2342 2372 2703 
1732	812	157	3	634 653 1326 2314 2437 2733 
1733	504	157	6	210 945 2133 2199 2697 
1734	678	63	10	725 768 1208 1268 1904 2019 2440 2491 
1735	567	482	8	6 125 
1736	567	134	10	909 2407 
1737	341	764	8	630 769 957 1186 1351 1508 1512 1742 1792 2042 2319 2748 2824 
1738	500	715	3	46 1252 1256 1786 1818 2082 2965 
1739	812	105	4	719 787 1200 2064 
1740	637	672	8	2255 2466 
1741	453	84	2	20 187 1718 1719 1911 
1742	812	674	5	956 1004 1832 2742 2952 
1743	271	533	1	981 2608 2700 
1744	637	262	9	403 2381 2389 2795 
1745	504	412	7	484 1336 2148 
1746	504	178	8	634 861 1429 1738 1956 
1747	812	694	6	629 1010 1850 2051 2190 
1748	500	95	4	408 434 778 1170 1225 1481 1581 1964 
1749	453	565	4	258 394 755 830 1355 2283 
1750	812	976	7	905 1322 1631 1775 2408 
1751	637	10	10	134 179 247 
1752	688	337	1	229 298 1009 1079 1363 1703 2739 
1753	711	178	7	124 546 1051 1389 1440 1510 1596 1837 2600 2673 
1754	504	550	9	668 2206 2463 2772 
1755	271	194	2	972 2973 
1756	453	729	3	1233 2321 2536 2637 2653 2899 
1757	688	272	2	234 778 1109 1600 2381 2689 
1758	812	457	8	933 1337 1651 1851 2552 2972 
1759	688	976	3	172 283 376 536 1059 1281 1679 2943 
1760	453	517	5	20 745 1912 2579 2771 2982 
1761	271	597	3	1658 1700 
1762	271	325	4	653 1413 2185 
1763	453	934	6	293 685 1128 1151 1649 2252 2709 
1764	271	393	5	373 1494 2410 
1765	504	827	10	293 891 2104 2291 
1766	812	364	9	198 1391 1460 2006 2086 2684 
1767	812	643	10	491 932 1126 2626 2890 
1768	453	929	7	727 947 997 1609 1724 1742 2468 
1769	688	212	4	104 350 709 803 1544 1626 2450 2968 
1770	647	576	1	738 1338 2086 
1771	500	295	5	73 454 664 938 1414 2007 2086 2950 
1772	902	215	7	1671 
1773	326	18	1	33 243 566 854 1419 1928 
1774	688	2	5	492 685 742 1230 2067 2251 2288 
1775	688	833	6	235 371 551 929 1052 1291 2570 
1776	129	349	1	760 1748 2113 2364 
1777	453	267	8	23 123 784 934 1630 1710 2659 
1778	453	584	9	691 1028 1958 2227 2494 2790 
1779	382	122	7	309 605 623 749 792 988 1056 1201 1495 2230 2236 2368 
1780	326	132	2	474 1228 1454 2715 2922 
1781	177	874	6	154 
1782	271	905	6	44 
1783	129	735	2	1145 1752 2152 2260 
1784	688	740	7	1071 1329 2142 2407 2504 2830 2841 2927 
1785	453	229	10	648 866 1194 2802 2947 
1786	647	106	2	992 2122 
1787	129	536	3	306 780 1512 2219 2698 
1788	326	654	3	714 2025 2084 2164 2888 
1789	114	837	1	404 488 1058 1139 1865 2018 2033 
1790	114	564	2	720 861 1042 1599 2965 
1791	129	824	4	1052 2506 2765 
1792	326	366	4	190 269 501 2381 2664 
1793	188	928	8	730 733 992 1269 1499 1937 2346 2475 2494 2608 2862 
1794	129	645	5	961 1325 2025 
1795	114	868	3	137 285 620 1047 1447 1498 2053 
1796	647	990	3	370 2130 3000 
1797	902	141	8	1314 2933 
1798	271	510	7	31 2226 
1799	271	863	8	1527 1841 2892 
1800	500	476	6	68 213 260 418 535 716 2417 2578 2961 
1801	647	663	4	1784 1885 
1802	326	437	5	312 674 1492 2745 
1803	326	643	6	243 317 607 788 1811 
1804	326	493	7	177 289 1446 1633 1972 2489 
1805	902	901	9	402 2121 
1806	341	244	9	307 513 1101 1169 1409 1467 1878 2010 2019 2198 2621 2694 2718 
1807	647	581	5	111 344 2566 
1808	326	793	8	1273 1648 2076 2133 2694 
1809	129	334	7	349 639 699 
1810	326	346	9	159 324 718 1018 2323 2665 
1811	114	996	4	840 1369 1378 1494 2573 
1812	902	120	10	1002 2963 
1813	326	703	10	402 674 922 935 2709 
1814	129	883	6	77 573 639 1888 
1815	560	18	2	141 1322 
1816	114	338	5	988 1401 1436 2540 2757 
1817	688	517	8	172 234 953 1369 2011 2019 2306 2636 
1818	114	64	6	869 1058 1215 1682 1906 2997 
1819	500	290	7	461 675 974 983 1113 2268 2479 2655 2732 
1820	711	185	8	81 322 557 1165 1236 1246 1709 1970 2114 2287 
1821	711	324	9	95 205 625 1643 1883 2189 2481 2554 2767 2853 
1822	188	218	9	223 225 255 1888 1979 2201 2226 2258 2676 2769 2937 
1823	129	718	8	442 506 1115 
1824	560	847	1	1957 2494 
1825	529	926	1	19 38 762 2201 
1826	529	192	2	1030 1152 1661 2228 2828 
1827	129	103	9	300 672 2041 2608 
1828	647	785	6	1420 2985 
1829	500	471	8	26 120 251 453 917 1864 2483 
1830	688	864	9	336 1000 1371 1987 2025 2501 
1831	129	357	10	123 281 398 502 
1832	271	202	9	57 1115 2550 
1833	271	59	10	2007 2471 2544 
1834	188	269	10	422 855 967 985 1640 1831 2321 2394 2455 2855 2899 
1835	500	89	9	726 975 1181 1536 1902 2469 2537 2964 2982 
1836	529	442	3	1064 1198 1651 2036 2237 2558 
1837	114	346	7	831 922 1763 1871 2482 2710 
1838	114	58	8	254 519 829 1068 1750 2268 
1839	500	360	10	421 474 528 612 769 979 1323 1594 2280 
1840	839	706	1	2860 
1841	647	430	7	1702 2211 
1842	529	845	4	154 429 868 1110 2658 2986 
1843	560	85	3	729 
1844	798	814	1	1047 1224 1274 1852 1941 2193 2339 2852 
1845	688	916	10	7 36 556 700 921 1125 1765 2377 
1846	951	828	1	1013 1521 1834 2163 2301 2336 2502 2574 
1847	951	742	2	258 450 542 1276 1309 2396 2885 
1848	529	492	5	599 2633 2792 2948 2977 
1849	798	630	2	513 533 796 864 1626 1778 1845 2148 
1850	114	184	9	733 832 903 1015 1519 1617 2324 
1851	798	289	3	165 414 584 1558 2238 2299 2356 2978 
1852	529	412	6	1210 1816 2114 2250 2347 2394 
1853	764	608	1	86 1223 1284 
1854	529	398	7	334 1610 1804 1885 1975 2705 
1855	529	812	8	119 879 1190 1602 1772 2647 
1856	177	335	10	
1857	839	267	2	253 991 2778 
1858	386	98	9	248 468 667 690 913 954 1463 1790 2131 2338 2451 2576 2683 2786 
1859	764	218	2	616 1630 1973 2733 
1860	647	319	8	2010 2883 
1861	839	642	3	498 702 2420 
1862	647	842	9	2029 2109 2849 2972 
1863	114	687	10	570 901 987 1778 2289 2385 2990 
1864	529	548	9	919 2222 2276 2970 
1865	396	948	1	873 897 938 1535 2029 2229 2834 
1866	798	114	4	110 327 526 1011 2102 2223 2418 2438 2726 
1867	764	715	4	618 1037 2845 2873 
1868	951	845	3	312 411 830 920 1093 1471 2426 2692 
1869	839	562	4	1484 2343 2357 
1870	951	403	4	502 545 737 1763 2204 2867 2918 
1871	951	559	5	46 594 1575 1740 2017 2793 2960 
1872	529	593	10	473 478 583 1216 2103 2161 
1873	839	645	6	2056 
1874	177	253	7	2050 
1875	626	819	1	978 1303 2559 
1876	560	86	5	623 1127 
1877	560	793	4	404 
1878	764	812	3	1852 2486 
1879	647	211	10	75 500 1533 1859 
1880	396	883	2	506 1001 1380 1530 1734 1864 1961 
1881	396	353	3	17 101 632 1490 1756 2223 2527 
1882	750	966	1	31 506 
1883	839	298	5	2646 
1884	750	987	2	470 479 551 1773 
1885	201	559	1	189 343 607 1299 1485 1585 1673 1980 2335 2680 2762 
1886	764	422	5	1451 
1887	396	403	5	564 1697 2169 2280 2515 2614 2924 
1888	951	963	6	500 519 775 1450 2359 2393 2440 
1889	396	868	4	663 1013 1318 1506 1519 1589 1621 
1890	764	807	6	944 2125 2400 2628 
1891	750	47	3	1147 1722 2129 
1892	764	126	7	2139 2582 2859 
1893	764	776	8	862 1686 2196 2444 
1894	396	103	6	661 1441 1564 1937 2446 2818 
1895	764	420	9	87 751 1601 
1896	951	353	7	428 1825 2150 2260 2612 2725 2837 
1897	711	594	10	264 451 656 1294 1365 1566 1677 2041 2091 2692 
1898	626	413	2	349 690 2488 2914 2945 
1899	798	657	5	1121 1221 1310 1532 1645 2303 2455 2626 
1900	798	563	6	263 410 561 1302 1372 1513 1786 1911 2571 
1901	386	561	10	155 235 278 367 739 1302 1620 1977 1991 2303 2329 2660 2742 2898 
1902	764	156	10	534 1155 2592 2842 
1903	85	920	1	63 441 753 1381 2347 
1904	626	436	3	1089 1207 1652 2002 
1905	890	330	1	53 318 565 1866 1905 2097 2180 2283 2718 2951 
1906	396	436	7	115 192 613 1962 2186 2375 2854 
1907	750	247	4	671 1233 1933 2709 
1908	839	599	7	1299 2486 
1909	890	139	2	199 457 548 1105 1712 1934 2374 2752 
1910	626	164	4	420 1435 1859 2579 2792 
1911	951	999	8	445 1090 1380 1619 1967 1978 2754 
1912	626	338	6	905 1540 2377 2943 
1913	382	284	8	3 209 887 1203 1259 1588 1624 1972 2225 2371 2443 2541 
1914	626	305	5	327 331 880 1789 2023 
1915	626	453	7	1802 1898 2052 2700 2974 
1916	839	774	8	36 2241 
1917	839	378	9	1861 1889 2881 
1918	890	821	3	111 177 654 763 1132 1307 1963 1979 1987 
1919	85	871	2	49 2888 
1920	750	513	5	940 2904 
1921	750	452	6	927 1259 2652 
1922	396	278	8	903 1029 1475 1892 2844 2986 
1923	396	6	9	351 1773 1944 2138 2270 2596 2711 
1924	951	764	9	652 922 979 1629 1812 2150 2803 2956 
1925	951	382	10	686 1932 2032 2205 2347 2779 
1926	798	819	7	325 345 1026 1497 1847 1907 2206 2305 2336 
1927	626	664	8	1476 1838 2211 2923 
1928	626	838	9	612 1065 1690 2388 2724 
1929	890	776	4	97 280 396 735 1020 1266 1281 1678 2202 2345 
1930	560	288	6	2380 
1931	85	614	3	32 1530 1606 1871 2785 
1932	750	433	7	2339 2845 2932 
1933	85	391	4	456 883 1008 2101 2399 
1934	85	672	5	627 1649 2627 
1935	839	500	10	723 1271 2306 
1936	668	41	1	2112 2268 2597 
1937	597	766	1	153 529 1142 1422 1457 2124 2621 2838 
1938	668	301	3	1126 1960 
1939	750	327	9	178 1551 1658 
1940	597	631	2	47 434 1535 1764 2062 2504 2585 
1941	597	60	3	826 1349 1769 1883 1943 2620 2787 
1942	890	48	5	324 727 1267 1314 1799 1865 1881 2373 2428 2992 
1943	396	716	10	550 1094 1687 1737 2797 2836 
1944	750	418	8	27 240 1076 
1945	890	298	6	12 518 790 1190 1412 1632 2187 2534 2583 2707 
1946	85	127	6	179 1123 2676 2903 
1947	560	531	7	1843 
1948	85	495	7	693 760 1536 1746 2551 
1949	798	987	8	910 916 1202 1329 1354 1371 2221 2605 2848 
1950	522	213	1	50 1805 2039 2136 2403 2478 2818 
1951	597	550	4	29 136 1109 1185 1523 1607 2699 2857 
1952	668	326	2	401 1099 
1953	626	177	10	316 1196 1822 2074 2835 
1954	890	774	7	175 709 723 1614 1870 1877 2269 2422 2484 2521 
1955	668	366	5	369 1458 1788 
1956	63	791	1	1072 1604 1833 2196 2798 
1957	597	723	5	924 984 1131 1455 1793 
1958	750	234	10	221 1104 2159 
1959	560	344	8	2048 
1960	341	288	10	213 350 599 636 779 833 974 1175 1610 1984 2558 2624 2843 
1961	798	220	9	175 562 564 1343 1766 1859 2173 2905 2989 
1962	597	989	6	460 1453 1627 1675 1903 2756 2921 
1963	85	295	8	1234 1235 1816 2168 
1964	597	397	7	117 220 244 553 1638 2446 2498 2831 
1965	798	699	10	26 236 666 887 1505 1787 2355 2847 
1966	597	93	8	909 1055 2130 2191 2215 2875 
1967	560	282	10	363 
1968	668	48	4	904 1548 2527 
1969	890	349	8	359 648 962 1003 1377 1546 1582 2210 2606 2809 
1970	522	745	2	428 1482 1644 2058 2496 2646 
1971	668	705	6	605 670 2262 
1972	668	149	8	535 1764 
1973	771	119	1	516 716 875 1665 
1974	14	670	1	423 772 963 1692 2133 2458 
1975	890	933	9	1024 1279 1411 1535 1577 1673 1805 2597 2744 2801 
1976	63	410	2	350 358 950 958 1366 1925 
1977	85	60	9	959 1442 2605 2658 2863 
1978	771	397	2	1942 2470 2751 
1979	912	933	1	2995 
1980	63	382	3	500 1153 1174 1460 2595 
1981	668	109	7	1635 2072 2885 
1982	668	803	9	2429 
1983	668	326	10	973 1110 1288 
1984	63	409	5	944 1231 1595 2437 2533 
1985	85	453	10	1136 1158 1614 2363 
1986	713	989	1	964 1945 
1987	14	621	2	45 48 527 1117 1451 1808 2191 2197 2674 
1988	560	75	9	146 2635 
1989	522	656	3	280 446 941 1559 2435 2532 
1990	912	561	2	2482 
1991	63	575	4	143 564 1994 2351 
1992	14	75	3	167 335 346 974 1462 1563 2599 2655 2918 
1993	771	766	3	998 1643 2005 2334 
1994	522	302	4	193 360 1503 2050 2692 2879 
1995	597	246	9	747 1250 1639 1694 2300 2436 2686 
1996	522	123	5	29 130 1818 2232 2385 2932 2953 
1997	771	998	4	131 806 1155 2747 
1998	818	372	1	641 699 1403 
1999	771	552	5	407 1943 2480 2727 
2000	771	372	6	1255 1547 2870 
