Course	Room	Teacher	Time	Students
1	921	1469	1	253 562 2396 2700 
2	921	474	2	2221 2284 2825 2870 2881 
3	298	501	8	363 449 1907 
4	57	477	9	1201 2519 2711 
5	57	521	10	1789 2323 2573 
6	298	1481	9	1807 2047 2380 2858 
7	596	311	1	1264 2222 
8	921	912	3	1418 1627 1837 2426 2705 
9	596	1074	2	580 1202 2868 
10	596	205	3	456 1064 1853 
11	660	1443	9	71 969 
12	298	305	10	678 759 1814 
13	596	417	4	488 1937 
14	49	1225	1	571 676 2095 2523 
15	596	1284	5	2431 2500 2526 
16	772	885	7	2580 
17	454	270	8	58 341 1910 2156 2953 
18	49	36	2	133 508 946 2529 
19	215	954	5	687 1161 1503 1575 2270 2714 2776 
20	596	230	6	1291 2031 2853 
21	596	204	7	333 1666 2411 
22	660	1339	10	762 2244 
23	215	1369	6	8 1276 1501 2002 2173 2714 2754 
24	454	49	9	10 230 251 715 2114 
25	454	806	10	405 415 1010 1439 1782 2723 
26	49	441	3	764 2613 2722 
27	953	1080	1	2440 
28	772	90	6	
29	772	1328	8	1190 
30	921	906	4	158 848 1536 1992 2900 
31	596	944	8	1236 1237 
32	49	439	4	1071 1186 2071 2186 
33	49	611	5	1706 1960 2771 
34	49	499	6	1466 2808 
35	596	57	9	823 1791 
36	343	1308	1	543 1091 1099 1606 2249 2346 
37	921	1341	5	200 315 509 2330 
38	953	642	2	
39	921	1079	6	409 2007 2894 
40	343	87	2	11 586 1877 1914 2285 2996 
41	921	873	7	119 212 422 596 1345 
42	49	307	7	343 1455 1793 2394 
43	953	1224	3	862 1039 
44	596	821	10	1957 2169 
45	974	907	4	286 470 898 1375 1563 1826 2466 2820 2888 
46	974	443	5	12 433 612 730 911 1001 1512 1616 2885 
47	921	1232	8	570 1136 1442 
48	708	150	1	373 465 1735 
49	909	1430	8	380 720 747 1556 1841 2126 2229 2260 2825 2927 
50	49	1274	8	609 782 2820 
51	772	1393	9	1908 
52	708	1110	3	2693 
53	215	471	7	221 1022 1366 1603 1683 1765 2206 
54	49	877	9	1301 1892 2295 2402 
55	707	249	4	633 1370 1388 1429 1686 1694 2042 2874 
56	49	1381	10	161 205 962 1836 
57	953	1102	4	
58	707	659	5	102 369 593 854 1215 1709 2506 2870 
59	772	1262	10	2775 
60	880	524	1	250 442 1176 1342 
61	880	71	2	66 100 2202 
62	880	790	3	1081 1625 
63	880	1342	4	1437 2379 2748 
64	880	153	6	1298 1569 
65	708	1290	2	174 966 1778 
66	707	561	6	894 1278 1423 1589 1736 1808 2235 2583 
67	953	472	5	137 2553 
68	343	227	3	363 657 1097 1821 2344 2627 
69	707	1390	7	841 894 1121 1183 1221 1265 1845 2579 
70	921	1099	9	1473 1993 2612 2803 
71	921	1316	10	774 1210 1656 2192 
72	953	1376	6	190 2258 
73	708	999	4	1341 1547 1854 
74	343	806	4	433 484 973 1242 2968 
75	708	407	5	524 1414 1940 
76	880	641	5	1707 1994 2571 
77	937	1018	1	384 1098 1185 2227 2711 
78	708	343	6	578 1265 2321 
79	880	619	7	1842 
80	953	828	7	1970 
81	953	838	8	1874 
82	707	1365	8	1 158 342 941 1140 1294 1931 2649 
83	343	359	5	176 573 674 1238 1978 2028 
84	880	953	8	1537 2194 2368 
85	937	233	2	451 1289 1428 2174 2590 
86	937	1308	3	590 1787 1861 2092 
87	919	1345	1	627 
88	937	162	4	865 1117 1264 2234 2870 
89	215	607	8	662 1378 1763 1774 2149 2542 2656 
90	708	563	7	146 765 2501 
91	708	630	8	1988 
92	708	1384	9	2322 2583 
93	919	1219	2	2126 
94	343	368	6	5 331 655 691 808 2240 
95	880	610	10	320 1111 1929 2114 
96	937	621	5	514 1674 1864 1887 2577 
97	343	1194	7	311 541 889 958 2732 2849 
98	937	817	6	65 2115 2576 2593 2913 
99	937	1132	7	1480 2184 2494 2680 
100	708	739	10	700 804 1258 
101	880	174	9	301 1351 1841 
102	215	275	9	964 1443 1805 2341 2817 
103	511	230	1	1127 1131 2162 
104	974	827	6	45 163 406 772 1175 2188 2456 2490 2702 
105	919	283	4	554 
106	343	1141	8	239 873 1310 1923 2248 2712 
107	11	483	1	201 891 2012 2104 
108	953	949	9	389 
109	511	1113	2	306 1822 1963 
110	953	1342	10	1076 
111	165	1385	1	1430 
112	165	1370	2	1225 1826 
113	707	210	9	93 395 490 844 1455 1727 2399 2923 
114	343	1478	9	43 376 888 1259 1418 2709 
115	511	30	3	895 1315 
116	11	751	2	473 1728 
117	937	400	8	933 1297 1574 2512 2671 
118	511	321	4	57 1849 
119	165	1455	3	611 
120	165	858	4	2837 
121	165	780	5	986 1545 
122	165	250	6	526 
123	11	1145	3	529 1454 1916 2028 
124	165	926	7	1283 2727 
125	937	1129	9	443 1608 1867 2352 2510 
126	707	1408	10	335 565 1093 1289 1709 1890 2487 2909 
127	919	410	3	
128	937	1053	10	1474 1645 1697 2555 2874 
129	395	941	1	566 855 1437 2049 2719 
130	11	1185	4	126 660 844 990 
131	165	558	8	
132	165	560	9	617 
133	11	423	5	1638 2092 2653 
134	919	463	5	2242 
135	165	1121	10	1517 2497 
136	343	1208	10	474 581 690 945 1138 1178 
137	215	895	10	62 387 1148 1491 1547 1551 1572 
138	11	1166	6	304 876 1333 1675 
139	11	1354	7	513 2424 2657 2975 
140	511	1132	5	664 905 2590 
141	938	11	1	469 1022 
142	919	1023	6	
143	938	1126	2	632 1142 
144	919	815	7	213 
145	511	510	6	367 2518 2838 
146	676	855	1	127 600 1465 1749 1907 2174 2378 
147	11	648	8	766 
148	249	1398	1	109 211 1029 1227 1483 1621 
149	401	1129	1	619 805 991 1627 1670 2263 2776 2897 
150	511	186	7	528 
151	395	330	2	555 1244 1602 
152	249	60	2	814 1207 1275 1332 2198 2671 
153	11	828	9	214 475 513 1200 
154	676	357	2	91 1042 1460 1623 1652 2701 2773 
155	511	305	8	805 1897 
156	395	473	3	544 669 1149 2681 
157	938	793	3	1748 2959 
158	395	268	4	457 1419 1555 1793 
159	511	1260	9	867 2822 
160	395	929	5	777 1063 1358 1488 1705 
161	395	1455	6	874 2234 2274 2275 2740 
162	395	1067	7	2348 2459 2463 2742 
163	511	897	10	51 197 2697 
164	11	243	10	63 602 
165	401	876	2	367 386 902 1006 1205 2486 2570 2796 
166	729	495	1	1159 1898 2497 
167	395	1404	8	98 1080 1163 2012 2657 
168	729	143	2	2896 
169	938	258	4	573 1920 
170	729	1178	3	220 649 
171	919	941	8	1710 
172	676	1303	3	164 471 539 655 1585 1721 2188 
173	938	1184	5	639 1193 
174	249	1143	3	759 1409 1528 1813 1845 1969 
175	249	284	4	9 719 1224 2098 2919 2925 
176	249	1287	5	44 93 770 1203 1569 2849 
177	938	1016	6	1359 
178	510	575	1	989 2646 2873 
179	395	737	9	340 347 1492 2433 
180	510	911	2	1019 1033 1848 
181	974	299	7	274 280 858 972 1513 1808 2443 2703 2772 
182	938	1259	7	885 
183	510	1273	3	187 1690 2972 
184	938	376	8	839 2754 
185	510	36	4	221 2052 2795 
186	676	980	4	629 679 834 1267 2118 2668 
187	729	445	4	139 1374 
188	676	129	5	269 1363 1388 1538 1692 1817 2467 
189	729	935	5	263 1605 
190	510	567	5	163 613 1859 2505 
191	676	1281	6	208 396 1402 2339 2390 2502 
192	938	1350	9	985 2367 
193	249	1167	6	277 373 1167 1218 2315 2831 
194	249	1334	7	500 1535 1763 1846 1974 2401 
195	395	299	10	446 1620 2055 2757 2832 
196	919	1185	9	200 
197	315	1373	1	1182 1510 1519 1717 1948 
198	315	260	2	36 1278 1543 2176 2512 
199	510	238	6	2050 2482 2934 
200	315	1459	3	111 1190 2815 2896 2907 
201	938	241	10	1389 
202	729	1394	6	1645 1889 2287 
203	919	125	10	573 
204	570	391	2	2115 
205	510	702	7	465 1004 1252 2748 
206	329	662	9	
207	570	893	1	969 1775 
208	729	881	7	46 749 2060 
209	676	112	7	310 405 1433 1617 1667 1783 2153 
210	510	943	8	34 1671 1786 
211	315	581	4	347 444 968 1425 1999 
212	315	894	5	736 1861 2013 2232 
213	729	160	8	277 1476 2826 
214	570	1202	3	1030 2418 
215	315	1232	6	1264 2483 2491 2821 2889 
216	510	1419	9	739 1159 1321 
217	249	1260	8	272 857 900 1484 2123 
218	315	394	7	351 1042 1804 2858 
219	729	1247	9	1355 2101 
220	510	917	10	368 536 1713 
221	570	241	4	531 
222	90	272	1	400 
223	570	368	5	2278 
224	570	155	6	1852 2679 
225	729	1320	10	1048 2251 
226	951	315	1	766 1899 
227	401	933	3	171 735 769 1314 1659 1979 2762 2796 
228	951	1233	2	1788 2354 2367 
229	676	11	8	184 694 1108 1247 1341 1518 2573 
230	570	829	7	2099 
231	909	507	1	193 654 884 1067 1154 1277 1570 1997 2403 2642 2882 2886 
232	249	997	9	441 504 614 919 1099 2905 
233	226	1382	1	375 
234	951	120	3	283 967 1453 
235	90	255	2	795 
236	90	1022	3	
237	951	1176	4	2044 
238	570	1072	8	2504 
239	974	612	8	186 285 764 985 1570 1597 2423 2659 2908 
240	570	206	9	609 1089 
241	676	35	9	1078 1476 1948 2642 2764 2850 
242	570	763	10	1496 2231 
243	226	716	2	76 127 1978 
244	315	486	8	1396 1411 1600 2101 
245	249	430	10	897 1423 1531 2515 2805 2811 
246	226	689	3	467 1701 2143 
247	628	1120	1	331 1090 1393 2195 2876 
248	329	124	8	
249	951	1319	5	299 717 1271 
250	226	354	4	118 413 1682 
251	628	192	2	661 1981 2020 2283 2473 
252	887	602	1	1692 2993 
253	226	454	5	475 2135 
254	974	447	9	125 526 688 775 865 1031 2109 2232 2655 
255	676	31	10	268 492 699 2256 2301 2509 2792 
256	951	1069	7	141 1486 1649 2736 
257	951	612	6	664 1260 1384 
258	226	1035	6	1198 
259	226	396	7	1095 1914 
260	887	672	2	2137 
261	315	1108	9	1598 2184 2278 
262	226	917	8	2699 
263	951	1417	8	981 1890 2575 2990 
264	329	123	10	
265	315	890	10	1534 1589 2107 2219 2460 
266	480	359	1	397 875 1004 1672 2092 
267	951	1492	9	1804 2340 2706 2836 
268	951	957	10	396 1292 2141 2900 
269	480	1448	2	1298 1990 2613 2637 2848 
270	887	756	3	302 1774 
271	628	808	3	621 630 671 1508 1580 2165 
272	90	820	4	
273	480	1350	3	67 75 457 1791 2223 
274	887	740	4	402 
275	226	689	9	1799 
276	480	1061	4	452 631 926 1790 
277	530	1070	1	768 988 1194 1452 1877 2320 
278	480	1328	5	49 158 642 1583 
279	226	1117	10	846 1350 2662 
280	720	1145	1	237 2151 2306 
281	90	541	5	611 
282	771	712	1	913 1179 2066 
283	720	226	2	1971 2711 
284	480	429	6	585 781 1558 1816 
285	720	1096	3	419 989 1332 2996 
286	720	412	4	417 678 832 1132 
287	887	1155	5	1204 
288	887	117	6	541 786 
289	887	930	7	634 
290	480	466	7	1493 1650 2493 2774 
291	771	256	2	115 937 
292	887	1311	8	2067 
293	887	227	9	314 1639 
294	628	955	4	1780 1989 2048 2810 2921 
295	771	449	3	1904 2053 2200 
296	720	1204	5	423 1356 1586 
297	771	1175	4	201 1199 1690 
298	720	122	6	1052 1091 1258 1702 
299	90	1219	6	
300	887	336	10	1334 
301	771	280	5	1792 
302	720	135	7	1422 2178 2393 
303	401	931	4	581 659 1037 1202 1862 2522 2801 2808 
304	720	808	8	220 1954 
305	480	1383	8	324 666 1787 2300 2591 
306	720	1261	9	452 530 871 1855 
307	720	327	10	1600 1674 2158 
308	480	1410	9	568 1276 2039 2100 2926 
309	771	492	6	1633 2992 
310	628	1059	5	196 508 1987 2782 2921 
311	798	1206	1	32 208 2921 
312	798	595	2	601 1025 1189 2220 
313	798	718	3	343 610 1393 1611 
314	480	593	10	753 1060 1758 2110 2290 
315	90	1362	8	
316	628	1054	6	577 1610 2568 2980 2993 
317	771	1066	7	828 981 1351 
318	530	1067	2	584 1420 1502 1801 2145 2155 2234 
319	771	425	8	1605 2127 2592 
320	628	1053	7	116 729 1424 2532 
321	628	928	8	139 351 387 957 2053 2704 
322	530	535	3	60 934 1914 2319 2476 2595 
323	530	987	4	318 1818 1996 2024 2245 2524 2671 
324	108	952	1	997 1960 2545 2858 
325	530	1017	5	72 136 2507 2612 2660 2850 2947 
326	108	507	2	323 1540 1747 2236 2609 
327	771	909	10	1636 2080 
328	798	791	4	575 1340 1447 1839 
329	108	1159	3	816 1731 1873 2660 
330	530	173	6	300 872 1365 2037 2060 2347 2372 
331	256	788	1	494 
332	771	1468	9	1999 2725 2965 
333	798	1293	5	456 1909 2327 
334	798	354	6	1200 1545 1992 2727 
335	401	934	5	531 806 1087 1836 2036 2552 2880 2957 
336	798	264	7	575 920 1824 2693 
337	846	378	1	2000 2394 2529 
338	108	1314	4	503 1110 2492 2963 
339	846	1270	2	822 1455 1727 
340	798	662	8	634 1596 1880 2393 
341	108	462	5	624 906 1560 2855 
342	846	1281	3	2042 2689 
343	256	192	3	726 
344	90	862	7	
345	401	1211	6	707 720 916 1146 1438 1469 2684 2746 
346	90	905	9	182 
347	628	996	9	369 767 912 1006 1732 2885 
348	628	390	10	87 101 989 1007 1745 
349	256	352	2	352 2819 
350	846	628	4	394 1870 
351	943	1184	1	270 439 870 2167 2238 
352	798	577	9	264 565 2270 2301 
353	846	691	5	1494 1889 1904 
354	256	1134	4	1369 
355	943	536	2	376 613 625 718 1843 2675 
356	90	457	10	
357	798	103	10	567 
358	108	287	6	221 452 2120 2306 2320 
359	169	762	1	224 699 887 
360	306	1116	1	1850 
361	974	1472	10	448 604 606 924 1135 1982 2307 2690 2864 
362	256	333	5	2109 2932 
363	169	428	3	262 686 1187 1300 
364	108	402	7	14 1383 1590 1871 2479 
365	401	753	7	332 1094 1311 1352 1458 1594 2499 2841 
366	108	491	8	317 318 703 1488 
367	846	911	6	1925 2327 
368	530	1115	7	129 393 515 751 1164 1511 1994 
369	256	779	6	309 
370	846	520	7	676 1126 2366 
371	530	700	8	743 948 2236 2284 2413 2528 2786 
372	169	430	2	440 1199 2097 2287 
373	169	949	4	282 1545 2444 
374	169	1451	5	2024 2636 
375	846	266	8	142 484 2971 
376	846	1460	9	953 1323 1907 
377	108	1401	9	119 288 705 2871 
378	256	667	7	1050 2898 
379	256	139	8	1328 2375 
380	306	1124	2	2489 
381	108	20	10	491 1303 1725 1865 2835 
382	997	443	1	
383	846	1057	10	69 2342 
384	184	252	1	350 911 1864 1994 
385	101	1383	1	68 1579 2026 
386	184	292	2	1078 1453 1651 2242 
387	256	194	10	71 1381 
388	256	799	9	838 2876 
389	184	528	3	1644 1759 2290 2375 
390	101	1106	2	1655 2945 
391	184	673	4	984 1637 1638 1777 
392	184	791	5	1607 1966 2099 2130 2370 
393	184	560	6	96 1133 1803 1895 1962 
394	169	417	6	70 1771 1893 2823 
395	775	1209	1	1096 
396	775	1496	2	1523 
397	101	380	3	926 2639 
398	943	256	3	1121 1286 1492 1939 2122 2585 
399	169	625	7	41 2190 
400	169	1249	8	918 970 2264 
401	530	855	9	890 1045 1280 1651 2469 2839 2880 
402	306	754	3	413 
403	101	1316	4	777 1288 1873 
404	530	49	10	40 339 481 504 1283 2387 2783 
405	101	896	5	411 1910 2393 
406	943	664	4	178 1357 1503 2944 2983 
407	169	289	9	400 786 1859 
408	943	149	5	118 280 845 1440 1461 2871 
409	306	574	4	1302 
410	306	519	5	2454 
411	943	745	6	194 199 717 1340 1820 
412	184	1447	7	936 1437 1831 2029 
413	997	829	2	
414	943	532	7	42 95 180 204 271 1426 
415	169	186	10	465 974 1215 1391 
416	101	906	6	175 605 783 
417	775	1177	3	
418	101	91	7	2323 2781 
419	101	873	8	168 922 
420	767	945	1	2 1498 1597 2412 
421	297	136	1	345 1654 1696 2395 2621 2712 2827 
422	101	567	9	553 
423	101	548	10	954 1254 1684 
424	163	140	1	1433 
425	775	749	4	1872 2678 
426	767	667	2	270 275 1496 
427	306	1122	6	2516 
428	163	1280	2	1015 2751 
429	163	1418	3	1767 2230 2349 
430	184	103	8	289 1221 2366 2941 
431	184	113	9	1530 2131 2646 2719 
432	163	369	4	905 1868 
433	163	642	5	1795 1993 2810 
434	184	856	10	395 737 1918 2127 
435	459	130	1	81 409 703 1360 2875 
436	775	1131	5	707 
437	163	1283	6	1227 
438	775	1155	6	2882 
439	775	776	7	1745 2575 
440	943	611	8	416 633 1018 1838 2145 2845 
441	459	218	2	25 421 979 1611 2271 
442	297	533	2	196 238 418 1195 2493 2641 
443	767	75	3	1360 2125 
444	459	188	3	236 463 946 2813 2952 
445	997	1233	3	
446	775	562	8	1734 2399 
447	163	360	7	417 1289 1405 
448	459	1138	4	105 258 2142 2616 
449	163	1057	8	1398 2518 2651 
450	163	124	9	825 1750 2783 
451	163	57	10	99 863 2477 
452	775	1055	9	1798 2852 
453	297	1497	3	3 200 1541 1779 1963 2105 2795 
454	767	297	4	1433 2189 2437 2600 
455	997	1095	4	
456	459	535	5	598 1143 1224 2679 2908 
457	297	1415	4	92 809 1318 1689 2584 2665 2672 
458	401	836	8	106 1119 1562 1591 1666 1887 2653 
459	943	1306	9	659 1510 1663 1920 2438 2520 
460	997	1422	5	
461	459	1240	6	146 1518 1578 2127 
462	943	710	10	562 670 930 1175 1219 2156 
463	767	444	6	186 1056 2209 2549 
464	284	100	1	489 1463 2615 2623 2682 2895 
465	297	1282	5	131 1091 1451 2366 2480 2688 
466	745	866	1	948 2130 2639 
467	775	1477	10	1157 2294 
468	553	1477	1	473 628 
469	459	377	7	87 1411 1852 1946 2939 
470	553	167	2	1472 
471	767	1066	5	763 791 
472	306	1266	7	
473	553	126	4	831 2613 
474	297	490	6	226 346 410 1534 1679 2634 
475	997	117	7	
476	767	1376	7	189 682 2872 
477	297	471	8	270 516 640 1149 2033 2261 2415 
478	553	467	3	1994 
479	306	777	8	2552 
480	553	1018	5	526 
481	459	23	8	108 590 856 2285 
482	459	596	9	1769 2014 2900 2939 
483	297	951	7	1136 1298 1797 2069 2239 2716 
484	767	1500	8	1240 1318 2804 
485	745	1454	2	43 1545 2910 
486	553	708	6	2503 
487	767	90	9	275 1450 2095 2547 
488	745	721	3	984 1162 1995 
489	745	1025	4	2066 2181 2710 
490	745	884	5	975 1756 
491	767	778	10	119 1446 2679 2815 
492	297	754	9	17 1408 2090 2113 2431 2700 2778 
493	553	848	7	396 681 
494	401	650	9	64 295 345 655 827 850 1587 2395 
495	284	1107	2	161 259 485 1040 1426 1704 
496	459	985	10	425 1156 1588 2328 2517 
497	553	505	8	
498	306	1311	9	931 
499	745	1253	6	616 1634 2071 
500	745	1151	7	1966 2265 2690 
501	284	1211	3	127 383 881 2157 2435 2599 
502	297	1390	10	36 1521 1905 2186 2319 2385 2567 
503	717	234	1	173 510 550 1541 2138 2398 2771 
504	902	666	1	983 1129 1584 1894 
505	902	1163	2	1284 1968 2432 
506	745	979	8	1158 
507	553	408	9	213 921 
508	745	306	9	554 873 1138 
509	553	1358	10	2767 
510	732	1317	1	1241 1843 1937 
511	717	661	2	264 1835 2151 2158 2410 2530 2823 
512	902	778	3	880 997 2260 2632 
513	592	851	1	
514	286	1288	1	64 357 363 2180 2407 
515	592	671	2	1449 
516	745	818	10	812 1775 
517	284	302	4	18 273 373 814 2204 2987 
518	286	173	2	255 680 1362 1893 2275 
519	732	788	2	2778 2782 
520	902	166	4	244 1208 1708 
521	284	1470	5	500 925 1189 1941 2255 
522	89	548	1	58 78 829 944 1552 1816 2535 2784 2900 
523	286	1293	3	646 694 1103 1576 2161 
524	592	634	3	1949 2704 
525	592	513	4	106 
526	902	374	5	1093 2690 2799 
527	286	915	4	151 797 1304 2792 
528	732	1432	3	1309 2791 
529	902	745	7	1883 2084 2160 2707 
530	284	684	6	937 1309 1464 2630 2926 
531	592	195	5	2423 
532	732	197	4	30 2035 
533	732	684	5	422 1558 2085 
534	732	716	6	1611 1665 
535	401	445	10	669 788 1344 1468 1506 1641 1657 1737 
536	286	1445	5	214 815 1948 2951 
537	732	740	7	240 
538	902	107	6	795 927 1118 
539	306	468	10	
540	732	233	8	679 2935 
541	732	260	9	241 258 995 
542	717	23	3	339 1172 1251 1891 1935 2086 2860 
543	717	891	4	485 902 2068 2276 2355 2416 2472 
544	592	109	6	833 2070 
545	592	1172	7	571 
546	286	40	6	714 1111 1366 2207 2739 
547	717	319	5	606 1466 1536 1609 1827 1908 2166 
548	902	1010	8	702 1165 1691 2352 
549	592	397	8	2141 2823 
550	285	13	2	570 
551	732	461	10	523 1902 2123 
552	286	1262	7	640 993 1812 1878 3000 
553	284	334	7	804 927 1394 1933 1986 2423 
554	661	1409	1	379 823 836 1312 1314 2018 2019 2444 
555	286	869	8	1151 1549 1951 2137 2325 
556	865	827	1	160 2420 2638 
557	592	940	9	2697 2867 
558	284	734	8	430 1984 2086 2328 2485 2561 
559	284	114	9	403 1090 1151 2180 2550 2580 
560	865	26	2	2083 
561	286	245	9	737 1702 2073 2538 
562	286	1435	10	508 793 1376 2221 2561 
563	661	1171	2	77 222 1497 1526 1976 2106 2314 2867 
564	284	15	10	322 977 1436 2410 2589 2893 
565	774	307	1	239 761 1021 1376 2082 2114 
566	946	1059	1	2509 
567	89	1364	2	371 871 1313 1397 1691 2054 2377 2629 2781 
568	865	993	3	2767 
569	661	388	3	44 346 695 990 1170 1379 1497 
570	285	401	1	282 
571	865	15	4	945 2169 
572	285	477	3	
573	592	1224	10	1108 
574	865	1030	5	847 2986 
575	774	888	2	1037 1079 1241 1544 2027 2065 
576	661	865	4	184 779 1580 1753 1822 2055 2480 2985 
577	902	761	9	310 1386 2619 
578	865	838	6	1323 1624 
579	865	461	7	2570 2640 
580	946	366	2	530 879 1761 2638 
581	902	101	10	1608 2179 2964 
582	865	1326	8	1285 1903 2878 
583	774	80	3	322 959 1248 2292 
584	717	1084	6	51 308 440 637 1192 1360 2364 
585	160	1090	1	
586	997	991	6	
587	160	760	3	2458 2939 
588	967	597	1	877 1573 2816 2846 
589	160	770	4	794 2446 
590	967	1072	2	366 987 1692 2249 
591	285	891	5	2421 
592	865	676	10	616 638 906 
593	865	1427	9	1982 2237 
594	427	1368	1	114 1266 
595	427	603	2	2001 
596	967	119	3	502 1714 2023 2748 
597	946	865	3	117 1642 1745 2231 2673 
598	160	1442	2	135 2715 
599	661	851	5	34 1229 1532 2579 2586 2700 2732 2938 
600	285	1353	4	816 
601	160	107	5	2641 
602	946	618	4	535 734 992 2028 2208 
603	967	439	5	28 871 1640 2998 
604	427	720	3	682 980 
605	946	1355	5	79 1469 1851 2047 
606	285	56	6	1195 
607	967	1242	4	1094 2152 
608	717	990	7	163 550 605 2275 2624 2630 2953 
609	160	1036	6	535 2787 
610	967	58	6	675 765 1158 1670 
611	967	303	7	1320 1632 1958 
612	661	858	6	56 929 1071 1090 1436 1772 2011 2930 
613	946	1279	6	37 398 1326 2677 2726 
614	967	301	8	700 1350 1805 2052 
615	285	437	8	
616	967	105	9	1471 1828 2009 2048 
617	160	370	7	2584 2679 
618	285	532	9	233 
619	967	899	10	849 1353 1875 2298 
620	661	857	7	999 1248 1305 1585 1938 2278 2699 2852 
621	946	967	7	181 1207 2020 2662 
622	822	512	1	649 1979 2177 2577 
623	946	156	8	726 1506 2743 2913 
624	822	760	2	952 1135 1689 2718 
625	946	764	9	1028 2168 2198 2471 2597 
626	427	1268	4	519 1235 2569 
627	427	1275	5	851 2886 
628	160	86	8	2096 
629	160	903	9	263 2494 
630	427	1371	6	2159 
631	89	62	3	691 1003 1041 1094 1281 1353 1587 2214 2254 
632	946	1114	10	649 1681 2339 2645 
633	427	812	7	7 1501 1582 
634	427	628	8	711 2916 
635	822	1172	3	399 542 949 1011 
636	198	541	1	605 673 792 1402 
637	160	1436	10	1655 1879 
638	661	1176	8	57 84 203 496 690 966 2132 
639	427	1496	9	2592 2594 
640	822	903	4	2003 2030 
641	198	1330	2	447 1873 2167 
642	774	470	4	131 782 1003 1212 2928 
643	198	800	3	26 874 1970 2358 
644	198	1147	4	472 869 2483 2618 
645	661	1016	9	162 1015 1430 1465 2091 2304 2728 2744 
646	822	803	5	953 1515 2193 
647	717	1170	8	240 273 1173 1507 1974 2072 2614 
648	783	125	1	1666 2196 
649	198	97	5	457 999 1184 2334 
650	717	889	9	470 822 1761 1810 2285 2516 2628 
651	774	796	5	2089 2347 2535 2755 2962 2970 
652	198	1106	6	150 392 458 780 837 
653	198	1159	7	345 1109 1676 2765 2919 
654	717	1331	10	628 636 1011 1533 1662 2471 2625 
655	997	1471	9	
656	198	945	8	784 1133 1139 1248 
657	198	4	9	667 858 905 2037 2933 
658	774	1409	6	151 653 1139 1381 1906 2770 
659	774	521	7	249 1100 1106 1281 2223 2364 
660	822	498	6	91 938 2762 
661	774	262	8	424 568 1362 1599 1696 2985 
662	822	1276	7	967 2043 2374 2548 
663	198	1179	10	168 770 1488 
664	783	238	2	1044 2490 
665	461	708	1	665 1240 2083 2183 2376 
666	170	975	1	183 1060 1549 1738 2046 2133 2415 
667	774	550	9	290 830 1380 1685 1930 2105 
668	170	1469	2	112 234 760 904 1436 1834 2936 
669	427	1019	10	199 1567 2873 
670	461	95	2	384 1170 
671	783	952	3	762 2747 
672	666	376	1	533 1993 2425 
673	783	1326	4	2980 
674	822	1440	8	246 867 1534 
675	170	329	3	908 970 1164 1583 1756 2065 2124 
676	461	405	3	121 223 329 804 1496 
677	822	423	9	2067 2217 2396 2606 
678	666	770	2	1638 2904 
679	774	7	10	601 624 955 2283 2843 
680	197	122	1	73 1000 1286 2002 2500 2649 
681	822	527	10	2005 2191 2368 2474 
682	783	975	5	
683	783	1256	6	1082 1348 
684	783	545	7	2316 
685	783	1351	8	797 1749 
686	554	1489	1	304 1031 
687	666	113	3	1185 1542 1776 
688	285	26	7	
689	285	656	10	
690	667	160	1	1175 
691	783	1394	9	1273 2903 
692	554	150	2	168 646 2034 2534 
693	170	715	4	476 687 872 1509 1928 
694	666	502	4	2296 2639 
695	783	1220	10	177 2840 
696	554	1447	3	1520 1557 2998 
697	197	845	2	392 878 1419 2829 2852 
698	997	240	8	
699	554	457	4	564 1191 1402 
700	554	1247	5	92 
701	461	795	4	842 1354 1721 2168 
702	554	1467	6	843 2591 2811 2997 
703	554	938	7	115 361 391 715 
704	667	744	2	469 
705	554	764	8	120 315 326 530 
706	554	309	9	372 1712 2774 
707	222	1286	1	1660 2760 
708	666	495	5	1574 2687 2963 
709	666	1100	6	1637 2231 2665 
710	666	919	7	1563 1627 2676 
711	197	105	3	583 799 1023 1258 2091 2201 
712	222	1355	2	
713	222	669	3	1906 
714	197	1463	4	856 1403 1640 1911 2525 
715	461	523	5	580 1584 2974 
716	666	884	8	1764 2666 
717	170	444	5	140 180 590 848 1436 2969 
718	666	1071	9	1749 2466 
719	222	1061	5	2608 
720	461	885	6	591 681 684 2273 2560 
721	461	1375	7	137 738 2430 2709 
722	554	1148	10	14 1270 2620 
723	222	159	4	
724	984	243	1	578 940 1866 
725	222	411	6	1150 2765 
726	461	1336	8	236 403 1383 1462 1615 
727	222	1212	7	196 2613 
728	461	1201	9	781 847 1437 2204 2427 
729	984	244	2	559 1883 2851 
730	984	419	3	891 1178 1648 
731	984	688	4	1482 1556 2054 2341 
732	89	492	4	317 478 529 677 701 1391 2032 2043 2273 
733	666	1209	10	143 884 2315 
734	667	912	4	189 
735	42	1202	1	594 1915 
736	170	187	6	160 271 755 1124 1386 2305 2708 
737	197	818	5	1169 1375 2039 2462 2511 2621 
738	42	1078	2	645 976 2110 
739	222	1493	8	847 971 
740	42	796	3	5 1107 2138 
741	661	529	10	416 733 1231 1882 2096 2601 2824 
742	667	1450	3	2683 
743	170	647	7	62 481 1272 1466 1719 2344 2684 
744	461	877	10	1117 1166 1839 2452 2709 
745	42	805	4	1333 2247 
746	984	54	6	260 1591 2924 
747	197	1133	6	59 869 1166 1532 1760 
748	42	137	5	857 1479 
749	197	1080	7	394 510 1236 1987 2407 2940 
750	197	447	8	422 560 579 603 1542 2939 
751	906	669	1	632 1124 1364 2582 
752	984	985	5	2331 2383 2654 
753	222	671	9	527 1808 
754	222	575	10	2187 
755	42	1271	6	1248 2963 
756	906	240	2	1670 1776 1985 2400 2928 
757	197	509	9	929 1118 2016 2203 2345 2558 
758	997	875	10	
759	906	497	3	390 703 1012 2197 2239 
760	667	797	5	2686 
761	906	1341	4	1058 1680 2006 2452 
762	224	493	1	663 2704 
763	197	847	10	656 1700 1835 2077 2736 
764	224	784	2	120 
765	42	253	7	1069 1245 
766	560	1157	1	812 1725 1794 2650 2809 
767	42	1336	9	1271 1593 2223 
768	42	27	8	2650 
769	984	28	7	134 771 1365 2918 
770	42	179	10	66 2981 
771	906	170	5	70 760 1192 1956 
772	906	1436	6	572 1273 1628 1778 2666 
773	560	795	2	539 1309 1790 2710 2790 2905 
774	620	17	1	859 1471 2961 
775	984	1135	8	230 2250 2448 
776	560	92	3	108 128 375 408 1180 
777	984	1491	9	2288 2421 2762 
778	560	1073	4	518 582 1115 1961 2578 2587 
779	224	853	3	724 1550 
780	170	811	8	321 467 1174 1222 1268 1953 
781	906	1169	7	784 1267 1441 1723 
782	906	121	8	412 2054 2643 2944 
783	906	610	9	124 206 1179 1392 2475 
784	667	1290	6	2489 
785	620	244	3	2088 2269 2881 
786	984	73	10	470 722 2819 
787	224	1187	4	
788	623	74	1	102 517 1435 1564 1656 1906 2202 2729 
789	224	269	5	833 2935 
790	170	37	9	533 965 1224 1350 1842 2887 2990 
791	560	237	5	638 813 1625 1686 2629 2648 
792	170	1086	10	22 221 796 1441 1464 1576 1871 
793	224	41	6	733 
794	623	783	2	86 256 1270 1884 1996 1999 2150 2737 
795	769	85	1	740 1942 2334 2548 
796	667	1114	7	
797	769	841	2	821 1177 1657 
798	667	1472	8	
799	560	336	6	120 787 2211 2507 2528 
800	769	1120	3	1084 1553 1737 
801	620	1017	2	1133 1153 
802	667	592	9	231 
803	86	765	1	162 248 942 972 1132 1919 2186 
804	224	524	7	308 2216 
805	769	1077	4	1057 1234 2381 
806	560	450	7	439 622 1190 1522 2023 2574 
807	769	272	5	401 596 765 
808	906	441	10	518 615 1450 2302 2630 
809	560	698	8	961 1188 1196 1277 2266 2830 
810	620	547	4	1173 2806 
811	667	588	10	
812	620	176	5	80 1291 
813	253	774	1	
814	560	212	9	92 1057 1566 1816 2194 2999 
815	224	17	8	250 1067 
816	529	1473	1	199 815 2405 2493 
817	529	780	2	1492 2098 2329 2681 2731 
818	529	757	3	869 1610 2026 2614 
819	86	814	2	130 1208 1385 2344 2588 2736 2828 
820	769	743	6	156 676 768 1471 
821	529	1162	4	51 1458 1987 2261 2427 
822	224	853	9	2795 
823	89	363	5	207 317 385 479 607 1804 2032 2181 2637 
824	620	384	6	22 1371 
825	623	990	3	55 109 341 1947 1961 1987 2233 2444 
826	620	226	7	477 1420 2315 
827	620	1454	8	298 
828	620	605	9	725 
829	224	1005	10	2710 
830	623	1458	4	24 193 589 772 950 1134 1365 2727 
831	620	707	10	514 1335 1503 
832	253	568	2	
833	253	52	3	
834	769	1244	7	913 1044 1389 2753 
835	769	904	8	817 860 1097 2322 
836	373	882	1	15 1367 
837	863	246	2	363 2487 
838	769	1153	9	215 242 2082 
839	529	14	5	1221 1663 2132 2606 2702 
840	373	1459	2	358 2273 
841	863	1126	1	1685 2609 
842	560	1186	10	497 526 617 754 778 940 
843	863	1015	3	625 1617 
844	769	1144	10	910 2602 2789 
845	495	328	1	1645 2160 2547 
846	869	475	2	315 372 546 960 2391 
847	373	126	3	148 821 1194 
848	373	247	4	1397 1894 2881 
849	373	964	5	872 2518 
850	495	1168	2	639 1179 1927 2762 
851	529	127	6	90 179 1460 
852	373	1141	6	136 935 2328 
853	54	1307	1	
854	529	769	7	218 1032 1564 1777 2856 
855	869	511	1	362 1233 1839 2075 2600 
856	373	146	7	428 2695 
857	529	320	8	157 1117 2372 2384 
858	529	165	9	2414 2668 2756 
859	253	158	4	955 
860	863	1111	4	1266 
861	863	786	5	1571 
862	863	680	6	614 2721 
863	869	556	3	587 1269 2219 2447 
864	373	1045	8	177 1181 
865	869	468	4	55 280 579 1523 2694 
866	863	718	7	809 1536 
867	529	1014	10	719 1469 1682 1683 1776 
868	48	876	1	1130 1858 2724 2899 
869	373	202	9	540 752 2960 
870	863	1100	8	1410 2571 
871	495	1277	3	1384 2314 2850 2928 
872	863	1085	9	1370 
873	863	12	10	545 1179 
874	721	887	1	228 
875	373	816	10	2360 2386 
876	48	1122	2	251 1279 1588 
877	253	654	5	2042 
878	253	867	6	1180 
879	721	1237	3	2204 
880	869	872	5	376 2418 2765 2911 2930 
881	721	114	2	1261 
882	495	1253	4	674 1691 2099 2956 
883	721	1073	5	698 2412 
884	632	943	1	2009 2203 2468 
885	495	531	5	1911 2377 2812 
886	495	449	6	291 1705 2135 2656 
887	48	743	3	925 1229 2245 2445 
888	48	721	4	438 887 1017 2108 2311 
889	869	315	6	1096 1613 1699 2073 2140 2251 
890	721	537	4	2380 
891	86	822	3	282 860 1202 1294 2144 2227 2658 
892	48	668	5	292 797 1321 1527 2401 
893	869	802	7	24 250 576 1014 2469 2832 
894	48	116	6	71 435 1677 2289 
895	721	321	6	2387 
896	495	482	7	448 1400 
897	48	866	7	305 409 587 1165 1211 
898	721	923	7	558 1172 
899	632	489	3	2513 
900	869	688	8	956 1364 1770 2212 2267 
901	253	1286	7	
902	632	281	2	1366 2763 
903	495	65	8	866 2171 2252 2461 
904	869	726	9	151 308 795 2309 2624 2868 
905	495	776	9	771 800 1944 
906	869	248	10	556 1405 1427 1461 1622 2930 
907	632	602	4	2790 2851 
908	495	1035	10	159 587 841 2801 
909	48	1432	8	849 1113 1216 1409 2715 
910	355	582	1	847 2176 2379 2628 
911	632	357	5	361 1259 2715 
912	48	562	9	1453 1486 1882 2551 2898 
913	355	1110	2	1192 1528 2257 2929 
914	355	1272	3	2007 2422 2572 
915	632	620	6	1684 
916	632	1263	7	1306 2130 
917	721	630	9	1116 
918	48	587	10	539 1326 2247 2371 2498 
919	893	1025	1	1147 1346 2439 2498 2571 2714 
920	355	650	4	308 590 1597 
921	86	1364	4	895 1045 1480 1724 2307 2377 2826 
922	747	1086	1	238 1034 1846 2419 2935 
923	623	984	5	35 261 601 1393 1617 2503 2674 
924	747	1231	2	942 1431 1902 2078 2267 
925	253	32	8	
926	632	552	8	2246 
927	355	340	5	295 1208 2040 2463 
928	54	1358	2	
929	355	1210	6	20 785 1116 2508 
930	893	489	2	293 382 404 730 772 2664 
931	721	1238	8	877 2087 
932	355	371	8	647 2369 
933	747	1174	4	917 1786 2070 2337 2990 
934	355	849	7	968 1578 2005 2668 
935	632	563	9	2218 2435 
936	747	777	3	365 429 623 2735 2936 
937	632	965	10	2400 
938	355	588	9	39 977 2272 2936 
939	721	1489	10	388 2527 
940	355	1487	10	32 121 263 
941	807	703	1	1114 1135 1644 1797 
942	754	1195	1	2503 2537 
943	754	1092	2	677 732 
944	754	220	3	558 2431 2779 
945	754	601	4	121 1820 2004 
946	54	1480	3	
947	420	1248	1	133 
948	420	136	2	487 1416 
949	54	1430	4	
950	420	283	3	914 
951	420	679	4	1111 2320 
952	420	545	5	2821 
953	420	496	7	615 1508 
954	747	38	5	197 1052 1758 1972 2425 
955	86	65	5	895 1255 1599 1613 1665 2428 2754 
956	807	1026	2	996 1106 
957	754	84	5	959 1180 1342 
958	754	300	6	754 1125 2890 
959	747	344	6	728 1155 1203 2453 2624 
960	420	97	6	362 862 
961	807	1312	4	883 1029 2511 2916 
962	807	1113	3	1667 2400 
963	893	406	3	1197 1930 2093 2278 2731 2938 
964	754	494	7	708 1229 
965	420	52	8	2924 
966	754	43	8	1906 
967	807	920	5	668 828 1348 1929 
968	253	1192	9	1754 
969	420	1152	9	2326 
970	420	583	10	2731 
971	86	558	6	4 491 988 991 1076 1213 1454 
972	54	79	5	
973	253	1284	10	
974	491	1092	1	284 
975	54	1089	6	
976	89	159	6	24 364 443 654 712 1055 1369 1391 2259 
977	491	655	2	2426 
978	807	1493	6	1315 2598 2860 
979	670	910	2	631 
980	86	699	7	969 1107 1277 1368 2155 2345 2421 
981	747	1221	7	123 683 1048 2177 2359 
982	491	1123	3	477 999 
983	670	34	1	
984	747	152	8	81 390 1427 1981 2449 
985	754	640	9	1731 2206 2524 
986	807	1029	7	362 1037 1512 2925 
987	54	1104	7	
988	807	1269	8	299 704 2353 2493 
989	747	401	9	1619 1863 2010 2080 2254 
990	623	580	6	853 877 1250 1338 1901 2182 2411 2691 
991	747	512	10	782 2119 2258 2331 2489 
992	491	1076	4	833 1585 
993	670	224	4	1384 
994	807	887	9	592 1490 2241 2704 
995	590	406	1	243 1565 1689 1715 2108 
996	86	366	8	248 691 790 2491 2674 2718 2788 
997	807	1416	10	232 2508 2852 
998	623	128	7	238 262 478 501 829 1122 1642 1811 
999	754	1255	10	923 1473 
1000	491	965	5	351 2146 
1001	491	258	6	2776 
1002	491	557	7	285 1247 
1003	491	1	8	1092 
1004	424	1021	1	247 720 2288 
1005	275	393	1	419 1739 2871 
1006	623	1123	8	497 767 972 1966 2013 2241 2527 2545 
1007	424	665	2	1574 
1008	893	1215	4	187 487 1150 1595 1796 2607 
1009	275	1052	2	889 1317 1448 
1010	491	825	9	1856 
1011	623	822	9	307 436 677 745 1688 1936 2908 2961 
1012	491	308	10	260 2288 
1013	590	1216	2	758 887 1874 2153 2517 
1014	275	648	3	2187 2650 2889 
1015	590	452	3	20 480 1518 1621 2270 
1016	893	46	5	1355 1424 2074 2158 2346 2973 
1017	590	717	4	247 290 1059 2335 
1018	54	458	8	
1019	893	1208	6	1280 1410 2336 2511 2558 2910 
1020	424	19	3	819 2404 
1021	893	98	7	397 645 660 1034 2036 
1022	94	727	1	70 879 
1023	275	1375	4	289 1800 2040 2696 
1024	275	825	5	68 1076 1282 
1025	590	25	5	47 394 960 1420 1624 
1026	275	1396	6	1042 1744 2545 2669 
1027	424	622	4	1562 2586 
1028	424	1166	5	2722 2758 
1029	94	683	2	2636 
1030	670	1101	3	39 
1031	275	1273	7	234 818 1006 2342 
1032	590	408	6	566 1186 1487 1740 1839 
1033	893	932	8	54 670 1707 2494 2787 
1034	590	371	7	2031 2464 2535 
1035	275	1425	8	134 783 2798 
1036	275	1413	9	236 1472 
1037	590	646	8	505 1603 1626 1739 2216 
1038	424	1344	6	1252 1688 2405 
1039	275	750	10	502 679 1083 1356 
1040	351	485	1	177 1167 2217 
1041	94	400	3	1718 
1042	893	1217	9	27 649 1198 1613 2003 2185 
1043	94	92	4	314 1521 
1044	94	73	5	2539 
1045	94	697	6	2610 
1046	94	101	7	2471 
1047	351	1223	2	731 892 2853 
1048	351	678	3	120 549 810 1203 
1049	893	320	10	153 475 739 1796 1950 2812 
1050	623	601	10	1171 1513 1815 2226 2350 2405 2537 2790 
1051	94	1079	8	
1052	424	1229	7	1288 2450 
1053	261	132	1	252 522 741 1204 1232 1385 
1054	424	339	8	535 663 2829 
1055	94	31	9	2230 
1056	670	1448	5	2061 
1057	424	465	9	128 1753 2846 
1058	261	389	2	806 1715 2038 2203 2505 
1059	424	59	10	2085 2865 
1060	351	784	4	1858 2460 2510 2746 
1061	351	984	6	740 979 1575 
1062	94	1414	10	1967 2959 
1063	431	463	1	141 2932 
1064	670	1144	6	1102 
1065	351	146	5	466 1108 1522 
1066	261	1068	3	436 680 1209 1285 1480 1992 
1067	351	1124	7	270 807 1491 
1068	670	211	7	1872 
1069	670	1427	8	1646 
1070	261	1482	4	1034 1080 1190 1742 2297 2369 
1071	86	1323	9	331 703 1322 1922 2651 2835 2937 
1072	431	589	2	1499 1812 2142 
1073	431	815	3	376 580 763 
1074	670	214	9	
1075	86	131	10	338 874 933 2045 2134 2276 2877 
1076	54	333	9	
1077	557	58	1	788 2869 
1078	590	43	9	787 1033 1096 1404 
1079	431	490	4	1990 2809 
1080	313	910	1	504 1578 1824 1913 2437 2768 2999 
1081	431	1180	5	2244 2521 2789 
1082	909	454	9	54 539 747 893 1206 1389 1533 1853 2120 2941 
1083	261	287	5	99 1504 1656 1675 2397 2508 
1084	351	60	8	1272 1458 1873 2904 
1085	557	842	3	1087 1769 
1086	431	21	6	930 2223 2711 
1087	590	403	10	152 816 1242 1266 
1088	28	325	1	287 801 839 1511 
1089	261	1491	6	418 478 973 1965 2692 
1090	557	18	2	145 870 
1091	351	1365	9	885 2430 2569 2707 
1092	557	1094	4	56 2612 
1093	28	185	2	1054 1370 1441 2788 
1094	670	1464	10	1686 
1095	28	1329	3	433 710 1717 1885 
1096	261	859	7	745 833 1575 2519 2599 
1097	28	597	4	494 912 964 1448 2083 
1098	431	998	7	1102 2100 2298 
1099	557	860	5	2604 
1100	407	1186	1	358 426 918 1985 
1101	313	803	2	1295 1337 1435 1527 2543 2730 
1102	351	1010	10	947 1858 
1103	431	300	8	1088 1284 1583 
1104	557	767	6	1483 
1105	557	251	7	1166 2725 
1106	28	1105	5	1120 2191 2559 2955 
1107	407	1256	2	935 1399 2183 
1108	431	734	9	129 177 2457 
1109	464	554	1	1183 1622 2822 
1110	313	325	3	37 284 533 845 1260 2948 
1111	407	1304	3	506 824 1864 2857 
1112	225	1225	2	2125 
1113	557	520	8	886 
1114	313	860	4	291 527 742 855 1652 2131 2243 
1115	54	950	10	
1116	407	353	4	128 302 2326 2970 
1117	464	356	2	652 1383 
1118	28	179	6	232 813 1131 1385 2257 
1119	606	775	1	
1120	431	1272	10	785 2021 
1121	909	247	2	515 536 574 1427 1571 1781 1863 1952 2362 2531 2750 
1122	225	527	1	1222 
1123	407	543	5	942 1125 1429 
1124	313	153	5	1095 1442 1579 1719 2578 2659 2875 
1125	464	1034	3	122 1429 2962 
1126	407	167	6	225 1290 2374 2519 
1127	313	1127	6	1237 2097 2111 2304 2505 2512 
1128	407	504	7	245 353 
1129	407	1450	8	551 943 
1130	557	1179	9	1621 2488 
1131	606	144	2	
1132	313	291	7	22 458 705 1146 1560 2121 
1133	765	464	1	9 105 762 814 1128 1682 2507 2635 
1134	557	1325	10	223 1806 
1135	218	71	1	769 2826 
1136	225	1239	3	
1137	313	1245	8	132 499 1459 1630 1904 2395 2981 
1138	89	1074	7	403 620 1168 1335 1663 2514 2773 2804 
1139	407	451	9	525 1526 2530 
1140	225	930	4	1360 
1141	261	8	8	1147 1656 1927 2523 2847 2896 
1142	218	237	2	2943 
1143	89	431	8	294 861 934 953 1176 1320 1684 2376 2486 
1144	407	948	10	1507 1965 2751 
1145	464	817	4	1233 1446 
1146	261	854	9	77 149 336 1818 1938 2444 
1147	313	938	9	629 2057 2143 2211 2593 2602 2780 
1148	261	1317	10	623 1081 1998 2318 2969 
1149	464	488	5	1757 1768 2665 
1150	313	1049	10	47 554 1062 1300 1530 2106 2982 
1151	464	127	7	389 1769 
1152	339	460	1	844 1492 1720 2413 2654 2734 
1153	218	752	3	244 2439 
1154	335	960	1	842 1169 1336 1390 2481 2830 
1155	464	59	6	2636 2775 
1156	339	908	2	97 325 566 624 1613 1736 
1157	339	805	3	94 300 2313 2423 2806 
1158	225	967	5	2968 
1159	28	1324	7	378 851 1127 2660 2966 
1160	339	455	4	12 334 398 1155 2683 
1161	339	289	5	415 441 1286 1482 2391 2563 
1162	464	970	8	1084 1293 
1163	335	385	2	757 855 1070 2022 2582 
1164	218	896	4	821 2555 
1165	464	812	9	633 1012 2362 
1166	339	879	6	358 1106 1838 2406 2450 2510 
1167	335	1312	3	496 907 1752 1827 2063 2154 2541 
1168	464	1065	10	28 343 348 
1169	715	391	1	90 271 1339 2350 
1170	715	937	3	115 
1171	715	93	2	959 1038 1335 2079 
1172	225	362	6	
1173	218	843	5	2329 
1174	339	549	7	21 586 595 1110 1529 2025 
1175	335	1367	4	1036 1046 1741 1926 2087 2545 2866 
1176	735	982	1	1256 1309 1870 
1177	339	565	8	494 664 1005 1255 2419 
1178	225	1250	7	
1179	715	1280	4	1162 2999 
1180	28	591	8	761 1618 2988 
1181	218	78	6	330 2185 
1182	735	1111	2	431 809 977 
1183	735	638	4	2785 
1184	28	379	9	623 731 2096 2560 2957 
1185	735	1125	3	448 2073 2720 
1186	335	111	6	55 631 909 1411 2465 2771 2981 
1187	225	775	8	1470 
1188	735	913	5	626 1753 
1189	218	424	7	431 480 
1190	335	686	5	1245 1301 1332 2237 2557 2740 
1191	715	207	5	224 339 495 1506 
1192	735	1395	6	1236 2599 
1193	28	51	10	358 982 1049 1675 2806 
1194	218	1464	8	176 746 
1195	218	767	9	44 
1196	735	210	7	1349 2500 
1197	765	786	2	88 281 561 928 1138 1387 2738 2876 
1198	909	415	10	23 226 311 842 1082 1305 1658 1866 2552 2803 
1199	735	383	8	1194 2078 2635 
1200	218	217	10	
1201	638	303	1	1893 
1202	339	68	9	636 1660 2348 2416 2856 2989 
1203	715	1050	6	438 1047 1850 2449 
1204	638	456	2	744 2429 
1205	735	470	9	1832 
1206	735	1335	10	
1207	715	228	7	464 1189 2251 2612 
1208	339	554	10	97 151 235 480 
1209	638	440	3	2743 2963 
1210	638	625	4	2112 
1211	715	195	8	521 1011 1381 
1212	638	56	5	227 
1213	868	763	1	1815 2877 
1214	638	297	6	810 2216 
1215	868	991	2	298 607 
1216	923	725	1	131 752 1145 1186 
1217	715	249	9	622 1029 1429 
1218	715	584	10	840 2666 2941 
1219	638	1230	7	1070 1364 
1220	868	505	3	1788 
1221	92	547	1	124 611 1214 1695 
1222	92	1300	2	949 975 2357 2381 
1223	335	900	7	466 757 1047 1144 2562 2656 2743 
1224	335	281	8	32 685 1426 1512 2458 2875 
1225	868	1205	4	
1226	923	1137	2	156 1814 2130 2213 
1227	923	455	3	181 857 2634 2976 
1228	92	1206	3	314 923 2775 
1229	751	902	1	234 437 490 524 2200 2491 
1230	638	37	8	1390 1851 
1231	225	1466	9	2320 
1232	92	607	4	445 616 1290 1746 
1233	868	840	5	684 1395 2638 
1234	89	128	9	483 596 777 1219 1854 2647 2652 2749 2901 
1235	868	47	6	638 1742 
1236	638	355	10	1626 2478 
1237	92	1320	5	559 1631 1822 
1238	390	379	1	2006 2836 
1239	923	473	4	67 1476 2717 2949 
1240	92	1331	6	479 1743 1984 2326 
1241	868	1082	7	717 2246 
1242	638	933	9	2842 
1243	923	919	5	52 971 
1244	390	591	2	1938 2906 
1245	868	1315	8	1045 1260 
1246	868	12	9	189 2025 
1247	225	147	10	2777 
1248	92	823	7	2397 2480 
1249	390	121	3	294 
1250	673	1377	1	1408 
1251	868	1182	10	2142 2297 2416 
1252	923	1001	6	1074 1149 1171 2371 2632 
1253	335	564	9	523 1902 2124 2276 2515 2733 2813 
1254	923	1485	7	126 1253 2486 2601 2867 
1255	673	957	2	2441 
1256	390	1167	4	157 2745 
1257	923	962	8	1070 1517 2814 
1258	923	621	9	503 517 1976 2222 
1259	390	264	5	2828 2833 
1260	92	816	8	713 1009 2102 
1261	340	533	1	730 1230 2313 
1262	751	1421	2	159 825 1049 2066 2965 
1263	390	409	6	2658 
1264	751	288	3	563 637 750 856 1026 1896 
1265	92	74	9	404 990 1086 2681 
1266	923	494	10	220 1766 2051 2228 2882 
1267	390	310	7	776 1003 
1268	340	266	2	300 1503 2047 
1269	92	380	10	715 1227 1499 2605 
1270	390	1195	8	524 2880 
1271	390	1023	9	573 1203 
1272	673	10	3	2701 
1273	80	1402	1	962 1226 1352 1611 2268 
1274	765	1190	3	25 134 144 1735 2021 2150 2182 2644 
1275	340	1248	3	340 1766 2514 
1276	340	98	4	1496 1893 
1277	751	411	4	400 761 1334 1765 
1278	340	1056	6	685 1194 2012 
1279	897	1353	1	2044 2330 2811 
1280	193	228	1	80 369 483 957 1927 1929 2152 2291 2298 2761 
1281	751	116	5	343 1325 2607 2772 2869 2978 
1282	673	1476	4	2995 
1283	751	218	6	567 721 743 1283 2329 2863 
1284	751	395	7	347 1443 1447 1519 1877 2526 
1285	765	1302	4	249 427 1457 2019 2148 2610 2614 2986 
1286	340	367	5	114 1988 2225 
1287	340	1082	8	1130 2411 2892 
1288	390	50	10	216 873 
1289	80	347	2	39 1562 2981 
1290	897	1490	2	690 820 909 2581 
1291	89	1351	10	450 944 994 1035 1672 1731 1795 2538 2732 
1292	806	1131	1	
1293	897	1105	3	1655 
1294	673	250	5	8 
1295	340	1283	7	312 1315 2821 
1296	806	951	2	1846 2437 
1297	806	361	3	567 
1298	897	1012	4	630 1592 2279 2489 
1299	80	869	3	391 398 672 1264 
1300	340	493	9	522 2058 2955 
1301	897	1412	6	2263 2357 
1302	80	491	4	242 1668 2113 2175 
1303	897	1178	5	527 927 1155 
1304	340	1221	10	1249 1342 2201 
1305	806	211	4	1801 
1306	476	728	1	577 648 1201 
1307	335	158	10	49 123 1548 1828 2414 2631 
1308	476	413	2	73 1849 
1309	806	908	5	1394 
1310	806	438	6	2299 
1311	673	994	6	2001 
1312	751	1438	8	237 903 1131 1614 1720 2103 
1313	476	598	3	585 
1314	806	206	7	2022 2333 
1315	806	1121	8	786 1587 
1316	476	530	4	414 1699 1787 
1317	673	901	8	932 
1318	751	519	9	118 180 408 509 1632 1773 
1319	897	187	7	629 639 939 2081 
1320	751	698	10	4 371 790 1505 1750 2794 
1321	673	893	7	718 
1322	806	983	9	2092 
1323	80	326	5	1847 2117 2216 2759 
1324	476	1117	5	427 681 
1325	806	1309	10	1459 2915 
1326	634	1045	1	2125 
1327	476	344	7	1060 1334 1336 
1328	476	839	6	43 1105 
1329	765	1495	5	357 630 1162 1802 1936 2069 2430 2447 
1330	80	940	6	1287 1324 1733 2343 
1331	897	3	8	138 748 
1332	251	277	1	294 412 793 1438 1677 2770 
1333	80	165	7	187 517 1238 2365 2456 
1334	80	168	8	902 1795 2244 2544 2964 
1335	80	169	9	174 178 1101 1417 1767 
1336	897	658	9	306 2371 2671 
1337	897	737	10	18 37 1908 2483 
1338	673	382	9	1054 
1339	80	292	10	1030 1847 2451 2983 
1340	262	886	1	1485 1609 1684 2997 
1341	145	1278	1	714 1605 1835 1969 2253 2318 2361 
1342	16	897	1	1527 2380 
1343	262	1004	2	75 283 303 1649 
1344	765	921	6	21 183 1643 1878 2059 2165 2682 2712 
1345	606	713	3	
1346	634	1421	3	985 1559 
1347	16	1236	2	424 577 1363 2878 
1348	262	28	3	38 154 194 731 1152 
1349	606	696	4	
1350	262	1214	4	732 839 1047 
1351	476	626	8	7 38 757 
1352	145	163	2	717 1536 1828 1972 2141 2433 
1353	634	574	2	2932 
1354	476	1347	9	884 1021 2116 
1355	251	428	2	383 472 668 1912 2774 2946 
1356	16	1234	3	692 2361 2608 2789 
1357	145	712	3	1357 1688 1849 2633 2835 
1358	251	1193	3	49 781 1085 1232 1478 2441 
1359	476	422	10	2446 2626 
1360	788	920	1	423 2455 2812 
1361	788	338	2	1071 2840 
1362	16	222	4	320 2188 2546 
1363	788	513	3	1169 2526 
1364	251	907	5	375 1195 1475 1629 1678 2140 
1365	16	1346	5	318 1580 
1366	788	47	4	1710 2936 
1367	788	1367	5	519 1369 2339 
1368	262	1056	5	692 2448 2752 
1369	145	752	4	253 661 1695 2182 2325 2914 
1370	145	1412	5	380 521 824 1026 1343 2333 
1371	634	717	5	1749 2741 
1372	251	932	4	467 538 552 1948 2422 
1373	145	387	6	463 619 1327 1593 2010 2134 2655 
1374	634	1480	4	1063 2582 
1375	626	475	1	495 914 961 1257 1392 1798 2041 2331 2803 
1376	262	1265	6	89 455 944 1137 2996 
1377	765	1274	7	30 850 1206 1356 2495 2512 2864 
1378	251	1171	6	67 301 325 657 725 2717 
1379	634	946	6	34 1758 
1380	673	1083	10	593 
1381	16	673	6	1141 1741 2809 2965 
1382	634	404	7	548 896 
1383	251	1038	7	1495 1516 1521 2057 2307 2338 
1384	251	133	8	853 1307 1676 1746 2015 2626 
1385	16	799	7	39 1940 2621 2661 
1386	904	1058	1	
1387	634	362	8	2283 
1388	16	1008	8	335 1651 2178 
1389	788	1304	6	812 820 1394 
1390	788	1013	7	384 
1391	634	569	9	1786 2922 
1392	634	410	10	2161 
1393	262	1157	7	385 1280 2475 
1394	81	295	1	222 283 
1395	904	1128	2	651 
1396	765	1226	8	196 263 306 1418 1508 1810 1942 2569 
1397	251	1374	9	185 259 1834 2300 2914 
1398	788	1052	8	1100 2095 
1399	16	687	9	1220 1917 1921 2897 
1400	81	1050	2	1005 
1401	81	1443	3	447 2603 
1402	788	986	9	559 2019 
1403	262	582	8	311 534 2195 2952 
1404	904	1246	3	
1405	59	414	1	227 588 837 1817 1836 
1406	251	356	10	296 662 1407 1952 2211 2576 
1407	81	214	4	995 1125 
1408	788	465	10	939 
1409	16	41	10	827 1739 2349 2977 
1410	227	578	1	615 
1411	904	232	4	185 
1412	904	415	5	1392 
1413	81	432	6	2179 
1414	904	327	6	1009 
1415	172	1187	1	468 1092 2281 2918 
1416	59	598	2	279 868 1635 2172 2428 2520 
1417	81	1406	5	2713 2857 
1418	262	840	9	918 1800 2821 2879 2916 
1419	904	1433	7	2279 
1420	262	1096	10	718 1556 1844 2049 2240 
1421	172	639	2	628 1088 2578 2960 
1422	81	1327	7	
1423	904	1497	8	1340 
1424	765	62	9	88 312 687 1554 1605 1664 2536 2722 
1425	227	1189	2	330 1290 1568 
1426	792	571	1	1271 1544 2385 
1427	172	273	3	510 1450 1771 2680 
1428	172	205	4	49 600 1401 2230 
1429	145	685	7	103 1171 1843 1925 2080 2533 2559 
1430	172	886	5	187 302 1671 1975 
1431	81	202	8	838 904 
1432	172	787	6	1967 2451 2820 
1433	227	924	3	1245 2039 
1434	227	235	4	222 1077 
1435	904	856	9	803 
1436	227	1158	5	1213 1220 1967 
1437	59	1174	3	222 708 1235 1572 
1438	792	725	2	437 545 600 1792 2447 
1439	227	508	6	142 1242 1920 
1440	172	255	7	1010 1716 2384 
1441	145	556	8	1259 1796 2165 2287 2454 2469 2758 
1442	81	566	9	309 851 
1443	59	1378	4	451 1934 1947 2486 2779 
1444	792	974	3	394 1359 2152 2848 
1445	606	680	5	
1446	227	350	7	9 1412 
1447	172	1449	8	946 2811 2902 
1448	172	889	10	763 986 1032 1165 
1449	172	115	9	538 563 1167 2441 
1450	466	972	1	634 804 1727 1833 
1451	145	503	9	76 108 267 1014 1390 2110 2461 
1452	227	8	9	2356 2464 2864 
1453	227	181	8	2217 2876 
1454	81	1153	10	1799 
1455	765	1400	10	219 992 1504 1830 2222 2448 2871 
1456	904	280	10	2403 
1457	466	341	2	260 1000 1007 1223 
1458	363	700	1	1327 1971 
1459	466	191	3	361 492 494 2677 
1460	247	390	1	479 2332 
1461	606	456	6	
1462	538	1282	1	204 360 484 1535 1539 1591 2025 2037 
1463	466	1038	4	188 1104 2128 
1464	363	157	2	1603 1852 
1465	363	804	3	1078 1784 
1466	466	432	5	614 1027 1557 2657 
1467	59	1068	5	1412 1699 1755 2325 
1468	466	422	6	74 359 775 2907 
1469	562	425	1	2373 
1470	466	393	7	798 2215 2317 
1471	59	1458	6	1 1417 2004 2147 2356 2940 
1472	466	768	8	2059 2228 2280 
1473	792	659	4	1530 1576 1701 1939 2221 
1474	363	537	5	117 1566 
1475	606	814	7	
1476	792	1213	5	1653 1806 2927 2985 
1477	227	719	10	1243 2780 
1478	145	518	10	33 324 817 1193 1698 2009 
1479	59	992	7	145 169 486 1747 1976 2297 
1480	247	1242	2	414 1222 2157 
1481	59	1378	8	399 537 1772 2021 2586 
1482	59	157	9	515 653 1112 1338 2088 2561 
1483	247	1244	3	1145 1524 
1484	247	66	4	1230 2606 2723 
1485	562	440	2	2991 
1486	59	1368	10	751 877 1351 2382 2590 2742 
1487	247	587	5	1382 
1488	363	499	4	1135 1735 
1489	402	13	1	218 374 506 981 1422 2069 2920 
1490	245	1302	1	534 1409 1764 2194 2443 
1491	466	703	9	6 252 2040 2104 
1492	792	522	6	53 112 1872 2154 
1493	792	409	7	1371 1631 2474 2606 
1494	245	284	2	178 658 1477 1706 2144 
1495	626	1012	2	445 481 896 1148 1734 1774 1783 2468 2919 
1496	792	1382	8	826 1660 1939 2293 2676 
1497	466	1300	10	55 389 1002 1004 
1498	363	1093	6	2104 
1499	562	1343	3	1322 
1500	538	438	2	61 80 228 843 1473 1553 1870 2413 
1501	363	1362	7	2097 
1502	626	1258	3	528 1143 1334 1366 1551 1589 1990 2434 2588 
1503	363	849	8	627 1791 
1504	792	1485	9	367 434 1433 1894 
1505	606	649	8	
1506	562	245	4	1311 
1507	945	1047	1	548 2016 2539 
1508	247	1401	6	101 924 1303 
1509	538	854	3	342 501 547 576 964 1291 1834 2978 
1510	792	820	10	537 852 1721 2892 
1511	363	1027	9	736 779 
1512	247	819	7	173 792 1741 
1513	363	421	10	72 958 
1514	753	296	1	1767 
1515	860	872	1	1730 1862 2191 
1516	860	207	2	1113 1634 1970 2834 
1517	245	1036	3	561 688 1068 1895 2967 
1518	860	976	3	212 1268 1940 2038 2277 
1519	247	683	8	46 1220 1577 
1520	626	850	4	149 390 1525 1693 1744 2499 2669 2752 2842 
1521	860	639	4	213 1600 2754 
1522	945	972	2	353 669 1329 
1523	245	1143	4	626 1324 1643 1852 2487 2937 
1524	945	91	3	618 780 950 1886 
1525	753	539	2	2113 
1526	247	681	9	996 1579 
1527	753	1277	4	135 789 
1528	945	340	4	715 1623 2716 
1529	753	448	3	2317 
1530	945	618	5	825 1153 2589 2703 
1531	753	927	5	2192 
1532	562	1385	5	1635 
1533	247	1289	10	560 800 
1534	402	1345	2	643 1204 1302 1618 1622 2477 2859 
1535	118	687	1	544 2145 2342 
1536	118	773	2	1140 1631 2777 
1537	753	232	6	288 
1538	402	915	3	564 601 642 2128 2532 2566 2905 
1539	118	1294	3	1879 2121 2733 
1540	945	986	6	164 198 531 2172 
1541	402	1410	4	10 1083 1705 1722 1809 1956 2595 
1542	562	1307	6	958 
1543	753	1137	7	
1544	860	288	5	437 650 1598 1712 
1545	562	234	7	
1546	753	1261	8	1253 2600 
1547	562	1051	8	349 
1548	753	1318	9	1730 2303 
1549	860	1198	6	986 1084 2183 2340 2990 
1550	753	744	10	
1551	945	1400	7	658 1696 2082 
1552	945	1407	8	130 153 
1553	538	603	4	415 455 1382 1470 1811 2101 2259 2310 
1554	245	1135	5	133 669 1299 1710 2044 2675 
1555	230	695	1	1239 2925 
1556	626	95	5	435 665 744 894 1380 1434 1510 2404 2534 
1557	118	797	4	2915 
1558	562	589	9	11 
1559	860	723	7	546 2245 2663 
1560	945	1306	10	344 
1561	562	1405	10	2218 
1562	945	1	9	65 690 1303 1872 
1563	402	576	5	449 1024 1344 1581 1673 2893 
1564	245	334	6	1050 1058 1923 2027 2793 2994 
1565	909	342	3	231 410 1569 1632 2011 2040 2051 2084 2432 2667 2888 
1566	593	536	1	2580 
1567	118	765	5	928 2488 2952 
1568	455	40	1	2215 2732 2951 
1569	860	592	8	425 1793 2958 2975 
1570	860	693	9	283 1881 2665 2938 2982 
1571	593	1287	2	672 
1572	118	706	6	496 2056 
1573	860	1357	10	217 685 2676 
1574	402	1299	6	472 1017 1216 1337 1368 1765 2854 
1575	593	204	3	
1576	118	339	7	675 1470 2016 
1577	230	486	2	
1578	118	977	8	661 1380 
1579	455	262	2	1373 2072 2502 
1580	365	847	1	1378 1897 2798 2988 
1581	365	863	2	1269 2364 2735 2802 
1582	230	668	3	700 2114 
1583	230	169	4	2757 2913 
1584	402	935	7	447 555 994 2074 2860 
1585	402	193	8	93 94 217 578 811 983 1757 
1586	245	762	7	74 278 1064 1105 1350 1706 
1587	365	148	3	199 551 660 765 957 
1588	455	1428	3	901 2013 2247 
1589	455	48	4	561 688 886 1798 
1590	230	868	5	444 2992 
1591	230	69	6	673 1924 
1592	230	675	7	2776 
1593	455	1162	5	413 987 1933 2217 
1594	538	111	5	324 709 1762 1763 2098 2205 2227 2760 
1595	455	1041	7	509 1192 1800 2960 
1596	593	1369	4	1878 
1597	593	347	5	961 
1598	593	335	6	1020 
1599	245	480	8	377 626 1858 2310 2819 
1600	230	974	8	2225 
1601	455	251	6	1035 2030 2481 
1602	118	580	9	939 1009 1542 
1603	245	324	9	493 611 1648 1770 2171 2747 
1604	365	868	4	799 951 1533 2106 
1605	245	488	10	965 1404 1868 1915 2214 
1606	365	75	5	181 775 1401 2057 2189 
1607	593	1084	7	1141 
1608	19	14	1	35 216 1211 1515 1707 2964 
1609	230	1387	9	2698 2971 
1610	230	1420	10	2419 2986 
1611	365	170	6	1011 2303 2633 2933 
1612	593	626	9	
1613	455	135	8	888 2517 2728 2841 
1614	538	1229	6	891 965 1709 1725 2218 2261 2431 2912 
1615	455	503	10	85 1293 
1616	402	221	9	325 756 1296 1691 1879 2622 
1617	538	1091	7	47 1689 1752 1867 2516 2691 2954 
1618	575	1236	1	2923 
1619	538	691	8	265 348 567 840 879 2030 2172 2646 
1620	455	1009	9	2151 2931 
1621	19	651	2	999 1048 2076 2334 2388 2979 
1622	575	1077	2	69 1916 
1623	118	715	10	899 2506 
1624	19	926	3	328 395 1225 1310 1744 2035 
1625	402	3	10	661 1209 1785 2164 2210 2472 2708 
1626	19	1030	4	639 680 1130 1428 2322 
1627	575	709	3	1016 
1628	421	419	1	553 1961 2660 
1629	421	268	2	863 1624 
1630	575	1361	4	198 232 
1631	421	1165	4	190 2253 2984 
1632	995	1467	1	188 1493 2308 2631 
1633	995	538	2	295 2017 2337 
1634	365	338	7	1023 1299 2115 2995 
1635	421	753	3	214 1390 1973 
1636	593	690	8	
1637	421	971	5	2818 
1638	365	674	8	12 572 729 1302 2707 
1639	365	824	9	608 1272 2152 2531 2753 
1640	421	1425	6	1479 
1641	421	1486	7	1830 2192 2976 
1642	995	890	3	631 746 822 2661 
1643	365	1169	10	988 1722 2348 
1644	593	16	10	835 
1645	575	846	5	420 740 
1646	575	697	7	607 
1647	19	599	5	266 818 1197 2414 2478 
1648	421	48	8	291 1301 2828 
1649	995	1359	4	656 811 
1650	575	144	6	1292 1477 
1651	19	1108	6	57 88 420 1241 1520 1848 
1652	421	248	9	146 1951 
1653	835	1243	1	352 854 1268 2655 2674 
1654	19	594	7	599 867 1065 1148 1799 2105 
1655	835	1462	2	27 1837 2225 2326 2566 
1656	575	100	8	
1657	421	166	10	551 2898 
1658	995	997	5	644 694 838 1067 
1659	467	1434	1	33 150 650 1049 1243 2093 2672 
1660	294	1433	1	278 
1661	294	67	2	512 
1662	193	1339	2	29 165 167 246 1740 2080 2546 2596 2843 2864 
1663	995	496	6	334 2792 
1664	995	405	7	741 1440 2603 
1665	835	640	3	230 1057 1711 2482 2971 
1666	575	993	9	1257 
1667	467	1239	2	430 1267 1644 1646 1959 2292 2537 
1668	575	1039	10	463 1348 
1669	294	7	3	2311 
1670	174	80	1	1729 1790 1923 
1671	995	1054	8	512 753 2950 
1672	19	1347	8	175 369 755 1295 1403 2746 
1673	835	1203	4	175 1464 2174 2392 2817 
1674	995	980	9	338 386 1132 
1675	995	590	10	1430 2031 2734 2763 
1676	909	1101	4	329 617 774 784 924 1362 1377 1444 1514 2263 2890 
1677	269	191	1	2834 
1678	269	1238	2	1642 
1679	835	378	5	326 552 617 686 1328 
1680	174	1462	3	1724 2181 2955 
1681	174	1329	2	336 2392 2680 
1682	174	384	4	1703 2575 2698 
1683	467	1271	3	333 651 1490 2312 2784 2874 2922 
1684	404	369	1	256 288 841 
1685	19	1426	9	25 852 1274 1305 1345 2112 
1686	294	599	4	2629 
1687	294	1377	5	
1688	269	386	4	447 2713 
1689	174	89	5	2091 2200 2406 
1690	404	632	2	1445 1615 
1691	174	381	6	606 766 
1692	835	115	6	522 1539 2729 
1693	606	175	9	
1694	467	6	4	37 753 1035 1269 1493 1972 2771 
1695	835	85	7	414 962 2483 2689 
1696	174	976	7	304 2669 2850 
1697	174	1393	8	594 1779 2473 
1698	404	953	3	1050 1517 
1699	269	1321	3	2965 
1700	835	1205	8	242 791 1267 1519 2669 
1701	538	278	9	612 794 1658 1988 2251 2268 2429 2460 
1702	404	883	4	684 896 
1703	538	837	10	449 1883 2224 2241 2351 2484 2664 2881 
1704	606	1007	10	
1705	294	922	7	
1706	269	131	5	1526 2250 
1707	835	190	9	60 132 432 550 2582 
1708	835	1444	10	673 1122 1183 2797 2862 
1709	269	794	6	1160 1935 
1710	137	346	1	84 1619 2269 2388 2976 
1711	269	360	8	1127 2638 
1712	174	332	10	198 640 1369 
1713	137	504	2	859 1082 1520 1880 2968 
1714	174	862	9	366 2350 
1715	404	1354	5	670 861 1400 
1716	404	922	6	471 1147 2969 
1717	337	1420	1	1499 2957 
1718	269	1422	7	1722 
1719	294	750	6	2667 
1720	137	450	3	303 832 1588 2739 
1721	269	581	9	1826 2365 
1722	19	1392	10	313 1399 1418 2392 2424 2994 
1723	467	572	5	14 518 577 805 840 2137 2213 
1724	404	2	7	418 1538 2887 
1725	467	482	6	135 723 1223 1434 2424 2720 
1726	337	506	2	701 2757 2801 
1727	41	1298	1	318 560 2076 2173 2504 2942 
1728	41	747	2	444 778 997 1501 2470 
1729	294	1150	9	97 
1730	137	1189	4	110 580 1719 2339 2521 
1731	269	758	10	167 2296 
1732	467	193	7	1851 1949 2171 2252 2428 2536 2755 
1733	404	78	8	18 710 1751 2839 
1734	137	982	5	166 701 1950 
1735	909	1481	5	2184 2215 2248 2267 2274 2335 2466 2574 2751 2791 2815 
1736	337	594	3	1159 1317 
1737	404	459	9	537 1236 1284 2909 
1738	41	1026	3	83 861 1122 2440 2854 
1739	323	1049	1	309 671 
1740	137	1041	6	3 936 942 1344 2515 
1741	137	1269	7	978 1850 1937 2035 
1742	404	1020	10	357 1217 1888 
1743	848	1337	1	582 2001 2847 
1744	337	539	4	953 2743 
1745	137	1482	8	202 855 1724 2506 2583 
1746	294	555	10	2017 
1747	337	661	5	83 152 307 
1748	848	1438	2	898 1094 2187 
1749	137	201	9	224 2403 2453 
1750	137	819	10	1133 2604 2779 2844 2861 
1751	323	649	2	1253 1374 
1752	337	1006	7	662 1046 1051 
1753	323	936	3	401 854 
1754	323	1415	5	2536 2555 
1755	323	63	4	919 
1756	848	1165	3	1975 
1757	848	1475	4	70 808 1550 2741 
1758	848	464	5	556 643 2942 
1759	323	373	6	1493 
1760	848	783	6	934 1211 2077 
1761	345	1250	1	8 739 1075 1582 1801 
1762	762	1125	1	
1763	345	1046	2	289 502 1323 1327 
1764	41	758	4	202 388 634 1109 1594 2933 
1765	345	1380	4	1716 1923 2349 2787 
1766	41	1449	5	73 1303 1467 2078 2294 2472 
1767	41	427	6	132 411 1426 1908 2319 
1768	848	861	7	521 1030 1514 2808 
1769	848	10	8	156 509 806 2117 
1770	337	343	8	1662 2085 2641 
1771	41	270	7	164 1092 1115 1687 1713 
1772	345	222	3	490 1144 1341 1634 2146 
1773	848	1014	9	417 1794 2387 2640 
1774	467	1181	8	296 800 881 997 1478 1525 2750 
1775	625	246	1	52 316 1051 1319 1487 1770 2137 2513 
1776	467	254	9	413 641 1142 1495 2205 2696 2818 
1777	848	453	10	424 1061 
1778	78	709	1	421 763 2622 2907 
1779	345	318	5	287 1043 1335 2720 
1780	345	615	6	423 724 2790 2799 
1781	294	342	8	1832 
1782	345	898	7	259 838 2521 2977 
1783	41	1478	8	181 511 1722 2389 2426 
1784	920	929	1	2527 
1785	467	693	10	165 303 1411 1601 1616 2369 2675 
1786	193	1149	3	114 449 789 872 968 1319 1386 1515 2253 2686 
1787	323	846	7	172 581 
1788	323	1310	8	
1789	626	1213	6	647 1103 1549 1650 1784 1827 2484 2644 2817 
1790	78	1027	2	459 2090 2589 2594 
1791	337	1190	6	80 1484 1993 
1792	193	265	4	123 773 793 963 1160 1299 1471 1891 2085 2504 
1793	323	692	10	2390 2706 
1794	345	404	8	482 1489 2383 2605 
1795	323	785	9	1046 1592 
1796	41	1042	9	484 1143 1681 2164 2266 2928 
1797	345	84	9	606 746 1246 1423 2389 
1798	41	221	10	150 911 1516 1582 2556 2691 
1799	345	1295	10	267 272 290 769 1130 
1800	337	311	9	201 2020 2311 
1801	642	1003	1	1306 2089 
1802	507	1285	1	1 63 195 443 445 486 2543 
1803	920	44	2	1231 
1804	78	961	3	226 594 947 2176 
1805	337	1257	10	2230 
1806	320	878	1	1161 2657 
1807	814	844	1	19 95 1432 1995 2299 2793 
1808	78	19	4	28 411 1840 2548 
1809	587	1093	1	317 431 835 951 1977 
1810	78	670	5	115 1012 2783 
1811	320	613	2	125 854 2290 
1812	78	87	6	442 1217 1626 
1813	507	1426	2	671 706 1068 1847 2524 2533 
1814	320	1147	3	955 2793 
1815	320	46	4	246 1759 2869 
1816	78	67	7	529 557 2437 2554 
1817	78	102	8	1807 2857 2992 
1818	320	1022	5	1140 2252 
1819	920	1154	3	266 
1820	320	1204	6	453 1718 
1821	642	1234	2	767 1039 
1822	320	1154	7	444 1531 2277 
1823	587	881	2	499 1182 2355 2368 
1824	587	66	3	191 431 2061 2520 
1825	587	724	4	17 587 1158 2305 2873 
1826	626	768	7	205 328 883 1008 1546 1817 1885 2282 2683 
1827	78	1146	9	1368 1937 2474 
1828	920	267	4	
1829	625	38	2	173 678 990 2265 2418 2453 2728 
1830	587	1231	5	61 897 1525 1865 
1831	814	966	2	788 1184 1339 2084 2105 2643 
1832	78	45	10	142 323 1559 2733 
1833	642	841	3	1953 2750 
1834	814	1134	3	307 1337 1661 2062 
1835	920	1043	5	
1836	587	793	6	525 1498 2178 2548 
1837	314	557	1	802 1646 
1838	814	1408	4	231 498 1794 1889 2149 
1839	642	616	4	212 1218 
1840	314	1007	2	184 1123 
1841	314	217	3	313 338 1345 2262 
1842	814	948	5	426 1610 1918 2616 2794 
1843	320	720	8	2238 2862 2932 
1844	587	664	7	179 446 750 2391 2986 
1845	507	1083	3	229 240 834 1205 1915 2014 2408 
1846	587	421	8	64 174 812 1572 1765 
1847	814	1149	6	134 803 1876 2043 2160 2645 
1848	320	35	10	1074 2572 
1849	642	1051	5	2031 2403 
1850	642	837	6	1480 
1851	507	476	4	813 1042 1573 2184 2237 2450 2700 
1852	587	355	9	936 1505 2053 2186 2863 
1853	587	552	10	211 1651 1676 2329 2542 
1854	320	1182	9	147 381 
1855	889	798	1	1731 2367 
1856	314	959	4	307 1758 2033 
1857	889	1446	3	130 2399 
1858	642	1075	7	143 350 
1859	814	1297	7	635 931 2001 2383 2973 
1860	625	416	3	69 569 859 1073 1123 1183 2684 2897 
1861	920	329	6	2785 
1862	314	1071	5	237 1177 
1863	642	746	8	1241 2738 
1864	814	89	8	129 219 787 1386 1837 2495 
1865	314	925	6	218 835 1346 
1866	193	308	5	77 162 916 954 974 1002 1404 2029 2513 2934 
1867	507	1387	5	190 1421 1844 2206 2693 2933 
1868	314	426	7	626 1985 2993 
1869	314	316	8	435 1813 2513 2553 
1870	625	1088	4	285 310 332 356 954 2153 2363 2576 
1871	889	163	4	1005 
1872	889	842	2	491 710 
1873	814	1033	9	1077 1293 1331 1413 1959 2892 
1874	625	710	5	143 297 391 562 921 1231 1648 1943 
1875	642	480	9	
1876	507	921	7	1316 1863 2289 2438 2769 2805 
1877	889	209	5	2890 
1878	889	759	6	402 588 1182 
1879	920	774	7	988 
1880	889	1034	7	727 2617 
1881	317	110	1	470 1081 1507 1876 2302 
1882	314	1258	9	666 868 
1883	814	1194	10	1302 1413 2094 2564 2853 
1884	889	212	8	1251 1713 2749 
1885	642	634	10	352 937 
1886	317	479	2	693 1028 2166 2256 
1887	317	1013	3	334 1032 1775 2265 2551 
1888	507	269	6	60 193 1308 1363 2316 2794 
1889	314	609	10	901 1001 1265 1724 
1890	889	474	9	465 815 
1891	317	924	4	335 428 2442 2946 2979 
1892	317	1046	5	348 582 772 1809 2043 
1893	114	137	1	305 1628 2279 
1894	1	328	2	2607 
1895	920	861	8	
1896	840	1063	1	702 939 1812 2150 
1897	889	70	10	2376 2617 
1898	507	1009	8	477 689 1066 1423 2298 2378 
1899	317	1006	6	202 858 1378 2360 2529 
1900	317	1318	7	427 1791 2024 2052 2645 
1901	114	1446	2	74 428 1051 1750 
1902	1	302	1	2475 
1903	114	573	3	1151 1831 2840 
1904	114	848	4	82 360 
1905	507	909	9	143 1072 1095 1382 1742 2000 
1906	920	651	9	
1907	157	561	1	684 1138 2030 
1908	317	811	9	198 1628 1928 1955 
1909	114	1217	5	745 993 2685 
1910	157	728	2	1432 1538 1547 
1911	1	53	3	1606 2602 
1912	114	660	6	1043 2500 2595 2601 
1913	1	53	4	1982 
1914	317	1471	8	1524 1888 2567 
1915	507	983	10	544 798 1121 1131 1462 2271 2522 
1916	364	1392	1	777 945 1892 1945 2010 
1917	462	1043	1	610 674 1514 2088 2783 
1918	157	757	4	225 2436 2943 
1919	838	403	1	
1920	157	845	3	560 2250 
1921	840	285	2	596 647 985 1056 1650 1690 
1922	462	608	2	109 284 602 826 2041 2370 2686 
1923	114	1494	7	545 719 752 1715 
1924	157	1499	5	615 1062 2596 
1925	114	301	9	1726 2959 
1926	157	94	6	2121 2609 
1927	157	1370	7	1737 2673 
1928	840	55	3	326 1008 1563 1991 2401 2424 
1929	317	569	10	520 1220 1680 2243 2454 
1930	364	1384	2	471 883 1092 2808 
1931	364	386	3	336 402 1860 
1932	364	637	4	111 1308 1396 2709 2848 
1933	626	1349	8	194 359 1339 1387 1450 2175 2379 2568 2961 
1934	920	216	10	
1935	762	864	2	
1936	114	278	8	13 468 2154 2332 
1937	364	1156	5	147 1167 1223 1931 2067 
1938	462	429	3	239 693 867 998 1793 2094 2831 
1939	114	596	10	438 2467 2652 
1940	157	424	8	1086 1769 2955 
1941	838	1222	2	129 
1942	838	1252	3	745 
1943	364	1156	6	565 915 1548 2604 2761 
1944	364	635	7	1074 1913 2556 2987 
1945	348	914	1	1637 1986 2134 2879 
1946	364	660	8	226 915 1683 1784 2984 
1947	1	306	5	2440 
1948	348	383	2	688 
1949	364	1047	9	1157 2264 
1950	348	1146	3	330 2224 2892 2893 
1951	1	1199	7	407 1760 
1952	840	345	4	710 1349 2560 2647 2991 
1953	840	201	5	659 866 1141 1249 1789 
1954	840	44	6	532 922 1674 1777 
1955	348	6	5	53 540 1781 1832 
1956	157	50	9	1204 1484 
1957	348	413	4	1773 2077 
1958	1	123	6	779 1044 
1959	838	76	4	353 
1960	838	685	5	91 
1961	364	452	10	1155 2128 2147 2257 
1962	191	20	1	546 608 728 
1963	939	655	1	225 1705 1766 1938 
1964	840	175	7	733 827 1086 1374 1704 2375 
1965	840	291	8	244 453 2122 2139 2265 2451 
1966	840	1042	10	442 668 742 922 1621 
1967	157	388	10	487 2770 
1968	1	748	8	771 1032 
1969	191	956	2	52 982 
1970	626	108	9	95 157 229 302 346 454 532 1998 2573 
1971	1	724	9	327 2820 
1972	462	1264	4	27 1116 1828 1966 2056 2796 2813 
1973	840	271	9	589 982 1120 1178 2294 2374 
1974	972	550	1	1212 1297 2593 2605 
1975	1	1499	10	2891 
1976	939	937	2	1917 2016 2087 
1977	348	223	6	169 426 514 2689 
1978	348	295	7	178 495 876 
1979	462	1048	5	153 201 353 1732 2281 2718 2884 
1980	972	1203	2	1924 2333 2812 2827 2915 
1981	762	801	3	
1982	838	766	6	1432 
1983	6	1334	1	356 531 
1984	348	653	8	980 1152 1347 
1985	6	1107	3	1502 
1986	939	973	3	519 1020 2055 2899 
1987	939	553	4	26 558 863 2737 2948 
1988	462	761	6	434 696 1101 1421 1581 2214 2804 
1989	838	182	7	2505 
1990	838	112	8	
1991	838	1468	10	237 
1992	939	178	5	1316 1565 1869 2761 
1993	625	1173	6	216 459 925 1243 1313 1435 2271 2562 
1994	348	623	9	377 1447 1494 2784 
1995	348	252	10	45 543 1247 1495 
1996	838	863	9	2407 
1997	939	442	6	727 1708 2046 2747 
1998	6	119	2	2208 2872 
1999	939	994	7	275 603 1153 1285 
2000	272	483	2	734 
2001	6	1264	5	569 1718 
2002	462	437	7	945 949 1226 1312 1561 2301 
2003	939	1094	8	210 476 489 519 1326 
2004	4	156	1	312 2079 2590 
2005	191	1019	3	86 2651 2721 
2006	272	1424	1	2211 
2007	939	184	9	1479 1969 2115 2571 
2008	6	1402	4	543 1763 
2009	6	435	6	
2010	272	1303	4	
2011	939	1191	10	122 767 1250 1262 2866 
2012	191	1388	4	
2013	6	959	7	
2014	191	714	5	145 1055 
2015	191	629	6	831 1703 
2016	696	352	1	110 322 1052 2540 
2017	191	894	7	2034 
2018	696	1397	2	1210 1355 2706 2949 
2019	191	446	8	2061 2799 
2020	4	1175	2	986 1379 2159 2937 
2021	191	407	9	164 2616 
2022	696	733	3	2507 2956 
2023	191	751	10	744 2193 2232 
2024	625	21	7	10 502 764 1112 1673 2041 2354 2862 
2025	239	1391	1	1086 1223 
2026	239	1457	2	492 1851 1979 
2027	239	704	3	2308 
2028	696	484	4	227 770 2170 2205 2553 
2029	6	161	8	1869 
2030	696	436	5	15 393 1825 2433 
2031	239	161	4	379 1602 1960 
2032	625	83	8	154 721 987 1104 1177 1654 2565 2907 
2033	696	286	6	332 505 1787 2131 2467 
2034	272	345	3	2396 
2035	462	110	8	362 1146 1337 1945 2146 2373 
2036	272	1267	5	2592 
2037	6	679	9	319 2290 
2038	6	1196	10	156 2547 
2039	239	522	5	1815 2891 
2040	972	608	3	206 613 775 1174 1946 2372 
2041	696	392	7	36 826 2222 2291 2674 
2042	972	627	4	1069 1726 1728 2272 2652 2701 
2043	462	1397	9	7 1085 1764 1932 2358 2855 2920 
2044	144	394	1	185 2568 
2045	696	1322	8	1956 2434 2684 2917 
2046	4	1058	3	14 616 
2047	4	1325	4	293 2280 2697 
2048	239	324	6	834 1075 
2049	144	1180	2	2063 2814 
2050	696	346	9	2882 
2051	626	1474	10	106 254 275 319 379 892 1568 1714 2118 
2052	696	636	10	158 1667 1788 2174 
2053	193	293	6	828 849 975 1342 1351 1566 1869 2045 2155 2436 
2054	625	931	9	292 901 991 1062 1117 1228 1710 2417 
2055	239	766	7	2376 2853 
2056	4	1486	5	1059 2148 2291 
2057	144	595	3	1942 2561 
2058	74	162	1	231 1173 1193 1353 1700 
2059	4	675	6	31 333 736 2618 
2060	239	1070	8	1647 2071 
2061	4	573	7	1401 
2062	144	1099	4	205 
2063	144	506	5	1641 2549 
2064	4	674	9	627 1860 
2065	74	176	2	89 136 723 888 1672 
2066	625	525	10	288 574 589 1008 1021 1935 1977 2306 
2067	972	509	5	808 2113 2238 2639 2987 
2068	239	995	9	141 1410 2760 
2069	239	1275	10	407 1476 1571 
2070	4	772	8	1061 1743 2206 
2071	305	583	1	602 656 742 
2072	4	436	10	1362 1898 2090 2464 
2073	574	544	1	223 547 746 920 1200 1431 1534 1802 2763 
2074	74	1033	3	473 1354 1554 1922 2979 
2075	305	1158	2	1440 
2076	74	1340	4	1053 1607 2075 2224 
2077	896	373	1	1036 1252 
2078	896	833	2	1925 2394 2650 
2079	762	1160	4	
2080	896	638	3	727 1157 1890 
2081	972	188	6	570 1463 1625 1667 1669 2277 
2082	74	29	5	182 535 1157 1588 2442 
2083	144	1116	6	1617 2759 
2084	972	349	7	349 918 1591 2701 2706 
2085	896	1314	5	186 1895 2525 2572 
2086	896	852	4	233 1554 1845 
2087	896	529	6	1019 1849 1887 
2088	972	895	8	310 1238 2872 
2089	144	747	7	276 
2090	74	213	6	547 556 1900 2557 
2091	144	517	8	542 1417 
2092	972	25	9	696 1485 1900 2335 2386 2833 
2093	144	771	9	584 2596 
2094	462	414	10	1222 1625 2566 2644 2716 2940 
2095	305	966	3	1596 2183 2869 
2096	272	435	7	
2097	706	729	1	100 625 704 1612 1861 2036 2747 
2098	972	459	10	885 1089 1402 1541 2103 
2099	74	497	7	802 2540 2922 
2100	74	148	8	400 1287 1376 1463 1477 
2101	272	86	6	
2102	305	1062	4	1027 1249 
2103	272	823	8	281 
2104	209	857	1	172 501 724 850 1602 1755 2190 
2105	896	510	7	507 1907 2124 2312 
2106	74	275	10	735 952 1009 1359 1417 
2107	144	701	10	372 
2108	896	402	8	429 1120 1308 2440 
2109	896	1235	9	150 1154 2745 3000 
2110	305	831	5	2351 2816 
2111	272	1386	9	2394 
2112	305	1465	6	1191 1603 
2113	706	1095	2	257 807 1639 2162 2849 2947 
2114	896	1396	10	613 1345 2389 2744 
2115	412	584	1	42 48 361 784 864 
2116	305	70	7	133 553 2303 
2117	985	1246	1	104 320 1701 
2118	272	349	10	2422 
2119	246	1063	2	2204 
2120	74	670	9	673 1016 1340 2964 
2121	393	604	1	108 383 644 743 1550 
2122	393	1321	2	110 565 1601 2146 2407 
2123	985	487	2	2274 
2124	305	1140	8	75 949 1358 
2125	305	1479	9	276 486 2739 
2126	305	164	10	
2127	412	4	2	1168 1532 1653 1941 2250 2645 
2128	246	859	1	1640 2473 
2129	246	643	3	2542 2737 
2130	412	1372	3	116 331 370 586 1570 2379 
2131	574	1407	2	2 374 598 620 840 1400 1955 1991 2279 
2132	985	198	3	1113 1247 1483 1820 
2133	985	844	4	75 759 2332 
2134	393	372	3	910 1607 2022 2166 2974 
2135	393	120	4	548 941 2470 2703 
2136	647	61	1	1344 1512 1918 
2137	647	798	2	368 1318 2241 
2138	246	1395	4	2502 
2139	985	88	5	683 1726 2087 
2140	412	185	4	5 86 460 571 803 1751 
2141	393	690	5	370 1685 2413 
2142	393	526	6	162 299 910 1693 2828 
2143	246	672	5	141 1878 
2144	985	958	6	128 170 1902 2062 
2145	647	1431	3	929 1321 
2146	985	549	8	675 1523 2898 2912 
2147	412	96	5	50 696 1054 1443 
2148	647	1388	5	1198 2309 
2149	412	267	6	391 1304 1531 1687 2385 2978 
2150	647	1064	4	194 693 2343 
2151	393	254	7	692 898 1139 1459 2924 
2152	959	807	1	2270 
2153	706	1487	3	541 1432 1943 2411 2619 2756 2910 
2154	412	487	7	956 1052 1292 2915 
2155	246	641	6	645 
2156	246	259	7	2992 
2157	647	970	6	747 951 
2158	985	901	7	964 1056 2371 2721 
2159	246	1020	8	1808 
2160	393	613	8	247 1014 1895 2081 2254 
2161	647	637	7	1539 1581 2257 
2162	959	1220	2	2465 
2163	412	1406	8	352 385 576 938 2112 2455 
2164	647	209	8	124 1096 
2165	985	1268	9	2190 2974 
2166	706	1039	4	101 315 474 757 932 1431 2766 
2167	393	977	9	1285 1757 2102 2670 2765 
2168	246	1151	9	1747 
2169	412	332	9	3 31 722 1569 
2170	985	1102	10	871 950 2059 2132 
2171	207	1091	1	808 2068 2637 
2172	959	832	4	2195 
2173	207	635	2	700 1572 1775 
2174	246	472	10	2433 2488 
2175	207	1386	3	234 992 
2176	574	830	3	112 928 1261 1301 1924 2338 2574 2584 2777 
2177	207	875	4	170 1880 1965 2666 
2178	811	779	1	165 1803 
2179	959	652	3	2620 
2180	811	318	2	2935 
2181	393	1442	10	140 583 641 1817 2841 
2182	762	502	5	
2183	207	348	5	1505 1821 2768 
2184	647	1164	9	603 908 2603 
2185	207	1215	6	1449 1657 2197 
2186	706	397	5	419 641 933 1237 1855 2967 
2187	207	458	7	2116 2330 
2188	811	1315	3	2107 2133 
2189	509	141	1	675 778 1274 1375 2739 
2190	647	203	10	399 2703 2728 
2191	509	1285	2	50 280 785 2469 2696 
2192	207	555	8	727 
2193	706	1062	6	154 899 1481 1497 2148 2428 2867 
2194	209	1112	2	124 203 299 816 995 2538 2653 2844 
2195	209	377	3	849 1472 2324 2425 2454 2678 2810 
2196	509	787	3	514 1002 1401 2096 2940 
2197	959	1223	5	1288 
2198	954	564	1	2136 2891 
2199	207	1398	9	797 1723 
2200	954	500	2	450 2380 
2201	954	1414	3	1780 2117 2459 
2202	762	936	6	
2203	207	399	10	64 1273 2088 
2204	509	1181	4	90 915 2496 
2205	954	1191	4	620 771 1371 
2206	706	1005	7	572 754 1026 2502 
2207	417	577	1	1655 1754 2736 
2208	706	694	8	232 378 1543 2163 2316 2593 2763 
2209	509	382	5	407 671 903 1333 2122 
2210	954	1263	5	63 144 
2211	811	1340	5	2716 
2212	417	1000	2	1333 2481 2563 
2213	417	235	3	245 755 1590 
2214	412	571	10	482 1160 1743 2065 2117 
2215	706	878	9	131 1199 1325 1406 2079 2873 
2216	811	1483	4	1329 2180 
2217	509	960	6	473 1269 2248 2441 2725 
2218	509	208	7	144 1300 1912 2404 2729 
2219	209	772	4	81 477 608 1903 2367 2419 2598 2929 
2220	509	695	8	923 1812 2617 
2221	436	1138	1	536 758 1072 1933 1998 2917 
2222	417	1245	4	98 296 2209 
2223	509	1196	9	1573 2623 
2224	436	370	2	657 1554 1922 2074 2199 
2225	436	1109	3	267 1372 2734 2738 2887 2906 
2226	417	928	5	1015 2295 
2227	706	1343	10	337 980 1579 2496 2523 2833 
2228	509	1235	10	314 1664 1897 2466 2670 
2229	954	1241	6	890 1599 2295 
2230	954	880	7	219 337 534 
2231	417	290	6	245 799 902 1584 
2232	436	317	4	355 725 1875 2038 2457 
2233	996	479	1	272 496 646 
2234	811	821	6	1754 
2235	574	64	4	62 66 612 651 1033 1414 1474 1830 2315 
2236	996	1251	2	970 1619 2240 2597 2988 
2237	385	1460	1	28 273 365 1144 1810 1962 2983 
2238	417	964	7	899 1983 2136 2610 
2239	417	1089	8	211 1256 2816 2934 
2240	959	16	6	776 
2241	417	546	9	58 2179 2233 
2242	417	620	10	278 975 2568 
2243	811	1475	7	197 630 
2244	954	1360	8	40 1275 
2245	574	171	5	27 218 304 439 1277 1455 1468 1729 
2246	954	692	9	916 2495 
2247	299	1335	1	2459 2872 
2248	959	572	7	2373 
2249	811	372	8	2177 
2250	996	647	3	397 571 737 1500 2049 
2251	299	183	2	1020 1466 2977 
2252	996	704	4	166 875 1663 2187 
2253	385	644	2	85 648 897 1093 1095 1215 1454 
2254	512	836	1	148 354 1329 
2255	811	1173	9	83 
2256	954	1266	10	1118 1383 1587 
2257	811	962	10	2249 
2258	559	1494	1	
2259	559	719	2	542 1145 
2260	512	609	2	736 
2261	299	742	3	460 
2262	512	746	3	286 1001 1405 1458 
2263	512	1434	4	1511 1819 2429 
2264	512	999	5	219 2328 2353 
2265	209	145	5	204 276 511 523 1596 1826 1924 2305 
2266	559	1416	3	2069 2498 
2267	299	882	4	378 1754 2982 
2268	436	727	5	417 795 1263 1330 2452 2554 
2269	436	1391	6	735 1616 1951 2522 2570 
2270	512	1298	6	1016 2094 2365 
2271	209	1324	6	159 551 1210 1311 1919 1980 2346 2603 
2272	512	164	7	796 2446 2686 2713 
2273	559	1183	4	1013 2207 
2274	574	701	6	184 540 1208 1310 1322 1440 1695 2532 2579 
2275	996	1001	5	26 1339 2007 
2276	512	1301	8	254 1552 1674 2931 
2277	299	632	5	406 1886 2120 
2278	436	154	7	520 842 1664 1806 2611 
2279	559	1322	5	1964 
2280	996	879	7	1129 1555 2070 2692 2931 
2281	512	511	9	599 920 1239 1551 
2282	559	286	7	255 2002 
2283	559	151	6	917 2355 
2284	762	1476	7	
2285	385	1380	3	238 825 1072 1374 1555 2631 
2286	436	76	8	215 245 1325 1486 1971 2625 
2287	436	24	9	768 1240 1460 1647 1874 
2288	299	749	6	1782 2168 2236 
2289	996	446	6	1128 1500 1865 2072 2945 
2290	436	677	10	276 1234 2429 2610 2802 
2291	512	1210	10	155 917 2101 
2292	996	453	8	1950 2550 2578 2648 2937 
2293	299	81	7	341 1304 1415 
2294	299	1150	8	569 
2295	128	653	1	455 1270 
2296	385	1488	4	203 829 1462 1548 2347 2637 
2297	559	633	8	
2298	299	1164	10	2145 2549 2768 
2299	128	1142	2	2826 
2300	209	544	7	193 248 852 1640 1896 2361 2800 
2301	385	61	5	584 773 1489 1650 2445 2565 2946 
2302	959	1484	8	1055 
2303	559	1044	9	
2304	128	1372	4	663 1219 2220 
2305	288	147	1	1216 1449 2149 2943 
2306	288	1097	2	943 1073 1717 2011 2116 2439 
2307	299	1403	9	23 1645 2997 
2308	288	1371	3	138 1931 2522 2540 2766 
2309	559	337	10	1182 1829 
2310	959	319	9	
2311	658	605	1	2587 2772 
2312	128	1373	3	321 450 1672 1986 
2313	959	1431	10	1467 
2314	128	1255	5	546 
2315	128	686	6	792 841 1712 1860 
2316	996	705	9	91 547 819 2024 2476 
2317	385	1069	6	279 597 622 738 1387 1756 2029 
2318	658	923	2	1156 1768 2958 
2319	128	1216	7	627 1861 2951 
2320	513	1461	1	
2321	128	694	9	1662 
2322	996	341	10	404 1346 2539 2858 
2323	884	1161	1	297 488 2048 2557 2970 
2324	658	1064	3	1548 2330 2807 
2325	658	666	4	321 695 1271 
2326	884	831	2	1017 1961 1982 2233 2338 
2327	762	1381	8	
2328	513	1295	2	1134 
2329	513	389	3	265 1307 
2330	288	711	4	1187 1278 1498 1505 2497 
2331	884	832	3	58 948 1324 1675 
2332	128	323	8	79 2766 
2333	884	9	4	88 698 1837 2202 2627 
2334	658	500	5	298 756 810 
2335	128	785	10	832 1396 2459 2560 
2336	288	54	5	1597 1932 2167 2384 2632 2997 
2337	778	913	1	
2338	658	367	6	1470 1668 
2339	366	755	1	1025 1180 1708 2199 
2340	513	1417	4	100 923 
2341	288	1292	6	114 454 464 2125 2800 
2342	366	781	2	831 1412 2212 
2343	288	1309	7	905 955 1404 1952 2240 2961 
2344	884	434	5	873 1759 2100 2753 2995 
2345	658	271	7	875 963 1286 
2346	778	1048	2	
2347	658	1357	8	529 1397 1623 
2348	658	34	9	917 1343 
2349	366	1379	3	981 2321 2553 
2350	884	365	6	82 1871 1914 2318 2408 
2351	366	478	4	171 1557 2017 
2352	385	330	7	695 830 1205 1840 1904 2264 2406 
2353	658	1349	10	2807 2960 
2354	513	1346	6	
2355	385	939	8	207 500 1550 1701 1748 2309 2468 
2356	288	239	8	1785 2688 2842 2911 
2357	51	681	1	756 
2358	778	1227	3	2382 
2359	51	1249	2	48 963 2785 
2360	778	322	4	2889 
2361	366	1003	5	468 1954 2646 
2362	385	64	9	468 1176 1636 1716 2034 2323 
2363	51	498	3	257 2702 2772 
2364	884	1413	7	654 1445 
2365	51	1119	4	435 819 1715 
2366	513	1483	5	1561 
2367	884	1000	8	1595 1703 2609 2846 2877 
2368	884	755	9	137 632 1310 2463 
2369	193	171	7	265 277 297 831 1770 1868 1943 1995 2063 2868 
2370	51	1078	5	1023 1698 2662 
2371	51	88	6	122 1142 2352 
2372	513	699	8	2047 2359 
2373	884	1323	10	364 525 569 976 2461 
2374	778	1423	5	
2375	288	508	9	56 316 364 848 913 2945 
2376	790	1359	1	1069 1137 1857 1881 2692 
2377	366	1112	6	778 868 1079 
2378	366	381	7	938 2089 2280 2353 
2379	209	654	8	113 166 374 538 741 1419 2391 
2380	366	916	8	112 1652 2374 
2381	51	1361	7	216 2792 
2382	51	1197	8	515 851 2321 
2383	51	1075	9	152 1171 2093 
2384	762	1289	9	
2385	366	364	9	379 597 697 1181 
2386	513	1139	7	469 
2387	51	1424	10	900 1623 
2388	308	2	1	909 1500 
2389	366	335	10	862 2950 
2390	513	518	9	253 2385 
2391	308	83	2	1478 2685 
2392	308	104	3	169 886 2950 
2393	790	426	2	698 1594 1633 2058 2995 
2394	66	864	1	925 1885 2363 
2395	385	358	10	8 1329 2027 2196 2970 2972 2980 
2396	790	947	3	13 327 1608 1847 
2397	790	1441	4	266 676 1010 1421 2841 
2398	288	1031	10	802 959 2615 2884 
2399	513	540	10	789 
2400	209	298	9	591 891 1668 2018 2136 2377 2511 2865 
2401	2	1292	1	
2402	308	756	4	59 541 1788 
2403	66	627	2	2445 2967 
2404	719	102	1	336 830 1273 1395 2121 2530 2966 
2405	308	954	6	943 2138 2818 
2406	778	143	6	
2407	2	1109	2	243 2301 
2408	790	1418	5	251 2196 2781 2903 
2409	308	337	5	2136 2275 
2410	308	462	7	366 1635 
2411	790	145	6	593 859 1018 1841 
2412	818	1104	1	416 691 1027 1641 1653 1703 
2413	66	807	3	723 1075 1912 
2414	790	1437	7	1725 2126 2372 2778 
2415	818	138	2	1053 1953 2068 2209 2246 
2416	308	223	8	608 2774 
2417	66	834	4	1400 1620 2654 2830 
2418	790	133	9	478 1491 2281 2577 
2419	66	1257	5	96 1068 1457 1816 
2420	778	1456	7	2008 
2421	778	834	8	350 
2422	790	1288	8	252 1198 1356 2355 
2423	778	741	9	
2424	308	180	9	387 2585 2672 
2425	790	1142	10	1544 1831 2073 
2426	2	1127	3	648 1686 
2427	2	992	4	1207 
2428	193	412	8	4 233 432 450 1206 1388 1619 1729 1968 2135 
2429	2	526	5	544 2097 
2430	66	769	6	256 281 756 2597 
2431	2	826	6	2845 2896 
2432	762	395	10	
2433	818	1103	3	208 1445 2863 
2434	778	1037	10	2143 
2435	66	904	7	159 893 1097 
2436	818	140	4	144 801 927 1226 1363 1438 
2437	818	939	5	254 729 980 1064 2000 2695 
2438	603	1188	1	206 513 2247 2744 
2439	603	593	2	1023 1196 1687 2559 
2440	603	375	3	483 668 966 2112 
2441	818	800	6	68 1934 1953 2282 2401 
2442	66	542	8	2129 2942 
2443	2	239	7	1054 
2444	2	1327	8	1612 
2445	66	1428	9	303 2544 
2446	192	677	1	1959 1965 2844 
2447	66	1140	10	758 2726 2749 
2448	2	104	9	2851 
2449	188	1226	1	
2450	192	1237	2	1932 2462 
2451	308	794	10	2599 
2452	2	1445	10	111 2901 
2453	949	1405	1	1311 1494 2707 
2454	949	259	2	24 2055 
2455	949	534	3	638 2973 
2456	211	705	1	
2457	192	331	3	976 1228 2302 2647 
2458	192	478	5	952 1275 2228 2622 
2459	192	231	4	943 1454 2282 2786 
2460	192	899	6	518 860 2588 2629 
2461	209	1040	10	1003 1330 1593 1784 2054 2399 2677 2976 
2462	211	189	2	240 
2463	192	1118	7	1018 1844 1967 
2464	818	658	7	591 1119 1916 2106 
2465	192	385	8	368 597 2100 2208 
2466	603	1240	4	1040 2283 
2467	574	152	7	20 651 783 834 1124 1393 1926 2594 2619 
2468	205	1279	1	532 
2469	818	469	8	6 552 1159 1921 2255 2926 
2470	909	1267	6	38 635 1425 1560 1957 1968 2141 2378 2475 2620 3000 
2471	949	1294	4	971 1152 2336 
2472	949	149	6	1073 
2473	205	326	2	57 434 
2474	949	1352	5	233 780 1666 
2475	603	96	6	148 476 1752 1944 2212 
2476	949	427	7	313 2927 
2477	949	995	8	548 2282 
2478	205	1040	3	68 
2479	205	644	4	1842 2580 
2480	205	1252	5	2721 2918 
2481	924	956	1	892 1097 1323 1946 1963 2305 2583 2807 
2482	818	1465	9	40 607 1330 2243 2482 2952 
2483	603	1356	5	585 1697 2551 2862 
2484	205	294	6	568 1085 
2485	603	322	7	243 498 1114 1395 2830 
2486	205	42	7	1040 
2487	192	656	9	135 845 1738 1949 
2488	949	540	9	160 461 
2489	192	1456	10	522 1358 2177 2829 
2490	211	702	3	2604 
2491	508	732	1	140 1238 1813 
2492	508	978	2	1913 2427 2618 
2493	603	570	8	356 382 2336 2427 2793 
2494	508	905	3	170 1564 1713 
2495	508	614	4	648 1782 2269 
2496	205	870	8	485 1468 
2497	159	739	1	595 1033 1298 
2498	603	790	9	575 899 1038 1779 
2499	205	182	9	1529 2052 
2500	949	290	10	460 1583 2903 
2501	159	151	2	495 1699 
2502	205	927	10	973 1633 
2503	508	946	5	625 1081 2626 2825 
2504	773	134	1	963 1164 
2505	603	1348	10	499 1187 1540 1734 
2506	818	448	10	530 642 1294 2680 2845 
2507	784	979	1	786 994 1396 2667 
2508	924	1085	2	455 543 1251 1498 2658 2865 
2509	719	748	2	227 1099 2361 2519 2608 2687 
2510	416	517	1	229 420 1172 2219 2362 2661 
2511	773	576	2	313 1859 
2512	773	358	3	1166 1777 
2513	924	1198	3	667 782 818 1833 1840 1905 2504 2753 
2514	159	902	3	635 2490 2719 
2515	159	1278	4	340 2314 2891 
2516	508	1214	6	147 493 1552 
2517	773	467	4	396 2201 
2518	159	1466	5	944 
2519	773	1461	5	2420 2611 
2520	784	1379	2	461 958 1367 2035 
2521	159	279	6	1452 2495 
2522	159	1276	8	2262 2870 
2523	159	1197	7	819 1451 
2524	211	568	4	911 
2525	784	810	3	278 811 2390 2656 2901 
2526	784	199	4	274 696 1250 1900 2289 
2527	211	1161	5	609 
2528	211	216	6	
2529	416	631	2	344 664 1274 1467 1762 2605 
2530	508	178	7	1832 1886 2313 2470 
2531	159	947	9	255 733 
2532	416	870	3	268 1040 1253 2078 2111 2799 
2533	159	1470	10	2443 
2534	508	804	8	1109 2775 2835 
2535	508	542	9	732 1373 
2536	508	1222	10	17 824 1154 
2537	719	1479	3	598 609 628 890 1919 2109 2530 
2538	465	1429	1	540 1357 1373 
2539	640	622	1	1089 2102 2596 
2540	640	1251	3	1768 
2541	640	843	2	912 1934 
2542	640	1360	4	345 866 1000 
2543	640	1031	5	545 1559 
2544	640	55	6	105 432 2741 
2545	416	663	4	781 1197 1434 2191 2324 2476 
2546	640	199	7	588 2258 2398 
2547	465	833	3	697 969 2587 
2548	773	81	6	1214 2445 
2549	465	460	2	236 420 2912 
2550	640	1192	8	1211 2888 2894 
2551	416	197	5	209 392 493 1218 1456 1767 
2552	784	645	5	230 951 1306 1892 2663 
2553	416	663	6	188 388 436 521 1087 1491 
2554	465	309	4	1193 1485 
2555	640	802	9	516 
2556	640	1241	10	1783 1809 
2557	719	1429	4	652 682 1014 1639 2662 2730 2832 
2558	854	981	1	1659 2098 2731 
2559	773	1076	7	269 2370 
2560	784	1060	6	228 414 1230 2170 
2561	416	782	7	452 525 1201 1728 2838 2923 
2562	773	293	8	96 2168 
2563	719	154	5	29 713 1007 1103 1300 2050 
2564	465	253	5	878 1481 2956 
2565	773	198	9	
2566	854	190	2	2189 2288 2742 
2567	416	1488	8	364 508 2062 2076 2611 2777 
2568	773	801	10	1802 1860 
2569	968	839	1	138 
2570	416	194	9	576 1004 1577 1673 2051 2767 
2571	784	809	7	443 1134 1854 1989 1997 
2572	465	231	6	298 982 1586 
2573	784	99	8	249 1529 1825 2797 2818 
2574	784	900	9	42 63 2015 
2575	784	852	10	575 1981 
2576	39	1168	1	1553 1732 2422 2670 
2577	465	353	7	1391 1407 
2578	854	1115	3	2297 
2579	211	604	7	1160 
2580	968	1227	2	
2581	465	1344	8	1408 2214 
2582	39	950	2	618 1077 1341 2107 
2583	211	867	8	
2584	854	229	4	168 1877 
2585	211	773	9	1537 
2586	465	63	9	1308 1820 2779 
2587	854	1498	5	1984 2142 
2588	39	1404	3	1479 1918 2470 2484 2597 
2589	854	615	7	294 1540 
2590	416	652	10	15 31 466 594 1557 2546 
2591	211	294	10	1382 
2592	854	501	6	46 1955 
2593	854	276	8	1834 2289 
2594	854	1207	9	1884 2406 2726 
2595	719	313	6	252 1154 2229 2285 2338 2345 2758 
2596	968	141	3	721 2449 
2597	854	79	10	517 2888 
2598	465	578	10	42 301 2388 
2599	965	313	1	
2600	61	1032	1	13 2193 2351 
2601	684	1356	1	385 593 2170 2239 2421 
2602	719	93	7	323 674 996 1954 2296 2801 2899 
2603	591	789	1	7 2008 
2604	61	789	2	1438 2300 
2605	684	736	2	549 751 1452 2276 2885 3000 
2606	39	298	4	490 1865 2102 2256 
2607	39	1437	5	445 966 1128 2496 
2608	968	108	4	2120 
2609	61	914	3	1059 1743 
2610	39	1199	6	140 2291 2358 
2611	591	736	3	1045 2916 
2612	39	706	7	344 657 965 1780 
2613	574	585	8	279 503 709 1002 1604 1726 1829 1944 2536 
2614	39	1098	8	259 1881 1911 1917 1940 
2615	61	1060	4	977 1105 2226 2884 
2616	61	1002	5	1235 2308 2922 
2617	61	1270	6	836 987 1123 1855 
2618	39	200	9	979 1221 1553 2400 
2619	39	534	10	401 1101 1188 1191 2705 
2620	968	130	5	213 1818 
2621	257	570	1	152 366 921 1229 2147 
2622	61	24	7	1162 1669 2859 
2623	968	733	6	337 1107 
2624	591	565	2	2309 
2625	591	1338	4	1552 1634 2764 
2626	591	1338	5	2312 2544 
2627	591	32	6	50 2525 2918 
2628	591	476	7	702 
2629	924	1451	4	155 241 853 906 1098 1201 2046 
2630	61	316	9	1891 1909 2564 2687 
2631	591	155	8	428 2929 
2632	591	1170	9	904 1995 
2633	965	1212	2	2688 
2634	591	586	10	2913 
2635	866	1128	1	1055 2866 
2636	188	1411	2	
2637	61	442	8	862 1980 
2638	866	1024	2	2140 2542 
2639	61	1177	10	138 566 716 1653 
2640	52	942	1	2524 2797 
2641	52	225	2	327 2554 2649 
2642	719	1319	8	167 863 1210 1336 2559 2773 
2643	257	646	2	1294 2119 2218 2893 
2644	968	636	7	722 
2645	52	978	3	698 734 2834 
2646	684	1183	3	98 305 1866 1884 
2647	968	39	8	1137 1313 
2648	52	1498	4	228 823 1257 1962 
2649	52	738	5	762 2164 2894 
2650	684	989	4	1958 2585 2954 2972 
2651	684	600	5	421 1088 1209 1361 2409 2769 
2652	257	365	3	972 2341 2398 2843 
2653	257	310	4	191 1039 1317 2800 2878 
2654	866	551	3	1063 2920 
2655	866	398	4	2628 
2656	574	314	9	16 354 1079 1287 1314 1977 2226 2246 
2657	866	874	5	40 752 2005 
2658	684	1444	6	370 1261 1494 1996 2698 
2659	193	134	9	365 658 1291 1642 1821 1983 2359 2508 2554 2581 
2660	968	466	9	1513 1823 
2661	866	1296	6	1482 2715 
2662	257	215	5	293 1516 2386 
2663	684	643	7	125 970 1823 1882 2162 2634 
2664	52	168	6	387 1748 2116 2681 
2665	866	1044	7	689 1720 2694 
2666	684	420	8	74 792 878 2070 2119 2213 
2667	968	1399	10	382 2462 
2668	52	792	7	1978 2127 2195 2481 
2669	257	1439	6	102 427 1060 1857 
2670	924	142	5	284 316 726 909 2207 2210 2266 2337 
2671	909	1011	7	79 728 1215 1282 1509 1574 1618 1755 2286 2549 2667 
2672	52	229	8	1020 1778 2471 
2673	52	1139	9	1017 2134 
2674	52	735	10	799 1607 2166 
2675	257	1333	7	286 619 974 2197 
2676	800	944	1	330 2851 
2677	684	998	9	836 947 1361 2002 2572 
2678	193	1011	10	241 327 489 563 595 898 1041 1279 1338 1768 
2679	800	132	2	1678 2252 
2680	866	996	8	926 1624 
2681	440	431	1	687 893 1113 2464 
2682	257	516	8	1231 1631 1698 1842 2564 
2683	866	1495	9	1324 2673 2692 
2684	440	1029	2	704 2458 
2685	866	614	10	255 712 2949 
2686	974	1452	1	182 235 246 328 643 686 712 1217 1316 1921 
2687	257	51	9	1595 1925 2172 2242 2788 
2688	105	771	1	1413 1823 
2689	257	277	10	1377 2000 2006 2518 2724 
2690	279	215	1	938 998 2456 2708 
2691	279	181	2	524 1535 1577 1840 
2692	800	282	3	157 
2693	105	387	2	207 650 
2694	440	942	3	679 2004 2235 
2695	105	1230	3	113 482 1364 
2696	684	1310	10	1100 1654 2362 2409 
2697	719	676	9	412 810 1232 1275 1766 1850 2286 
2698	965	72	3	2164 
2699	752	792	1	919 1630 2392 2501 2533 2837 
2700	279	174	3	827 1188 1668 1974 2592 
2701	279	1193	4	122 1508 1984 2479 2782 
2702	105	1439	4	879 1124 
2703	279	77	5	22 179 485 1669 2224 
2704	440	1152	4	1679 1976 2840 
2705	574	1118	10	380 932 1807 1997 2011 2037 2082 2479 
2706	105	619	5	1252 2108 2163 
2707	188	1297	3	
2708	800	1440	4	2756 
2709	965	1032	4	2144 
2710	105	1136	6	1814 2150 
2711	752	961	2	1537 1785 2786 2861 
2712	800	892	6	663 1126 
2713	440	22	5	2075 2847 
2714	752	543	3	153 382 2759 2966 
2715	800	242	5	2473 2581 
2716	440	1021	6	748 2780 2906 2957 
2717	440	331	7	45 1367 1506 
2718	965	826	5	1144 
2719	752	1313	4	507 861 882 1422 1586 2973 
2720	800	1374	7	1328 
2721	279	236	6	692 1397 2659 2798 2914 
2722	752	82	5	347 528 734 907 
2723	719	109	10	349 732 794 931 1747 2163 
2724	752	39	6	903 1555 1704 2034 2228 
2725	440	1301	9	1319 1819 2415 
2726	279	1081	7	454 1431 2874 
2727	105	1243	7	574 
2728	924	1490	6	824 998 1246 1654 1774 1798 2129 2501 
2729	279	714	8	60 823 1802 2784 2883 
2730	924	1088	7	1483 1792 1857 2478 2627 2730 2831 2842 
2731	800	538	8	1058 
2732	105	1474	8	889 1620 
2733	752	711	7	1239 1487 1566 1567 2129 2705 
2734	440	1087	8	2488 2690 2735 
2735	979	1136	1	180 960 2154 2189 2514 2815 2838 
2736	105	657	9	2734 
2737	597	399	1	1546 1964 2745 
2738	279	469	9	1041 1307 2004 2258 
2739	105	925	10	961 1044 2138 
2740	597	735	2	206 1147 2272 2541 
2741	979	824	2	104 265 697 1949 2787 
2742	800	177	9	2028 
2743	965	361	6	1714 
2744	924	713	8	498 869 880 1098 1289 2050 2133 2615 
2745	440	183	10	579 1321 1543 
2746	800	1130	10	1070 2263 
2747	46	263	1	2347 
2748	46	276	2	507 971 
2749	974	918	2	117 261 604 1262 1700 1800 1805 2408 2745 
2750	752	968	8	78 644 1296 1913 1936 2363 
2751	704	1441	1	2207 2220 2883 
2752	752	1366	9	322 595 783 1168 1403 2388 
2753	279	1254	10	637 1065 2227 2262 2292 
2754	46	1130	3	2397 
2755	858	1055	1	301 511 1347 1428 1434 
2756	704	416	2	553 1085 
2757	979	1291	3	344 559 1276 1671 1739 1910 2083 
2758	597	1188	3	264 612 1740 
2759	46	1457	4	127 2682 
2760	46	304	5	946 
2761	46	523	6	
2762	752	600	10	281 1707 1803 2039 2543 
2763	46	1037	7	779 2108 
2764	597	874	4	71 1126 1890 2255 
2765	597	530	5	338 1973 2175 2417 
2766	704	77	3	1029 1244 1856 
2767	979	1291	4	6 211 807 1973 2178 2356 2591 
2768	120	33	1	462 1359 2225 2725 
2769	188	220	4	
2770	597	9	6	66 793 2350 
2771	597	741	7	1388 2340 2589 
2772	597	29	8	73 618 2962 
2773	704	219	5	126 1188 
2774	858	27	2	1235 2902 2999 
2775	704	1313	6	758 2723 
2776	46	989	8	381 885 
2777	965	375	7	499 
2778	188	68	5	
2779	979	1228	5	139 864 1398 1403 1614 2314 2972 
2780	120	481	2	429 552 1169 1486 2132 2281 
2781	597	30	9	89 257 2202 2854 
2782	46	566	10	2635 2678 
2783	858	224	3	743 876 1200 2352 2856 
2784	979	1484	6	155 520 749 1119 1148 1316 2766 
2785	704	1423	4	1641 
2786	979	1103	7	289 846 900 1821 1899 2757 2863 
2787	188	1500	6	
2788	704	138	7	113 888 2209 
2789	704	265	8	235 2396 
2790	46	585	9	
2791	120	968	3	461 725 1416 1647 1983 2381 
2792	120	551	4	41 440 555 1089 1213 1823 
2793	858	514	4	350 462 1677 2197 
2794	858	1411	5	408 597 865 2198 2672 
2795	120	296	5	371 1163 1681 2049 2866 2975 
2796	858	434	6	1028 1099 1414 1867 2176 
2797	965	314	8	1643 
2798	858	420	7	1021 1879 2492 2948 
2799	817	392	1	1518 1762 
2800	597	1081	10	1013 1380 2485 
2801	120	1299	7	154 960 1314 1414 1920 1928 
2802	704	1015	9	1629 2343 
2803	704	273	10	258 864 
2804	82	606	1	457 1245 1773 
2805	852	485	2	18 1780 2331 
2806	858	528	8	107 1234 1407 1822 
2807	858	696	9	480 711 1051 1444 2193 
2808	801	1435	1	1006 1481 2417 2694 2767 
2809	82	729	2	463 956 2824 
2810	82	645	3	486 600 941 
2811	858	850	10	1174 2124 
2812	120	261	6	1312 1320 1328 1661 1794 
2813	801	312	2	53 1219 2327 2393 
2814	852	955	1	846 1068 2938 
2815	82	348	4	512 947 1702 
2816	120	5	8	183 1185 1964 2199 2652 2996 
2817	82	33	5	25 837 1151 2878 
2818	852	200	3	205 1857 2417 
2819	817	451	2	705 
2820	965	1160	9	2615 
2821	979	172	8	87 121 393 405 423 874 2726 
2822	817	1028	3	1460 2951 
2823	82	809	6	1024 1975 2161 
2824	82	418	7	287 817 1244 
2825	801	629	3	185 441 1156 1862 
2826	979	958	9	197 1082 1281 1451 2060 2412 2899 
2827	82	351	8	2 1050 1209 
2828	965	1463	10	1448 
2829	852	263	4	
2830	852	531	6	1120 1853 2944 
2831	801	880	4	87 880 1688 2566 
2832	82	69	9	410 2056 
2833	852	208	5	656 913 2465 
2834	979	606	10	183 683 689 1066 2673 2838 2946 
2835	852	118	7	2233 
2836	273	813	1	406 482 1041 1061 1424 1711 2958 
2837	817	82	4	2123 2420 
2838	801	45	5	497 599 932 1514 2157 
2839	924	810	9	99 967 1262 1425 1456 2317 2477 2618 
2840	273	1002	2	84 1228 1446 1530 1888 1988 2353 
2841	82	285	10	107 1137 
2842	852	225	8	286 1467 2959 
2843	801	1090	6	563 1370 1629 1635 2953 
2844	852	1330	9	1039 1299 
2845	817	981	5	2313 2564 
2846	817	106	6	380 
2847	273	1218	3	1038 1293 1838 1898 1929 2567 
2848	120	759	9	191 1559 1560 1813 2249 2492 
2849	801	1332	7	667 1087 1734 2636 2958 
2850	120	1363	10	103 328 1025 1349 2239 2729 
2851	244	203	1	2165 2485 2624 
2852	817	742	7	207 2156 
2853	244	118	2	342 1600 1806 2855 
2854	801	1352	8	592 1024 1161 1853 
2855	273	219	4	749 1283 1475 1678 2409 2633 2733 
2856	817	279	8	257 475 
2857	817	553	9	2005 
2858	852	657	10	341 462 1562 
2859	726	22	1	41 760 1102 1567 2904 2914 
2860	34	418	1	1112 1522 1900 
2861	801	987	9	748 1352 2045 2212 2552 
2862	34	871	2	1102 1121 2503 
2863	188	99	7	
2864	34	139	3	1213 1226 2781 
2865	817	969	10	1592 2859 
2866	801	1403	10	1181 1482 2435 2661 2991 
2867	387	196	1	210 335 1456 
2868	273	274	5	325 830 1307 1694 2009 2623 2780 
2869	244	177	3	1461 1546 2822 
2870	34	323	4	469 
2871	34	1389	5	2104 2529 2643 
2872	244	813	4	217 1372 2348 2699 
2873	244	142	6	583 2237 2342 2668 
2874	610	934	1	349 2742 
2875	610	617	2	1214 
2876	34	1218	6	602 
2877	387	1254	2	72 621 713 1856 2567 
2878	387	898	3	11 107 160 2562 
2879	387	1399	4	424 1031 1079 1630 1706 
2880	273	1097	6	1249 2064 2381 2382 2807 2814 
2881	610	973	4	1449 2215 
2882	244	782	5	274 451 705 
2883	34	1265	7	192 1287 2819 
2884	387	631	5	429 1246 1662 2015 2144 
2885	387	546	6	192 321 640 2103 2895 
2886	610	726	3	706 
2887	34	1348	8	
2888	924	129	10	386 411 578 1406 1524 2064 2663 2683 
2889	244	723	8	354 2058 
2890	387	304	7	102 516 1474 2758 
2891	707	1452	2	474 488 940 1122 1371 2190 2286 2695 2752 
2892	610	781	5	1385 1999 
2893	188	398	8	
2894	34	1201	10	1153 2287 
2895	329	242	1	660 
2896	34	1296	9	1547 2927 
2897	244	363	7	82 320 
2898	726	433	2	476 978 983 1090 1384 1803 
2899	329	1473	2	748 
2900	273	1337	7	973 1013 1679 1789 1848 2139 2945 
2901	726	559	3	279 605 1327 1568 1742 2555 
2902	329	1228	3	2509 
2903	387	5	9	113 390 1008 2008 2565 
2904	387	261	8	3 937 1354 2390 
2905	244	971	9	453 1036 
2906	387	678	10	179 1693 2268 2357 
2907	273	515	8	309 584 2710 2724 2906 
2908	641	1305	1	729 2659 
2909	726	184	4	261 399 708 881 1065 1528 
2910	244	1419	10	1295 2238 
2911	103	1366	1	51 876 1207 1416 2544 
2912	641	1492	2	365 1395 
2913	357	213	1	398 2245 
2914	273	374	9	285 446 741 1720 1846 2310 2627 
2915	726	871	5	67 377 914 1416 1702 2909 
2916	726	559	6	603 1899 2420 2802 2984 
2917	726	1024	7	404 670 882 1376 2702 2791 
2918	357	514	2	1233 1824 
2919	641	236	3	422 796 1981 
2920	357	317	3	678 2058 
2921	273	351	10	776 907 1114 1225 2366 2607 
2922	707	172	1	355 1080 1524 1723 1792 1941 2235 2550 2698 
2923	610	94	7	1814 2269 
2924	357	1259	4	1012 2171 2295 2695 
2925	103	1332	2	773 1517 2535 2640 
2926	610	106	8	
2927	329	433	4	
2928	215	1008	1	145 149 1415 1497 1558 1718 2461 
2929	103	1163	3	386 434 935 1282 
2930	726	481	8	464 1218 2311 2642 2658 2834 
2931	357	892	5	319 1270 1790 2277 
2932	641	1028	4	371 1103 
2933	454	1098	1	500 1013 1284 2260 2402 2457 
2934	641	633	5	2832 
2935	641	963	6	806 2169 
2936	215	1207	2	16 172 269 292 1258 1346 1632 1819 
2937	610	515	6	107 
2938	357	189	6	2565 
2939	641	1148	7	570 2324 
2940	103	1363	4	1760 2111 2140 2210 2443 
2941	726	196	9	820 1254 1357 1567 2824 
2942	357	484	7	23 1373 2675 
2943	610	916	9	293 2654 
2944	103	579	5	846 1875 2147 2883 
2945	610	617	10	1263 
2946	454	682	2	247 761 1098 1442 1891 2036 
2947	641	312	8	23 659 2418 
2948	103	732	6	52 84 1468 2827 
2949	357	590	8	1561 2465 
2950	641	665	9	21 1776 
2951	103	1133	7	706 1951 2075 2485 2786 
2952	103	1200	8	1242 1372 2110 2608 
2953	215	883	3	557 619 636 798 1633 1697 1957 2879 
2954	357	830	9	1030 1502 2312 2895 
2955	772	180	1	
2956	641	42	10	822 1043 1197 
2957	772	274	2	
2958	660	1087	1	99 2354 2829 
2959	454	364	3	31 652 711 1129 1257 1331 1755 
2960	329	18	5	1261 
2961	357	1453	10	1690 1772 2135 2273 
2962	57	1333	1	2071 2494 
2963	57	396	2	38 1733 2455 
2964	103	350	9	462 1001 1815 1875 2632 
2965	772	1200	3	906 2714 
2966	454	257	4	103 751 1348 1499 1565 1604 
2967	660	888	3	269 572 2836 
2968	974	682	3	77 381 993 1022 1115 1829 1909 2025 2865 2886 
2969	188	918	9	
2970	772	1389	4	46 1107 
2971	103	722	10	1150 1921 2157 2798 
2972	298	72	1	487 1495 1744 2696 2954 
2973	329	1065	6	506 
2974	57	616	3	292 956 1018 1191 
2975	660	586	2	2628 
2976	660	1453	4	48 
2977	298	1119	2	13 456 585 2586 
2978	188	835	10	
2979	298	730	3	665 738 2332 2357 
2980	57	1305	4	805 1101 2458 
2981	215	579	4	549 681 1019 1367 1772 1899 2903 
2982	57	835	5	355 749 2979 
2983	454	623	5	78 802 1083 1945 2185 2924 2982 
2984	298	963	4	85 916 1315 1472 1714 
2985	660	1004	5	2944 
2986	454	525	6	801 996 1926 1950 2099 2541 
2987	57	624	6	716 1947 2026 
2988	329	738	7	1526 
2989	707	969	3	195 459 744 2033 2244 2717 2839 2895 
2990	772	624	5	2879 
2991	660	707	6	339 1659 2280 
2992	298	516	5	104 360 2678 2949 
2993	726	730	10	527 650 1740 1931 2293 
2994	660	282	7	1998 2095 
2995	660	722	8	501 
2996	298	731	6	642 857 1296 1723 2806 
2997	298	257	7	2387 2541 2685 2789 
2998	57	988	7	790 989 1708 2091 
2999	57	988	8	1901 2159 
3000	454	731	7	100 666 1254 1568 2262 2304 2837 
