Course	Room	Teacher	Time	Students
1	350	50	5	56 153 236 767 801 1013 1244 1299 1489 1710 1919 2241 2259 2699 2741 2897 2923 
2	986	136	9	89 331 553 555 780 891 1440 1552 1667 2107 2403 2772 
3	77	444	3	130 417 599 919 1350 1696 2013 2244 2346 2439 
4	986	80	10	32 159 162 479 500 578 896 1356 1983 2594 2844 2874 
5	574	138	9	121 376 930 1090 1587 2089 2204 2352 2506 2608 2682 2692 2956 
6	574	464	10	103 1432 1451 1503 1598 1904 2030 2040 2112 2624 2890 2922 2958 
7	77	57	4	227 255 397 454 704 1793 2133 2622 2679 2898 
8	11	216	1	58 347 361 618 1244 1501 1564 1834 2274 2401 2433 2526 2882 
9	546	189	3	261 409 465 658 742 826 1139 1983 2172 2246 2277 2284 2493 2672 2680 2704 
10	55	382	3	159 364 725 967 1109 2213 
11	77	426	5	304 834 896 996 1290 1895 2097 2193 2210 2296 2813 
12	11	479	2	232 533 927 1165 1414 1582 1719 1750 2147 2360 2657 2772 2931 
13	77	366	6	247 913 1171 1180 1498 1611 1788 1801 2492 2691 2873 
14	11	261	3	1 250 357 402 655 679 914 1050 1073 2206 2608 2705 2723 
15	73	253	1	279 1088 1241 1499 1632 1984 2160 2431 2645 2786 2961 
16	786	308	10	1152 1210 1254 1434 1693 2475 
17	175	138	1	295 986 1362 1637 2320 2666 2787 2792 
18	77	209	7	95 1058 1116 1737 1871 1987 2311 2511 2522 
19	175	441	2	369 525 931 995 1091 1465 1918 2409 
20	51	483	2	224 657 659 1652 2595 
21	11	336	4	520 821 974 1162 1310 1330 1829 2047 2263 2445 2890 2994 
22	77	419	8	235 607 778 1700 1990 2129 2927 2954 
23	301	27	9	81 226 507 1287 1399 1633 1748 2535 2629 
24	359	301	3	135 535 561 576 1167 
25	674	457	1	328 2186 
26	706	219	7	815 1841 1887 2337 
27	55	212	4	676 937 954 1028 1823 2360 2558 2706 2926 
28	51	296	3	1078 1277 1634 1976 
29	77	132	9	17 496 1400 1662 1747 2348 2376 2531 2703 
30	301	204	10	148 915 1180 1734 1962 2121 2562 2705 
31	706	169	8	1448 1642 2146 2740 2800 
32	55	255	5	916 946 1082 1191 2520 2793 
33	77	182	10	33 490 847 1182 1370 1493 1948 2009 2036 2273 2826 
34	546	302	4	182 305 344 650 750 1013 1378 1721 1795 1981 2085 2444 2752 2840 2969 
35	280	439	1	123 140 246 1050 1413 1674 2634 2730 2735 2738 2753 
36	73	399	2	170 280 982 1291 1324 1853 1861 2457 2526 2539 2761 
37	55	289	6	318 333 621 824 1153 1484 2152 2644 
38	36	175	1	432 1613 1776 2481 2517 
39	797	451	4	117 141 210 420 436 580 675 1093 1153 1182 1228 1387 1510 1947 2166 2226 2305 2648 2944 
40	175	147	3	2 13 91 163 384 630 677 2839 
41	73	185	3	264 336 552 803 844 1325 1784 1937 2077 2151 2293 2546 
42	350	434	6	455 711 741 857 1268 1399 1793 2042 2189 2264 2305 2529 2573 2694 2829 2871 
43	36	274	2	43 227 587 606 623 962 1335 1707 2207 
44	51	30	4	728 1556 1782 2007 2021 2175 
45	175	130	4	43 149 317 1056 1246 2543 2544 
46	55	366	7	1299 1647 1700 1890 2223 2335 2416 
47	36	355	3	520 830 1904 2111 2374 2988 
48	36	247	4	70 213 216 1037 1593 1822 1844 2016 2155 2364 
49	36	140	5	479 500 823 1079 1094 1557 2060 2394 2846 
50	359	281	5	422 562 583 1231 1430 2985 
51	175	443	5	504 728 1163 1175 2339 2375 2933 
52	11	23	5	187 381 408 746 791 1076 1160 2108 2205 2495 2560 2734 2819 
53	530	155	5	11 213 275 405 484 792 885 1272 1274 1323 1403 1532 1658 1920 2358 2511 2628 
54	103	289	2	94 162 287 426 453 953 1021 1023 1468 1629 2002 2336 2732 2779 2781 
55	546	410	5	262 266 318 348 545 777 804 1320 1370 1500 1607 1683 2071 2412 2833 2843 
56	73	438	4	118 363 548 886 1226 1575 1622 1689 1926 2041 2142 2156 2932 
57	36	129	6	308 410 425 914 1167 1594 2512 2606 2955 
58	359	375	6	503 1771 2739 
59	11	219	6	697 744 1162 1343 1724 1738 1851 2089 2198 2470 2498 2779 
60	706	86	9	600 2300 
61	359	479	7	207 232 1257 1740 1779 2051 2563 
62	280	128	2	222 296 1049 1328 1610 2056 2454 2472 2878 
63	51	352	5	1139 1345 1721 2219 2637 
64	674	393	2	906 950 1264 2110 
65	546	345	6	31 454 629 681 995 1060 1147 1566 1789 1884 2232 2273 2436 2516 2598 2661 
66	546	110	8	119 653 1272 1332 1424 1540 1729 1792 1839 1863 1911 1993 2058 2240 2538 2947 
67	175	270	6	26 28 185 329 746 849 904 2236 
68	280	116	3	644 696 1118 2034 2307 2442 2631 2727 2894 
69	280	14	4	132 277 731 1067 1258 2338 2510 2844 
70	546	9	7	273 635 677 920 1005 1084 1168 1386 1407 1973 2108 2308 2359 2598 2763 2816 
71	55	30	8	571 582 638 1921 2222 2442 2562 2870 2984 
72	280	381	5	50 632 978 1006 1281 1975 2072 2166 2167 2443 2609 
73	175	435	7	76 368 1057 1705 1811 1848 2198 
74	11	373	7	99 570 672 951 1077 2033 2220 2243 2498 2715 2724 2856 
75	73	98	5	161 686 706 718 900 1300 1592 1706 2065 2421 2783 2892 
76	11	9	8	56 65 81 297 414 482 560 627 992 1040 1349 1403 1776 
77	55	225	9	662 1211 1949 2699 2745 
78	11	16	9	497 702 798 880 956 1152 1463 1819 2062 2190 2315 2488 2840 
79	103	257	3	126 325 538 984 1090 1116 1228 1365 1726 1897 2221 2333 2487 2703 
80	55	380	10	249 566 868 1213 1311 2235 2604 
81	546	327	9	261 279 332 341 345 899 909 1146 1298 1570 1920 1942 2112 2656 2712 2751 
82	530	351	6	58 382 397 675 806 921 971 1023 1071 1242 1251 2110 2177 2358 2592 2659 2867 
83	51	255	6	345 592 1136 1301 2475 
84	73	3	6	1 37 662 769 1058 1265 1336 2090 2103 2399 2566 
85	359	389	8	49 58 232 236 317 1720 2381 2591 
86	73	398	7	294 398 509 525 666 726 1279 2297 2397 2654 2721 
87	103	145	4	51 289 478 549 672 762 898 990 1334 1495 1513 1928 2627 
88	280	72	6	523 1057 1183 1304 1593 1652 2228 2497 2579 2715 2737 
89	73	431	8	393 1045 1301 1624 1755 1949 2288 2423 2714 2777 
90	175	430	8	98 891 934 1268 1627 2929 
91	175	380	9	132 391 542 992 1071 1668 2408 2425 
92	51	430	7	503 557 1225 1466 1505 1821 
93	706	336	10	505 1849 2763 
94	280	16	7	836 1763 2126 2246 2376 2439 2676 2869 2965 
95	73	397	10	605 606 612 627 699 707 943 1866 2095 2207 2307 2390 
96	359	254	9	74 873 1502 2366 2369 2938 
97	359	270	10	137 446 1642 1949 2982 
98	280	111	8	135 302 395 988 1255 1281 1395 1610 2045 2782 
99	51	235	8	2013 2084 2199 2704 
100	73	399	9	49 306 510 856 1057 1478 1646 2083 2530 2559 2673 2823 2842 
101	51	150	9	531 576 1655 2383 2586 2662 
102	227	108	1	696 1480 1809 1858 2292 2386 2476 2529 2552 2890 2916 2964 
103	103	32	5	77 144 344 1005 1025 1141 1364 1711 1768 2023 2374 2404 2410 
104	128	100	1	137 394 588 719 895 1817 1950 2155 2516 
105	175	49	10	285 444 476 639 2470 2948 
106	797	11	5	23 145 216 458 701 794 1195 1271 1383 1409 1673 1943 2478 2577 2590 2714 2790 2820 2847 
107	36	396	7	669 1014 1455 1461 1916 2018 2160 2175 
108	128	311	2	507 1294 1569 1710 2144 2254 2728 2894 
109	128	272	4	351 895 911 1054 1958 2159 2653 
110	426	348	1	471 716 1323 1447 2164 2277 2380 2389 
111	227	108	2	252 668 789 794 819 1932 2140 2429 2443 2487 2646 2775 2848 
112	426	190	2	235 387 459 479 589 1030 2791 
113	227	272	3	386 624 720 835 970 1000 1009 1194 1523 1592 1869 2304 2483 
114	36	306	8	222 786 2169 2377 2551 2649 2759 
115	36	102	9	84 499 1119 1208 1372 1530 1709 2351 
116	51	253	10	568 1304 1932 2954 
117	11	340	10	120 143 219 221 2875 2909 2973 3000 
118	569	475	1	383 1513 2388 2846 
119	449	165	1	1465 1519 2032 2370 2501 
120	569	192	2	433 1224 1329 2247 2705 
121	227	351	4	82 298 336 619 834 1758 1902 2044 2124 2310 2506 2921 
122	280	416	9	196 699 815 914 997 1002 1202 1310 1873 1964 2582 2962 
123	280	350	10	154 405 419 1337 1659 2099 2308 2488 2941 
124	108	244	1	288 390 860 995 1174 1342 1582 1935 2050 2213 2879 
125	674	487	3	1713 2267 2460 
126	426	457	3	263 1014 1028 1453 1840 1940 2831 
127	265	357	1	1119 2199 
128	428	76	1	150 289 1017 1085 1308 1380 1464 1772 1990 2674 
129	36	163	10	814 973 981 1641 2176 2490 2899 2925 
130	546	278	10	97 131 177 248 282 289 337 551 1485 2150 2186 2209 2278 2598 2725 2758 
131	350	338	7	61 108 212 312 541 905 1042 1282 1283 1484 1687 2299 2560 2607 2817 2908 2971 
132	426	486	4	340 378 785 1538 2149 2485 2610 2831 
133	426	107	5	6 42 169 787 2011 2674 2683 
134	103	235	6	373 852 889 954 1434 1468 1572 1581 1650 1769 2125 2532 2669 2958 
135	592	56	1	148 174 614 1030 1185 1221 1377 1650 1826 1845 2194 2334 2551 2817 2830 
136	141	227	1	69 340 993 1886 2018 2756 2832 
137	227	250	5	416 799 1187 1478 1653 1781 1916 2047 2142 2153 2784 
138	428	299	2	61 389 716 792 1063 1250 1298 1733 1936 2282 2784 
139	227	135	6	416 461 527 537 637 669 761 1857 2021 2211 2451 2554 2951 
140	569	231	3	217 938 1410 1626 1651 2309 2834 
141	103	376	7	55 75 265 358 933 1215 1313 1571 1741 1921 1957 2042 2118 2489 2524 
142	227	58	7	316 352 611 713 1476 1593 2017 2211 2460 2678 
143	227	105	8	146 471 692 1039 1074 1124 1278 1507 1722 1952 2432 2655 
144	141	357	2	21 841 1309 1436 1732 2053 2064 2301 2789 
145	227	295	9	129 285 388 966 1045 1286 1291 1364 1671 1879 2545 2617 2926 
146	426	395	6	149 197 685 730 808 1661 2638 
147	108	66	2	294 365 569 602 673 1201 1312 1588 1626 2130 2169 2339 2643 
148	128	71	3	255 560 648 703 887 1344 2565 2605 
149	426	60	7	18 441 661 1349 1460 2144 2248 2351 
150	428	278	3	348 554 1007 1376 2003 2385 2861 2959 2970 
151	128	386	5	299 597 969 1207 1460 1517 2137 2934 
152	449	162	2	869 1089 1132 1366 
153	426	124	8	621 1376 1502 1868 1963 2210 2341 
154	569	46	4	1068 1077 1145 1318 1336 1632 
155	128	294	6	579 671 826 881 1674 1804 1869 2988 2997 
156	141	470	3	467 526 1494 1501 1537 1843 2022 2202 2788 2887 
157	426	263	9	101 1365 1401 1465 2028 2137 2663 2783 2940 
158	227	239	10	307 461 686 695 825 1166 1419 1845 2124 2566 2854 2984 
159	128	406	7	850 1023 1169 1265 1533 2025 2518 2572 2734 
160	449	186	3	76 210 1098 1450 1452 1921 2389 
161	108	330	3	468 718 793 1142 1222 1307 1753 2026 2137 2193 2259 2621 2662 
162	426	412	10	127 290 319 1428 1455 2469 2525 2971 
163	108	297	4	239 259 385 924 1009 1348 1558 1598 1806 1812 1935 2232 2695 2902 
164	108	64	5	490 683 720 1236 1243 1599 2123 2160 2492 2671 2972 
165	350	463	8	41 231 294 784 789 1147 1222 1505 1640 1869 2056 2141 2428 2746 2769 2851 
166	89	2	1	134 1440 1467 2296 
167	428	241	4	138 353 556 603 1001 1607 1705 2428 
168	141	469	4	283 1039 1923 2163 2321 2570 2629 
169	141	179	5	165 986 1253 1362 1903 1986 2400 2405 2426 
170	592	337	2	677 824 849 937 1109 1139 1220 1223 1270 1379 1398 2017 2302 2532 2651 2999 
171	141	121	6	544 654 664 941 2071 2113 2695 
172	89	308	2	139 391 753 1375 1739 
173	103	197	8	139 246 411 706 1032 1084 1165 1547 1744 1783 1928 2143 2325 2703 2981 
174	449	230	4	107 1117 1400 1663 2296 2809 
175	592	396	3	105 238 324 876 955 978 1132 1295 1443 1534 1559 1771 1951 2071 2278 2595 
176	108	89	6	269 334 451 692 771 1018 1342 1396 1553 1669 1811 1815 
177	128	158	8	647 855 1383 1475 1543 1579 2079 2825 
178	449	477	5	36 590 940 2291 2566 
179	997	155	1	298 353 529 706 734 749 1353 1576 2025 2303 
180	428	297	5	618 810 984 1238 1536 1587 1785 1913 2680 2829 
181	128	342	10	82 226 430 878 1150 2195 2224 2542 2797 
182	128	425	9	133 379 978 1487 2228 2620 2737 2928 
183	108	410	7	656 791 1032 1098 1300 1421 1427 1448 1568 1606 2291 2593 2650 2931 
184	161	11	1	736 745 1359 1644 2037 2043 2272 
185	103	352	9	259 485 604 722 822 996 1099 1672 1848 2073 2259 2311 2344 2910 
186	89	490	3	310 682 867 1361 1428 1542 2430 2714 
187	89	142	4	183 401 567 665 1426 2217 2923 
188	108	406	8	721 760 857 1030 1113 1212 1735 2234 2342 2372 2527 2575 2584 2593 
189	997	66	3	152 242 546 572 1278 1416 1608 1700 1958 2459 2663 2957 
190	103	416	10	434 561 564 693 805 870 1141 1694 1774 1796 2511 2543 2708 
191	573	450	1	245 426 822 937 1035 1190 1207 1393 1799 2130 2204 2302 2938 
192	161	249	2	100 456 733 1806 2034 2129 2218 
193	997	304	2	11 34 99 194 455 598 603 793 965 1047 1581 2407 
194	141	495	7	253 1149 1347 2609 2937 2963 
195	161	95	3	57 235 413 1219 1384 2055 2199 2827 
196	428	167	6	165 208 233 238 258 1257 1696 2146 2295 
197	428	371	7	184 215 954 1287 1685 1888 2208 2535 2701 2889 
198	530	306	7	33 45 345 442 766 998 1100 1250 1348 1597 1600 1684 1774 1904 2107 2487 2526 2769 
199	428	102	8	198 526 563 702 892 979 1740 2366 2590 2606 
200	587	459	2	173 228 267 449 512 581 625 705 947 1033 1293 1319 1423 1760 1967 2127 2250 2458 2963 
201	573	197	2	59 712 736 804 919 1031 1119 1350 1831 1882 2340 2438 2453 2665 
202	161	149	5	535 970 1321 1340 2121 2483 2576 2631 
203	592	183	4	27 55 312 868 1036 1134 1411 1434 1516 1576 1692 1856 2406 2459 2650 2728 
204	141	422	8	106 364 515 581 932 1168 2265 2691 
205	161	18	4	483 1029 1540 1798 2101 2456 2654 
206	797	160	6	63 101 209 248 423 638 846 860 948 1159 1704 1773 1776 1865 2202 2550 2913 2933 2995 
207	573	251	3	457 871 1143 1149 1251 1442 1586 1830 2035 2131 2401 2651 2658 2818 
208	997	319	4	10 471 693 810 1736 1774 2248 2352 2411 2418 2538 
209	573	154	4	194 220 330 347 598 641 956 958 1155 1414 1503 1554 1617 1838 1843 
210	141	462	9	718 1105 1230 1790 2052 2232 2240 2479 
211	428	464	9	374 968 1204 1886 2167 2172 2862 
212	161	437	6	110 295 498 1202 1437 1608 2098 2830 2859 
213	592	137	5	240 388 434 472 961 1470 1553 1724 1952 2154 2361 2532 2624 2816 2832 2891 
214	997	130	5	477 766 1033 1357 1493 1527 1692 1818 1864 1889 2486 2504 
215	592	465	6	142 166 290 533 609 882 1034 1164 1400 1458 1925 2156 2731 2771 2929 
216	161	259	7	332 923 1052 1864 2117 2237 2309 
217	265	333	2	90 101 1572 2847 
218	108	103	9	79 458 509 775 790 1049 1100 2188 2291 2337 2549 2820 2837 3000 
219	108	477	10	339 646 755 916 1343 1490 1592 1713 1999 2419 2430 2619 2864 2927 
220	530	262	8	130 676 770 775 895 912 945 1670 1881 2066 2195 2320 2415 2547 2609 2833 2914 
221	592	354	7	78 190 291 426 539 955 1081 1212 1219 1260 1531 1983 2271 2449 2832 
222	797	148	7	256 685 1025 1135 1264 1290 1529 1701 1922 1954 1991 2055 2074 2253 2262 2395 2772 2875 2976 
223	161	335	8	63 309 327 1225 1445 2632 2922 2990 
224	141	153	10	13 15 760 772 1620 2232 2403 2960 2985 
225	330	364	1	491 717 756 784 1607 2192 2381 2717 2791 
226	566	82	6	55 73 265 321 576 644 1064 1362 1488 1563 1596 2148 2210 2270 2284 2329 2382 2392 2685 2803 2815 
227	997	200	6	168 278 411 549 600 622 1404 1951 2129 2224 2445 2595 2702 
228	997	213	7	328 340 458 531 1431 1665 1791 2268 2294 2451 2553 
229	89	241	5	184 380 589 847 1011 1820 1894 2886 
230	573	314	5	265 805 987 1009 1150 1213 1381 1648 1882 1953 2338 2373 2692 
231	428	168	10	277 316 460 514 621 1111 1264 1280 2248 2726 
232	996	234	1	221 360 541 671 1052 1781 2017 2210 2312 2804 2825 2927 
233	89	423	6	172 1383 1413 1628 1683 2746 
234	330	420	2	193 242 993 1553 1605 1651 1656 2112 2861 
235	449	115	7	594 867 1041 1196 1319 2034 2980 
236	330	46	3	425 1848 2770 2813 2863 2982 
237	592	26	8	447 534 596 958 1198 1252 1263 1437 1814 1878 2437 2446 2597 2761 2948 
238	997	28	8	57 112 608 887 960 1076 1469 1636 2047 2233 2675 2688 2865 
239	996	168	2	22 86 301 666 1097 1378 1578 2582 2715 2889 3000 
240	569	286	5	182 2684 2880 
241	449	250	6	309 1797 1806 2212 2439 2789 
242	89	118	7	1030 1292 1613 1690 2455 2928 
243	161	425	10	214 486 1190 1293 1621 1998 2639 
244	24	482	1	226 715 821 883 1205 1725 1953 2233 2308 
245	996	105	3	710 748 762 923 1006 1250 1285 1328 1330 2740 2838 
246	566	57	7	111 137 272 465 473 528 575 779 983 1233 1664 1804 1933 2020 2059 2173 2320 2385 2492 2749 2985 
247	569	181	7	185 547 803 1994 2049 2408 
248	24	222	2	580 605 710 1258 1279 1409 1822 2356 2505 2883 
249	566	21	8	16 155 570 810 917 950 969 1166 1183 1187 1262 1416 1683 1786 1810 1828 1956 2087 2390 2540 2950 
250	592	154	9	59 158 159 212 788 1232 1375 1458 1572 1574 2016 2072 2182 2761 2790 2964 
251	997	196	9	171 675 991 1141 1355 1839 2183 2305 2377 2496 2720 2883 
252	569	473	6	169 590 1412 1933 2317 2888 
253	161	465	9	200 371 444 1532 1681 1939 2082 2127 2217 
254	996	149	4	5 218 1083 1130 1331 1419 1475 1746 1878 2084 2121 2384 2818 
255	330	59	4	73 419 647 683 1489 1837 2298 2379 
256	330	340	5	307 407 630 1170 1525 2104 2617 
257	330	181	6	593 605 1831 2303 2510 
258	89	189	8	485 611 1358 2118 2427 2530 2583 2634 
259	330	232	7	145 295 299 1160 1333 1502 2213 2336 2577 2711 
260	24	212	3	352 920 1077 1080 1197 1556 2118 2522 2744 2797 2853 
261	89	314	9	55 148 1076 1168 1504 1676 
262	330	217	8	163 1304 1425 1441 1630 2343 2673 
263	118	494	1	571 670 1535 1672 1974 2149 2422 2462 
264	350	466	9	52 155 207 307 399 681 1127 1507 1890 2155 2163 2368 2443 2697 2955 2970 
265	592	332	10	121 513 580 595 674 979 1007 1183 1341 1577 1876 1973 2005 2102 2620 2712 
266	997	120	10	650 689 811 853 980 1319 1677 1706 2245 2318 2793 2857 
267	816	221	1	674 1432 1664 1727 2238 2373 2393 2407 2535 2795 
268	24	268	4	427 470 946 1248 1284 1703 2363 2405 2505 2681 2904 
269	569	167	8	537 740 1144 2364 2722 2868 
270	449	443	8	731 791 1181 1520 1737 
271	996	500	5	66 118 280 816 995 1110 1807 1868 2187 2350 2476 2546 2828 
272	89	81	10	111 278 638 1330 1478 1657 
273	996	420	6	475 572 732 758 1904 1974 1991 2104 2628 2970 
274	569	65	9	882 2202 2880 2966 2987 2996 
275	816	487	2	907 1381 1385 1512 1624 1815 1862 2240 2851 
276	24	97	5	448 778 822 872 1075 1234 1325 1656 1767 2211 2366 2482 
277	118	315	2	658 1148 1316 2904 2919 
278	330	245	9	245 289 1035 1158 1556 1986 2039 2621 
279	816	334	3	199 257 494 877 1020 1407 1812 2039 2581 2686 2737 2809 
280	930	195	1	623 875 948 1249 1282 1436 1720 1790 2226 2364 2449 2487 2576 2657 2673 2872 
281	530	475	9	44 302 385 615 668 1302 1622 1665 2024 2367 2401 2466 2553 2664 2689 2834 
282	24	2	6	1037 1235 1358 1944 2012 2258 2386 2816 2931 
283	353	389	1	812 845 1121 1370 1850 2059 
284	330	94	10	369 471 545 732 871 1540 2681 2778 2812 2995 
285	449	417	9	78 315 530 1147 1527 1763 2349 
286	265	188	3	951 1043 1153 2765 
287	573	496	6	525 610 704 1143 1205 1247 1338 1604 1731 1934 2054 2070 2203 2523 2811 
288	569	160	10	49 396 1635 2436 2615 2683 
289	816	468	4	301 497 509 863 1073 1349 1525 1658 1670 2241 2735 
290	797	165	8	128 743 800 1000 1106 1337 1400 1404 1422 1479 1614 1701 1706 1752 2212 2416 2431 2613 2845 
291	118	182	3	981 1179 1741 1772 1973 2222 2619 
292	24	86	7	47 80 403 483 592 943 1231 1952 2149 2318 2512 2903 
293	24	283	8	726 906 963 991 1170 1816 2028 2078 2422 2699 
294	816	455	5	67 751 761 922 1219 1285 1420 1524 1872 2614 2764 
295	530	248	10	365 541 628 682 773 809 837 866 962 1361 1712 2056 2160 2171 2667 2742 2935 2999 
296	29	261	1	729 985 1082 1309 2736 
297	573	463	7	91 106 739 799 1105 1356 1380 1744 1932 2127 2402 2682 2752 
298	674	359	4	648 831 885 1861 
299	596	234	2	1374 1510 2157 2447 2949 
300	573	156	8	319 374 507 736 746 1533 1753 1793 1799 1966 2155 2313 2496 2647 2727 
301	449	152	10	291 808 1798 2822 
302	118	201	4	377 445 468 1016 1254 1355 2249 2427 2535 2779 
303	118	400	5	695 1202 1672 1761 1976 2184 2277 2284 2678 2920 
304	29	29	2	6 151 303 1278 1438 2341 2400 2961 
305	350	72	10	95 418 983 1004 1120 1544 1624 1797 1820 1912 1941 1947 2110 2373 2413 2739 2751 
306	118	427	6	77 79 134 188 262 1800 2050 2537 
307	816	37	6	83 1128 1189 1220 1423 1512 1819 1891 2100 2426 2783 
308	951	318	1	286 504 620 673 693 694 832 848 1587 1838 2005 2206 2241 2329 2344 2387 2686 2907 
309	272	240	1	156 679 771 1164 1538 2493 2878 2965 
310	573	18	9	402 516 559 593 601 929 1102 1191 1783 2033 2120 2185 2630 
311	816	157	7	46 159 1644 1979 2238 2404 2525 2753 2755 2895 2914 
312	551	478	1	96 250 609 1029 1498 1833 2939 
313	996	136	7	281 482 807 938 1251 1350 1487 1516 1646 2820 2855 2969 
314	272	355	2	1107 1160 1344 1408 1487 1491 1645 1919 2044 2729 
315	118	481	7	52 125 151 412 558 1788 2255 
316	118	328	8	267 342 538 876 1079 1173 1516 1662 1734 1987 
317	272	363	3	70 111 616 657 817 1062 1087 1315 2002 
318	674	373	9	
319	996	462	8	147 247 252 331 375 566 998 1115 1391 1514 1977 2235 2648 
320	930	454	2	83 157 251 378 574 777 908 933 1039 1475 1543 2065 2385 2694 2757 
321	551	285	2	1055 1079 1402 1552 1935 2785 
322	24	422	9	945 1274 1354 1762 2356 2788 
323	816	500	8	251 672 919 1481 1577 1589 1782 2088 2316 2482 2617 
324	996	145	9	220 544 584 644 840 1062 1112 1194 1580 2473 2528 2830 
325	927	77	1	191 202 205 316 625 686 939 940 1083 1117 1277 1491 1590 1765 1782 2196 2593 
326	816	378	9	143 328 440 454 618 1562 1693 2061 2326 2501 2694 
327	816	318	10	410 1501 1822 1863 1911 2194 2582 2876 2900 2901 
328	587	293	3	5 52 585 821 1016 1187 1200 1248 1398 1629 1632 1637 1780 2382 2468 2507 2547 2660 2777 2955 
329	958	222	1	220 284 350 817 819 839 1306 1625 2271 2669 2707 2996 
330	951	476	2	376 681 1017 1051 1495 1635 1744 1865 1897 2087 2256 2338 2351 2513 2647 2681 2853 2868 
331	958	400	2	873 882 1566 1858 2612 2641 2652 2733 
332	24	461	10	865 890 1062 1122 1735 2154 2806 2842 
333	272	183	5	343 533 539 1588 1915 1937 2093 2182 2757 
334	958	319	3	136 300 383 421 551 597 600 973 1144 1297 1397 2201 2774 
335	996	469	10	50 76 543 633 701 985 1664 1927 1978 2029 2147 2440 2839 
336	930	411	3	35 234 344 659 1019 1147 1526 1712 1721 2504 2516 2541 2756 2759 2864 2901 
337	113	489	1	542 767 1064 2036 2343 2347 2620 2628 2633 2977 
338	797	63	9	272 323 349 696 906 1136 1145 1481 1675 1756 1807 1866 2158 2603 2750 2791 2867 2884 2997 
339	113	309	2	31 302 344 373 395 432 1310 1550 2030 2854 
340	272	349	4	290 629 653 1189 1534 2023 2086 2946 2987 
341	551	471	3	424 1468 2163 2242 2406 2829 
342	29	497	3	1630 2048 2156 2161 2339 
343	113	37	3	112 559 610 1162 1367 1524 1546 1565 1811 2739 
344	272	151	6	263 392 799 1397 1420 1779 1916 1924 2616 2770 
345	29	88	4	1351 1473 1485 1522 2693 
346	951	10	3	354 401 435 540 719 1039 1091 1122 1225 1406 1429 1554 1847 1899 2190 2280 2764 2939 
347	958	55	4	678 770 1615 1910 1985 2260 2292 2860 
348	573	251	10	62 175 656 789 827 901 1296 1909 1963 2253 2331 2348 2381 2405 
349	958	41	5	445 967 976 1051 1406 1510 1840 1978 2422 2602 2704 
350	118	327	10	559 1786 1871 2015 2911 2961 2983 
351	551	106	4	115 752 1456 1881 1909 2717 
352	272	116	7	4 247 277 668 787 1509 1835 
353	797	179	10	74 122 329 620 623 783 923 1109 1154 1275 1532 1585 1600 1660 1749 1869 1945 2031 2094 
354	272	403	8	359 377 556 1069 1284 1363 1616 1875 2658 
355	113	482	4	536 594 602 674 1840 2330 2663 2916 2939 
356	118	387	9	453 532 926 987 1931 1971 2249 
357	113	163	5	989 1084 1090 1654 1734 1824 1837 
358	930	19	4	23 39 124 339 446 477 523 679 795 918 1631 1903 2135 2323 2414 2801 
359	185	448	2	357 491 622 671 960 1013 1094 1189 1434 1758 1906 2473 2561 
360	272	342	9	22 24 540 1061 1383 2264 2936 
361	930	438	5	193 247 598 1275 1395 1507 1714 1853 1879 1885 1900 2124 2304 2607 2708 2771 
362	927	310	2	396 607 639 703 952 956 1386 1497 1682 2180 2397 2411 2424 2491 2716 
363	930	173	6	244 368 371 571 633 640 1363 1481 1727 1889 2059 2409 2444 2527 2613 2831 
364	958	447	6	599 779 843 924 929 1056 1256 1321 1376 2865 
365	113	60	6	56 203 2120 2134 2379 2482 2493 2984 
366	29	394	5	781 785 825 894 1472 2991 
367	272	478	10	129 236 921 1285 1667 1967 2003 2045 2152 2649 2981 
368	123	238	1	753 1106 1131 1479 1603 1733 1874 2912 2967 
369	551	398	5	319 351 786 2129 2188 2216 2789 
370	596	101	1	73 292 465 913 1511 2725 
371	927	259	3	56 170 265 476 521 902 1156 1196 1366 1567 1924 2081 2208 2431 2510 2787 2874 
372	958	62	7	1 496 640 735 958 1479 1695 1753 1827 2096 2792 2954 
373	433	126	1	113 141 334 637 818 1058 1409 1486 1737 1739 2076 2413 2489 2567 
374	596	135	3	781 856 998 1529 2416 
375	596	409	4	959 1577 1668 2638 
376	47	493	1	50 208 489 1040 1137 2133 2629 2770 
377	29	468	6	740 1027 1975 2407 2440 2540 2610 
378	951	347	4	76 140 192 202 441 519 553 596 820 1069 1096 1908 2145 2269 2391 2442 2601 2602 
379	717	141	1	67 181 210 291 314 321 417 947 1101 1402 1472 1494 1989 2231 2377 2415 2701 2905 
380	185	15	3	29 372 482 489 956 1178 1262 1380 1488 1614 2062 2270 2480 2909 
381	185	484	1	122 225 264 910 1132 1374 1506 1916 2229 2454 2692 2808 
382	551	39	6	4 616 816 1845 2013 2380 
383	47	61	3	71 711 859 1414 2316 2699 2766 
384	47	276	2	732 1640 1779 2168 2203 2476 2903 
385	958	78	8	274 362 381 1266 1372 1444 1838 2179 2245 2403 2856 2859 2968 
386	596	388	5	79 329 1443 2068 2229 
387	185	485	4	242 513 1199 1291 1373 1814 1884 2049 2212 2291 2866 
388	113	240	7	224 372 534 823 912 1044 1663 1678 2427 2740 2826 
389	185	59	5	336 372 844 1072 1414 1418 1499 1521 1798 2082 2161 2311 2433 2732 
390	185	92	6	285 306 458 514 970 987 1231 1718 1830 2197 2233 
391	930	121	7	39 288 315 421 472 687 992 1140 1151 1223 1591 1880 1910 2193 2702 2962 
392	958	404	9	231 577 587 633 765 828 1429 1906 2520 2892 2951 2998 
393	29	111	7	872 1337 1851 2938 
394	433	403	2	174 383 776 1176 1660 1841 1863 1881 1949 2078 2309 2756 2877 
395	353	379	2	366 1762 2106 2107 2706 
396	29	62	8	205 379 1241 1866 2757 2979 
397	551	223	7	742 964 1323 1629 2180 
398	47	428	4	113 131 527 645 1021 1835 2048 
399	47	106	5	415 447 727 928 1523 1657 1947 2102 2823 
400	958	454	10	457 1028 1278 1489 1599 1832 1905 2302 2521 2738 2915 
401	551	421	8	989 1070 1192 1788 2607 
402	29	146	9	468 713 1213 1541 1887 2695 
403	335	211	1	104 603 843 972 1135 1345 1481 1872 1903 2040 2471 2670 2822 
404	335	88	2	263 317 398 725 888 1073 1113 1429 1612 2245 2793 
405	265	169	4	1239 2367 
406	551	294	9	7 85 1688 2146 
407	551	171	10	719 997 1148 1597 1639 2200 
408	113	157	8	474 738 1320 1321 1454 1527 2354 3000 
409	335	439	3	558 722 737 747 772 1108 1306 1385 1704 2139 2375 2492 
410	927	431	4	169 260 315 568 685 1114 1187 1469 1523 1609 1959 2095 2353 2370 2613 2705 2853 
411	47	115	6	13 235 283 510 625 918 
412	47	159	7	844 1204 1405 1435 1868 2019 2533 
413	674	415	6	9 1172 
414	29	375	10	18 658 1108 1609 2452 2463 2698 2966 
415	596	40	6	92 1642 2316 2944 
416	927	276	5	22 125 443 797 925 1103 1230 1594 1636 1680 2544 2574 2781 2802 2810 2850 
417	717	61	2	114 150 158 400 480 902 925 1238 1792 1842 1962 2266 2365 2570 2574 2735 2843 2857 2920 
418	113	3	9	116 160 676 709 1126 1164 1258 1294 1477 1495 2716 
419	113	274	10	39 891 1315 1378 1483 1522 1726 1915 1981 2522 
420	335	287	4	134 333 635 730 839 1071 1546 1754 1998 2060 2399 2636 2998 
421	265	190	5	2063 
422	47	470	8	160 254 1269 1971 2326 2351 2456 2554 2918 2940 
423	433	41	3	473 731 944 1013 1218 1655 1751 1849 1860 2009 2041 2073 2328 2683 
424	596	246	7	353 1539 1829 
425	123	435	2	149 1274 1757 1995 2037 2636 
426	895	202	1	512 929 943 1401 1453 
427	641	55	1	415 604 664 938 1022 1130 1291 1609 1831 2565 2693 
428	930	326	8	50 93 1085 1167 1380 1392 1646 1798 1873 1888 2187 2469 2596 2924 
429	596	101	8	190 1354 1517 1891 2091 2261 2521 
430	123	153	3	47 192 788 1504 1527 1697 2135 2500 2531 2815 
431	895	348	2	863 1092 1627 1979 2675 2782 2856 
432	185	392	7	832 838 922 1115 1805 1879 1892 2218 2306 2568 
433	674	114	5	2275 2503 2774 
434	596	143	9	130 493 813 1666 2084 
435	185	204	8	460 1122 1421 1515 1528 1826 2104 2383 2669 2706 2708 2839 2964 
436	123	63	4	30 433 461 557 1124 1139 2120 2952 
437	47	309	9	23 589 1728 1938 1972 2020 2405 2421 2448 2707 
438	47	79	10	126 739 1555 1683 2386 2679 2824 2861 
439	895	283	3	753 1154 2052 2178 2653 
440	21	36	1	168 738 887 1528 1730 1806 2288 2304 
441	927	38	6	87 370 376 459 504 542 583 663 858 863 1201 1746 1922 2319 2448 2599 2631 
442	566	82	9	91 242 358 381 389 771 864 957 1004 1129 1137 1715 1974 2071 2243 2334 2521 2524 2534 2906 2990 
443	566	495	2	37 108 201 315 430 573 1083 1289 1292 1449 1466 1533 1537 1634 1797 1980 2013 2315 2417 2469 2795 2881 
444	123	124	5	78 1263 1535 1801 2256 2552 2865 2872 
445	641	476	3	140 833 1193 1698 1809 1877 2029 2225 2540 
446	641	264	2	109 356 478 1056 1228 1643 1992 2009 2298 2884 
447	641	442	4	299 729 858 1193 1223 2030 2218 2300 2640 2644 
448	927	485	7	343 350 478 841 1022 1070 1426 1444 1513 1635 1643 2264 2437 2845 
449	335	247	5	32 256 486 572 1279 1605 2009 2019 2354 2458 2599 2760 
450	717	118	3	10 321 455 493 692 738 808 901 1161 1223 1427 1515 1756 2167 2391 2396 2585 2702 
451	641	71	5	4 200 203 782 1224 1313 2237 2641 2785 2835 
452	895	367	4	323 1346 1859 2478 2572 2959 
453	21	405	2	565 857 1363 1819 2334 
454	596	358	10	609 1392 1722 2240 2785 2841 
455	641	98	6	305 362 591 695 1000 1341 1465 1614 1646 1905 2268 2289 
456	107	408	1	299 373 1086 1793 2165 2313 
457	123	436	6	255 449 666 928 2028 2838 2839 
458	335	172	6	316 363 739 762 813 980 1430 1671 2025 2099 2225 2355 
459	641	345	7	35 167 177 1497 2026 2346 2450 2457 2480 
460	335	99	8	72 488 569 637 752 864 1019 1602 1777 1853 2140 2619 2895 
461	107	95	2	243 1053 1304 2898 
462	21	128	3	45 337 361 885 1486 1649 2262 2467 2525 
463	185	493	9	98 287 435 1172 1249 1630 1968 2090 2688 2993 
464	951	10	5	192 474 577 977 1024 1332 1468 1537 1610 1621 1935 2177 2672 2726 2736 2893 2989 
465	185	19	10	271 462 861 1065 1153 1305 1497 1733 1794 1839 2091 2165 2314 
466	930	58	9	162 390 841 878 1027 1704 1913 1918 2036 2055 2078 2095 2134 2192 2345 2872 
467	587	226	4	64 111 197 756 845 915 1045 1065 1112 1234 1421 1423 1518 1673 1929 2146 2169 2508 2562 2859 
468	895	76	5	331 1080 1393 1902 2500 2809 
469	899	107	1	75 310 356 416 422 941 1375 1515 1767 1911 1996 1998 2727 2806 
470	899	47	2	363 406 420 612 851 1027 1046 1394 1713 1730 1854 2345 2459 
471	123	29	7	401 494 1049 1344 2015 2250 2363 2665 2813 2825 
472	641	365	8	102 396 632 792 1808 2218 2244 2411 2641 2748 2858 
473	335	412	7	377 439 551 747 802 897 1967 2360 2424 2608 2730 
474	433	376	4	266 807 881 1176 1366 1459 2058 2420 2514 2589 2621 2631 2637 2659 2686 
475	335	216	9	147 469 687 1108 1551 1957 1969 2161 2537 2639 2922 
476	899	449	3	62 236 562 581 809 925 975 1236 1334 1985 2027 2643 2971 
477	641	144	9	183 186 276 1301 1389 2088 2128 2435 2515 
478	895	417	6	722 949 962 1047 1751 2388 2893 2950 
479	899	156	4	352 781 1000 1003 1046 1390 1505 1508 2374 2413 2690 2750 2934 
480	587	423	5	400 451 491 574 586 599 972 1043 1204 1254 1396 1573 1918 1974 2054 2092 2717 2826 2899 2918 
481	335	446	10	443 481 716 744 1107 1450 1665 1739 1959 2065 2677 
482	390	73	1	271 728 804 1081 1452 1927 2046 2115 2443 2747 
483	390	67	2	24 203 214 293 859 1353 1898 2061 2695 2922 
484	107	451	3	366 382 1253 1867 2633 2919 
485	433	94	5	27 209 366 768 960 1101 1266 1547 1563 1707 1743 2038 2041 2472 2489 
486	390	394	3	67 230 745 959 1322 1894 2075 2158 2371 2494 2578 2685 
487	21	33	4	530 1295 1406 1688 1791 1794 2103 2378 2396 
488	21	5	5	151 404 517 1637 1752 2327 
489	930	404	10	99 334 360 893 1031 1044 1140 1821 1980 2008 2198 2400 2896 2956 2992 
490	927	36	8	7 273 333 658 863 897 1224 1324 1504 2015 2032 2097 2417 2666 2910 2975 2986 
491	21	67	6	532 817 1043 1275 1978 2569 2722 
492	899	230	5	244 402 528 809 883 993 1111 1436 1699 2090 2450 2586 
493	390	266	4	127 173 228 1026 1041 1215 1539 2238 2395 2715 2763 2897 
494	123	494	8	497 558 850 972 1025 1833 2356 2509 
495	871	122	1	916 1257 1749 1775 2811 2862 
496	107	203	4	174 723 2447 2652 2796 2896 
497	899	47	6	154 310 413 1045 1267 1354 1602 1993 2162 2188 2296 2689 
498	641	390	10	21 237 632 1069 1530 1801 1808 1883 1965 2733 
499	566	114	1	53 94 501 565 634 665 720 815 924 1048 1054 1103 1694 1717 1971 2170 2242 2254 2328 2468 2483 2784 2814 
500	107	402	5	198 1352 1572 2836 
501	927	220	9	223 280 298 417 481 673 735 975 1199 1462 1653 1847 2032 2219 2321 2419 2728 
502	390	56	5	740 780 1041 1246 1335 1558 2081 2152 2357 2499 2591 2645 2900 
503	927	166	10	6 19 37 256 341 399 597 652 857 988 1008 1014 1226 1515 2026 2247 2358 
504	123	249	9	327 406 1519 1612 1801 2105 2266 2462 2711 
505	433	229	6	88 131 612 1477 1568 1775 2000 2153 2257 2307 2375 2477 2979 2980 
506	892	460	1	20 70 1034 1177 1509 1585 1606 1656 1900 2383 2536 2539 2568 2768 
507	892	377	2	688 1175 1202 1252 1454 1579 1684 1901 1985 2150 2303 2347 2398 2425 2649 2982 
508	123	127	10	297 406 1130 1424 1862 2401 2555 2571 2800 2978 
509	390	120	6	369 710 975 1082 1087 1112 1605 1631 2158 2340 2464 
510	433	401	7	237 257 931 1190 1428 1562 1623 1962 2064 2282 2430 2626 2744 2830 2921 
511	146	256	1	215 303 874 1133 1761 1992 2031 2069 2477 2815 
512	21	385	7	169 378 1368 1534 2324 2540 
513	899	393	7	3 615 715 1002 1004 1585 1661 1802 2075 2347 2490 2802 2932 
514	390	372	7	139 366 454 945 1224 1243 1560 1799 2022 2762 2799 2993 
515	146	97	2	780 1507 1676 1889 2426 2437 2640 2767 2842 
516	892	75	3	19 500 1454 1458 1575 1580 1678 1709 1981 2040 2117 2220 2224 2587 2917 
517	353	146	3	162 1076 
518	717	388	4	47 97 293 370 578 689 1136 1245 1445 1893 2301 2306 2354 2402 2599 2614 2662 2684 2909 
519	390	214	8	194 303 779 1067 1339 1628 1688 1830 2106 2161 2560 
520	749	142	1	5 211 698 1078 1269 1344 2011 2434 2759 
521	899	244	8	104 203 695 802 1072 1513 1633 1850 2085 2336 2391 2713 
522	871	498	2	123 1476 1960 2093 2592 2916 2953 
523	749	113	2	271 648 827 1007 1037 1440 1474 1941 1972 2170 
524	21	450	8	30 441 464 2076 2113 2255 2267 2582 
525	650	481	1	40 138 180 269 437 944 1092 1158 1243 1415 1560 1752 1787 1812 1857 2056 2101 
526	433	7	8	96 599 659 883 1615 1784 1917 2612 2659 2664 2693 2787 
527	146	78	3	275 680 900 1342 1544 1716 1996 2426 2433 
528	895	1	7	183 776 918 1276 1341 1975 2016 2272 2960 
529	895	296	8	228 398 713 1210 1884 2136 2147 
530	899	383	9	180 210 270 495 1426 1471 1901 1963 1988 2103 2852 
531	390	198	9	34 109 403 706 867 1445 1914 1991 2189 2336 
532	433	413	9	36 62 70 217 826 1227 1439 1603 1800 1817 2173 2423 2605 2806 
533	146	231	4	1038 1123 1192 1542 1561 1647 1701 1944 2033 2566 
534	871	413	3	499 740 1221 2219 2692 2707 
535	895	28	9	622 947 2031 2406 2637 2986 
536	390	445	10	524 608 1852 1892 2004 2016 2204 2290 2346 2456 
537	314	223	1	178 932 1143 1529 1708 1846 1946 2263 2971 
538	650	214	2	62 113 144 175 320 421 534 557 1233 1517 1703 1877 2059 2100 2139 2290 2840 
539	107	271	6	931 1026 1173 1496 1541 2668 
540	871	200	4	308 899 1601 1938 2190 2461 2583 
541	895	1	10	310 610 1408 2130 2418 2502 2515 2976 
542	749	286	3	48 571 935 1274 1846 1910 2080 2370 2457 2591 2956 2973 
543	21	440	9	113 237 566 619 761 1265 1428 1735 2347 
544	22	492	2	13 180 225 844 1457 1690 2362 2564 
545	146	415	5	647 1407 1584 1668 1762 1858 1870 2266 2355 2858 2967 
546	749	171	4	278 464 697 944 1090 1201 1281 1425 2929 
547	650	48	3	54 134 297 474 785 1174 1517 1574 1695 1750 1856 2100 2112 2189 2555 2844 
548	871	4	5	21 656 1036 1933 
549	871	461	6	613 1137 1941 2335 2624 2862 
550	146	433	6	330 745 1442 1898 2066 2586 2729 
551	640	166	1	42 64 66 365 425 543 1006 1031 1206 1237 1372 1624 1995 2923 
552	433	491	10	150 436 712 717 757 1054 1338 1653 2138 2642 2661 2836 2974 
553	21	472	10	92 554 654 769 843 2049 2149 2417 2697 
554	749	486	5	16 276 335 350 403 936 1718 1828 2115 2208 2386 2838 
555	871	210	7	758 2226 2569 2661 2929 
556	638	112	1	326 627 644 650 1451 1630 1741 1898 1959 2051 2275 2497 2731 
557	314	383	2	102 281 435 618 917 1019 1216 1286 1403 1711 2461 2585 
558	650	52	4	92 167 193 311 430 492 515 667 850 903 1125 1206 1317 1717 2106 2202 
559	749	205	6	522 687 1208 1234 1657 1902 2327 2507 2627 2697 2698 
560	871	245	8	181 304 2543 2935 
561	146	330	7	87 266 379 738 786 1176 1269 2554 
562	146	132	8	123 283 450 694 1678 2159 2501 2710 2938 
563	314	191	3	593 1191 1229 1271 1446 1553 1583 1727 1769 1832 2398 2676 
564	638	473	2	154 346 670 832 842 955 1161 1855 1860 1988 2265 2335 2849 
565	749	301	7	180 356 595 1364 1438 1966 2045 2410 2463 2870 2994 
566	749	5	8	296 837 1096 1237 1373 1382 1569 1585 2192 2611 2928 
567	566	353	3	168 172 466 829 949 1326 1578 1666 1670 1759 1796 1885 1903 1917 1919 1989 1990 2051 2066 2252 2315 2776 
568	308	492	1	108 936 1470 2464 2465 
569	146	117	9	429 606 777 1360 1597 1823 1956 2025 2680 
570	314	12	4	783 1106 1613 1641 2231 2258 2283 2546 2910 
571	22	455	1	46 1056 1723 1873 2348 2911 2972 
572	749	158	9	500 518 551 731 1280 1368 1410 2290 2395 2741 2930 
573	871	161	9	1846 1864 1951 2409 2615 
574	314	6	5	246 462 941 1327 1341 1462 2067 2085 2303 2333 
575	314	458	6	821 1015 1095 1108 1315 1506 1715 1742 2223 2471 2747 2813 
576	353	381	4	346 453 1088 1297 2628 
577	290	356	1	165 1484 1489 1559 1766 2287 2350 
578	314	188	7	130 1294 1308 1557 1627 1691 2047 2225 2778 
579	899	85	10	176 538 662 874 1611 1747 1995 2116 2411 2412 2590 2790 
580	107	140	7	680 753 829 1046 1825 2414 
581	314	54	8	133 428 600 685 798 1028 1751 1858 2275 2866 2941 
582	717	424	5	536 870 904 1081 1149 1334 1368 1417 1457 1503 1849 1876 2000 2417 2604 2679 2713 2786 2801 
583	650	444	5	5 15 133 224 258 338 503 609 1214 1302 1310 1351 1450 1559 1844 2805 2912 
584	22	184	3	31 1151 1791 1997 2015 2623 2724 2883 
585	146	321	10	44 361 688 906 907 977 1212 1240 1328 2334 2820 
586	871	287	10	1048 1508 1616 1859 2669 
587	703	295	1	146 386 1012 1094 1704 2176 2478 2598 2656 
588	703	226	2	291 390 647 749 866 1173 1259 1947 2833 2834 
589	308	453	3	397 806 818 1184 1265 1827 2122 2126 2716 
590	587	211	6	2 112 171 346 484 511 688 765 888 893 1048 1238 1312 1457 1692 1863 1874 2321 2363 2942 
591	640	313	2	140 444 593 702 896 1134 1377 1565 1847 1859 1926 2244 2445 2837 
592	290	229	2	428 1207 2562 2638 2755 2882 2892 
593	22	177	4	407 592 1203 1372 1752 1831 2475 2894 
594	749	447	10	626 645 1144 1773 1894 1921 1964 2633 2653 
595	543	144	1	389 440 449 460 651 782 1055 1966 2250 2809 2843 2887 
596	265	4	6	426 696 1986 
597	308	474	2	751 1339 1789 1839 2211 2293 2381 2958 
598	640	195	3	32 88 184 207 252 1273 1393 1682 1737 2418 2803 2858 2965 
599	353	480	5	349 880 1142 1598 1729 
600	22	162	5	432 475 497 898 1277 1317 2491 
601	314	51	9	195 211 334 375 418 568 747 774 1198 1323 1703 2649 2836 
602	650	377	6	34 351 733 976 1123 1168 1280 1348 1417 1533 1888 1900 1968 2293 2548 2557 2615 
603	543	429	2	85 661 774 831 997 1251 1401 1715 1963 2671 2753 
604	543	323	3	347 542 1138 1185 1675 2175 2359 2452 2630 2780 
605	22	80	6	108 1059 1392 1393 2397 2953 
606	640	224	4	243 443 814 1209 1289 1443 1461 1583 1789 1816 1876 2541 2688 
607	638	442	3	73 138 228 452 1015 1953 2153 2186 2301 2486 2674 2700 2758 
608	951	499	6	29 725 815 834 854 1040 1569 1708 1832 1843 1887 2035 2165 2196 2299 2312 2878 2987 
609	290	48	4	177 456 856 1095 2709 2862 
610	951	110	7	231 556 774 833 889 893 1379 1499 1756 2093 2185 2205 2342 2361 2567 2750 2779 2828 
611	22	346	7	11 175 492 936 1093 2396 2585 
612	22	91	8	394 610 1698 2783 2797 2805 
613	308	317	4	462 936 1152 2172 2294 2408 2805 2885 
614	650	99	7	268 796 916 981 990 1089 1156 1384 1399 1998 2038 2357 2453 2552 2630 2793 
615	703	401	3	208 367 1433 2037 2257 2916 2931 
616	650	44	8	64 365 367 382 553 554 913 974 1129 1702 1842 2012 2429 2465 2616 
617	638	150	4	421 737 790 842 1594 1644 1850 1991 2440 2606 2721 2947 
618	703	122	4	281 368 744 1014 1237 1360 1384 1722 1871 1994 2973 
619	638	458	5	772 892 968 1186 1618 1958 2074 2080 2269 2446 2803 
620	650	466	10	109 431 517 528 548 834 864 884 1247 1590 1934 2233 2234 2367 2575 2626 
621	22	290	9	274 626 849 1074 1528 2046 2612 
622	308	133	5	196 1061 1268 1276 1617 2191 2559 2876 
623	892	232	4	178 418 1186 1412 1623 1659 1666 1685 1785 2003 2473 2672 2870 2876 2892 
624	717	275	6	71 75 85 201 359 466 470 548 728 1222 1345 1809 1829 1867 1965 2164 2555 2636 2642 
625	703	407	6	25 219 641 661 1501 2171 2207 2442 2712 2774 
626	314	368	10	79 552 1241 1261 1273 1510 1557 1714 2007 2431 2947 
627	22	147	10	697 1565 1678 2298 2312 2869 
628	892	484	5	109 435 631 691 707 1698 1854 1890 2024 2682 2792 2852 2961 
629	107	109	8	276 1644 1930 2215 2953 
630	640	407	5	199 223 294 1138 1490 1582 1764 1945 2605 2797 2959 
631	717	113	7	122 179 202 298 359 381 576 902 934 985 1449 1656 1735 1886 2004 2073 2601 2742 2822 
632	566	126	10	3 147 181 201 946 1012 1352 1355 1449 1518 1649 1699 1702 1755 2038 2058 2105 2109 2157 2810 2946 
633	703	91	5	29 71 679 769 1386 1662 2217 2952 
634	717	201	8	38 502 550 615 664 1020 1134 1142 1588 1961 2001 2269 2272 2286 2302 2331 2380 2657 2911 
635	703	337	7	851 1029 1252 1305 1842 2432 2590 2670 2991 
636	153	129	1	238 534 830 1125 1404 2006 2159 2248 2921 
637	308	263	6	199 520 988 1906 1977 2069 2467 2666 2700 
638	153	141	2	26 655 1424 1787 1799 1964 2204 2286 2395 
639	892	303	6	312 342 667 712 782 1133 1145 1299 1462 1717 1852 1990 2630 2798 2948 
640	638	432	6	3 164 524 639 714 798 943 1374 1505 2254 2768 2881 
641	543	402	4	68 459 660 1173 1327 1483 1942 2281 2651 
642	640	281	6	144 436 467 627 876 1050 1150 1535 1676 1910 2176 2234 2623 
643	638	184	7	15 96 124 153 794 1104 1209 1447 1473 1493 1536 2079 2441 2500 2758 
644	703	164	8	214 253 384 406 472 1818 2498 2520 2644 
645	859	209	1	17 935 1620 2281 2796 
646	153	391	3	258 1387 1617 1805 2123 2182 2207 2341 2586 2640 2741 
647	308	433	7	186 431 1050 1765 2024 2188 2632 2786 
648	640	137	7	195 292 314 347 351 601 737 754 795 858 1552 2517 2583 2841 
649	543	257	5	314 398 1805 2368 2611 2639 2661 2975 2977 
650	703	288	10	788 807 1156 1270 1502 2043 2068 2394 
651	587	334	7	311 448 463 855 949 1003 1124 1548 1599 1649 1652 1659 1944 2123 2323 2458 2558 2648 2655 2878 
652	543	79	6	917 1053 1370 1407 1601 1945 1966 2494 
653	353	69	6	78 2245 2823 
654	892	445	7	241 307 325 371 619 751 784 1275 1452 1500 1698 1772 2050 2052 2369 2968 
655	153	339	4	761 1086 1100 1255 1381 1729 1748 1768 1937 2389 2412 
656	892	52	8	60 107 293 445 965 1608 1674 1936 1994 2052 2138 2268 2490 2546 2569 2995 
657	587	490	1	114 206 409 562 578 683 979 1150 1193 1316 1503 1643 1968 1976 2190 2243 2283 2603 2718 2743 2799 
658	859	304	3	182 712 1137 1290 1485 1506 
659	265	218	7	816 2539 2725 
660	859	206	2	229 248 651 800 
661	153	139	5	1311 1856 1938 2111 2388 2589 2627 2696 2720 2887 
662	153	38	7	8 150 355 386 1357 1394 1580 1764 1836 2187 2904 
663	859	252	4	154 1200 1207 1586 1833 2234 2376 2683 2915 
664	100	322	1	847 1367 1381 1573 2315 2560 2596 2774 2991 
665	543	196	7	100 213 555 830 870 1525 1960 2258 2289 2722 
666	703	264	9	254 422 459 1760 2184 2565 2821 2824 
667	859	65	5	143 249 639 749 812 1105 1845 2863 
668	353	266	7	138 389 937 1870 2782 2940 
669	153	474	6	7 176 204 326 615 1070 1114 1516 1520 1985 2018 2300 2769 
670	100	133	2	46 621 735 903 1780 1825 2327 2464 2689 2886 
671	640	354	8	28 131 161 258 544 1530 2166 2256 2508 2523 2568 2570 
672	859	456	6	314 399 1002 1736 2281 2387 2400 2605 
673	153	290	8	74 329 1242 1322 1361 1377 1573 1773 2410 2449 2827 
674	859	446	7	105 438 975 1847 2057 2179 2293 2690 
675	640	238	9	206 295 430 611 693 955 1155 1740 1742 2646 2924 2977 
676	308	173	8	552 838 924 946 1276 1495 1618 2378 2519 
677	153	100	9	153 224 405 616 1008 1509 2286 2541 2596 2667 2776 2805 2913 
678	640	429	10	9 52 477 991 1397 1482 1591 1740 1742 2183 2267 2343 
679	152	358	1	38 1196 1555 1654 2010 2113 2122 2135 2151 2503 2530 2708 2889 
680	290	25	3	14 628 912 1619 1755 2110 
681	153	131	10	57 117 304 635 746 929 1467 1846 2096 2423 2684 2993 
682	152	344	2	17 47 613 747 1126 1658 1891 2003 2131 2324 2738 2955 2965 
683	308	175	9	505 704 1085 1352 1382 2365 
684	859	186	8	449 1446 1459 1732 1908 2533 2794 
685	543	178	8	718 1082 1240 1394 1526 1561 1800 2470 2852 2863 2997 
686	638	349	8	117 290 602 803 1066 1290 1699 1761 1841 1860 2040 2063 2249 
687	638	322	9	1012 1018 1087 1303 1385 1433 1816 1825 2022 2141 2143 2197 2304 2908 
688	650	217	9	110 281 303 410 558 585 708 762 766 1506 1679 1982 2199 2379 2463 2480 2619 
689	221	293	1	322 1276 1418 1435 1558 1588 2000 2537 2541 2571 2777 
690	308	356	10	343 408 733 886 1178 1951 2472 
691	353	50	8	422 698 1226 2030 2077 
692	638	382	10	888 889 942 1110 1113 1195 1329 1589 1686 1731 1914 2196 2520 2672 
693	100	74	4	276 1015 1418 
694	520	15	1	86 232 690 1240 1423 1445 1570 1700 1762 1810 1855 1997 2397 2660 
695	107	452	9	707 967 1394 1448 1546 2133 
696	587	32	8	103 164 270 287 487 648 663 820 1077 1095 1131 1287 1648 1677 2021 2318 2687 2781 2823 2835 
697	543	185	9	61 189 367 847 1166 1296 1441 1522 1738 1777 1978 
698	951	392	8	467 595 842 846 880 1154 1369 1460 1534 1905 2011 2184 2223 2236 2252 2329 2472 2905 
699	285	218	1	723 1091 1520 1600 1994 2140 2332 2394 2936 
700	290	13	5	370 643 829 2020 2707 
701	717	397	9	2 811 903 981 1038 1042 1326 1349 1482 1561 1680 1893 2418 2451 2690 2719 2811 2857 2985 
702	100	307	3	437 678 699 866 1333 1519 2032 
703	100	75	5	18 156 729 1180 1182 1388 1754 2287 2524 
704	285	324	2	128 923 1330 1425 2285 2318 2639 2746 2996 
705	152	365	3	776 909 922 1074 1411 1441 1815 1891 2067 2083 2611 2888 
706	100	172	7	119 172 218 2012 2162 2168 2545 2771 2812 
707	859	191	9	215 319 1682 2068 2841 2893 2911 
708	221	25	2	691 700 1111 1523 1930 2005 2024 2057 2186 2495 2739 
709	520	39	2	35 171 897 1146 1549 1615 1785 2220 2246 2466 2693 2841 2896 
710	221	92	3	77 358 484 504 715 1199 1241 1426 1508 2180 2321 2647 2721 
711	520	452	3	155 1128 1451 1482 1612 1648 1775 1804 1865 2115 2203 2235 2505 2580 2772 
712	290	428	6	965 1031 1152 1536 1897 2499 2575 
713	221	152	4	53 54 818 1177 1188 1324 1338 1362 2108 2132 2337 
714	951	288	9	15 313 591 835 836 1163 1467 1766 1828 1911 2081 2102 2201 2226 2371 2685 2723 
715	520	131	4	157 170 828 1166 1227 1745 1759 1971 2398 2537 2548 2571 2573 2697 2895 
716	520	8	5	44 116 326 367 714 1099 1169 1456 1540 1810 1972 2136 2175 2198 
717	221	338	5	82 655 678 745 1020 1126 1185 1719 2215 2919 
718	100	134	6	469 546 650 1282 2007 2039 2251 2310 2313 2332 2710 
719	265	472	8	1105 1715 2421 2801 
720	100	14	8	335 564 768 793 996 1539 1664 2031 2802 
721	152	310	4	405 524 625 907 1078 1693 2104 2479 2710 2719 2730 2780 2889 
722	152	109	5	274 385 393 1121 1260 1422 2322 2360 2496 2937 2980 2990 
723	892	246	9	187 209 301 337 409 476 1178 1311 1511 1718 2398 2527 2709 2808 2919 
724	107	254	10	375 1061 1396 2349 2666 2937 
725	520	496	7	427 591 682 1109 1601 2170 2197 2230 2419 2748 2850 2983 2988 
726	951	280	10	10 14 27 393 420 488 758 877 994 999 1171 1268 1636 1654 1867 1984 2644 2880 
727	100	123	9	356 511 547 1181 1518 1689 2319 2800 
728	859	284	10	1206 1256 1429 1944 2485 
729	221	267	6	80 447 934 984 1320 1780 1939 2157 2677 2734 2847 2875 2940 
730	353	53	9	854 939 1262 1739 
731	294	460	2	205 770 778 2906 
732	892	313	10	313 1342 1387 1431 1471 1504 1651 1953 2192 2205 2361 2528 2696 2714 2754 
733	543	489	10	573 677 1055 1459 1547 1763 2494 2608 2625 
734	169	77	2	239 284 338 354 473 620 885 1336 1410 1518 1814 2184 2314 2376 2389 2556 2778 
735	285	426	3	166 286 645 797 939 1688 1835 1882 2557 
736	100	262	10	1127 1165 1288 1307 1524 2019 2450 2632 2944 2962 
737	520	258	6	300 372 506 536 582 865 1188 1214 1463 1637 1943 1969 2088 2278 
738	152	363	6	390 464 842 1170 1537 1770 2167 2325 2652 2787 2896 2927 
739	566	437	4	22 58 94 188 521 700 824 835 932 940 1133 1175 1287 1398 1543 1766 1930 2465 2564 2574 2913 2986 
740	353	434	10	734 1520 2711 
741	112	208	1	240 431 741 1199 1728 
742	152	350	7	123 874 1146 1217 1227 1358 1491 1640 1837 2111 2499 2858 2891 
743	984	220	1	135 252 483 733 840 1262 1410 1446 1565 1669 1792 1851 1939 2162 2265 
744	290	343	7	532 660 835 1059 1948 2399 2484 
745	520	368	8	391 575 594 823 909 1093 1490 1596 1885 2109 2285 2603 2788 2899 
746	285	300	4	145 286 485 1005 1484 1667 2164 2193 
747	112	127	2	14 191 384 464 1827 1830 
748	290	359	8	151 229 561 588 997 1188 1874 
749	233	206	1	24 30 1356 1598 1754 1972 2550 2594 2638 2678 2917 
750	265	305	9	803 935 2142 2263 
751	233	341	2	331 867 1065 1472 1521 1574 1603 1802 2181 2279 
752	692	199	1	163 447 721 961 974 1203 1220 1689 2253 
753	350	302	1	198 469 487 759 971 1118 1195 1234 1551 1690 1769 1777 2070 2459 2505 2579 2951 2957 
754	221	498	7	44 104 508 510 691 1340 1667 1907 2348 2513 2703 
755	692	387	2	241 535 590 630 742 1140 1432 1554 2588 2865 2930 
756	674	427	8	1063 
757	984	453	2	308 340 427 527 545 1042 1192 1194 1722 2080 2402 2600 2610 2921 
758	350	194	2	67 126 502 546 579 1211 1246 1724 2006 2081 2098 2148 2174 2261 2480 2509 
759	290	193	9	486 694 871 1584 1708 1834 2091 2237 
760	630	151	1	219 584 1256 2861 
761	692	378	3	478 605 1233 1605 1817 1912 2306 2434 2502 2625 2937 
762	152	497	8	442 686 772 902 1149 1730 1754 1823 2260 2301 2635 2671 2754 
763	152	203	9	498 642 663 666 1098 1250 2429 2513 2579 2766 
764	169	265	1	93 518 523 526 530 583 705 1059 1102 1286 1332 1796 2305 2349 2720 2873 2942 
765	152	320	10	45 437 1284 1671 2048 2087 2261 2285 2504 2877 
766	285	320	5	253 549 1242 1595 2297 2659 
767	294	237	1	101 121 638 1335 1705 1709 1841 2136 
768	984	74	3	28 412 516 550 588 911 1491 1570 1620 1922 2023 2283 2342 2548 2720 2976 
769	984	243	4	217 388 560 741 809 982 1214 1303 1550 1725 1750 1892 2102 2173 2849 
770	221	332	8	509 749 1473 1549 1575 1920 2191 2258 2276 2497 2574 2846 
771	221	384	9	141 523 539 661 984 1186 1209 1716 1987 2121 2567 2762 
772	221	282	10	617 830 881 1245 1301 1437 1470 1823 1955 2179 2378 2745 2849 
773	692	459	4	19 361 980 1415 1435 1590 1925 1984 2057 2794 2857 2967 
774	285	291	6	526 535 601 1192 1690 1877 1894 2096 2709 
775	112	362	3	181 446 514 953 1701 1826 
776	381	193	1	508 748 1267 1326 1329 1738 1824 1932 1955 2424 2592 
777	984	267	5	433 581 635 690 1298 1365 1514 1708 1745 2231 2359 2490 2530 2550 2690 2851 
778	692	202	5	570 741 982 1597 2079 2455 2534 2745 
779	285	369	8	189 248 437 797 927 1163 1852 1969 2294 
780	520	316	9	268 1169 1240 1318 1413 1619 1620 1808 1896 2372 2722 2864 
781	169	335	3	107 318 394 480 519 674 704 1070 1226 1498 1950 2174 2322 2325 2514 2782 
782	294	194	3	95 327 339 1010 1130 1765 1945 2509 
783	692	360	6	84 501 587 802 986 1526 2434 2663 2835 
784	169	70	4	163 335 414 758 765 853 1049 2027 2061 2236 2403 2419 2467 2529 2625 2879 2943 
785	350	305	3	752 775 942 1042 1104 1905 1946 2119 2345 2436 2445 2482 2810 2900 2903 
786	984	341	6	69 631 660 680 705 781 1007 1271 1638 2084 2132 2288 2390 2794 
787	285	421	7	29 399 481 636 1373 1782 1820 2355 2368 
788	520	391	10	188 368 582 966 1019 1235 1411 1745 1853 2021 2221 2484 2507 2539 2902 
789	590	117	1	348 575 763 920 1360 1861 2063 2114 2235 2553 
790	290	374	10	25 530 1640 2077 2455 
791	233	424	3	69 607 891 1163 1359 1425 1956 2868 
792	381	198	2	408 416 419 461 614 642 886 1041 1256 1444 1999 2039 2462 
793	692	45	7	306 493 585 701 719 1066 1642 2046 2317 2773 
794	630	299	3	709 881 2553 2719 2794 
795	233	228	4	875 1319 1409 1448 1821 2230 2604 2729 2978 
796	381	17	3	102 142 463 563 567 964 968 1012 1539 1691 1901 2330 2473 2771 
797	692	180	8	961 1099 1200 1253 1492 2051 2332 2798 2821 
798	91	81	1	175 311 488 640 802 892 1280 1842 2469 2833 2842 2867 2893 2992 
799	294	64	4	158 172 229 838 1887 2182 2200 2941 
800	717	21	10	227 364 643 869 996 1010 1138 1230 1398 1538 1562 1584 1661 1771 1923 2614 2908 2943 2963 
801	590	300	2	36 380 653 689 756 1197 1284 1639 2079 2414 2786 2978 
802	381	83	4	72 649 754 806 1128 1416 1560 1697 1757 2287 2704 
803	91	374	2	33 230 266 697 823 1300 1613 1625 1714 2076 2280 2369 2412 2807 2866 
804	692	70	9	194 419 911 1205 1989 2420 2747 2890 
805	91	40	3	322 505 993 1133 1371 1391 2053 2261 2289 2361 2767 
806	590	440	3	42 543 851 982 1474 1621 2209 2491 2583 2875 2930 2992 
807	91	180	4	250 371 392 547 1024 1140 1430 1626 2111 2151 2407 2441 2759 2770 
808	285	221	9	362 634 715 743 1104 1663 1865 2362 2439 2477 
809	692	361	10	80 222 1239 1295 1604 1617 1625 2227 2324 2610 2645 
810	112	93	4	800 836 2375 2559 2725 
811	363	239	1	161 296 525 795 957 1075 1716 2215 
812	566	385	5	285 302 492 529 757 773 865 1003 1151 1154 1206 1261 1288 1581 1763 2064 2139 2514 2522 2549 2558 2898 
813	381	346	5	61 166 596 652 668 1048 1259 1322 1405 1645 2179 2365 2432 2528 
814	537	148	1	663 1477 1508 2138 2154 2749 2966 
815	294	51	5	1379 2034 2042 2133 
816	233	326	5	80 506 724 790 910 1387 1474 1778 2228 
817	590	24	4	89 348 624 727 734 963 1156 1602 2002 2423 2974 
818	984	69	7	168 1036 1248 1320 1498 1681 1714 1808 1929 1996 2491 2765 2780 2821 
819	537	252	2	106 288 511 540 940 988 1340 1494 2222 2295 2680 
820	381	187	6	517 727 767 801 1065 1088 1455 2014 2075 2101 2481 2620 2915 
821	587	134	9	104 167 414 563 603 1052 1239 1456 1786 1961 2171 2181 2206 2255 2474 2854 2907 2912 2943 2945 
822	537	367	3	879 989 1514 1980 2049 2594 2622 2914 
823	530	432	1	107 124 573 724 836 852 1046 1068 1231 1239 1933 1999 2053 2131 2512 2803 2925 
824	294	205	7	66 152 450 513 717 963 1053 1567 
825	984	323	8	401 494 869 1229 1477 1580 1643 1681 1835 1931 2289 2578 2588 2731 2828 
826	537	291	4	313 448 657 861 1652 2082 2563 
827	537	483	5	225 325 453 1355 1803 1957 2239 2280 2634 
828	285	228	10	185 270 440 752 799 831 848 1238 1281 
829	630	53	2	42 218 1266 1486 1878 
830	233	285	6	46 200 452 773 820 890 1339 1772 2022 2095 
831	363	49	2	538 914 1127 1282 1611 2558 2719 2975 
832	112	379	5	188 317 717 905 2227 
833	537	282	6	90 254 721 930 1210 1579 1803 2346 2427 2701 
834	984	273	9	136 377 423 786 1160 1345 1403 1878 2077 2117 2227 2373 2538 2625 2871 2960 
835	233	369	7	20 129 501 524 1343 2597 
836	233	112	8	18 352 413 438 1027 1273 1807 1813 2679 2860 
837	537	17	7	362 1177 1293 1813 1885 1926 2214 2454 2602 2691 2936 2977 
838	984	449	10	105 496 846 1001 1018 1263 1545 1836 2012 2466 2764 2924 2951 
839	363	207	3	577 1545 1660 1686 2165 2551 
840	91	215	5	48 93 229 301 495 537 567 915 1218 1497 1748 2283 2288 2748 
841	537	93	8	118 370 1141 1203 2251 2392 2479 
842	294	84	6	120 213 1132 1232 1482 1824 2565 
843	112	307	6	191 207 259 432 800 
844	587	268	10	63 156 167 311 387 705 708 724 768 1017 1067 1102 1103 1442 1696 2027 2229 2242 2317 2618 
845	112	225	7	43 149 467 1422 1807 1965 2974 
846	233	87	9	68 179 320 1107 1421 1557 2784 2873 
847	294	24	8	89 380 592 952 1201 1825 2529 
848	91	199	6	223 272 518 743 748 952 1309 1325 1447 1912 1970 2194 2740 2836 
849	112	31	8	320 1300 1574 2819 2829 
850	294	324	9	1492 2168 2495 
851	294	104	10	48 165 204 1474 1824 2114 2164 2374 
852	91	33	7	810 904 1091 1155 1526 1716 1720 1789 2067 2251 2519 2547 2760 
853	112	224	9	230 730 994 1067 1566 2106 
854	381	284	7	12 135 428 839 1442 1628 1676 1758 1794 1940 2362 
855	233	277	10	85 411 665 1243 2178 2286 2499 2592 2860 
856	363	467	4	862 1089 1115 1476 1566 2691 2718 2764 2773 
857	537	31	9	38 971 1297 1313 1335 1405 1993 2485 2486 2775 
858	689	26	1	270 521 692 866 1986 2260 2572 
859	689	364	2	286 547 1496 1524 1604 2085 2183 2284 2682 2831 
860	363	187	5	2 908 1604 1687 2010 2148 2157 2519 2765 
861	537	347	10	189 320 1679 2131 2531 2561 2678 2723 2734 
862	363	8	6	556 1313 1684 1719 2183 2556 2834 
863	363	233	7	10 192 489 566 698 1242 1673 2456 
864	885	312	1	54 244 1159 1795 1828 2341 2935 
865	689	419	3	506 629 636 1032 1493 1611 2108 2498 
866	363	192	8	489 884 896 1654 1886 2572 2885 
867	363	418	9	43 304 862 1016 1453 2414 2578 
868	112	499	10	4 308 1560 2279 2769 
869	391	125	1	687 769 1051 1461 2100 2766 2877 2886 
870	381	13	8	325 355 363 878 938 1458 1713 1790 2477 2629 2785 2897 
871	91	409	8	177 196 233 1218 1433 1581 1719 1802 1836 1855 1943 2008 2221 2974 2989 
872	631	411	1	14 212 622 953 1229 1514 1649 1862 2061 2173 2247 2326 2563 2577 2853 
873	706	119	1	333 858 1420 2309 
874	363	237	10	653 850 1078 1618 1622 2006 2115 2263 2658 
875	885	275	2	887 1840 1959 2125 2200 2936 
876	91	23	9	178 309 569 831 877 1120 1162 1464 1609 2125 2153 2589 2684 2799 
877	631	174	2	1072 1135 1351 1544 1641 1723 2070 2114 2502 2508 2617 2622 2650 2928 
878	730	414	1	442 494 633 669 1060 2542 2883 
879	265	27	10	179 1743 2640 2856 
880	91	456	10	251 1026 1068 1086 1430 1875 1926 2282 2409 2595 2743 2755 2845 
881	530	89	2	60 645 790 1011 1061 1136 1283 1315 1483 1691 1767 2054 2201 2274 2297 2349 2352 2752 2939 
882	574	12	1	95 376 451 470 796 1247 1384 1660 1742 1868 2316 2773 2850 
883	590	143	5	722 814 931 953 1092 1112 1759 2306 2393 2502 2844 2997 
884	885	491	3	456 623 757 1761 2847 2848 
885	706	161	2	72 355 563 1277 1778 
886	381	292	9	243 455 479 795 913 1033 1034 1500 1977 2126 2215 2216 2827 
887	631	325	3	186 216 591 779 798 1279 1564 1736 2310 2428 2668 2736 2749 2812 2821 2851 
888	706	256	3	508 819 1261 1854 2966 
889	631	269	4	31 221 413 499 708 1178 1374 1564 1578 1862 2029 2468 2855 2867 
890	381	414	10	702 854 898 990 1093 2181 2549 2550 2654 2765 2789 
891	786	20	1	713 1032 1706 2335 2358 2461 
892	631	243	5	324 875 926 935 966 1097 1123 1412 1463 1684 1712 1875 1969 2094 2513 2518 
893	786	390	2	112 160 342 820 1157 1255 1419 2368 2538 2593 
894	391	339	2	156 1406 2580 2655 2806 
895	689	42	4	32 77 90 114 262 273 2107 2388 2557 
896	169	271	5	410 460 487 512 532 604 837 1086 1312 1347 1496 1541 1760 2581 2651 2917 2964 
897	730	258	2	195 495 964 1267 1346 1535 1576 1948 2344 2587 2902 
898	391	273	3	374 495 1180 1257 2446 2998 
899	885	360	4	60 503 1120 1872 2196 2761 
900	730	265	3	498 582 962 1072 1413 1927 2144 2150 2549 2885 
901	631	42	6	214 260 282 379 1138 1148 1471 1525 1618 1915 2208 2458 2597 2724 2819 2975 
902	169	333	6	357 805 873 1375 1390 1439 1490 1710 1895 1958 1961 2137 2239 2453 2635 2732 2866 
903	885	303	5	260 550 1044 1567 1929 2447 2706 
904	730	331	4	690 701 1235 1367 1391 1770 1820 2545 2713 2800 2920 
905	574	418	2	49 176 412 652 723 910 1392 1530 1900 2066 2460 2653 2670 2804 
906	590	471	6	96 493 729 1144 1459 1645 1774 2127 2145 2533 2778 2981 
907	797	448	1	187 318 463 613 726 859 983 1369 1417 1469 1668 1960 2479 2494 2534 2677 2733 2767 2837 
908	530	480	3	241 279 349 404 787 884 928 969 1075 1215 1314 1388 1438 1679 1970 2007 2227 2421 2544 
909	885	6	6	584 825 851 1964 2998 
910	590	164	7	83 763 1085 1097 1391 1563 1586 1982 2276 2464 2507 2603 2688 
911	986	104	1	157 357 602 813 973 1172 1366 1550 2072 2230 2429 2676 2750 
912	574	280	3	338 492 750 812 1047 1081 1343 1379 1467 1693 2086 2503 2933 
913	169	408	7	360 589 759 811 1114 1129 1677 1778 1860 1912 1976 1988 2098 2247 2353 2604 2696 
914	885	227	7	24 490 1236 1576 2949 
915	730	178	5	26 115 237 754 1181 1314 1522 2323 2766 
916	391	20	4	189 394 486 1308 1988 2387 2486 
917	631	43	7	59 81 82 263 646 1011 1551 1614 1783 1812 2014 2510 2627 2807 2950 2979 
918	630	236	4	1450 1882 1955 
919	786	467	3	119 200 1305 1596 2369 2451 
920	590	174	8	88 439 700 840 843 1216 1260 2359 
921	574	361	4	8 28 66 408 412 475 590 654 694 1571 2069 2425 2462 
922	674	54	7	160 255 
923	391	328	5	90 1008 1461 1480 1529 1797 1896 2888 
924	986	83	2	560 660 939 1431 1480 1619 2219 2542 2573 2754 2762 2855 2967 
925	786	207	4	120 208 529 930 973 1288 1401 
926	986	242	3	65 565 619 889 1209 1455 1913 2191 2276 2915 
927	689	362	5	45 257 1346 1554 1623 1627 2332 2981 
928	689	316	6	30 121 490 508 999 1562 1833 2114 2330 2428 
929	391	269	6	284 353 879 1616 1685 1750 
930	590	43	9	97 415 502 684 767 908 977 1197 1222 1229 1283 1880 2006 
931	630	344	5	384 1273 2001 2281 
932	391	384	7	132 1253 1709 2140 2142 2366 
933	590	22	10	264 565 725 951 1063 1117 1244 2123 2729 2807 2838 
934	689	277	7	617 620 630 700 1726 2171 2380 2413 
935	885	343	8	871 1591 1639 2270 2308 2817 
936	730	90	6	38 322 651 796 1960 2060 2751 2918 
937	786	311	5	579 788 852 1408 2048 2119 2814 
938	730	298	7	65 239 280 1354 1711 1917 2174 2195 2871 
939	631	279	8	278 424 429 562 613 636 905 959 1034 1143 1542 1657 1680 1950 1979 2038 
940	301	22	1	444 643 1179 1662 1778 1930 2384 2450 2488 2506 2601 2790 2926 
941	986	73	4	99 369 452 569 774 976 1589 1883 2344 2438 2521 2600 
942	301	208	2	441 528 971 1567 1638 1687 1896 2063 2489 2534 2579 
943	169	96	8	92 249 272 292 737 1318 1600 2004 2044 2128 2144 2698 2795 2958 2982 2994 
944	730	436	8	684 853 1120 1733 1915 2070 2476 2730 2934 
945	301	405	3	72 125 240 789 888 933 1396 1499 1908 2042 2600 
946	631	68	9	152 199 269 522 586 649 868 894 1779 2178 2444 2446 2467 2557 2968 
947	169	85	9	8 53 283 407 861 1327 1454 1521 1549 1669 2001 2116 2353 2384 2744 2879 
948	730	312	9	395 1116 1295 1870 1899 1970 2718 2724 2882 
949	786	329	6	40 190 354 1382 2178 
950	169	233	10	157 327 428 649 764 862 1118 1119 1371 1730 2119 2588 2589 2781 2795 2930 
951	689	177	8	20 521 1532 1606 1723 1899 2092 2122 2544 2685 
952	546	488	1	12 103 233 234 516 601 636 1371 1475 1531 1577 1802 1893 1907 2089 2216 2378 
953	301	170	4	86 651 882 1127 1213 1307 1541 1743 1997 2874 
954	301	331	5	269 322 364 409 893 1029 1331 2058 2116 2371 2387 
955	301	7	6	137 1174 1182 1584 1603 2074 2206 2320 2580 2664 2760 
956	391	103	8	132 201 617 1221 1512 1546 1770 1796 
957	630	119	6	335 448 614 1500 1571 1913 
958	546	242	2	41 142 262 1697 1728 1749 1871 2043 2134 2214 2229 2350 2501 2523 2710 2776 2972 
959	986	96	5	84 185 264 608 827 921 974 1054 1104 1235 2390 2452 2701 2860 
960	986	35	6	98 267 642 768 1063 1184 1647 2138 2632 2717 2996 
961	350	292	4	332 755 986 1080 1159 1292 1621 1920 1950 2062 2319 2435 2471 2848 2881 2925 2945 2949 
962	706	45	4	429 1017 1142 1811 2837 
963	885	371	9	275 655 1694 1745 2275 2597 
964	630	87	7	148 1595 1814 2290 2504 2924 
965	530	372	4	59 204 531 573 673 707 900 1453 1466 1787 1927 2045 2272 2340 2518 2626 2824 
966	51	34	1	324 1347 1431 1726 2920 2952 
967	391	125	9	910 1356 2203 2313 2357 2676 2959 
968	631	488	10	40 81 385 518 960 1259 1306 1331 1766 1844 1895 1954 1975 2616 2827 
969	689	370	9	723 872 1079 1306 1353 1732 2026 2863 
970	706	139	6	531 1293 1350 1408 1992 2447 
971	885	44	10	522 1269 1626 2796 2881 2952 
972	786	35	7	173 418 903 1592 1800 2470 2621 2642 
973	689	34	10	450 912 1607 1746 1977 2217 2702 2792 2825 
974	574	170	5	120 424 649 743 942 964 1021 1062 1249 1303 1746 2687 2773 
975	391	329	10	116 234 456 634 2262 2573 
976	103	441	1	65 709 890 909 911 1026 1157 1161 1365 1818 1973 2092 2299 2474 2591 2906 
977	706	248	5	614 1188 1606 1608 1755 1946 
978	630	298	8	1004 1631 1942 2074 2205 
979	359	325	1	395 397 515 1299 1596 2484 2618 
980	674	279	10	
981	797	236	2	25 87 115 260 306 684 948 985 1121 1155 1212 1232 1308 1857 1923 2209 2239 2267 2441 2584 
982	55	68	1	183 309 450 833 1270 1757 1979 2855 
983	359	123	2	122 845 853 865 1360 1647 1884 2901 
984	786	260	8	954 1259 1568 1590 2633 2650 
985	574	315	6	217 324 391 457 757 905 1359 1784 1957 2141 2279 2571 
986	986	215	7	143 470 928 1390 1528 1579 1899 2295 2420 2643 2852 2864 2882 
987	301	395	7	17 548 950 1245 1727 2091 2092 2099 2141 2194 2331 2946 
988	55	210	2	75 136 632 1548 1587 1809 2357 2372 2435 2500 
989	730	213	10	670 959 1084 1907 1925 1936 2392 2991 
990	986	90	8	37 616 894 1110 1389 1531 1837 2393 2587 2732 2942 2969 
991	301	317	8	197 628 832 1009 1083 1208 1638 2189 2266 2536 2808 2978 
992	77	321	1	68 801 992 1171 1633 1645 2143 2152 2438 2548 2954 
993	786	84	9	300 683 927 999 1005 1094 1591 1997 2726 
994	630	370	10	533 1550 2441 2533 
995	630	176	9	233 277 1496 1594 2109 2606 
996	574	386	7	84 392 634 848 926 1080 1436 1512 1542 2147 2448 2515 2675 
997	797	176	3	249 268 323 434 646 784 1018 1117 1157 1203 1298 1395 1511 1707 1803 1813 2169 2212 2478 2886 
998	359	353	4	631 999 2239 2277 2355 2503 
999	77	260	2	204 221 429 904 1236 1395 1404 1747 1770 1880 2846 
1000	574	159	8	404 579 641 1053 1059 1177 1289 1583 1686 2094 2135 2300 2665 2674 2796 
