Class Times	100
Rooms	10000
1	922
2	865
3	853
4	247
5	746
6	997
7	146
8	531
9	324
10	517
11	818
12	359
13	837
14	942
15	124
16	986
17	738
18	299
19	513
20	466
21	996
22	285
23	130
24	688
25	894
26	644
27	262
28	461
29	166
30	995
31	946
32	924
33	628
34	403
35	44
36	380
37	702
38	147
39	427
40	827
41	967
42	663
43	725
44	965
45	980
46	648
47	260
48	618
49	843
50	262
51	541
52	934
53	532
54	463
55	456
56	134
57	422
58	775
59	477
60	797
61	132
62	681
63	859
64	595
65	284
66	886
67	170
68	991
69	118
70	721
71	58
72	612
73	914
74	654
75	903
76	184
77	264
78	503
79	970
80	73
81	908
82	838
83	553
84	358
85	452
86	506
87	795
88	719
89	422
90	843
91	619
92	813
93	226
94	135
95	825
96	95
97	216
98	681
99	194
100	731
101	980
102	148
103	760
104	268
105	550
106	624
107	187
108	569
109	312
110	193
111	255
112	269
113	693
114	532
115	114
116	390
117	263
118	259
119	499
120	632
121	641
122	571
123	690
124	593
125	150
126	727
127	572
128	977
129	994
130	67
131	644
132	553
133	464
134	137
135	261
136	372
137	554
138	406
139	453
140	110
141	997
142	980
143	469
144	448
145	227
146	622
147	200
148	910
149	301
150	208
151	718
152	543
153	491
154	871
155	387
156	244
157	657
158	420
159	702
160	26
161	402
162	395
163	223
164	761
165	939
166	63
167	750
168	477
169	431
170	717
171	961
172	692
173	214
174	639
175	856
176	590
177	313
178	734
179	887
180	607
181	89
182	720
183	968
184	770
185	930
186	15
187	779
188	69
189	393
190	61
191	475
192	14
193	62
194	150
195	150
196	313
197	259
198	204
199	124
200	725
201	399
202	384
203	65
204	127
205	297
206	345
207	226
208	830
209	74
210	473
211	83
212	86
213	979
214	479
215	523
216	521
217	49
218	955
219	719
220	419
221	618
222	97
223	48
224	878
225	466
226	307
227	865
228	875
229	453
230	458
231	171
232	824
233	205
234	999
235	800
236	926
237	771
238	235
239	351
240	355
241	954
242	699
243	722
244	51
245	711
246	565
247	151
248	694
249	683
250	569
251	347
252	704
253	482
254	63
255	715
256	518
257	711
258	653
259	533
260	251
261	644
262	989
263	511
264	858
265	311
266	697
267	59
268	667
269	726
270	983
271	701
272	233
273	843
274	962
275	188
276	19
277	174
278	797
279	761
280	838
281	846
282	948
283	326
284	49
285	176
286	377
287	678
288	770
289	491
290	440
291	762
292	465
293	460
294	334
295	573
296	460
297	997
298	297
299	474
300	97
301	396
302	981
303	829
304	773
305	590
306	531
307	87
308	42
309	114
310	719
311	417
312	668
313	134
314	635
315	251
316	93
317	572
318	976
319	716
320	233
321	868
322	907
323	250
324	276
325	548
326	384
327	200
328	809
329	863
330	552
331	936
332	744
333	474
334	513
335	28
336	830
337	639
338	545
339	227
340	977
341	135
342	780
343	133
344	679
345	847
346	969
347	703
348	517
349	849
350	270
351	425
352	186
353	361
354	251
355	612
356	355
357	689
358	911
359	357
360	33
361	177
362	878
363	896
364	470
365	639
366	562
367	684
368	560
369	161
370	842
371	76
372	829
373	513
374	235
375	127
376	389
377	322
378	294
379	530
380	674
381	522
382	839
383	400
384	331
385	707
386	359
387	125
388	820
389	977
390	974
391	496
392	346
393	652
394	69
395	145
396	308
397	766
398	674
399	987
400	175
401	161
402	877
403	266
404	536
405	381
406	188
407	891
408	631
409	753
410	318
411	724
412	875
413	447
414	594
415	927
416	696
417	15
418	56
419	642
420	545
421	593
422	749
423	977
424	681
425	171
426	487
427	495
428	331
429	356
430	372
431	233
432	165
433	172
434	275
435	686
436	876
437	689
438	388
439	652
440	510
441	332
442	331
443	570
444	877
445	313
446	592
447	675
448	293
449	546
450	112
451	451
452	702
453	627
454	342
455	164
456	59
457	774
458	366
459	958
460	867
461	650
462	622
463	421
464	498
465	909
466	496
467	604
468	903
469	567
470	175
471	633
472	378
473	874
474	592
475	388
476	992
477	51
478	291
479	812
480	949
481	921
482	706
483	300
484	180
485	542
486	25
487	530
488	311
489	693
490	482
491	763
492	665
493	16
494	913
495	652
496	294
497	502
498	199
499	324
500	361
501	458
502	107
503	757
504	467
505	731
506	528
507	498
508	390
509	710
510	536
511	206
512	955
513	965
514	750
515	313
516	189
517	664
518	411
519	533
520	732
521	650
522	924
523	819
524	409
525	931
526	370
527	670
528	433
529	660
530	630
531	913
532	665
533	615
534	816
535	180
536	603
537	229
538	139
539	854
540	16
541	337
542	933
543	16
544	831
545	884
546	554
547	178
548	736
549	291
550	107
551	455
552	11
553	135
554	345
555	159
556	209
557	326
558	407
559	195
560	697
561	463
562	742
563	514
564	958
565	437
566	557
567	153
568	505
569	313
570	187
571	846
572	713
573	211
574	984
575	353
576	875
577	206
578	417
579	126
580	351
581	840
582	220
583	933
584	975
585	31
586	168
587	717
588	463
589	447
590	523
591	461
592	847
593	89
594	366
595	612
596	634
597	107
598	874
599	813
600	193
601	845
602	643
603	768
604	20
605	142
606	565
607	394
608	931
609	964
610	579
611	224
612	550
613	657
614	411
615	607
616	828
617	172
618	374
619	155
620	652
621	106
622	596
623	553
624	179
625	95
626	40
627	956
628	921
629	79
630	78
631	316
632	978
633	28
634	875
635	485
636	22
637	166
638	201
639	461
640	865
641	728
642	67
643	468
644	680
645	799
646	816
647	324
648	56
649	267
650	255
651	955
652	525
653	503
654	273
655	904
656	33
657	723
658	972
659	484
660	42
661	902
662	776
663	762
664	614
665	418
666	92
667	751
668	995
669	214
670	681
671	632
672	266
673	777
674	858
675	178
676	476
677	503
678	450
679	513
680	776
681	720
682	646
683	622
684	198
685	357
686	900
687	597
688	825
689	724
690	668
691	762
692	314
693	895
694	259
695	616
696	919
697	220
698	506
699	742
700	168
701	238
702	503
703	319
704	855
705	168
706	55
707	168
708	912
709	654
710	502
711	166
712	981
713	866
714	230
715	133
716	664
717	646
718	591
719	839
720	39
721	172
722	572
723	573
724	905
725	89
726	889
727	862
728	641
729	79
730	850
731	216
732	43
733	289
734	566
735	322
736	192
737	967
738	244
739	260
740	889
741	899
742	150
743	877
744	20
745	81
746	248
747	430
748	252
749	650
750	745
751	262
752	595
753	810
754	473
755	942
756	545
757	41
758	373
759	621
760	802
761	107
762	544
763	860
764	49
765	61
766	755
767	899
768	958
769	379
770	935
771	573
772	135
773	807
774	229
775	598
776	950
777	266
778	320
779	323
780	403
781	624
782	747
783	352
784	369
785	484
786	945
787	317
788	753
789	25
790	46
791	551
792	235
793	524
794	148
795	380
796	724
797	371
798	806
799	326
800	650
801	971
802	263
803	121
804	912
805	611
806	418
807	382
808	370
809	303
810	693
811	264
812	469
813	722
814	163
815	725
816	16
817	958
818	490
819	195
820	194
821	966
822	977
823	676
824	617
825	462
826	585
827	631
828	136
829	144
830	983
831	378
832	808
833	859
834	544
835	179
836	99
837	50
838	320
839	834
840	870
841	813
842	536
843	601
844	830
845	618
846	13
847	577
848	849
849	897
850	709
851	899
852	459
853	802
854	254
855	52
856	721
857	370
858	630
859	577
860	865
861	280
862	105
863	407
864	616
865	10
866	336
867	22
868	862
869	761
870	985
871	664
872	66
873	884
874	695
875	744
876	983
877	327
878	635
879	865
880	228
881	261
882	231
883	862
884	982
885	560
886	829
887	751
888	159
889	612
890	107
891	306
892	302
893	61
894	313
895	321
896	132
897	365
898	245
899	384
900	853
901	831
902	425
903	789
904	271
905	130
906	510
907	740
908	13
909	728
910	617
911	781
912	775
913	748
914	638
915	925
916	434
917	873
918	764
919	830
920	254
921	697
922	351
923	778
924	422
925	439
926	278
927	89
928	772
929	302
930	193
931	287
932	979
933	812
934	474
935	634
936	695
937	666
938	83
939	787
940	926
941	339
942	240
943	905
944	266
945	820
946	153
947	259
948	131
949	299
950	977
951	517
952	562
953	633
954	482
955	760
956	879
957	848
958	103
959	221
960	562
961	741
962	529
963	606
964	596
965	916
966	698
967	976
968	380
969	544
970	570
971	189
972	556
973	707
974	43
975	642
976	293
977	644
978	315
979	263
980	43
981	905
982	309
983	352
984	425
985	939
986	848
987	386
988	675
989	926
990	598
991	752
992	501
993	627
994	542
995	994
996	410
997	752
998	682
999	960
1000	493
1001	955
1002	16
1003	184
1004	156
1005	128
1006	936
1007	360
1008	554
1009	619
1010	415
1011	95
1012	792
1013	816
1014	190
1015	671
1016	142
1017	819
1018	293
1019	922
1020	985
1021	709
1022	395
1023	215
1024	760
1025	110
1026	818
1027	578
1028	713
1029	149
1030	263
1031	673
1032	522
1033	950
1034	96
1035	278
1036	564
1037	932
1038	418
1039	791
1040	42
1041	913
1042	968
1043	173
1044	229
1045	945
1046	576
1047	956
1048	244
1049	942
1050	601
1051	251
1052	702
1053	778
1054	307
1055	47
1056	58
1057	30
1058	30
1059	929
1060	394
1061	544
1062	212
1063	863
1064	764
1065	965
1066	469
1067	436
1068	251
1069	145
1070	247
1071	190
1072	684
1073	519
1074	871
1075	284
1076	940
1077	675
1078	537
1079	538
1080	379
1081	412
1082	802
1083	415
1084	75
1085	882
1086	572
1087	78
1088	710
1089	177
1090	516
1091	911
1092	186
1093	519
1094	871
1095	291
1096	700
1097	798
1098	80
1099	726
1100	698
1101	652
1102	319
1103	641
1104	58
1105	301
1106	640
1107	710
1108	459
1109	799
1110	25
1111	154
1112	270
1113	324
1114	631
1115	974
1116	40
1117	504
1118	393
1119	430
1120	37
1121	797
1122	376
1123	747
1124	767
1125	821
1126	238
1127	125
1128	674
1129	451
1130	935
1131	894
1132	800
1133	786
1134	27
1135	251
1136	427
1137	602
1138	319
1139	931
1140	332
1141	344
1142	340
1143	884
1144	276
1145	536
1146	781
1147	457
1148	724
1149	854
1150	265
1151	454
1152	306
1153	896
1154	297
1155	929
1156	135
1157	551
1158	909
1159	35
1160	471
1161	372
1162	986
1163	355
1164	585
1165	450
1166	692
1167	416
1168	904
1169	859
1170	492
1171	360
1172	853
1173	670
1174	833
1175	989
1176	66
1177	40
1178	436
1179	467
1180	605
1181	898
1182	657
1183	113
1184	85
1185	770
1186	853
1187	440
1188	679
1189	862
1190	617
1191	338
1192	198
1193	601
1194	393
1195	94
1196	882
1197	523
1198	619
1199	961
1200	987
1201	724
1202	950
1203	608
1204	791
1205	475
1206	248
1207	27
1208	860
1209	455
1210	495
1211	56
1212	773
1213	754
1214	508
1215	371
1216	173
1217	351
1218	677
1219	720
1220	696
1221	818
1222	543
1223	789
1224	43
1225	315
1226	853
1227	37
1228	430
1229	980
1230	130
1231	458
1232	98
1233	204
1234	467
1235	873
1236	612
1237	54
1238	237
1239	856
1240	836
1241	250
1242	123
1243	672
1244	941
1245	107
1246	991
1247	109
1248	838
1249	779
1250	944
1251	23
1252	536
1253	760
1254	201
1255	476
1256	361
1257	227
1258	482
1259	309
1260	808
1261	211
1262	218
1263	251
1264	562
1265	329
1266	177
1267	807
1268	790
1269	430
1270	645
1271	117
1272	32
1273	999
1274	979
1275	385
1276	564
1277	37
1278	184
1279	939
1280	760
1281	813
1282	831
1283	458
1284	128
1285	800
1286	181
1287	301
1288	632
1289	430
1290	580
1291	934
1292	893
1293	974
1294	289
1295	788
1296	665
1297	859
1298	146
1299	456
1300	646
1301	843
1302	935
1303	366
1304	405
1305	405
1306	799
1307	669
1308	608
1309	854
1310	922
1311	633
1312	161
1313	423
1314	273
1315	465
1316	245
1317	887
1318	382
1319	625
1320	741
1321	123
1322	22
1323	470
1324	133
1325	720
1326	412
1327	674
1328	51
1329	488
1330	523
1331	754
1332	189
1333	28
1334	300
1335	777
1336	534
1337	326
1338	603
1339	480
1340	532
1341	376
1342	649
1343	392
1344	680
1345	202
1346	630
1347	964
1348	101
1349	943
1350	169
1351	507
1352	118
1353	689
1354	548
1355	18
1356	245
1357	437
1358	675
1359	904
1360	146
1361	42
1362	847
1363	96
1364	513
1365	787
1366	954
1367	587
1368	320
1369	579
1370	268
1371	914
1372	869
1373	89
1374	393
1375	721
1376	529
1377	52
1378	765
1379	910
1380	664
1381	601
1382	945
1383	26
1384	205
1385	749
1386	667
1387	223
1388	885
1389	818
1390	104
1391	916
1392	103
1393	243
1394	956
1395	380
1396	264
1397	547
1398	210
1399	919
1400	343
1401	818
1402	787
1403	124
1404	31
1405	873
1406	693
1407	265
1408	257
1409	616
1410	939
1411	560
1412	345
1413	993
1414	743
1415	244
1416	822
1417	523
1418	459
1419	683
1420	676
1421	137
1422	600
1423	826
1424	633
1425	490
1426	51
1427	217
1428	555
1429	55
1430	582
1431	526
1432	323
1433	70
1434	847
1435	804
1436	668
1437	658
1438	798
1439	73
1440	816
1441	20
1442	139
1443	107
1444	359
1445	183
1446	148
1447	307
1448	846
1449	144
1450	929
1451	272
1452	129
1453	237
1454	554
1455	426
1456	391
1457	132
1458	343
1459	574
1460	27
1461	34
1462	762
1463	808
1464	147
1465	383
1466	84
1467	998
1468	362
1469	460
1470	667
1471	926
1472	366
1473	293
1474	215
1475	79
1476	480
1477	572
1478	239
1479	102
1480	711
1481	336
1482	408
1483	847
1484	10
1485	349
1486	395
1487	405
1488	248
1489	744
1490	922
1491	565
1492	321
1493	143
1494	649
1495	796
1496	14
1497	214
1498	611
1499	444
1500	774
1501	466
1502	310
1503	157
1504	205
1505	189
1506	505
1507	64
1508	518
1509	38
1510	972
1511	64
1512	305
1513	27
1514	345
1515	997
1516	620
1517	33
1518	787
1519	334
1520	120
1521	21
1522	171
1523	714
1524	715
1525	743
1526	135
1527	409
1528	171
1529	838
1530	391
1531	155
1532	139
1533	539
1534	914
1535	332
1536	529
1537	655
1538	245
1539	212
1540	103
1541	982
1542	487
1543	587
1544	681
1545	290
1546	231
1547	96
1548	486
1549	833
1550	893
1551	855
1552	709
1553	526
1554	294
1555	335
1556	205
1557	43
1558	58
1559	612
1560	752
1561	516
1562	710
1563	684
1564	258
1565	678
1566	364
1567	610
1568	372
1569	663
1570	375
1571	51
1572	226
1573	154
1574	802
1575	573
1576	164
1577	254
1578	928
1579	318
1580	901
1581	217
1582	163
1583	655
1584	770
1585	154
1586	576
1587	403
1588	622
1589	978
1590	867
1591	957
1592	225
1593	696
1594	542
1595	577
1596	793
1597	940
1598	443
1599	945
1600	237
1601	738
1602	268
1603	92
1604	126
1605	330
1606	569
1607	531
1608	213
1609	342
1610	86
1611	155
1612	971
1613	79
1614	194
1615	604
1616	290
1617	428
1618	676
1619	531
1620	370
1621	594
1622	496
1623	959
1624	872
1625	963
1626	77
1627	430
1628	144
1629	327
1630	497
1631	839
1632	990
1633	805
1634	780
1635	750
1636	883
1637	797
1638	157
1639	856
1640	736
1641	452
1642	937
1643	729
1644	498
1645	596
1646	215
1647	713
1648	171
1649	466
1650	584
1651	463
1652	84
1653	59
1654	829
1655	828
1656	991
1657	82
1658	40
1659	198
1660	450
1661	91
1662	810
1663	67
1664	505
1665	783
1666	246
1667	82
1668	390
1669	780
1670	727
1671	701
1672	203
1673	509
1674	287
1675	657
1676	293
1677	726
1678	566
1679	288
1680	897
1681	860
1682	706
1683	621
1684	897
1685	156
1686	506
1687	101
1688	72
1689	636
1690	278
1691	144
1692	376
1693	63
1694	363
1695	869
1696	418
1697	459
1698	750
1699	733
1700	981
1701	480
1702	783
1703	925
1704	64
1705	914
1706	784
1707	728
1708	423
1709	885
1710	787
1711	801
1712	685
1713	153
1714	583
1715	222
1716	763
1717	560
1718	288
1719	576
1720	604
1721	951
1722	75
1723	969
1724	922
1725	382
1726	338
1727	232
1728	739
1729	120
1730	423
1731	847
1732	506
1733	212
1734	577
1735	727
1736	105
1737	410
1738	405
1739	103
1740	839
1741	393
1742	755
1743	83
1744	529
1745	247
1746	722
1747	407
1748	214
1749	445
1750	689
1751	219
1752	72
1753	517
1754	708
1755	648
1756	998
1757	219
1758	27
1759	476
1760	612
1761	455
1762	954
1763	119
1764	32
1765	119
1766	29
1767	313
1768	90
1769	776
1770	272
1771	360
1772	939
1773	68
1774	387
1775	124
1776	811
1777	445
1778	85
1779	977
1780	240
1781	896
1782	305
1783	287
1784	390
1785	612
1786	822
1787	359
1788	95
1789	905
1790	470
1791	30
1792	792
1793	266
1794	142
1795	706
1796	932
1797	959
1798	541
1799	235
1800	261
1801	32
1802	588
1803	48
1804	506
1805	569
1806	416
1807	251
1808	848
1809	415
1810	647
1811	151
1812	692
1813	726
1814	251
1815	442
1816	581
1817	608
1818	968
1819	183
1820	606
1821	113
1822	494
1823	528
1824	394
1825	369
1826	661
1827	515
1828	768
1829	514
1830	325
1831	818
1832	205
1833	389
1834	42
1835	80
1836	579
1837	955
1838	740
1839	943
1840	891
1841	712
1842	689
1843	808
1844	705
1845	40
1846	396
1847	162
1848	957
1849	362
1850	973
1851	920
1852	415
1853	348
1854	486
1855	39
1856	301
1857	344
1858	874
1859	149
1860	353
1861	974
1862	556
1863	231
1864	534
1865	748
1866	166
1867	615
1868	750
1869	899
1870	833
1871	945
1872	138
1873	335
1874	105
1875	945
1876	637
1877	176
1878	720
1879	20
1880	455
1881	275
1882	520
1883	636
1884	988
1885	566
1886	536
1887	631
1888	852
1889	503
1890	893
1891	258
1892	693
1893	67
1894	91
1895	582
1896	953
1897	979
1898	297
1899	851
1900	349
1901	146
1902	705
1903	77
1904	158
1905	749
1906	385
1907	516
1908	82
1909	502
1910	396
1911	348
1912	508
1913	501
1914	484
1915	294
1916	773
1917	128
1918	389
1919	95
1920	247
1921	660
1922	576
1923	666
1924	220
1925	87
1926	19
1927	765
1928	161
1929	644
1930	455
1931	224
1932	23
1933	653
1934	940
1935	278
1936	378
1937	20
1938	770
1939	395
1940	381
1941	498
1942	22
1943	759
1944	102
1945	805
1946	560
1947	150
1948	138
1949	726
1950	687
1951	970
1952	98
1953	153
1954	889
1955	792
1956	715
1957	674
1958	741
1959	303
1960	49
1961	593
1962	767
1963	524
1964	266
1965	12
1966	332
1967	472
1968	960
1969	338
1970	969
1971	911
1972	225
1973	674
1974	588
1975	29
1976	334
1977	546
1978	597
1979	289
1980	536
1981	848
1982	80
1983	760
1984	811
1985	609
1986	183
1987	856
1988	646
1989	578
1990	957
1991	833
1992	840
1993	983
1994	886
1995	515
1996	341
1997	440
1998	509
1999	563
2000	701
2001	707
2002	42
2003	415
2004	710
2005	859
2006	648
2007	791
2008	160
2009	305
2010	216
2011	833
2012	358
2013	94
2014	564
2015	442
2016	152
2017	75
2018	758
2019	423
2020	171
2021	996
2022	72
2023	774
2024	536
2025	189
2026	914
2027	377
2028	102
2029	139
2030	227
2031	232
2032	359
2033	51
2034	860
2035	342
2036	519
2037	286
2038	109
2039	731
2040	651
2041	678
2042	153
2043	351
2044	844
2045	979
2046	758
2047	101
2048	457
2049	765
2050	447
2051	699
2052	491
2053	75
2054	540
2055	498
2056	151
2057	42
2058	328
2059	632
2060	223
2061	212
2062	630
2063	937
2064	992
2065	337
2066	824
2067	425
2068	544
2069	995
2070	265
2071	475
2072	437
2073	717
2074	894
2075	872
2076	772
2077	793
2078	388
2079	981
2080	214
2081	260
2082	422
2083	204
2084	999
2085	862
2086	745
2087	683
2088	376
2089	74
2090	396
2091	10
2092	373
2093	898
2094	166
2095	719
2096	793
2097	317
2098	45
2099	388
2100	630
2101	166
2102	541
2103	953
2104	653
2105	477
2106	69
2107	202
2108	215
2109	740
2110	625
2111	603
2112	223
2113	285
2114	999
2115	140
2116	681
2117	533
2118	691
2119	290
2120	82
2121	72
2122	638
2123	658
2124	759
2125	477
2126	470
2127	141
2128	800
2129	174
2130	740
2131	703
2132	800
2133	607
2134	384
2135	620
2136	79
2137	239
2138	989
2139	757
2140	983
2141	190
2142	780
2143	240
2144	82
2145	918
2146	784
2147	163
2148	287
2149	973
2150	213
2151	586
2152	105
2153	552
2154	755
2155	415
2156	611
2157	333
2158	925
2159	41
2160	192
2161	743
2162	317
2163	920
2164	541
2165	281
2166	850
2167	958
2168	780
2169	865
2170	150
2171	739
2172	307
2173	285
2174	749
2175	501
2176	330
2177	494
2178	655
2179	885
2180	831
2181	642
2182	102
2183	862
2184	952
2185	646
2186	562
2187	352
2188	44
2189	802
2190	216
2191	522
2192	462
2193	777
2194	428
2195	32
2196	594
2197	980
2198	431
2199	958
2200	960
2201	837
2202	729
2203	842
2204	16
2205	586
2206	817
2207	372
2208	854
2209	743
2210	194
2211	733
2212	882
2213	870
2214	688
2215	210
2216	842
2217	841
2218	435
2219	362
2220	845
2221	208
2222	428
2223	655
2224	161
2225	662
2226	812
2227	349
2228	828
2229	981
2230	488
2231	868
2232	298
2233	359
2234	97
2235	235
2236	37
2237	117
2238	271
2239	200
2240	14
2241	797
2242	933
2243	532
2244	84
2245	353
2246	376
2247	896
2248	530
2249	168
2250	766
2251	118
2252	725
2253	533
2254	316
2255	420
2256	502
2257	209
2258	186
2259	536
2260	612
2261	912
2262	968
2263	850
2264	426
2265	170
2266	347
2267	145
2268	467
2269	357
2270	303
2271	219
2272	915
2273	378
2274	73
2275	466
2276	474
2277	129
2278	551
2279	948
2280	559
2281	210
2282	927
2283	951
2284	368
2285	418
2286	32
2287	384
2288	549
2289	930
2290	732
2291	87
2292	221
2293	537
2294	763
2295	999
2296	61
2297	485
2298	771
2299	687
2300	838
2301	761
2302	778
2303	41
2304	576
2305	781
2306	913
2307	802
2308	174
2309	708
2310	527
2311	228
2312	331
2313	604
2314	217
2315	229
2316	970
2317	758
2318	960
2319	649
2320	288
2321	401
2322	834
2323	876
2324	788
2325	815
2326	243
2327	227
2328	131
2329	588
2330	474
2331	340
2332	27
2333	178
2334	299
2335	625
2336	107
2337	179
2338	886
2339	927
2340	719
2341	778
2342	856
2343	677
2344	504
2345	362
2346	301
2347	511
2348	709
2349	580
2350	176
2351	511
2352	215
2353	20
2354	318
2355	345
2356	333
2357	851
2358	513
2359	458
2360	585
2361	541
2362	755
2363	550
2364	294
2365	704
2366	33
2367	286
2368	756
2369	584
2370	262
2371	180
2372	818
2373	938
2374	637
2375	231
2376	279
2377	584
2378	718
2379	311
2380	530
2381	577
2382	816
2383	345
2384	892
2385	901
2386	862
2387	586
2388	216
2389	121
2390	877
2391	792
2392	268
2393	560
2394	804
2395	105
2396	85
2397	596
2398	939
2399	96
2400	173
2401	218
2402	339
2403	944
2404	779
2405	79
2406	207
2407	714
2408	977
2409	136
2410	835
2411	637
2412	927
2413	881
2414	230
2415	261
2416	996
2417	274
2418	109
2419	138
2420	746
2421	531
2422	947
2423	935
2424	360
2425	540
2426	86
2427	586
2428	861
2429	521
2430	799
2431	369
2432	278
2433	517
2434	523
2435	668
2436	304
2437	773
2438	815
2439	498
2440	551
2441	623
2442	808
2443	57
2444	125
2445	548
2446	975
2447	972
2448	283
2449	791
2450	750
2451	699
2452	274
2453	888
2454	965
2455	532
2456	976
2457	210
2458	981
2459	596
2460	714
2461	835
2462	480
2463	599
2464	505
2465	523
2466	735
2467	15
2468	11
2469	372
2470	763
2471	142
2472	326
2473	370
2474	74
2475	598
2476	91
2477	202
2478	585
2479	445
2480	57
2481	531
2482	436
2483	506
2484	279
2485	108
2486	823
2487	845
2488	350
2489	429
2490	283
2491	68
2492	29
2493	322
2494	112
2495	369
2496	667
2497	945
2498	721
2499	918
2500	287
2501	17
2502	402
2503	721
2504	696
2505	676
2506	800
2507	193
2508	81
2509	439
2510	222
2511	686
2512	641
2513	851
2514	617
2515	654
2516	76
2517	761
2518	271
2519	354
2520	37
2521	167
2522	753
2523	293
2524	861
2525	817
2526	533
2527	752
2528	82
2529	582
2530	739
2531	975
2532	906
2533	364
2534	639
2535	284
2536	132
2537	83
2538	934
2539	900
2540	991
2541	433
2542	23
2543	411
2544	300
2545	892
2546	179
2547	64
2548	485
2549	560
2550	789
2551	613
2552	827
2553	554
2554	654
2555	156
2556	536
2557	412
2558	584
2559	748
2560	383
2561	419
2562	136
2563	509
2564	935
2565	354
2566	390
2567	827
2568	979
2569	909
2570	141
2571	715
2572	209
2573	205
2574	458
2575	817
2576	86
2577	24
2578	84
2579	411
2580	96
2581	32
2582	731
2583	93
2584	720
2585	668
2586	360
2587	971
2588	757
2589	468
2590	666
2591	142
2592	637
2593	84
2594	262
2595	38
2596	403
2597	528
2598	412
2599	517
2600	736
2601	840
2602	284
2603	160
2604	242
2605	142
2606	280
2607	206
2608	234
2609	801
2610	722
2611	701
2612	487
2613	107
2614	51
2615	273
2616	428
2617	384
2618	803
2619	589
2620	33
2621	222
2622	170
2623	369
2624	93
2625	10
2626	339
2627	506
2628	277
2629	476
2630	153
2631	389
2632	21
2633	736
2634	968
2635	376
2636	917
2637	211
2638	492
2639	726
2640	490
2641	60
2642	375
2643	818
2644	91
2645	49
2646	277
2647	689
2648	70
2649	902
2650	194
2651	64
2652	625
2653	252
2654	171
2655	921
2656	180
2657	895
2658	632
2659	850
2660	244
2661	825
2662	964
2663	270
2664	979
2665	468
2666	535
2667	162
2668	407
2669	376
2670	946
2671	992
2672	918
2673	334
2674	248
2675	652
2676	966
2677	164
2678	217
2679	300
2680	407
2681	459
2682	398
2683	588
2684	800
2685	456
2686	993
2687	683
2688	274
2689	954
2690	547
2691	312
2692	734
2693	362
2694	364
2695	248
2696	593
2697	85
2698	22
2699	362
2700	616
2701	722
2702	971
2703	824
2704	685
2705	495
2706	718
2707	283
2708	253
2709	876
2710	763
2711	685
2712	222
2713	587
2714	692
2715	107
2716	610
2717	967
2718	84
2719	746
2720	624
2721	370
2722	80
2723	71
2724	768
2725	653
2726	582
2727	287
2728	169
2729	880
2730	699
2731	256
2732	601
2733	799
2734	561
2735	771
2736	292
2737	763
2738	175
2739	694
2740	484
2741	652
2742	482
2743	698
2744	229
2745	627
2746	190
2747	998
2748	898
2749	536
2750	600
2751	280
2752	55
2753	563
2754	150
2755	702
2756	55
2757	858
2758	221
2759	434
2760	823
2761	910
2762	614
2763	315
2764	296
2765	647
2766	639
2767	891
2768	810
2769	819
2770	940
2771	590
2772	616
2773	191
2774	302
2775	885
2776	150
2777	805
2778	512
2779	602
2780	975
2781	824
2782	504
2783	807
2784	812
2785	759
2786	346
2787	937
2788	870
2789	37
2790	223
2791	166
2792	290
2793	306
2794	554
2795	923
2796	195
2797	53
2798	917
2799	250
2800	610
2801	399
2802	936
2803	682
2804	959
2805	506
2806	972
2807	341
2808	341
2809	500
2810	303
2811	732
2812	422
2813	253
2814	291
2815	568
2816	268
2817	269
2818	501
2819	180
2820	319
2821	537
2822	854
2823	307
2824	486
2825	44
2826	95
2827	529
2828	437
2829	488
2830	777
2831	625
2832	973
2833	904
2834	348
2835	102
2836	720
2837	352
2838	700
2839	358
2840	546
2841	124
2842	881
2843	38
2844	549
2845	681
2846	137
2847	254
2848	672
2849	45
2850	675
2851	331
2852	207
2853	72
2854	127
2855	118
2856	547
2857	621
2858	113
2859	656
2860	806
2861	315
2862	732
2863	46
2864	296
2865	594
2866	984
2867	299
2868	522
2869	407
2870	411
2871	521
2872	235
2873	166
2874	757
2875	398
2876	76
2877	677
2878	826
2879	816
2880	797
2881	50
2882	18
2883	487
2884	360
2885	717
2886	79
2887	931
2888	623
2889	116
2890	328
2891	442
2892	139
2893	596
2894	967
2895	432
2896	144
2897	691
2898	810
2899	71
2900	511
2901	862
2902	286
2903	597
2904	27
2905	884
2906	305
2907	128
2908	379
2909	626
2910	45
2911	759
2912	684
2913	850
2914	963
2915	848
2916	648
2917	651
2918	623
2919	982
2920	69
2921	78
2922	330
2923	16
2924	598
2925	222
2926	449
2927	119
2928	885
2929	111
2930	992
2931	51
2932	474
2933	818
2934	945
2935	819
2936	731
2937	154
2938	248
2939	227
2940	990
2941	368
2942	365
2943	364
2944	169
2945	37
2946	430
2947	485
2948	313
2949	840
2950	263
2951	759
2952	432
2953	913
2954	603
2955	338
2956	469
2957	647
2958	63
2959	488
2960	263
2961	126
2962	194
2963	318
2964	491
2965	982
2966	854
2967	37
2968	510
2969	869
2970	400
2971	406
2972	704
2973	761
2974	722
2975	444
2976	596
2977	783
2978	208
2979	354
2980	60
2981	410
2982	224
2983	535
2984	871
2985	134
2986	89
2987	986
2988	725
2989	923
2990	361
2991	443
2992	362
2993	621
2994	385
2995	527
2996	622
2997	261
2998	363
2999	184
3000	551
3001	658
3002	137
3003	239
3004	823
3005	735
3006	568
3007	104
3008	329
3009	387
3010	397
3011	179
3012	469
3013	26
3014	597
3015	487
3016	345
3017	900
3018	690
3019	338
3020	127
3021	376
3022	377
3023	50
3024	684
3025	333
3026	899
3027	98
3028	146
3029	604
3030	984
3031	695
3032	939
3033	74
3034	112
3035	982
3036	145
3037	256
3038	395
3039	924
3040	365
3041	847
3042	148
3043	579
3044	193
3045	892
3046	891
3047	937
3048	159
3049	657
3050	378
3051	638
3052	126
3053	486
3054	956
3055	932
3056	599
3057	579
3058	49
3059	920
3060	788
3061	779
3062	394
3063	225
3064	84
3065	18
3066	761
3067	642
3068	11
3069	762
3070	77
3071	239
3072	781
3073	414
3074	264
3075	45
3076	382
3077	865
3078	512
3079	220
3080	406
3081	953
3082	183
3083	613
3084	277
3085	544
3086	230
3087	971
3088	789
3089	85
3090	817
3091	214
3092	575
3093	393
3094	511
3095	205
3096	188
3097	805
3098	62
3099	597
3100	104
3101	612
3102	513
3103	741
3104	359
3105	244
3106	244
3107	141
3108	965
3109	57
3110	684
3111	586
3112	719
3113	324
3114	781
3115	879
3116	486
3117	441
3118	547
3119	625
3120	197
3121	235
3122	351
3123	765
3124	602
3125	765
3126	403
3127	843
3128	439
3129	378
3130	960
3131	515
3132	347
3133	887
3134	124
3135	273
3136	893
3137	937
3138	141
3139	600
3140	198
3141	575
3142	362
3143	857
3144	875
3145	434
3146	74
3147	870
3148	706
3149	196
3150	613
3151	573
3152	876
3153	440
3154	372
3155	420
3156	439
3157	190
3158	284
3159	941
3160	195
3161	89
3162	224
3163	870
3164	491
3165	256
3166	585
3167	914
3168	823
3169	326
3170	832
3171	668
3172	919
3173	900
3174	509
3175	75
3176	748
3177	238
3178	188
3179	632
3180	534
3181	686
3182	76
3183	89
3184	439
3185	945
3186	385
3187	935
3188	516
3189	920
3190	248
3191	64
3192	777
3193	724
3194	827
3195	683
3196	838
3197	197
3198	487
3199	235
3200	473
3201	937
3202	200
3203	240
3204	257
3205	241
3206	387
3207	773
3208	113
3209	431
3210	607
3211	75
3212	205
3213	112
3214	214
3215	607
3216	313
3217	715
3218	916
3219	46
3220	74
3221	630
3222	191
3223	564
3224	443
3225	159
3226	815
3227	884
3228	660
3229	277
3230	205
3231	854
3232	588
3233	888
3234	578
3235	311
3236	912
3237	507
3238	234
3239	480
3240	773
3241	863
3242	716
3243	135
3244	509
3245	586
3246	240
3247	109
3248	609
3249	777
3250	443
3251	918
3252	110
3253	549
3254	410
3255	64
3256	825
3257	65
3258	740
3259	911
3260	732
3261	808
3262	644
3263	180
3264	584
3265	399
3266	241
3267	258
3268	934
3269	429
3270	905
3271	660
3272	624
3273	325
3274	376
3275	387
3276	148
3277	557
3278	594
3279	626
3280	900
3281	654
3282	379
3283	847
3284	908
3285	64
3286	413
3287	645
3288	609
3289	381
3290	461
3291	937
3292	578
3293	516
3294	323
3295	449
3296	990
3297	650
3298	118
3299	369
3300	121
3301	160
3302	984
3303	910
3304	915
3305	192
3306	986
3307	554
3308	915
3309	314
3310	860
3311	626
3312	480
3313	265
3314	769
3315	313
3316	595
3317	54
3318	397
3319	563
3320	682
3321	866
3322	642
3323	307
3324	825
3325	601
3326	184
3327	915
3328	657
3329	432
3330	485
3331	211
3332	757
3333	25
3334	770
3335	704
3336	509
3337	536
3338	619
3339	450
3340	417
3341	273
3342	720
3343	508
3344	572
3345	852
3346	80
3347	204
3348	168
3349	634
3350	932
3351	685
3352	482
3353	311
3354	554
3355	600
3356	274
3357	837
3358	814
3359	432
3360	133
3361	977
3362	14
3363	277
3364	222
3365	824
3366	756
3367	252
3368	374
3369	91
3370	542
3371	851
3372	546
3373	457
3374	477
3375	911
3376	81
3377	485
3378	563
3379	566
3380	636
3381	692
3382	358
3383	397
3384	864
3385	849
3386	566
3387	951
3388	54
3389	76
3390	455
3391	28
3392	798
3393	670
3394	641
3395	455
3396	707
3397	270
3398	50
3399	977
3400	997
3401	576
3402	849
3403	812
3404	516
3405	672
3406	655
3407	260
3408	221
3409	468
3410	874
3411	408
3412	691
3413	738
3414	301
3415	300
3416	141
3417	32
3418	945
3419	973
3420	518
3421	683
3422	270
3423	12
3424	265
3425	915
3426	932
3427	776
3428	905
3429	878
3430	186
3431	168
3432	144
3433	15
3434	558
3435	863
3436	697
3437	893
3438	174
3439	977
3440	709
3441	393
3442	202
3443	20
3444	350
3445	632
3446	969
3447	321
3448	618
3449	872
3450	404
3451	875
3452	266
3453	539
3454	517
3455	50
3456	374
3457	877
3458	211
3459	980
3460	847
3461	132
3462	955
3463	96
3464	366
3465	314
3466	673
3467	680
3468	928
3469	368
3470	544
3471	71
3472	871
3473	127
3474	552
3475	377
3476	188
3477	610
3478	610
3479	661
3480	366
3481	739
3482	836
3483	276
3484	783
3485	851
3486	987
3487	705
3488	557
3489	418
3490	106
3491	380
3492	588
3493	21
3494	633
3495	411
3496	24
3497	869
3498	827
3499	648
3500	704
3501	887
3502	702
3503	272
3504	238
3505	348
3506	737
3507	115
3508	590
3509	166
3510	596
3511	122
3512	446
3513	201
3514	927
3515	161
3516	338
3517	554
3518	281
3519	25
3520	823
3521	819
3522	24
3523	486
3524	167
3525	833
3526	115
3527	66
3528	985
3529	493
3530	866
3531	867
3532	772
3533	853
3534	843
3535	607
3536	98
3537	122
3538	394
3539	482
3540	557
3541	229
3542	803
3543	251
3544	340
3545	624
3546	902
3547	557
3548	419
3549	563
3550	344
3551	504
3552	27
3553	828
3554	925
3555	29
3556	343
3557	461
3558	546
3559	329
3560	833
3561	214
3562	962
3563	94
3564	671
3565	442
3566	854
3567	573
3568	564
3569	935
3570	671
3571	931
3572	501
3573	231
3574	623
3575	927
3576	914
3577	925
3578	96
3579	361
3580	448
3581	567
3582	917
3583	203
3584	777
3585	386
3586	70
3587	655
3588	641
3589	729
3590	904
3591	490
3592	758
3593	539
3594	735
3595	50
3596	644
3597	541
3598	809
3599	592
3600	593
3601	848
3602	84
3603	701
3604	617
3605	445
3606	160
3607	760
3608	540
3609	902
3610	723
3611	806
3612	78
3613	726
3614	247
3615	183
3616	714
3617	673
3618	983
3619	61
3620	158
3621	432
3622	969
3623	616
3624	929
3625	582
3626	854
3627	745
3628	482
3629	893
3630	35
3631	223
3632	442
3633	52
3634	901
3635	949
3636	282
3637	202
3638	142
3639	830
3640	722
3641	748
3642	507
3643	197
3644	655
3645	848
3646	560
3647	52
3648	346
3649	949
3650	540
3651	772
3652	632
3653	334
3654	266
3655	937
3656	659
3657	562
3658	684
3659	190
3660	765
3661	931
3662	210
3663	569
3664	148
3665	506
3666	800
3667	989
3668	960
3669	395
3670	31
3671	360
3672	929
3673	211
3674	413
3675	202
3676	413
3677	517
3678	982
3679	929
3680	206
3681	611
3682	176
3683	399
3684	388
3685	827
3686	425
3687	369
3688	899
3689	227
3690	387
3691	952
3692	46
3693	808
3694	104
3695	491
3696	450
3697	147
3698	995
3699	25
3700	219
3701	867
3702	787
3703	672
3704	953
3705	873
3706	262
3707	431
3708	709
3709	663
3710	172
3711	469
3712	709
3713	38
3714	153
3715	518
3716	440
3717	659
3718	543
3719	588
3720	635
3721	647
3722	66
3723	319
3724	363
3725	161
3726	295
3727	970
3728	711
3729	980
3730	627
3731	918
3732	151
3733	111
3734	882
3735	101
3736	385
3737	147
3738	524
3739	627
3740	44
3741	141
3742	264
3743	255
3744	254
3745	705
3746	140
3747	992
3748	492
3749	197
3750	917
3751	318
3752	571
3753	947
3754	387
3755	175
3756	785
3757	53
3758	518
3759	306
3760	288
3761	853
3762	680
3763	634
3764	969
3765	734
3766	926
3767	154
3768	672
3769	278
3770	913
3771	54
3772	122
3773	675
3774	727
3775	309
3776	965
3777	125
3778	663
3779	35
3780	159
3781	815
3782	760
3783	122
3784	704
3785	383
3786	244
3787	476
3788	271
3789	657
3790	57
3791	439
3792	853
3793	101
3794	120
3795	545
3796	83
3797	411
3798	563
3799	649
3800	334
3801	155
3802	210
3803	517
3804	687
3805	880
3806	454
3807	27
3808	794
3809	914
3810	968
3811	519
3812	978
3813	892
3814	332
3815	378
3816	241
3817	315
3818	856
3819	568
3820	440
3821	144
3822	668
3823	143
3824	279
3825	781
3826	565
3827	445
3828	128
3829	490
3830	991
3831	156
3832	680
3833	136
3834	800
3835	662
3836	451
3837	629
3838	661
3839	88
3840	200
3841	822
3842	728
3843	238
3844	768
3845	808
3846	34
3847	858
3848	322
3849	625
3850	964
3851	932
3852	828
3853	206
3854	667
3855	334
3856	359
3857	983
3858	195
3859	538
3860	682
3861	67
3862	759
3863	269
3864	719
3865	589
3866	592
3867	830
3868	663
3869	432
3870	183
3871	891
3872	141
3873	845
3874	145
3875	294
3876	656
3877	592
3878	926
3879	407
3880	163
3881	990
3882	439
3883	888
3884	986
3885	890
3886	467
3887	214
3888	141
3889	542
3890	166
3891	994
3892	920
3893	796
3894	147
3895	336
3896	596
3897	563
3898	525
3899	176
3900	909
3901	271
3902	483
3903	977
3904	777
3905	243
3906	915
3907	411
3908	506
3909	624
3910	247
3911	207
3912	967
3913	554
3914	933
3915	685
3916	17
3917	105
3918	255
3919	573
3920	126
3921	826
3922	262
3923	577
3924	809
3925	144
3926	807
3927	965
3928	166
3929	81
3930	457
3931	387
3932	525
3933	380
3934	87
3935	892
3936	395
3937	737
3938	651
3939	494
3940	68
3941	928
3942	234
3943	227
3944	282
3945	475
3946	94
3947	552
3948	966
3949	248
3950	214
3951	897
3952	994
3953	93
3954	118
3955	756
3956	357
3957	313
3958	133
3959	952
3960	141
3961	585
3962	745
3963	675
3964	160
3965	494
3966	716
3967	94
3968	992
3969	569
3970	42
3971	992
3972	417
3973	552
3974	53
3975	226
3976	62
3977	918
3978	632
3979	156
3980	775
3981	690
3982	815
3983	674
3984	321
3985	747
3986	573
3987	965
3988	394
3989	674
3990	677
3991	28
3992	367
3993	85
3994	113
3995	359
3996	34
3997	47
3998	863
3999	299
4000	214
4001	719
4002	497
4003	597
4004	224
4005	493
4006	54
4007	885
4008	227
4009	917
4010	90
4011	974
4012	933
4013	367
4014	688
4015	432
4016	663
4017	274
4018	689
4019	346
4020	400
4021	912
4022	449
4023	959
4024	668
4025	331
4026	216
4027	637
4028	342
4029	795
4030	76
4031	885
4032	844
4033	988
4034	677
4035	671
4036	232
4037	760
4038	18
4039	583
4040	982
4041	600
4042	416
4043	167
4044	717
4045	76
4046	513
4047	54
4048	768
4049	24
4050	851
4051	529
4052	841
4053	546
4054	235
4055	635
4056	801
4057	759
4058	546
4059	95
4060	319
4061	500
4062	588
4063	723
4064	709
4065	310
4066	329
4067	71
4068	589
4069	988
4070	822
4071	214
4072	528
4073	352
4074	214
4075	218
4076	237
4077	27
4078	529
4079	788
4080	139
4081	642
4082	533
4083	53
4084	572
4085	265
4086	714
4087	320
4088	12
4089	505
4090	29
4091	292
4092	446
4093	916
4094	837
4095	987
4096	133
4097	791
4098	41
4099	667
4100	443
4101	137
4102	95
4103	686
4104	543
4105	355
4106	856
4107	190
4108	926
4109	81
4110	98
4111	559
4112	593
4113	489
4114	164
4115	710
4116	727
4117	612
4118	743
4119	919
4120	643
4121	64
4122	852
4123	129
4124	353
4125	883
4126	203
4127	528
4128	699
4129	147
4130	386
4131	291
4132	294
4133	734
4134	200
4135	531
4136	129
4137	35
4138	229
4139	765
4140	983
4141	183
4142	795
4143	911
4144	372
4145	520
4146	642
4147	583
4148	709
4149	518
4150	303
4151	585
4152	461
4153	124
4154	165
4155	300
4156	838
4157	771
4158	577
4159	140
4160	768
4161	728
4162	944
4163	335
4164	668
4165	322
4166	314
4167	70
4168	496
4169	860
4170	341
4171	792
4172	137
4173	516
4174	654
4175	319
4176	100
4177	270
4178	996
4179	986
4180	661
4181	108
4182	650
4183	112
4184	912
4185	45
4186	851
4187	484
4188	608
4189	932
4190	337
4191	390
4192	127
4193	998
4194	686
4195	777
4196	579
4197	316
4198	820
4199	730
4200	88
4201	133
4202	578
4203	702
4204	361
4205	858
4206	857
4207	113
4208	309
4209	294
4210	631
4211	97
4212	994
4213	384
4214	212
4215	764
4216	138
4217	445
4218	262
4219	674
4220	99
4221	611
4222	13
4223	418
4224	407
4225	650
4226	219
4227	950
4228	235
4229	91
4230	725
4231	28
4232	456
4233	18
4234	863
4235	391
4236	60
4237	650
4238	607
4239	739
4240	906
4241	663
4242	708
4243	490
4244	469
4245	258
4246	563
4247	981
4248	930
4249	482
4250	995
4251	210
4252	18
4253	773
4254	353
4255	193
4256	760
4257	39
4258	453
4259	613
4260	556
4261	555
4262	450
4263	518
4264	587
4265	624
4266	367
4267	10
4268	52
4269	252
4270	480
4271	727
4272	129
4273	974
4274	212
4275	400
4276	254
4277	353
4278	223
4279	378
4280	473
4281	228
4282	631
4283	936
4284	39
4285	450
4286	198
4287	778
4288	209
4289	381
4290	149
4291	819
4292	10
4293	873
4294	609
4295	540
4296	986
4297	412
4298	181
4299	181
4300	57
4301	923
4302	899
4303	851
4304	394
4305	368
4306	63
4307	857
4308	588
4309	202
4310	522
4311	628
4312	969
4313	715
4314	533
4315	146
4316	132
4317	967
4318	620
4319	131
4320	200
4321	261
4322	779
4323	132
4324	146
4325	722
4326	236
4327	923
4328	180
4329	454
4330	546
4331	162
4332	40
4333	52
4334	170
4335	107
4336	763
4337	50
4338	922
4339	515
4340	451
4341	230
4342	269
4343	781
4344	65
4345	157
4346	547
4347	526
4348	72
4349	723
4350	949
4351	763
4352	954
4353	820
4354	367
4355	549
4356	513
4357	639
4358	892
4359	412
4360	978
4361	175
4362	72
4363	392
4364	982
4365	953
4366	511
4367	835
4368	263
4369	874
4370	131
4371	416
4372	735
4373	103
4374	511
4375	349
4376	192
4377	721
4378	876
4379	972
4380	592
4381	817
4382	72
4383	79
4384	10
4385	319
4386	591
4387	850
4388	304
4389	970
4390	317
4391	113
4392	232
4393	911
4394	402
4395	16
4396	596
4397	89
4398	781
4399	711
4400	693
4401	457
4402	175
4403	398
4404	521
4405	878
4406	76
4407	787
4408	668
4409	579
4410	748
4411	445
4412	737
4413	232
4414	514
4415	486
4416	398
4417	356
4418	874
4419	637
4420	277
4421	903
4422	879
4423	640
4424	243
4425	941
4426	978
4427	764
4428	356
4429	747
4430	158
4431	826
4432	485
4433	206
4434	425
4435	502
4436	809
4437	540
4438	217
4439	889
4440	790
4441	465
4442	299
4443	524
4444	811
4445	889
4446	955
4447	202
4448	222
4449	469
4450	791
4451	714
4452	506
4453	51
4454	637
4455	342
4456	696
4457	328
4458	250
4459	864
4460	542
4461	174
4462	404
4463	618
4464	921
4465	985
4466	414
4467	941
4468	370
4469	274
4470	36
4471	464
4472	555
4473	478
4474	240
4475	201
4476	548
4477	268
4478	443
4479	871
4480	774
4481	430
4482	361
4483	299
4484	395
4485	120
4486	182
4487	100
4488	358
4489	196
4490	847
4491	265
4492	656
4493	195
4494	278
4495	974
4496	434
4497	778
4498	253
4499	144
4500	49
4501	169
4502	27
4503	914
4504	474
4505	484
4506	776
4507	267
4508	895
4509	829
4510	944
4511	819
4512	31
4513	830
4514	723
4515	474
4516	456
4517	221
4518	26
4519	298
4520	100
4521	920
4522	399
4523	833
4524	722
4525	207
4526	401
4527	139
4528	277
4529	789
4530	689
4531	269
4532	163
4533	696
4534	350
4535	224
4536	12
4537	666
4538	286
4539	934
4540	16
4541	79
4542	797
4543	175
4544	706
4545	459
4546	725
4547	508
4548	412
4549	189
4550	890
4551	394
4552	820
4553	711
4554	177
4555	41
4556	39
4557	780
4558	276
4559	746
4560	260
4561	668
4562	321
4563	894
4564	418
4565	562
4566	297
4567	688
4568	74
4569	735
4570	200
4571	129
4572	845
4573	395
4574	362
4575	537
4576	725
4577	890
4578	826
4579	414
4580	56
4581	507
4582	478
4583	572
4584	728
4585	24
4586	378
4587	430
4588	781
4589	528
4590	809
4591	756
4592	890
4593	194
4594	362
4595	176
4596	849
4597	324
4598	416
4599	168
4600	148
4601	273
4602	711
4603	874
4604	969
4605	499
4606	560
4607	664
4608	236
4609	928
4610	930
4611	346
4612	393
4613	344
4614	93
4615	53
4616	387
4617	428
4618	363
4619	668
4620	135
4621	612
4622	969
4623	465
4624	541
4625	976
4626	625
4627	25
4628	314
4629	405
4630	865
4631	44
4632	493
4633	693
4634	707
4635	519
4636	991
4637	738
4638	732
4639	573
4640	935
4641	242
4642	584
4643	289
4644	610
4645	120
4646	789
4647	457
4648	192
4649	398
4650	378
4651	413
4652	159
4653	537
4654	935
4655	348
4656	25
4657	751
4658	90
4659	933
4660	975
4661	919
4662	451
4663	658
4664	961
4665	434
4666	426
4667	947
4668	178
4669	904
4670	278
4671	676
4672	158
4673	787
4674	37
4675	539
4676	277
4677	197
4678	472
4679	870
4680	657
4681	404
4682	320
4683	634
4684	235
4685	593
4686	365
4687	124
4688	191
4689	566
4690	565
4691	808
4692	423
4693	830
4694	810
4695	575
4696	899
4697	672
4698	404
4699	631
4700	689
4701	981
4702	610
4703	408
4704	51
4705	566
4706	689
4707	510
4708	344
4709	144
4710	335
4711	940
4712	82
4713	970
4714	969
4715	897
4716	318
4717	534
4718	198
4719	538
4720	10
4721	598
4722	86
4723	303
4724	682
4725	913
4726	380
4727	174
4728	643
4729	295
4730	175
4731	728
4732	67
4733	362
4734	984
4735	804
4736	616
4737	48
4738	473
4739	303
4740	465
4741	62
4742	347
4743	618
4744	978
4745	135
4746	284
4747	35
4748	631
4749	940
4750	561
4751	425
4752	560
4753	945
4754	300
4755	265
4756	904
4757	107
4758	443
4759	143
4760	130
4761	430
4762	200
4763	954
4764	244
4765	984
4766	579
4767	629
4768	905
4769	917
4770	493
4771	601
4772	64
4773	510
4774	136
4775	19
4776	997
4777	701
4778	93
4779	711
4780	288
4781	830
4782	217
4783	441
4784	574
4785	948
4786	610
4787	726
4788	990
4789	614
4790	963
4791	345
4792	84
4793	191
4794	575
4795	577
4796	849
4797	30
4798	403
4799	416
4800	928
4801	648
4802	664
4803	383
4804	678
4805	529
4806	796
4807	867
4808	537
4809	62
4810	906
4811	540
4812	269
4813	914
4814	56
4815	110
4816	873
4817	512
4818	371
4819	931
4820	800
4821	461
4822	573
4823	516
4824	333
4825	996
4826	984
4827	88
4828	107
4829	400
4830	557
4831	64
4832	811
4833	203
4834	665
4835	873
4836	160
4837	200
4838	205
4839	149
4840	799
4841	715
4842	203
4843	958
4844	382
4845	127
4846	202
4847	543
4848	351
4849	954
4850	719
4851	905
4852	368
4853	736
4854	214
4855	342
4856	690
4857	132
4858	410
4859	67
4860	844
4861	851
4862	290
4863	371
4864	663
4865	629
4866	781
4867	394
4868	48
4869	318
4870	164
4871	198
4872	697
4873	363
4874	616
4875	669
4876	580
4877	782
4878	162
4879	467
4880	847
4881	922
4882	580
4883	92
4884	672
4885	293
4886	40
4887	390
4888	948
4889	797
4890	62
4891	725
4892	317
4893	942
4894	342
4895	111
4896	679
4897	891
4898	148
4899	389
4900	821
4901	659
4902	111
4903	94
4904	49
4905	742
4906	799
4907	907
4908	214
4909	70
4910	525
4911	904
4912	606
4913	740
4914	245
4915	513
4916	456
4917	182
4918	958
4919	421
4920	472
4921	509
4922	123
4923	623
4924	991
4925	495
4926	162
4927	31
4928	949
4929	447
4930	816
4931	377
4932	431
4933	309
4934	685
4935	533
4936	650
4937	977
4938	161
4939	218
4940	661
4941	71
4942	769
4943	184
4944	579
4945	840
4946	108
4947	60
4948	526
4949	498
4950	426
4951	549
4952	859
4953	943
4954	708
4955	27
4956	192
4957	986
4958	386
4959	391
4960	514
4961	96
4962	305
4963	121
4964	520
4965	549
4966	783
4967	889
4968	747
4969	751
4970	127
4971	70
4972	932
4973	162
4974	594
4975	584
4976	305
4977	710
4978	35
4979	204
4980	157
4981	19
4982	813
4983	770
4984	279
4985	84
4986	598
4987	476
4988	705
4989	466
4990	182
4991	479
4992	98
4993	620
4994	882
4995	616
4996	66
4997	893
4998	515
4999	848
5000	254
5001	889
5002	469
5003	977
5004	616
5005	18
5006	332
5007	346
5008	692
5009	822
5010	845
5011	880
5012	957
5013	150
5014	124
5015	359
5016	788
5017	868
5018	185
5019	61
5020	250
5021	314
5022	850
5023	592
5024	114
5025	713
5026	389
5027	423
5028	687
5029	650
5030	622
5031	166
5032	382
5033	859
5034	84
5035	530
5036	758
5037	836
5038	932
5039	296
5040	338
5041	133
5042	458
5043	868
5044	870
5045	765
5046	248
5047	599
5048	383
5049	159
5050	216
5051	770
5052	912
5053	568
5054	331
5055	42
5056	372
5057	607
5058	779
5059	715
5060	350
5061	567
5062	854
5063	35
5064	134
5065	639
5066	752
5067	763
5068	191
5069	337
5070	46
5071	782
5072	737
5073	529
5074	89
5075	205
5076	584
5077	350
5078	536
5079	443
5080	10
5081	146
5082	783
5083	652
5084	417
5085	157
5086	896
5087	590
5088	14
5089	34
5090	198
5091	722
5092	729
5093	100
5094	765
5095	590
5096	85
5097	487
5098	497
5099	596
5100	688
5101	836
5102	559
5103	354
5104	68
5105	902
5106	160
5107	173
5108	81
5109	920
5110	981
5111	454
5112	274
5113	88
5114	77
5115	24
5116	397
5117	563
5118	820
5119	971
5120	135
5121	911
5122	783
5123	900
5124	983
5125	705
5126	446
5127	21
5128	66
5129	117
5130	820
5131	573
5132	639
5133	193
5134	369
5135	603
5136	822
5137	147
5138	310
5139	363
5140	659
5141	403
5142	634
5143	669
5144	226
5145	567
5146	316
5147	416
5148	457
5149	520
5150	219
5151	800
5152	696
5153	383
5154	999
5155	453
5156	231
5157	797
5158	707
5159	722
5160	160
5161	742
5162	562
5163	603
5164	526
5165	793
5166	557
5167	848
5168	73
5169	675
5170	20
5171	247
5172	64
5173	690
5174	663
5175	809
5176	695
5177	961
5178	561
5179	730
5180	322
5181	89
5182	772
5183	516
5184	122
5185	479
5186	721
5187	605
5188	310
5189	685
5190	232
5191	214
5192	565
5193	573
5194	670
5195	101
5196	876
5197	408
5198	745
5199	979
5200	514
5201	75
5202	360
5203	804
5204	28
5205	180
5206	680
5207	346
5208	795
5209	527
5210	680
5211	996
5212	656
5213	716
5214	809
5215	811
5216	73
5217	205
5218	756
5219	241
5220	403
5221	174
5222	98
5223	979
5224	807
5225	117
5226	544
5227	32
5228	128
5229	107
5230	955
5231	83
5232	180
5233	103
5234	419
5235	745
5236	977
5237	16
5238	688
5239	914
5240	960
5241	611
5242	109
5243	354
5244	81
5245	806
5246	111
5247	75
5248	50
5249	285
5250	264
5251	269
5252	855
5253	192
5254	322
5255	125
5256	774
5257	934
5258	330
5259	435
5260	830
5261	969
5262	572
5263	244
5264	957
5265	860
5266	786
5267	711
5268	233
5269	750
5270	261
5271	665
5272	134
5273	570
5274	830
5275	667
5276	770
5277	154
5278	73
5279	239
5280	122
5281	248
5282	494
5283	354
5284	839
5285	61
5286	797
5287	931
5288	134
5289	330
5290	747
5291	830
5292	888
5293	26
5294	827
5295	203
5296	722
5297	416
5298	736
5299	98
5300	155
5301	821
5302	382
5303	858
5304	488
5305	767
5306	203
5307	402
5308	336
5309	874
5310	721
5311	728
5312	432
5313	235
5314	475
5315	411
5316	264
5317	774
5318	196
5319	255
5320	547
5321	302
5322	928
5323	72
5324	80
5325	760
5326	423
5327	128
5328	314
5329	410
5330	481
5331	857
5332	968
5333	311
5334	519
5335	445
5336	347
5337	259
5338	883
5339	65
5340	215
5341	364
5342	20
5343	819
5344	901
5345	102
5346	24
5347	405
5348	478
5349	941
5350	259
5351	807
5352	326
5353	537
5354	734
5355	79
5356	537
5357	39
5358	627
5359	189
5360	76
5361	268
5362	90
5363	958
5364	556
5365	580
5366	353
5367	903
5368	586
5369	578
5370	686
5371	893
5372	353
5373	561
5374	914
5375	997
5376	674
5377	278
5378	641
5379	957
5380	306
5381	724
5382	128
5383	260
5384	808
5385	711
5386	82
5387	88
5388	699
5389	516
5390	532
5391	366
5392	337
5393	364
5394	516
5395	765
5396	728
5397	263
5398	697
5399	54
5400	222
5401	240
5402	536
5403	240
5404	476
5405	333
5406	873
5407	829
5408	749
5409	910
5410	848
5411	278
5412	785
5413	419
5414	21
5415	281
5416	209
5417	705
5418	775
5419	737
5420	76
5421	453
5422	799
5423	979
5424	373
5425	740
5426	296
5427	61
5428	645
5429	12
5430	153
5431	90
5432	533
5433	295
5434	280
5435	19
5436	542
5437	186
5438	51
5439	797
5440	390
5441	774
5442	312
5443	810
5444	281
5445	100
5446	893
5447	327
5448	197
5449	222
5450	396
5451	647
5452	451
5453	84
5454	530
5455	486
5456	323
5457	831
5458	296
5459	74
5460	679
5461	643
5462	870
5463	626
5464	347
5465	608
5466	699
5467	959
5468	842
5469	20
5470	861
5471	644
5472	697
5473	421
5474	390
5475	324
5476	282
5477	838
5478	574
5479	465
5480	924
5481	275
5482	573
5483	850
5484	67
5485	274
5486	648
5487	945
5488	587
5489	703
5490	171
5491	105
5492	366
5493	117
5494	135
5495	24
5496	846
5497	248
5498	323
5499	990
5500	293
5501	285
5502	433
5503	684
5504	964
5505	138
5506	590
5507	641
5508	585
5509	57
5510	736
5511	832
5512	866
5513	126
5514	391
5515	730
5516	96
5517	874
5518	408
5519	841
5520	224
5521	322
5522	894
5523	151
5524	851
5525	758
5526	963
5527	549
5528	560
5529	496
5530	422
5531	249
5532	324
5533	147
5534	214
5535	625
5536	215
5537	161
5538	352
5539	808
5540	208
5541	331
5542	444
5543	225
5544	962
5545	47
5546	212
5547	820
5548	136
5549	282
5550	414
5551	522
5552	755
5553	336
5554	971
5555	107
5556	432
5557	459
5558	603
5559	15
5560	853
5561	68
5562	834
5563	310
5564	17
5565	47
5566	540
5567	358
5568	437
5569	657
5570	723
5571	974
5572	569
5573	451
5574	525
5575	246
5576	678
5577	523
5578	533
5579	83
5580	46
5581	648
5582	745
5583	939
5584	44
5585	886
5586	713
5587	14
5588	543
5589	62
5590	20
5591	134
5592	618
5593	889
5594	17
5595	126
5596	811
5597	267
5598	466
5599	241
5600	138
5601	980
5602	450
5603	612
5604	528
5605	927
5606	472
5607	648
5608	364
5609	352
5610	371
5611	44
5612	708
5613	413
5614	637
5615	154
5616	510
5617	941
5618	193
5619	851
5620	871
5621	664
5622	208
5623	372
5624	472
5625	137
5626	784
5627	68
5628	469
5629	942
5630	390
5631	384
5632	505
5633	687
5634	879
5635	519
5636	622
5637	652
5638	225
5639	239
5640	483
5641	96
5642	590
5643	436
5644	243
5645	428
5646	210
5647	968
5648	474
5649	618
5650	305
5651	422
5652	953
5653	271
5654	665
5655	577
5656	117
5657	755
5658	461
5659	688
5660	576
5661	39
5662	34
5663	409
5664	884
5665	815
5666	328
5667	149
5668	155
5669	96
5670	417
5671	865
5672	202
5673	463
5674	800
5675	718
5676	37
5677	360
5678	772
5679	471
5680	832
5681	53
5682	484
5683	687
5684	811
5685	181
5686	537
5687	11
5688	257
5689	319
5690	594
5691	670
5692	332
5693	707
5694	214
5695	202
5696	917
5697	966
5698	225
5699	698
5700	521
5701	608
5702	581
5703	125
5704	771
5705	104
5706	221
5707	25
5708	285
5709	769
5710	243
5711	619
5712	806
5713	278
5714	512
5715	286
5716	138
5717	802
5718	942
5719	205
5720	646
5721	351
5722	81
5723	399
5724	897
5725	761
5726	945
5727	143
5728	926
5729	632
5730	729
5731	565
5732	380
5733	347
5734	760
5735	39
5736	346
5737	227
5738	35
5739	21
5740	394
5741	420
5742	29
5743	730
5744	102
5745	651
5746	969
5747	483
5748	493
5749	282
5750	55
5751	252
5752	708
5753	916
5754	926
5755	751
5756	986
5757	439
5758	377
5759	345
5760	36
5761	275
5762	195
5763	511
5764	32
5765	180
5766	96
5767	475
5768	537
5769	695
5770	790
5771	252
5772	786
5773	253
5774	81
5775	121
5776	59
5777	258
5778	842
5779	268
5780	97
5781	388
5782	267
5783	875
5784	262
5785	819
5786	392
5787	580
5788	53
5789	217
5790	953
5791	377
5792	461
5793	709
5794	948
5795	215
5796	635
5797	270
5798	796
5799	614
5800	431
5801	967
5802	309
5803	356
5804	646
5805	611
5806	452
5807	477
5808	306
5809	829
5810	707
5811	912
5812	556
5813	353
5814	183
5815	938
5816	827
5817	900
5818	722
5819	307
5820	629
5821	63
5822	549
5823	944
5824	622
5825	263
5826	94
5827	562
5828	725
5829	698
5830	172
5831	38
5832	365
5833	441
5834	503
5835	711
5836	40
5837	173
5838	945
5839	544
5840	345
5841	759
5842	91
5843	678
5844	244
5845	932
5846	674
5847	749
5848	102
5849	66
5850	308
5851	249
5852	445
5853	635
5854	754
5855	123
5856	371
5857	138
5858	498
5859	299
5860	448
5861	678
5862	929
5863	905
5864	98
5865	676
5866	833
5867	44
5868	955
5869	33
5870	330
5871	460
5872	617
5873	532
5874	421
5875	965
5876	592
5877	390
5878	722
5879	770
5880	892
5881	356
5882	449
5883	107
5884	528
5885	968
5886	115
5887	474
5888	988
5889	620
5890	863
5891	406
5892	136
5893	832
5894	606
5895	844
5896	803
5897	76
5898	679
5899	392
5900	822
5901	558
5902	573
5903	381
5904	564
5905	248
5906	165
5907	617
5908	41
5909	708
5910	384
5911	196
5912	338
5913	780
5914	491
5915	114
5916	117
5917	75
5918	568
5919	788
5920	447
5921	535
5922	31
5923	847
5924	645
5925	94
5926	269
5927	808
5928	459
5929	360
5930	232
5931	104
5932	802
5933	439
5934	740
5935	830
5936	134
5937	629
5938	509
5939	685
5940	900
5941	758
5942	484
5943	846
5944	522
5945	199
5946	635
5947	375
5948	626
5949	985
5950	816
5951	702
5952	287
5953	433
5954	186
5955	98
5956	23
5957	622
5958	273
5959	665
5960	986
5961	545
5962	397
5963	140
5964	618
5965	395
5966	867
5967	307
5968	265
5969	91
5970	260
5971	327
5972	886
5973	691
5974	504
5975	17
5976	359
5977	858
5978	44
5979	878
5980	372
5981	880
5982	913
5983	843
5984	828
5985	97
5986	525
5987	906
5988	848
5989	404
5990	418
5991	838
5992	866
5993	726
5994	224
5995	391
5996	225
5997	154
5998	447
5999	569
6000	870
6001	244
6002	294
6003	178
6004	548
6005	226
6006	146
6007	543
6008	954
6009	162
6010	659
6011	693
6012	348
6013	488
6014	721
6015	979
6016	68
6017	781
6018	712
6019	15
6020	29
6021	813
6022	51
6023	594
6024	482
6025	311
6026	289
6027	390
6028	904
6029	94
6030	946
6031	255
6032	772
6033	529
6034	197
6035	830
6036	326
6037	233
6038	78
6039	907
6040	168
6041	929
6042	363
6043	800
6044	753
6045	570
6046	668
6047	638
6048	719
6049	776
6050	744
6051	960
6052	184
6053	860
6054	585
6055	410
6056	878
6057	104
6058	626
6059	929
6060	316
6061	119
6062	958
6063	142
6064	91
6065	288
6066	494
6067	857
6068	615
6069	189
6070	404
6071	566
6072	635
6073	986
6074	756
6075	170
6076	644
6077	833
6078	334
6079	702
6080	148
6081	653
6082	704
6083	920
6084	495
6085	454
6086	38
6087	975
6088	384
6089	826
6090	649
6091	162
6092	840
6093	226
6094	337
6095	708
6096	622
6097	864
6098	43
6099	837
6100	382
6101	916
6102	308
6103	196
6104	68
6105	234
6106	337
6107	432
6108	228
6109	788
6110	332
6111	536
6112	325
6113	852
6114	879
6115	645
6116	232
6117	263
6118	879
6119	337
6120	493
6121	538
6122	558
6123	527
6124	990
6125	285
6126	929
6127	434
6128	735
6129	292
6130	987
6131	990
6132	762
6133	220
6134	369
6135	308
6136	959
6137	928
6138	303
6139	811
6140	338
6141	65
6142	35
6143	53
6144	675
6145	33
6146	778
6147	318
6148	575
6149	683
6150	988
6151	558
6152	704
6153	374
6154	775
6155	245
6156	110
6157	520
6158	439
6159	274
6160	161
6161	876
6162	969
6163	837
6164	280
6165	744
6166	106
6167	723
6168	580
6169	674
6170	706
6171	674
6172	588
6173	666
6174	576
6175	285
6176	61
6177	622
6178	500
6179	673
6180	284
6181	377
6182	892
6183	623
6184	630
6185	270
6186	879
6187	588
6188	992
6189	213
6190	722
6191	945
6192	283
6193	453
6194	804
6195	409
6196	995
6197	812
6198	178
6199	407
6200	379
6201	422
6202	323
6203	256
6204	649
6205	764
6206	733
6207	971
6208	466
6209	271
6210	989
6211	937
6212	558
6213	845
6214	50
6215	852
6216	974
6217	35
6218	540
6219	699
6220	44
6221	85
6222	294
6223	441
6224	447
6225	509
6226	420
6227	502
6228	320
6229	471
6230	806
6231	142
6232	635
6233	219
6234	741
6235	90
6236	205
6237	333
6238	56
6239	611
6240	15
6241	416
6242	714
6243	50
6244	780
6245	681
6246	512
6247	484
6248	883
6249	319
6250	933
6251	255
6252	122
6253	910
6254	281
6255	211
6256	681
6257	944
6258	350
6259	516
6260	706
6261	415
6262	879
6263	601
6264	639
6265	69
6266	291
6267	600
6268	53
6269	308
6270	820
6271	464
6272	558
6273	742
6274	139
6275	648
6276	474
6277	791
6278	613
6279	826
6280	106
6281	995
6282	233
6283	579
6284	25
6285	863
6286	525
6287	675
6288	420
6289	802
6290	398
6291	301
6292	47
6293	269
6294	230
6295	294
6296	964
6297	424
6298	125
6299	389
6300	893
6301	707
6302	401
6303	121
6304	643
6305	846
6306	634
6307	478
6308	67
6309	301
6310	986
6311	593
6312	502
6313	434
6314	489
6315	718
6316	720
6317	978
6318	220
6319	439
6320	681
6321	496
6322	901
6323	571
6324	935
6325	649
6326	601
6327	801
6328	385
6329	853
6330	138
6331	635
6332	287
6333	199
6334	288
6335	990
6336	74
6337	692
6338	293
6339	448
6340	936
6341	457
6342	621
6343	761
6344	467
6345	116
6346	643
6347	882
6348	93
6349	431
6350	587
6351	704
6352	258
6353	106
6354	154
6355	393
6356	641
6357	610
6358	870
6359	975
6360	804
6361	329
6362	95
6363	268
6364	181
6365	575
6366	566
6367	359
6368	745
6369	323
6370	30
6371	104
6372	302
6373	190
6374	284
6375	627
6376	601
6377	230
6378	942
6379	854
6380	492
6381	924
6382	195
6383	498
6384	315
6385	160
6386	391
6387	177
6388	934
6389	870
6390	875
6391	428
6392	908
6393	636
6394	520
6395	214
6396	719
6397	786
6398	153
6399	302
6400	261
6401	356
6402	643
6403	822
6404	256
6405	683
6406	936
6407	415
6408	308
6409	609
6410	421
6411	806
6412	819
6413	892
6414	239
6415	69
6416	34
6417	459
6418	18
6419	752
6420	611
6421	420
6422	484
6423	883
6424	791
6425	509
6426	858
6427	405
6428	655
6429	837
6430	327
6431	232
6432	635
6433	747
6434	254
6435	401
6436	742
6437	601
6438	599
6439	31
6440	682
6441	578
6442	822
6443	53
6444	431
6445	792
6446	490
6447	57
6448	661
6449	405
6450	338
6451	23
6452	924
6453	906
6454	333
6455	973
6456	252
6457	811
6458	371
6459	908
6460	888
6461	192
6462	141
6463	344
6464	861
6465	332
6466	535
6467	316
6468	734
6469	318
6470	86
6471	409
6472	315
6473	178
6474	624
6475	201
6476	461
6477	194
6478	253
6479	901
6480	600
6481	340
6482	523
6483	558
6484	658
6485	432
6486	775
6487	795
6488	158
6489	445
6490	265
6491	766
6492	738
6493	100
6494	82
6495	575
6496	611
6497	579
6498	452
6499	411
6500	192
6501	788
6502	247
6503	16
6504	352
6505	295
6506	456
6507	289
6508	113
6509	18
6510	879
6511	998
6512	892
6513	428
6514	138
6515	902
6516	145
6517	80
6518	530
6519	883
6520	434
6521	330
6522	638
6523	965
6524	316
6525	427
6526	588
6527	560
6528	677
6529	220
6530	760
6531	312
6532	330
6533	500
6534	154
6535	880
6536	496
6537	211
6538	594
6539	283
6540	285
6541	527
6542	421
6543	51
6544	752
6545	545
6546	796
6547	794
6548	860
6549	851
6550	464
6551	61
6552	131
6553	96
6554	634
6555	150
6556	574
6557	413
6558	886
6559	57
6560	666
6561	31
6562	969
6563	159
6564	683
6565	945
6566	669
6567	860
6568	296
6569	993
6570	941
6571	528
6572	175
6573	511
6574	730
6575	167
6576	517
6577	689
6578	529
6579	991
6580	105
6581	440
6582	141
6583	586
6584	70
6585	861
6586	345
6587	423
6588	553
6589	866
6590	618
6591	359
6592	381
6593	471
6594	143
6595	143
6596	435
6597	275
6598	38
6599	392
6600	294
6601	358
6602	18
6603	638
6604	237
6605	140
6606	764
6607	279
6608	594
6609	412
6610	153
6611	173
6612	80
6613	248
6614	498
6615	276
6616	628
6617	729
6618	979
6619	926
6620	226
6621	376
6622	781
6623	246
6624	435
6625	567
6626	56
6627	345
6628	513
6629	414
6630	808
6631	437
6632	535
6633	307
6634	395
6635	291
6636	89
6637	69
6638	344
6639	188
6640	887
6641	748
6642	364
6643	313
6644	159
6645	334
6646	284
6647	850
6648	116
6649	326
6650	825
6651	525
6652	536
6653	894
6654	538
6655	836
6656	607
6657	533
6658	306
6659	376
6660	25
6661	385
6662	847
6663	39
6664	921
6665	296
6666	262
6667	438
6668	798
6669	246
6670	30
6671	900
6672	190
6673	227
6674	942
6675	215
6676	586
6677	651
6678	595
6679	284
6680	187
6681	66
6682	379
6683	158
6684	121
6685	388
6686	275
6687	27
6688	395
6689	699
6690	736
6691	306
6692	407
6693	118
6694	645
6695	929
6696	902
6697	208
6698	354
6699	494
6700	139
6701	906
6702	558
6703	731
6704	10
6705	305
6706	567
6707	493
6708	264
6709	119
6710	206
6711	382
6712	942
6713	534
6714	299
6715	415
6716	121
6717	817
6718	516
6719	798
6720	298
6721	206
6722	766
6723	405
6724	947
6725	374
6726	650
6727	863
6728	23
6729	742
6730	981
6731	884
6732	141
6733	308
6734	369
6735	560
6736	444
6737	918
6738	739
6739	671
6740	29
6741	995
6742	983
6743	349
6744	95
6745	533
6746	598
6747	778
6748	731
6749	210
6750	163
6751	173
6752	329
6753	927
6754	89
6755	190
6756	21
6757	282
6758	34
6759	919
6760	782
6761	726
6762	536
6763	576
6764	685
6765	594
6766	623
6767	911
6768	486
6769	505
6770	408
6771	801
6772	15
6773	191
6774	130
6775	620
6776	649
6777	223
6778	583
6779	18
6780	880
6781	51
6782	494
6783	967
6784	252
6785	258
6786	234
6787	251
6788	593
6789	888
6790	358
6791	540
6792	454
6793	763
6794	954
6795	973
6796	440
6797	491
6798	384
6799	251
6800	278
6801	23
6802	636
6803	148
6804	517
6805	727
6806	431
6807	625
6808	847
6809	942
6810	43
6811	239
6812	540
6813	744
6814	567
6815	237
6816	25
6817	28
6818	571
6819	403
6820	632
6821	382
6822	750
6823	609
6824	87
6825	837
6826	783
6827	821
6828	676
6829	94
6830	284
6831	954
6832	868
6833	527
6834	969
6835	390
6836	913
6837	254
6838	402
6839	859
6840	560
6841	218
6842	181
6843	200
6844	232
6845	499
6846	356
6847	501
6848	969
6849	320
6850	130
6851	626
6852	655
6853	284
6854	956
6855	199
6856	480
6857	278
6858	151
6859	447
6860	574
6861	410
6862	308
6863	649
6864	970
6865	788
6866	895
6867	942
6868	104
6869	682
6870	461
6871	870
6872	834
6873	289
6874	848
6875	200
6876	186
6877	114
6878	242
6879	647
6880	221
6881	497
6882	788
6883	311
6884	161
6885	336
6886	866
6887	361
6888	480
6889	604
6890	283
6891	977
6892	372
6893	143
6894	129
6895	139
6896	126
6897	364
6898	923
6899	769
6900	946
6901	823
6902	880
6903	565
6904	73
6905	927
6906	498
6907	206
6908	659
6909	291
6910	332
6911	695
6912	753
6913	985
6914	434
6915	281
6916	287
6917	399
6918	969
6919	612
6920	82
6921	827
6922	60
6923	10
6924	949
6925	97
6926	491
6927	670
6928	857
6929	715
6930	827
6931	251
6932	369
6933	249
6934	910
6935	400
6936	221
6937	817
6938	356
6939	627
6940	918
6941	890
6942	74
6943	100
6944	827
6945	375
6946	374
6947	167
6948	319
6949	948
6950	274
6951	466
6952	903
6953	577
6954	993
6955	98
6956	358
6957	868
6958	205
6959	934
6960	390
6961	889
6962	491
6963	616
6964	313
6965	12
6966	573
6967	938
6968	663
6969	75
6970	420
6971	295
6972	367
6973	632
6974	675
6975	23
6976	985
6977	218
6978	730
6979	524
6980	410
6981	681
6982	122
6983	602
6984	565
6985	648
6986	317
6987	807
6988	658
6989	234
6990	145
6991	253
6992	175
6993	161
6994	881
6995	459
6996	389
6997	727
6998	670
6999	281
7000	137
7001	428
7002	670
7003	69
7004	326
7005	725
7006	894
7007	124
7008	383
7009	180
7010	176
7011	310
7012	144
7013	640
7014	503
7015	171
7016	289
7017	466
7018	430
7019	609
7020	802
7021	656
7022	864
7023	512
7024	35
7025	195
7026	691
7027	728
7028	471
7029	482
7030	492
7031	791
7032	242
7033	594
7034	48
7035	660
7036	27
7037	27
7038	579
7039	312
7040	757
7041	900
7042	507
7043	92
7044	336
7045	495
7046	281
7047	654
7048	464
7049	899
7050	514
7051	191
7052	819
7053	649
7054	290
7055	406
7056	206
7057	292
7058	44
7059	842
7060	852
7061	15
7062	677
7063	806
7064	116
7065	207
7066	638
7067	154
7068	198
7069	70
7070	551
7071	987
7072	718
7073	176
7074	692
7075	613
7076	671
7077	356
7078	829
7079	923
7080	514
7081	33
7082	536
7083	728
7084	958
7085	214
7086	882
7087	325
7088	875
7089	89
7090	858
7091	317
7092	450
7093	787
7094	814
7095	590
7096	629
7097	935
7098	723
7099	600
7100	861
7101	637
7102	330
7103	300
7104	663
7105	805
7106	703
7107	165
7108	588
7109	682
7110	691
7111	830
7112	599
7113	232
7114	297
7115	609
7116	247
7117	47
7118	22
7119	535
7120	701
7121	294
7122	409
7123	426
7124	499
7125	421
7126	201
7127	220
7128	746
7129	295
7130	947
7131	428
7132	773
7133	240
7134	134
7135	819
7136	965
7137	870
7138	774
7139	179
7140	944
7141	789
7142	579
7143	943
7144	690
7145	234
7146	966
7147	996
7148	904
7149	944
7150	778
7151	98
7152	755
7153	960
7154	368
7155	479
7156	350
7157	837
7158	276
7159	804
7160	420
7161	479
7162	350
7163	903
7164	991
7165	31
7166	718
7167	324
7168	897
7169	634
7170	539
7171	723
7172	21
7173	411
7174	402
7175	915
7176	476
7177	520
7178	679
7179	911
7180	282
7181	945
7182	940
7183	972
7184	512
7185	779
7186	119
7187	87
7188	736
7189	880
7190	320
7191	617
7192	622
7193	975
7194	561
7195	366
7196	177
7197	731
7198	550
7199	925
7200	730
7201	780
7202	522
7203	253
7204	210
7205	843
7206	681
7207	934
7208	618
7209	648
7210	528
7211	173
7212	549
7213	596
7214	444
7215	968
7216	251
7217	840
7218	611
7219	981
7220	139
7221	665
7222	757
7223	502
7224	977
7225	248
7226	845
7227	545
7228	950
7229	18
7230	733
7231	331
7232	592
7233	433
7234	544
7235	117
7236	127
7237	230
7238	940
7239	807
7240	868
7241	944
7242	666
7243	779
7244	951
7245	993
7246	941
7247	797
7248	457
7249	496
7250	408
7251	958
7252	595
7253	303
7254	717
7255	227
7256	479
7257	37
7258	330
7259	649
7260	62
7261	754
7262	335
7263	449
7264	543
7265	391
7266	476
7267	451
7268	371
7269	313
7270	519
7271	148
7272	525
7273	125
7274	861
7275	282
7276	874
7277	52
7278	975
7279	962
7280	703
7281	666
7282	284
7283	263
7284	670
7285	448
7286	235
7287	157
7288	777
7289	885
7290	980
7291	561
7292	520
7293	870
7294	449
7295	116
7296	367
7297	198
7298	881
7299	825
7300	669
7301	403
7302	308
7303	165
7304	709
7305	245
7306	67
7307	453
7308	350
7309	373
7310	138
7311	862
7312	485
7313	232
7314	30
7315	92
7316	842
7317	195
7318	669
7319	799
7320	639
7321	292
7322	917
7323	725
7324	589
7325	17
7326	645
7327	204
7328	578
7329	420
7330	63
7331	193
7332	749
7333	820
7334	972
7335	608
7336	58
7337	648
7338	457
7339	22
7340	466
7341	465
7342	813
7343	613
7344	522
7345	871
7346	828
7347	648
7348	995
7349	761
7350	841
7351	740
7352	915
7353	897
7354	373
7355	242
7356	784
7357	750
7358	193
7359	794
7360	182
7361	748
7362	905
7363	614
7364	521
7365	492
7366	115
7367	289
7368	170
7369	223
7370	566
7371	709
7372	220
7373	551
7374	91
7375	126
7376	72
7377	20
7378	822
7379	249
7380	428
7381	578
7382	304
7383	380
7384	687
7385	507
7386	961
7387	573
7388	620
7389	747
7390	589
7391	803
7392	602
7393	331
7394	250
7395	374
7396	39
7397	70
7398	778
7399	696
7400	500
7401	557
7402	813
7403	317
7404	223
7405	638
7406	55
7407	908
7408	651
7409	206
7410	232
7411	911
7412	868
7413	119
7414	325
7415	89
7416	934
7417	77
7418	743
7419	514
7420	470
7421	335
7422	963
7423	584
7424	408
7425	869
7426	949
7427	771
7428	732
7429	175
7430	76
7431	301
7432	32
7433	561
7434	118
7435	104
7436	864
7437	294
7438	325
7439	164
7440	826
7441	562
7442	639
7443	125
7444	107
7445	130
7446	104
7447	207
7448	383
7449	446
7450	442
7451	744
7452	126
7453	68
7454	739
7455	47
7456	183
7457	59
7458	505
7459	336
7460	490
7461	224
7462	59
7463	869
7464	296
7465	889
7466	942
7467	201
7468	385
7469	597
7470	59
7471	495
7472	372
7473	750
7474	949
7475	998
7476	533
7477	678
7478	608
7479	414
7480	856
7481	218
7482	493
7483	633
7484	471
7485	751
7486	130
7487	738
7488	168
7489	658
7490	403
7491	725
7492	904
7493	307
7494	683
7495	509
7496	301
7497	838
7498	461
7499	400
7500	291
7501	853
7502	36
7503	19
7504	451
7505	936
7506	402
7507	666
7508	362
7509	530
7510	675
7511	949
7512	829
7513	210
7514	337
7515	663
7516	874
7517	432
7518	940
7519	469
7520	124
7521	12
7522	955
7523	45
7524	443
7525	666
7526	156
7527	701
7528	735
7529	81
7530	66
7531	875
7532	780
7533	460
7534	330
7535	64
7536	295
7537	297
7538	235
7539	40
7540	752
7541	330
7542	735
7543	216
7544	487
7545	128
7546	426
7547	76
7548	690
7549	776
7550	268
7551	826
7552	884
7553	152
7554	982
7555	836
7556	772
7557	273
7558	178
7559	71
7560	80
7561	802
7562	20
7563	347
7564	525
7565	494
7566	51
7567	216
7568	797
7569	510
7570	507
7571	739
7572	573
7573	156
7574	772
7575	193
7576	921
7577	831
7578	538
7579	146
7580	426
7581	509
7582	348
7583	285
7584	195
7585	325
7586	835
7587	522
7588	989
7589	926
7590	720
7591	150
7592	986
7593	808
7594	542
7595	118
7596	336
7597	538
7598	598
7599	48
7600	641
7601	827
7602	538
7603	575
7604	119
7605	882
7606	966
7607	305
7608	952
7609	795
7610	799
7611	681
7612	102
7613	221
7614	405
7615	212
7616	165
7617	199
7618	350
7619	483
7620	54
7621	540
7622	692
7623	861
7624	640
7625	895
7626	928
7627	610
7628	300
7629	179
7630	83
7631	87
7632	334
7633	118
7634	442
7635	981
7636	409
7637	907
7638	524
7639	77
7640	988
7641	149
7642	992
7643	183
7644	240
7645	180
7646	689
7647	438
7648	74
7649	358
7650	150
7651	570
7652	989
7653	877
7654	35
7655	67
7656	305
7657	232
7658	154
7659	794
7660	785
7661	703
7662	182
7663	548
7664	761
7665	401
7666	333
7667	129
7668	533
7669	646
7670	188
7671	171
7672	530
7673	893
7674	604
7675	123
7676	38
7677	593
7678	397
7679	768
7680	799
7681	592
7682	837
7683	357
7684	518
7685	502
7686	765
7687	671
7688	832
7689	51
7690	450
7691	27
7692	886
7693	570
7694	193
7695	299
7696	725
7697	507
7698	637
7699	948
7700	481
7701	417
7702	950
7703	311
7704	736
7705	823
7706	115
7707	991
7708	169
7709	826
7710	853
7711	999
7712	541
7713	431
7714	596
7715	682
7716	258
7717	195
7718	534
7719	981
7720	504
7721	304
7722	491
7723	803
7724	734
7725	984
7726	561
7727	521
7728	891
7729	147
7730	58
7731	879
7732	53
7733	141
7734	502
7735	543
7736	642
7737	469
7738	68
7739	490
7740	777
7741	67
7742	591
7743	918
7744	185
7745	442
7746	581
7747	53
7748	389
7749	533
7750	983
7751	544
7752	656
7753	675
7754	467
7755	41
7756	266
7757	286
7758	523
7759	680
7760	778
7761	47
7762	605
7763	489
7764	266
7765	361
7766	749
7767	372
7768	409
7769	770
7770	384
7771	320
7772	133
7773	919
7774	647
7775	788
7776	955
7777	827
7778	790
7779	253
7780	31
7781	35
7782	697
7783	148
7784	733
7785	489
7786	721
7787	111
7788	856
7789	438
7790	283
7791	182
7792	180
7793	609
7794	369
7795	749
7796	852
7797	126
7798	177
7799	251
7800	211
7801	900
7802	429
7803	273
7804	376
7805	578
7806	758
7807	829
7808	808
7809	774
7810	763
7811	860
7812	876
7813	331
7814	959
7815	454
7816	140
7817	11
7818	393
7819	466
7820	443
7821	334
7822	277
7823	265
7824	550
7825	602
7826	290
7827	366
7828	247
7829	153
7830	268
7831	941
7832	216
7833	677
7834	320
7835	910
7836	54
7837	769
7838	832
7839	202
7840	946
7841	61
7842	657
7843	995
7844	708
7845	18
7846	78
7847	734
7848	435
7849	641
7850	523
7851	105
7852	430
7853	223
7854	13
7855	680
7856	923
7857	318
7858	654
7859	587
7860	585
7861	871
7862	715
7863	270
7864	159
7865	164
7866	993
7867	470
7868	672
7869	323
7870	249
7871	915
7872	173
7873	434
7874	219
7875	876
7876	77
7877	479
7878	514
7879	200
7880	433
7881	561
7882	226
7883	447
7884	137
7885	875
7886	926
7887	570
7888	738
7889	790
7890	686
7891	154
7892	333
7893	798
7894	771
7895	646
7896	10
7897	877
7898	573
7899	381
7900	47
7901	582
7902	445
7903	348
7904	365
7905	316
7906	121
7907	691
7908	833
7909	405
7910	610
7911	441
7912	573
7913	164
7914	298
7915	222
7916	62
7917	984
7918	903
7919	73
7920	155
7921	557
7922	755
7923	707
7924	836
7925	686
7926	296
7927	90
7928	238
7929	227
7930	390
7931	37
7932	660
7933	357
7934	392
7935	586
7936	775
7937	179
7938	194
7939	275
7940	994
7941	287
7942	120
7943	534
7944	203
7945	958
7946	883
7947	668
7948	605
7949	215
7950	733
7951	195
7952	349
7953	366
7954	732
7955	352
7956	511
7957	79
7958	981
7959	971
7960	197
7961	444
7962	361
7963	180
7964	851
7965	757
7966	299
7967	425
7968	476
7969	267
7970	30
7971	65
7972	280
7973	566
7974	239
7975	199
7976	151
7977	392
7978	634
7979	773
7980	699
7981	480
7982	241
7983	426
7984	313
7985	468
7986	964
7987	648
7988	962
7989	633
7990	352
7991	271
7992	69
7993	824
7994	68
7995	506
7996	24
7997	556
7998	196
7999	222
8000	533
8001	68
8002	439
8003	875
8004	986
8005	842
8006	599
8007	586
8008	205
8009	944
8010	821
8011	844
8012	812
8013	977
8014	424
8015	569
8016	555
8017	904
8018	399
8019	777
8020	753
8021	857
8022	799
8023	522
8024	924
8025	507
8026	89
8027	913
8028	552
8029	442
8030	796
8031	317
8032	450
8033	29
8034	350
8035	994
8036	719
8037	660
8038	670
8039	221
8040	895
8041	285
8042	43
8043	69
8044	904
8045	373
8046	209
8047	317
8048	344
8049	328
8050	282
8051	169
8052	106
8053	581
8054	495
8055	299
8056	426
8057	414
8058	109
8059	947
8060	929
8061	773
8062	230
8063	416
8064	290
8065	82
8066	503
8067	20
8068	272
8069	374
8070	102
8071	481
8072	168
8073	654
8074	825
8075	442
8076	776
8077	672
8078	202
8079	62
8080	865
8081	781
8082	66
8083	201
8084	185
8085	814
8086	327
8087	428
8088	511
8089	869
8090	262
8091	897
8092	462
8093	299
8094	980
8095	458
8096	38
8097	408
8098	599
8099	18
8100	389
8101	600
8102	507
8103	272
8104	317
8105	296
8106	864
8107	708
8108	325
8109	396
8110	72
8111	456
8112	917
8113	123
8114	867
8115	489
8116	444
8117	453
8118	636
8119	647
8120	809
8121	353
8122	241
8123	106
8124	167
8125	264
8126	805
8127	478
8128	674
8129	987
8130	284
8131	546
8132	795
8133	772
8134	240
8135	247
8136	887
8137	151
8138	134
8139	635
8140	208
8141	349
8142	954
8143	222
8144	510
8145	310
8146	143
8147	188
8148	456
8149	263
8150	120
8151	96
8152	80
8153	841
8154	643
8155	894
8156	355
8157	569
8158	798
8159	953
8160	516
8161	425
8162	512
8163	903
8164	997
8165	245
8166	519
8167	185
8168	851
8169	537
8170	558
8171	263
8172	436
8173	680
8174	482
8175	643
8176	972
8177	353
8178	852
8179	826
8180	787
8181	739
8182	371
8183	140
8184	230
8185	407
8186	111
8187	775
8188	357
8189	328
8190	404
8191	162
8192	196
8193	491
8194	824
8195	204
8196	369
8197	476
8198	587
8199	951
8200	618
8201	197
8202	738
8203	560
8204	366
8205	614
8206	770
8207	381
8208	67
8209	188
8210	938
8211	275
8212	450
8213	305
8214	703
8215	135
8216	510
8217	326
8218	646
8219	195
8220	883
8221	373
8222	653
8223	951
8224	928
8225	34
8226	968
8227	724
8228	16
8229	842
8230	248
8231	623
8232	439
8233	196
8234	93
8235	47
8236	580
8237	382
8238	115
8239	932
8240	465
8241	105
8242	273
8243	139
8244	320
8245	275
8246	598
8247	482
8248	238
8249	448
8250	796
8251	543
8252	599
8253	269
8254	302
8255	641
8256	525
8257	547
8258	409
8259	146
8260	946
8261	493
8262	361
8263	135
8264	634
8265	295
8266	33
8267	759
8268	224
8269	868
8270	609
8271	431
8272	357
8273	199
8274	794
8275	327
8276	157
8277	239
8278	352
8279	587
8280	625
8281	149
8282	973
8283	854
8284	293
8285	231
8286	196
8287	242
8288	518
8289	123
8290	208
8291	948
8292	62
8293	765
8294	802
8295	128
8296	186
8297	158
8298	680
8299	260
8300	195
8301	505
8302	476
8303	74
8304	380
8305	335
8306	328
8307	99
8308	614
8309	219
8310	435
8311	162
8312	257
8313	423
8314	614
8315	619
8316	256
8317	533
8318	522
8319	782
8320	136
8321	48
8322	807
8323	777
8324	290
8325	759
8326	348
8327	381
8328	136
8329	955
8330	563
8331	926
8332	800
8333	776
8334	322
8335	873
8336	612
8337	133
8338	416
8339	171
8340	823
8341	176
8342	48
8343	385
8344	584
8345	669
8346	538
8347	304
8348	312
8349	865
8350	355
8351	113
8352	410
8353	775
8354	200
8355	939
8356	693
8357	417
8358	962
8359	344
8360	386
8361	929
8362	772
8363	331
8364	304
8365	50
8366	61
8367	150
8368	23
8369	457
8370	887
8371	393
8372	961
8373	350
8374	320
8375	468
8376	110
8377	568
8378	106
8379	54
8380	988
8381	151
8382	986
8383	605
8384	73
8385	638
8386	890
8387	838
8388	735
8389	711
8390	129
8391	291
8392	321
8393	247
8394	208
8395	870
8396	829
8397	988
8398	849
8399	149
8400	837
8401	963
8402	511
8403	468
8404	408
8405	929
8406	770
8407	36
8408	568
8409	626
8410	582
8411	57
8412	390
8413	277
8414	647
8415	489
8416	600
8417	771
8418	385
8419	625
8420	361
8421	449
8422	475
8423	586
8424	755
8425	813
8426	233
8427	503
8428	293
8429	326
8430	646
8431	551
8432	505
8433	140
8434	244
8435	211
8436	876
8437	568
8438	412
8439	870
8440	811
8441	874
8442	322
8443	103
8444	143
8445	374
8446	940
8447	35
8448	75
8449	894
8450	400
8451	688
8452	370
8453	97
8454	501
8455	581
8456	782
8457	518
8458	432
8459	738
8460	599
8461	156
8462	741
8463	133
8464	469
8465	323
8466	668
8467	859
8468	176
8469	186
8470	36
8471	593
8472	704
8473	206
8474	116
8475	784
8476	114
8477	964
8478	704
8479	299
8480	155
8481	309
8482	576
8483	440
8484	589
8485	225
8486	617
8487	586
8488	911
8489	267
8490	792
8491	694
8492	887
8493	599
8494	952
8495	142
8496	552
8497	351
8498	54
8499	979
8500	871
8501	655
8502	228
8503	586
8504	652
8505	812
8506	371
8507	926
8508	215
8509	630
8510	598
8511	867
8512	876
8513	655
8514	999
8515	883
8516	310
8517	49
8518	203
8519	500
8520	108
8521	497
8522	930
8523	488
8524	96
8525	107
8526	835
8527	989
8528	247
8529	118
8530	465
8531	346
8532	641
8533	817
8534	570
8535	885
8536	243
8537	382
8538	520
8539	623
8540	882
8541	565
8542	65
8543	58
8544	631
8545	14
8546	146
8547	526
8548	496
8549	495
8550	56
8551	514
8552	115
8553	568
8554	808
8555	592
8556	436
8557	921
8558	460
8559	647
8560	476
8561	697
8562	630
8563	417
8564	511
8565	289
8566	508
8567	399
8568	445
8569	286
8570	169
8571	504
8572	745
8573	672
8574	69
8575	75
8576	822
8577	650
8578	625
8579	22
8580	332
8581	427
8582	820
8583	459
8584	701
8585	521
8586	453
8587	616
8588	366
8589	383
8590	270
8591	231
8592	373
8593	517
8594	823
8595	879
8596	733
8597	612
8598	418
8599	945
8600	952
8601	537
8602	499
8603	658
8604	889
8605	559
8606	194
8607	746
8608	833
8609	188
8610	440
8611	178
8612	482
8613	374
8614	864
8615	251
8616	220
8617	749
8618	187
8619	993
8620	361
8621	259
8622	502
8623	394
8624	468
8625	966
8626	439
8627	717
8628	669
8629	297
8630	378
8631	757
8632	106
8633	837
8634	464
8635	742
8636	363
8637	995
8638	514
8639	197
8640	650
8641	384
8642	976
8643	747
8644	705
8645	397
8646	40
8647	935
8648	958
8649	88
8650	854
8651	138
8652	173
8653	944
8654	679
8655	942
8656	902
8657	135
8658	658
8659	312
8660	184
8661	95
8662	128
8663	728
8664	849
8665	278
8666	187
8667	747
8668	266
8669	372
8670	811
8671	950
8672	729
8673	316
8674	493
8675	515
8676	214
8677	516
8678	912
8679	903
8680	963
8681	721
8682	588
8683	432
8684	949
8685	802
8686	651
8687	180
8688	108
8689	937
8690	795
8691	130
8692	97
8693	188
8694	699
8695	122
8696	438
8697	163
8698	136
8699	947
8700	67
8701	525
8702	593
8703	168
8704	598
8705	247
8706	387
8707	159
8708	303
8709	228
8710	20
8711	632
8712	585
8713	611
8714	493
8715	780
8716	830
8717	173
8718	714
8719	439
8720	393
8721	428
8722	714
8723	450
8724	176
8725	674
8726	290
8727	71
8728	64
8729	523
8730	557
8731	548
8732	522
8733	638
8734	423
8735	195
8736	658
8737	794
8738	923
8739	456
8740	825
8741	582
8742	380
8743	605
8744	438
8745	679
8746	929
8747	971
8748	360
8749	643
8750	307
8751	476
8752	126
8753	444
8754	905
8755	644
8756	156
8757	892
8758	736
8759	500
8760	203
8761	750
8762	673
8763	457
8764	811
8765	502
8766	92
8767	257
8768	728
8769	889
8770	815
8771	283
8772	903
8773	386
8774	155
8775	834
8776	208
8777	488
8778	759
8779	515
8780	380
8781	49
8782	733
8783	969
8784	756
8785	425
8786	702
8787	494
8788	279
8789	78
8790	299
8791	879
8792	27
8793	863
8794	98
8795	793
8796	280
8797	768
8798	78
8799	542
8800	798
8801	947
8802	151
8803	875
8804	429
8805	928
8806	586
8807	486
8808	775
8809	761
8810	76
8811	384
8812	822
8813	571
8814	530
8815	860
8816	429
8817	666
8818	90
8819	68
8820	892
8821	810
8822	20
8823	343
8824	380
8825	929
8826	17
8827	540
8828	353
8829	682
8830	836
8831	322
8832	512
8833	865
8834	222
8835	953
8836	847
8837	860
8838	982
8839	107
8840	243
8841	338
8842	953
8843	217
8844	901
8845	689
8846	794
8847	848
8848	458
8849	626
8850	662
8851	638
8852	587
8853	911
8854	351
8855	647
8856	907
8857	149
8858	658
8859	849
8860	160
8861	723
8862	434
8863	516
8864	862
8865	261
8866	767
8867	89
8868	777
8869	577
8870	99
8871	977
8872	211
8873	956
8874	763
8875	412
8876	210
8877	212
8878	185
8879	690
8880	370
8881	728
8882	253
8883	206
8884	322
8885	34
8886	464
8887	572
8888	746
8889	34
8890	498
8891	589
8892	244
8893	749
8894	904
8895	302
8896	642
8897	468
8898	54
8899	871
8900	829
8901	741
8902	419
8903	133
8904	19
8905	543
8906	363
8907	666
8908	214
8909	77
8910	880
8911	700
8912	854
8913	215
8914	584
8915	956
8916	145
8917	635
8918	706
8919	93
8920	307
8921	299
8922	665
8923	485
8924	988
8925	73
8926	66
8927	162
8928	63
8929	857
8930	302
8931	481
8932	291
8933	381
8934	997
8935	344
8936	245
8937	258
8938	891
8939	433
8940	714
8941	362
8942	245
8943	14
8944	246
8945	475
8946	672
8947	425
8948	905
8949	857
8950	801
8951	949
8952	670
8953	849
8954	201
8955	509
8956	201
8957	971
8958	985
8959	940
8960	136
8961	865
8962	99
8963	889
8964	26
8965	34
8966	142
8967	902
8968	112
8969	48
8970	569
8971	789
8972	671
8973	983
8974	384
8975	44
8976	882
8977	460
8978	272
8979	542
8980	561
8981	620
8982	212
8983	145
8984	113
8985	437
8986	467
8987	898
8988	273
8989	261
8990	952
8991	425
8992	281
8993	314
8994	74
8995	525
8996	225
8997	503
8998	521
8999	401
9000	187
9001	41
9002	915
9003	282
9004	920
9005	620
9006	434
9007	743
9008	82
9009	539
9010	967
9011	384
9012	411
9013	606
9014	182
9015	649
9016	143
9017	415
9018	414
9019	384
9020	642
9021	144
9022	85
9023	808
9024	628
9025	496
9026	523
9027	614
9028	401
9029	718
9030	338
9031	119
9032	972
9033	344
9034	89
9035	113
9036	368
9037	295
9038	806
9039	70
9040	911
9041	439
9042	459
9043	859
9044	974
9045	589
9046	25
9047	166
9048	726
9049	213
9050	999
9051	45
9052	805
9053	198
9054	343
9055	782
9056	570
9057	568
9058	409
9059	915
9060	180
9061	118
9062	799
9063	592
9064	848
9065	745
9066	594
9067	343
9068	14
9069	234
9070	66
9071	138
9072	631
9073	658
9074	349
9075	38
9076	868
9077	566
9078	40
9079	80
9080	78
9081	885
9082	458
9083	389
9084	527
9085	707
9086	394
9087	501
9088	10
9089	651
9090	192
9091	207
9092	360
9093	139
9094	640
9095	768
9096	799
9097	795
9098	156
9099	465
9100	451
9101	389
9102	787
9103	715
9104	909
9105	938
9106	193
9107	417
9108	183
9109	236
9110	652
9111	392
9112	489
9113	378
9114	712
9115	109
9116	695
9117	14
9118	703
9119	97
9120	832
9121	245
9122	87
9123	54
9124	796
9125	331
9126	998
9127	240
9128	570
9129	788
9130	924
9131	910
9132	265
9133	186
9134	130
9135	394
9136	673
9137	234
9138	88
9139	881
9140	917
9141	296
9142	263
9143	963
9144	873
9145	827
9146	672
9147	946
9148	383
9149	246
9150	516
9151	155
9152	179
9153	383
9154	191
9155	444
9156	541
9157	492
9158	321
9159	120
9160	611
9161	149
9162	845
9163	999
9164	783
9165	942
9166	285
9167	966
9168	824
9169	671
9170	426
9171	599
9172	22
9173	105
9174	221
9175	645
9176	317
9177	651
9178	670
9179	351
9180	493
9181	117
9182	100
9183	701
9184	775
9185	98
9186	968
9187	679
9188	752
9189	419
9190	608
9191	48
9192	410
9193	679
9194	398
9195	796
9196	831
9197	577
9198	666
9199	645
9200	496
9201	125
9202	288
9203	502
9204	304
9205	125
9206	566
9207	721
9208	228
9209	641
9210	717
9211	164
9212	642
9213	79
9214	834
9215	173
9216	190
9217	595
9218	664
9219	68
9220	937
9221	723
9222	718
9223	770
9224	632
9225	282
9226	415
9227	399
9228	809
9229	896
9230	66
9231	395
9232	232
9233	673
9234	911
9235	838
9236	73
9237	740
9238	930
9239	299
9240	648
9241	800
9242	987
9243	118
9244	649
9245	487
9246	653
9247	822
9248	120
9249	776
9250	997
9251	895
9252	943
9253	257
9254	14
9255	884
9256	656
9257	450
9258	405
9259	158
9260	735
9261	236
9262	374
9263	107
9264	670
9265	721
9266	874
9267	270
9268	649
9269	906
9270	125
9271	975
9272	123
9273	288
9274	84
9275	433
9276	213
9277	224
9278	206
9279	231
9280	542
9281	448
9282	866
9283	305
9284	245
9285	567
9286	968
9287	133
9288	903
9289	283
9290	840
9291	316
9292	677
9293	664
9294	442
9295	941
9296	211
9297	25
9298	317
9299	970
9300	538
9301	95
9302	885
9303	464
9304	624
9305	975
9306	480
9307	120
9308	219
9309	230
9310	412
9311	155
9312	36
9313	846
9314	322
9315	303
9316	988
9317	17
9318	313
9319	832
9320	569
9321	298
9322	989
9323	586
9324	103
9325	537
9326	427
9327	486
9328	90
9329	274
9330	837
9331	383
9332	532
9333	79
9334	433
9335	455
9336	185
9337	254
9338	848
9339	417
9340	260
9341	556
9342	832
9343	499
9344	775
9345	945
9346	461
9347	728
9348	418
9349	871
9350	929
9351	989
9352	148
9353	693
9354	720
9355	142
9356	614
9357	627
9358	254
9359	34
9360	507
9361	742
9362	556
9363	874
9364	424
9365	108
9366	51
9367	475
9368	490
9369	319
9370	526
9371	973
9372	759
9373	343
9374	324
9375	706
9376	871
9377	993
9378	730
9379	442
9380	926
9381	122
9382	416
9383	411
9384	346
9385	493
9386	812
9387	507
9388	658
9389	556
9390	614
9391	704
9392	196
9393	398
9394	707
9395	119
9396	719
9397	834
9398	484
9399	23
9400	206
9401	771
9402	760
9403	161
9404	306
9405	233
9406	496
9407	149
9408	299
9409	844
9410	64
9411	307
9412	568
9413	199
9414	380
9415	485
9416	839
9417	63
9418	314
9419	949
9420	559
9421	872
9422	75
9423	794
9424	916
9425	33
9426	465
9427	348
9428	906
9429	646
9430	506
9431	578
9432	281
9433	763
9434	266
9435	26
9436	577
9437	784
9438	558
9439	976
9440	124
9441	555
9442	383
9443	518
9444	204
9445	454
9446	339
9447	116
9448	367
9449	537
9450	330
9451	724
9452	523
9453	392
9454	674
9455	788
9456	535
9457	936
9458	318
9459	322
9460	734
9461	743
9462	123
9463	40
9464	938
9465	298
9466	446
9467	510
9468	521
9469	337
9470	899
9471	66
9472	448
9473	741
9474	67
9475	702
9476	33
9477	603
9478	456
9479	182
9480	639
9481	679
9482	887
9483	758
9484	40
9485	177
9486	698
9487	692
9488	928
9489	631
9490	623
9491	228
9492	45
9493	638
9494	15
9495	898
9496	734
9497	192
9498	955
9499	298
9500	112
9501	769
9502	54
9503	271
9504	570
9505	240
9506	677
9507	325
9508	859
9509	797
9510	775
9511	193
9512	679
9513	556
9514	274
9515	304
9516	166
9517	782
9518	900
9519	64
9520	511
9521	11
9522	777
9523	184
9524	617
9525	430
9526	669
9527	940
9528	177
9529	190
9530	962
9531	792
9532	300
9533	825
9534	394
9535	858
9536	845
9537	467
9538	687
9539	875
9540	696
9541	766
9542	376
9543	502
9544	925
9545	668
9546	336
9547	947
9548	277
9549	208
9550	884
9551	272
9552	606
9553	586
9554	501
9555	786
9556	614
9557	430
9558	705
9559	652
9560	490
9561	700
9562	667
9563	869
9564	640
9565	296
9566	273
9567	311
9568	806
9569	146
9570	480
9571	428
9572	65
9573	545
9574	941
9575	663
9576	739
9577	955
9578	373
9579	639
9580	665
9581	971
9582	996
9583	549
9584	391
9585	281
9586	751
9587	224
9588	960
9589	619
9590	847
9591	95
9592	981
9593	704
9594	594
9595	712
9596	59
9597	694
9598	837
9599	120
9600	968
9601	694
9602	294
9603	879
9604	645
9605	283
9606	359
9607	386
9608	716
9609	214
9610	954
9611	37
9612	597
9613	47
9614	319
9615	224
9616	734
9617	124
9618	805
9619	374
9620	352
9621	444
9622	158
9623	585
9624	475
9625	266
9626	137
9627	378
9628	248
9629	931
9630	287
9631	135
9632	898
9633	992
9634	522
9635	628
9636	745
9637	628
9638	624
9639	594
9640	389
9641	343
9642	306
9643	841
9644	244
9645	804
9646	184
9647	694
9648	578
9649	577
9650	912
9651	555
9652	216
9653	412
9654	876
9655	807
9656	326
9657	222
9658	826
9659	511
9660	308
9661	379
9662	816
9663	843
9664	968
9665	828
9666	907
9667	927
9668	949
9669	231
9670	830
9671	149
9672	734
9673	101
9674	604
9675	600
9676	41
9677	884
9678	817
9679	700
9680	226
9681	842
9682	128
9683	251
9684	289
9685	73
9686	579
9687	699
9688	599
9689	515
9690	925
9691	767
9692	957
9693	904
9694	34
9695	183
9696	361
9697	654
9698	106
9699	641
9700	651
9701	744
9702	502
9703	598
9704	87
9705	633
9706	904
9707	312
9708	957
9709	88
9710	519
9711	258
9712	143
9713	668
9714	710
9715	398
9716	175
9717	766
9718	867
9719	758
9720	795
9721	664
9722	674
9723	380
9724	974
9725	433
9726	22
9727	261
9728	760
9729	120
9730	87
9731	719
9732	801
9733	29
9734	883
9735	644
9736	798
9737	503
9738	969
9739	565
9740	213
9741	54
9742	863
9743	863
9744	726
9745	198
9746	759
9747	758
9748	446
9749	789
9750	393
9751	214
9752	680
9753	866
9754	864
9755	395
9756	241
9757	349
9758	858
9759	671
9760	335
9761	841
9762	11
9763	45
9764	504
9765	791
9766	728
9767	626
9768	398
9769	516
9770	643
9771	577
9772	772
9773	179
9774	559
9775	484
9776	555
9777	327
9778	353
9779	810
9780	799
9781	296
9782	466
9783	510
9784	717
9785	274
9786	168
9787	130
9788	961
9789	457
9790	901
9791	733
9792	347
9793	17
9794	885
9795	996
9796	831
9797	477
9798	944
9799	678
9800	424
9801	24
9802	219
9803	621
9804	453
9805	178
9806	287
9807	677
9808	562
9809	111
9810	882
9811	696
9812	733
9813	584
9814	934
9815	740
9816	606
9817	857
9818	645
9819	254
9820	620
9821	851
9822	345
9823	221
9824	77
9825	167
9826	688
9827	448
9828	494
9829	572
9830	756
9831	978
9832	745
9833	61
9834	315
9835	428
9836	743
9837	874
9838	164
9839	564
9840	746
9841	630
9842	51
9843	725
9844	252
9845	244
9846	716
9847	362
9848	406
9849	520
9850	136
9851	89
9852	945
9853	259
9854	645
9855	82
9856	396
9857	813
9858	269
9859	383
9860	721
9861	122
9862	748
9863	623
9864	668
9865	920
9866	766
9867	970
9868	191
9869	729
9870	246
9871	955
9872	822
9873	952
9874	877
9875	929
9876	116
9877	546
9878	510
9879	796
9880	757
9881	720
9882	743
9883	543
9884	690
9885	295
9886	286
9887	676
9888	627
9889	329
9890	710
9891	978
9892	997
9893	737
9894	398
9895	586
9896	380
9897	626
9898	14
9899	235
9900	563
9901	511
9902	605
9903	285
9904	346
9905	548
9906	509
9907	179
9908	135
9909	771
9910	229
9911	442
9912	724
9913	363
9914	243
9915	275
9916	459
9917	264
9918	272
9919	984
9920	83
9921	534
9922	565
9923	415
9924	48
9925	775
9926	512
9927	332
9928	274
9929	717
9930	441
9931	315
9932	556
9933	734
9934	476
9935	689
9936	794
9937	741
9938	966
9939	296
9940	978
9941	783
9942	605
9943	465
9944	692
9945	241
9946	577
9947	458
9948	260
9949	827
9950	34
9951	286
9952	806
9953	663
9954	413
9955	948
9956	564
9957	999
9958	144
9959	506
9960	600
9961	55
9962	340
9963	553
9964	292
9965	290
9966	945
9967	949
9968	192
9969	722
9970	690
9971	809
9972	64
9973	481
9974	516
9975	38
9976	899
9977	682
9978	256
9979	800
9980	189
9981	204
9982	79
9983	814
9984	148
9985	14
9986	352
9987	893
9988	350
9989	411
9990	397
9991	273
9992	983
9993	895
9994	746
9995	36
9996	294
9997	740
9998	756
9999	565
10000	582
Classes	100
Teachers	50
1	26
2	5
3	35
4	44
5	28
6	22
7	19
8	3
9	42
10	45
11	10
12	40
13	12
14	50
15	50
16	19
17	44
18	43
19	40
20	5
21	29
22	37
23	36
24	14
25	18
26	46
27	31
28	30
29	6
30	28
31	39
32	33
33	22
34	7
35	34
36	8
37	2
38	1
39	15
40	12
41	14
42	23
43	23
44	26
45	9
46	10
47	47
48	11
49	36
50	42
51	4
52	32
53	49
54	27
55	15
56	34
57	35
58	39
59	45
60	21
61	21
62	25
63	7
64	27
65	48
66	13
67	17
68	1
69	49
70	37
71	13
72	48
73	3
74	25
75	2
76	11
77	16
78	24
79	41
80	41
81	38
82	47
83	30
84	29
85	20
86	38
87	4
88	43
89	32
90	33
91	17
92	46
93	16
94	31
95	24
96	20
97	18
98	9
99	6
100	8
