Class Times	100
Rooms	5000
1	13
2	58
3	403
4	587
5	22
6	135
7	528
8	642
9	70
10	361
11	313
12	869
13	643
14	351
15	150
16	280
17	975
18	234
19	785
20	948
21	14
22	356
23	16
24	101
25	504
26	853
27	398
28	789
29	429
30	182
31	306
32	692
33	711
34	341
35	576
36	152
37	935
38	99
39	852
40	854
41	347
42	516
43	767
44	220
45	342
46	649
47	110
48	186
49	257
50	871
51	262
52	453
53	403
54	491
55	192
56	402
57	45
58	544
59	501
60	499
61	465
62	704
63	589
64	503
65	975
66	71
67	371
68	883
69	760
70	695
71	693
72	527
73	781
74	654
75	79
76	402
77	804
78	567
79	564
80	813
81	547
82	962
83	448
84	781
85	87
86	880
87	430
88	431
89	501
90	974
91	926
92	763
93	116
94	239
95	741
96	359
97	806
98	430
99	879
100	232
101	681
102	387
103	81
104	156
105	722
106	412
107	731
108	693
109	653
110	978
111	819
112	630
113	846
114	156
115	128
116	218
117	308
118	733
119	432
120	286
121	152
122	689
123	431
124	187
125	603
126	664
127	869
128	161
129	577
130	178
131	919
132	548
133	162
134	554
135	123
136	59
137	928
138	735
139	443
140	389
141	844
142	991
143	702
144	10
145	552
146	501
147	611
148	844
149	287
150	517
151	828
152	192
153	34
154	40
155	561
156	984
157	358
158	78
159	97
160	614
161	961
162	753
163	582
164	190
165	28
166	863
167	575
168	151
169	115
170	107
171	390
172	327
173	482
174	808
175	23
176	686
177	947
178	41
179	453
180	209
181	541
182	207
183	743
184	643
185	875
186	328
187	401
188	247
189	781
190	85
191	296
192	117
193	661
194	362
195	612
196	752
197	672
198	520
199	982
200	563
201	808
202	694
203	960
204	860
205	260
206	686
207	260
208	215
209	769
210	391
211	120
212	377
213	564
214	698
215	170
216	650
217	658
218	232
219	899
220	681
221	73
222	522
223	393
224	791
225	339
226	316
227	115
228	220
229	840
230	955
231	942
232	621
233	231
234	126
235	415
236	731
237	169
238	468
239	40
240	774
241	209
242	87
243	283
244	168
245	325
246	949
247	723
248	543
249	255
250	897
251	456
252	712
253	383
254	940
255	575
256	373
257	376
258	368
259	991
260	274
261	465
262	517
263	982
264	645
265	413
266	124
267	902
268	305
269	878
270	159
271	759
272	110
273	980
274	933
275	142
276	808
277	97
278	264
279	315
280	915
281	790
282	390
283	100
284	88
285	79
286	406
287	44
288	161
289	885
290	355
291	789
292	497
293	104
294	508
295	573
296	136
297	348
298	761
299	531
300	769
301	363
302	79
303	59
304	780
305	945
306	125
307	278
308	713
309	130
310	273
311	84
312	167
313	143
314	779
315	903
316	700
317	312
318	110
319	702
320	818
321	501
322	740
323	212
324	799
325	463
326	266
327	708
328	754
329	449
330	683
331	720
332	747
333	153
334	96
335	399
336	547
337	658
338	313
339	583
340	713
341	647
342	168
343	280
344	86
345	11
346	612
347	100
348	132
349	664
350	328
351	421
352	362
353	390
354	553
355	33
356	646
357	522
358	596
359	661
360	742
361	937
362	789
363	606
364	766
365	888
366	398
367	524
368	79
369	514
370	498
371	736
372	397
373	691
374	549
375	479
376	114
377	223
378	28
379	243
380	213
381	188
382	188
383	175
384	805
385	107
386	161
387	779
388	567
389	685
390	228
391	293
392	76
393	634
394	984
395	776
396	194
397	557
398	360
399	53
400	725
401	883
402	905
403	712
404	923
405	259
406	520
407	654
408	645
409	639
410	173
411	215
412	397
413	389
414	709
415	755
416	154
417	655
418	459
419	740
420	458
421	568
422	620
423	502
424	30
425	595
426	408
427	996
428	36
429	856
430	939
431	829
432	766
433	790
434	568
435	858
436	941
437	302
438	431
439	622
440	955
441	209
442	396
443	282
444	196
445	742
446	732
447	466
448	968
449	383
450	946
451	702
452	168
453	828
454	807
455	306
456	603
457	215
458	634
459	330
460	193
461	400
462	205
463	592
464	563
465	563
466	975
467	32
468	962
469	77
470	840
471	344
472	211
473	640
474	646
475	883
476	298
477	94
478	98
479	239
480	329
481	64
482	159
483	76
484	849
485	621
486	610
487	984
488	275
489	158
490	456
491	167
492	594
493	992
494	323
495	243
496	245
497	52
498	443
499	233
500	829
501	273
502	185
503	588
504	59
505	302
506	654
507	599
508	869
509	519
510	657
511	805
512	325
513	806
514	935
515	743
516	652
517	85
518	811
519	909
520	558
521	726
522	579
523	730
524	751
525	745
526	737
527	466
528	342
529	824
530	492
531	387
532	693
533	527
534	563
535	486
536	374
537	650
538	357
539	736
540	506
541	217
542	662
543	364
544	936
545	263
546	209
547	313
548	116
549	440
550	799
551	401
552	996
553	128
554	890
555	487
556	224
557	276
558	833
559	58
560	903
561	958
562	971
563	580
564	41
565	734
566	335
567	402
568	556
569	914
570	80
571	185
572	305
573	747
574	870
575	147
576	566
577	489
578	475
579	28
580	900
581	194
582	120
583	262
584	941
585	68
586	703
587	932
588	465
589	685
590	680
591	451
592	596
593	740
594	252
595	401
596	224
597	705
598	779
599	699
600	924
601	352
602	967
603	841
604	658
605	343
606	53
607	578
608	748
609	218
610	825
611	106
612	347
613	852
614	456
615	409
616	680
617	334
618	495
619	401
620	654
621	755
622	353
623	56
624	223
625	961
626	16
627	801
628	88
629	649
630	560
631	871
632	736
633	650
634	218
635	333
636	187
637	557
638	233
639	380
640	686
641	785
642	745
643	813
644	193
645	809
646	625
647	119
648	439
649	713
650	667
651	194
652	851
653	790
654	316
655	737
656	278
657	238
658	262
659	60
660	62
661	992
662	284
663	519
664	272
665	48
666	441
667	277
668	287
669	982
670	358
671	134
672	921
673	420
674	325
675	874
676	207
677	728
678	925
679	356
680	718
681	821
682	815
683	717
684	127
685	715
686	382
687	164
688	948
689	774
690	873
691	202
692	330
693	53
694	814
695	688
696	535
697	482
698	937
699	832
700	916
701	363
702	669
703	870
704	778
705	208
706	345
707	632
708	39
709	69
710	483
711	770
712	490
713	320
714	977
715	33
716	36
717	861
718	718
719	234
720	110
721	276
722	355
723	591
724	530
725	958
726	782
727	111
728	77
729	507
730	129
731	882
732	991
733	639
734	470
735	178
736	995
737	405
738	760
739	555
740	853
741	154
742	996
743	768
744	699
745	25
746	414
747	251
748	87
749	972
750	447
751	391
752	703
753	225
754	130
755	976
756	480
757	564
758	720
759	732
760	344
761	254
762	711
763	374
764	936
765	547
766	647
767	181
768	127
769	492
770	53
771	535
772	309
773	365
774	497
775	198
776	682
777	428
778	352
779	485
780	551
781	902
782	266
783	87
784	255
785	310
786	59
787	635
788	435
789	496
790	463
791	217
792	218
793	81
794	209
795	349
796	921
797	69
798	579
799	155
800	84
801	484
802	906
803	479
804	210
805	875
806	440
807	152
808	861
809	122
810	291
811	624
812	227
813	528
814	682
815	990
816	675
817	299
818	529
819	37
820	396
821	195
822	194
823	673
824	67
825	374
826	99
827	181
828	260
829	390
830	789
831	27
832	508
833	31
834	899
835	694
836	562
837	496
838	844
839	408
840	353
841	548
842	264
843	574
844	552
845	360
846	312
847	510
848	205
849	948
850	693
851	579
852	936
853	198
854	694
855	389
856	942
857	982
858	331
859	436
860	421
861	833
862	975
863	394
864	295
865	753
866	412
867	605
868	363
869	61
870	820
871	954
872	845
873	745
874	619
875	421
876	720
877	383
878	686
879	912
880	680
881	469
882	321
883	906
884	103
885	297
886	320
887	798
888	403
889	799
890	539
891	949
892	286
893	216
894	815
895	555
896	823
897	434
898	512
899	226
900	641
901	938
902	35
903	148
904	432
905	410
906	817
907	18
908	128
909	580
910	216
911	840
912	906
913	917
914	778
915	212
916	750
917	11
918	84
919	428
920	320
921	959
922	509
923	565
924	968
925	142
926	108
927	984
928	495
929	345
930	220
931	955
932	356
933	153
934	612
935	919
936	666
937	867
938	710
939	485
940	737
941	675
942	620
943	449
944	412
945	243
946	684
947	105
948	81
949	870
950	515
951	105
952	423
953	248
954	408
955	29
956	889
957	820
958	701
959	836
960	884
961	461
962	595
963	226
964	512
965	455
966	59
967	743
968	577
969	494
970	831
971	191
972	931
973	579
974	531
975	824
976	190
977	211
978	618
979	586
980	517
981	115
982	683
983	99
984	848
985	69
986	274
987	579
988	417
989	806
990	817
991	898
992	227
993	890
994	273
995	316
996	117
997	155
998	477
999	536
1000	950
1001	932
1002	215
1003	554
1004	174
1005	40
1006	562
1007	176
1008	949
1009	956
1010	516
1011	526
1012	797
1013	79
1014	886
1015	599
1016	336
1017	633
1018	246
1019	753
1020	731
1021	168
1022	92
1023	578
1024	508
1025	99
1026	797
1027	128
1028	365
1029	877
1030	882
1031	302
1032	521
1033	817
1034	159
1035	391
1036	114
1037	989
1038	515
1039	173
1040	343
1041	528
1042	179
1043	182
1044	478
1045	68
1046	566
1047	76
1048	460
1049	768
1050	65
1051	779
1052	358
1053	631
1054	960
1055	333
1056	899
1057	332
1058	434
1059	142
1060	674
1061	38
1062	850
1063	829
1064	444
1065	290
1066	569
1067	93
1068	648
1069	175
1070	118
1071	130
1072	564
1073	876
1074	389
1075	295
1076	510
1077	951
1078	880
1079	932
1080	548
1081	832
1082	303
1083	216
1084	790
1085	247
1086	949
1087	123
1088	829
1089	934
1090	745
1091	238
1092	951
1093	244
1094	148
1095	49
1096	680
1097	961
1098	263
1099	280
1100	356
1101	328
1102	825
1103	349
1104	79
1105	993
1106	205
1107	242
1108	384
1109	181
1110	523
1111	169
1112	622
1113	329
1114	879
1115	226
1116	864
1117	878
1118	140
1119	329
1120	298
1121	837
1122	663
1123	786
1124	668
1125	446
1126	779
1127	409
1128	700
1129	805
1130	749
1131	381
1132	797
1133	740
1134	251
1135	241
1136	675
1137	465
1138	812
1139	703
1140	256
1141	498
1142	158
1143	206
1144	967
1145	617
1146	317
1147	75
1148	217
1149	304
1150	527
1151	679
1152	913
1153	827
1154	347
1155	570
1156	211
1157	55
1158	58
1159	11
1160	28
1161	350
1162	100
1163	608
1164	333
1165	420
1166	530
1167	655
1168	619
1169	76
1170	595
1171	433
1172	643
1173	168
1174	107
1175	768
1176	809
1177	333
1178	211
1179	244
1180	424
1181	120
1182	734
1183	652
1184	213
1185	134
1186	460
1187	949
1188	26
1189	661
1190	962
1191	694
1192	125
1193	827
1194	205
1195	888
1196	728
1197	463
1198	415
1199	993
1200	171
1201	948
1202	734
1203	512
1204	163
1205	862
1206	705
1207	28
1208	554
1209	866
1210	529
1211	770
1212	353
1213	230
1214	456
1215	849
1216	561
1217	715
1218	344
1219	911
1220	54
1221	893
1222	631
1223	894
1224	175
1225	750
1226	160
1227	212
1228	290
1229	196
1230	300
1231	515
1232	136
1233	723
1234	31
1235	719
1236	742
1237	28
1238	863
1239	575
1240	162
1241	577
1242	124
1243	247
1244	94
1245	225
1246	259
1247	901
1248	452
1249	914
1250	521
1251	344
1252	928
1253	786
1254	107
1255	479
1256	153
1257	289
1258	57
1259	865
1260	791
1261	453
1262	884
1263	388
1264	880
1265	169
1266	268
1267	420
1268	971
1269	920
1270	285
1271	884
1272	96
1273	67
1274	961
1275	945
1276	96
1277	229
1278	215
1279	326
1280	381
1281	773
1282	135
1283	143
1284	508
1285	267
1286	147
1287	269
1288	767
1289	114
1290	824
1291	201
1292	926
1293	622
1294	904
1295	17
1296	336
1297	886
1298	795
1299	491
1300	887
1301	178
1302	888
1303	518
1304	382
1305	149
1306	713
1307	743
1308	959
1309	705
1310	818
1311	865
1312	33
1313	682
1314	695
1315	628
1316	100
1317	211
1318	447
1319	662
1320	774
1321	119
1322	589
1323	176
1324	580
1325	847
1326	380
1327	58
1328	397
1329	566
1330	676
1331	835
1332	844
1333	993
1334	984
1335	733
1336	269
1337	964
1338	952
1339	76
1340	415
1341	743
1342	764
1343	881
1344	140
1345	785
1346	804
1347	766
1348	66
1349	607
1350	787
1351	882
1352	91
1353	526
1354	965
1355	460
1356	548
1357	970
1358	958
1359	710
1360	406
1361	142
1362	963
1363	927
1364	922
1365	847
1366	537
1367	992
1368	947
1369	738
1370	747
1371	650
1372	857
1373	251
1374	970
1375	145
1376	604
1377	662
1378	160
1379	645
1380	174
1381	283
1382	632
1383	305
1384	273
1385	904
1386	954
1387	394
1388	181
1389	666
1390	873
1391	740
1392	29
1393	570
1394	655
1395	892
1396	356
1397	881
1398	186
1399	786
1400	945
1401	626
1402	906
1403	367
1404	206
1405	636
1406	501
1407	651
1408	323
1409	754
1410	474
1411	798
1412	229
1413	680
1414	657
1415	404
1416	881
1417	560
1418	756
1419	373
1420	397
1421	283
1422	865
1423	704
1424	123
1425	617
1426	715
1427	667
1428	484
1429	730
1430	446
1431	331
1432	528
1433	291
1434	544
1435	797
1436	253
1437	480
1438	723
1439	984
1440	210
1441	101
1442	821
1443	821
1444	494
1445	298
1446	750
1447	859
1448	164
1449	818
1450	137
1451	190
1452	658
1453	890
1454	757
1455	961
1456	106
1457	110
1458	782
1459	684
1460	785
1461	126
1462	609
1463	635
1464	748
1465	558
1466	344
1467	969
1468	315
1469	581
1470	371
1471	572
1472	979
1473	780
1474	792
1475	772
1476	407
1477	114
1478	919
1479	237
1480	523
1481	749
1482	765
1483	771
1484	313
1485	80
1486	64
1487	909
1488	250
1489	240
1490	964
1491	639
1492	400
1493	833
1494	803
1495	457
1496	618
1497	768
1498	130
1499	739
1500	451
1501	45
1502	826
1503	466
1504	177
1505	725
1506	61
1507	883
1508	62
1509	669
1510	667
1511	743
1512	476
1513	721
1514	128
1515	879
1516	845
1517	849
1518	145
1519	932
1520	490
1521	420
1522	293
1523	771
1524	684
1525	492
1526	778
1527	561
1528	807
1529	231
1530	150
1531	368
1532	879
1533	748
1534	322
1535	152
1536	803
1537	189
1538	801
1539	88
1540	979
1541	220
1542	283
1543	709
1544	323
1545	399
1546	310
1547	195
1548	598
1549	378
1550	483
1551	629
1552	189
1553	104
1554	256
1555	232
1556	360
1557	653
1558	858
1559	899
1560	510
1561	321
1562	636
1563	777
1564	65
1565	864
1566	342
1567	774
1568	365
1569	544
1570	577
1571	788
1572	721
1573	404
1574	591
1575	63
1576	233
1577	599
1578	439
1579	328
1580	313
1581	808
1582	478
1583	737
1584	350
1585	142
1586	43
1587	949
1588	613
1589	787
1590	609
1591	136
1592	847
1593	767
1594	125
1595	997
1596	893
1597	728
1598	949
1599	439
1600	436
1601	874
1602	956
1603	547
1604	667
1605	101
1606	657
1607	472
1608	171
1609	585
1610	19
1611	319
1612	154
1613	910
1614	318
1615	341
1616	855
1617	188
1618	826
1619	642
1620	811
1621	540
1622	668
1623	981
1624	437
1625	555
1626	969
1627	256
1628	654
1629	738
1630	389
1631	886
1632	606
1633	781
1634	655
1635	917
1636	696
1637	765
1638	894
1639	636
1640	157
1641	211
1642	793
1643	975
1644	608
1645	831
1646	420
1647	759
1648	152
1649	582
1650	768
1651	256
1652	203
1653	835
1654	302
1655	35
1656	475
1657	938
1658	737
1659	237
1660	997
1661	690
1662	445
1663	291
1664	67
1665	976
1666	451
1667	228
1668	96
1669	940
1670	155
1671	118
1672	384
1673	470
1674	680
1675	719
1676	820
1677	612
1678	950
1679	750
1680	849
1681	292
1682	54
1683	543
1684	144
1685	349
1686	113
1687	274
1688	998
1689	186
1690	694
1691	83
1692	715
1693	78
1694	231
1695	405
1696	415
1697	179
1698	538
1699	531
1700	247
1701	272
1702	205
1703	313
1704	681
1705	973
1706	95
1707	274
1708	798
1709	888
1710	906
1711	371
1712	936
1713	322
1714	605
1715	190
1716	415
1717	740
1718	470
1719	136
1720	710
1721	352
1722	185
1723	484
1724	565
1725	804
1726	696
1727	824
1728	255
1729	702
1730	744
1731	488
1732	645
1733	625
1734	226
1735	87
1736	825
1737	791
1738	354
1739	835
1740	69
1741	328
1742	235
1743	123
1744	809
1745	210
1746	975
1747	919
1748	39
1749	316
1750	141
1751	286
1752	861
1753	821
1754	173
1755	526
1756	826
1757	957
1758	526
1759	660
1760	918
1761	438
1762	128
1763	437
1764	660
1765	842
1766	676
1767	431
1768	197
1769	171
1770	597
1771	197
1772	198
1773	216
1774	543
1775	828
1776	869
1777	974
1778	774
1779	264
1780	104
1781	412
1782	545
1783	845
1784	815
1785	908
1786	599
1787	637
1788	990
1789	912
1790	773
1791	205
1792	24
1793	463
1794	415
1795	333
1796	585
1797	506
1798	154
1799	820
1800	267
1801	677
1802	652
1803	184
1804	789
1805	811
1806	900
1807	771
1808	82
1809	166
1810	272
1811	243
1812	186
1813	210
1814	307
1815	463
1816	638
1817	123
1818	962
1819	271
1820	115
1821	475
1822	895
1823	113
1824	111
1825	30
1826	901
1827	951
1828	495
1829	309
1830	629
1831	629
1832	486
1833	268
1834	442
1835	155
1836	347
1837	894
1838	167
1839	500
1840	949
1841	306
1842	625
1843	729
1844	757
1845	314
1846	390
1847	699
1848	322
1849	568
1850	650
1851	717
1852	298
1853	451
1854	550
1855	566
1856	163
1857	252
1858	167
1859	940
1860	371
1861	524
1862	720
1863	172
1864	962
1865	644
1866	385
1867	818
1868	513
1869	973
1870	367
1871	937
1872	582
1873	502
1874	270
1875	795
1876	166
1877	701
1878	508
1879	372
1880	92
1881	60
1882	520
1883	654
1884	906
1885	201
1886	706
1887	917
1888	233
1889	130
1890	143
1891	107
1892	19
1893	54
1894	318
1895	853
1896	522
1897	641
1898	307
1899	65
1900	311
1901	764
1902	718
1903	237
1904	77
1905	471
1906	847
1907	602
1908	583
1909	492
1910	187
1911	161
1912	318
1913	258
1914	269
1915	789
1916	886
1917	600
1918	626
1919	326
1920	828
1921	265
1922	162
1923	529
1924	257
1925	516
1926	186
1927	986
1928	578
1929	889
1930	350
1931	111
1932	704
1933	338
1934	642
1935	783
1936	985
1937	618
1938	389
1939	370
1940	598
1941	35
1942	997
1943	155
1944	533
1945	569
1946	21
1947	259
1948	735
1949	34
1950	99
1951	848
1952	550
1953	908
1954	286
1955	38
1956	921
1957	993
1958	22
1959	630
1960	409
1961	459
1962	391
1963	696
1964	146
1965	474
1966	367
1967	82
1968	269
1969	641
1970	985
1971	885
1972	733
1973	830
1974	568
1975	715
1976	29
1977	122
1978	676
1979	130
1980	674
1981	732
1982	508
1983	614
1984	380
1985	766
1986	569
1987	366
1988	145
1989	792
1990	427
1991	101
1992	231
1993	825
1994	452
1995	640
1996	445
1997	761
1998	607
1999	711
2000	89
2001	150
2002	732
2003	88
2004	574
2005	850
2006	653
2007	244
2008	537
2009	380
2010	549
2011	644
2012	458
2013	225
2014	274
2015	361
2016	272
2017	35
2018	675
2019	729
2020	350
2021	801
2022	357
2023	579
2024	632
2025	812
2026	630
2027	300
2028	652
2029	854
2030	811
2031	192
2032	234
2033	777
2034	178
2035	120
2036	879
2037	569
2038	27
2039	241
2040	578
2041	967
2042	686
2043	609
2044	344
2045	68
2046	999
2047	59
2048	417
2049	235
2050	384
2051	131
2052	668
2053	964
2054	452
2055	371
2056	882
2057	842
2058	30
2059	504
2060	273
2061	468
2062	464
2063	920
2064	420
2065	390
2066	958
2067	551
2068	288
2069	417
2070	461
2071	323
2072	815
2073	85
2074	518
2075	438
2076	724
2077	678
2078	71
2079	963
2080	744
2081	355
2082	464
2083	950
2084	33
2085	307
2086	870
2087	196
2088	550
2089	156
2090	163
2091	404
2092	404
2093	552
2094	934
2095	16
2096	98
2097	697
2098	121
2099	80
2100	972
2101	52
2102	495
2103	528
2104	81
2105	32
2106	207
2107	406
2108	931
2109	567
2110	899
2111	724
2112	158
2113	683
2114	454
2115	455
2116	561
2117	28
2118	52
2119	169
2120	970
2121	353
2122	424
2123	721
2124	328
2125	224
2126	468
2127	217
2128	202
2129	999
2130	403
2131	251
2132	947
2133	919
2134	302
2135	527
2136	428
2137	486
2138	278
2139	571
2140	678
2141	499
2142	704
2143	871
2144	936
2145	972
2146	782
2147	429
2148	811
2149	219
2150	847
2151	852
2152	122
2153	911
2154	15
2155	957
2156	951
2157	836
2158	626
2159	702
2160	427
2161	385
2162	356
2163	828
2164	292
2165	737
2166	297
2167	173
2168	876
2169	842
2170	998
2171	861
2172	665
2173	164
2174	880
2175	415
2176	976
2177	349
2178	807
2179	766
2180	223
2181	641
2182	745
2183	959
2184	233
2185	50
2186	851
2187	10
2188	724
2189	839
2190	909
2191	32
2192	430
2193	936
2194	423
2195	145
2196	961
2197	182
2198	936
2199	909
2200	176
2201	216
2202	34
2203	850
2204	870
2205	761
2206	857
2207	824
2208	126
2209	465
2210	202
2211	287
2212	372
2213	87
2214	371
2215	116
2216	875
2217	442
2218	89
2219	673
2220	383
2221	755
2222	879
2223	818
2224	514
2225	547
2226	741
2227	970
2228	691
2229	506
2230	221
2231	607
2232	161
2233	563
2234	757
2235	688
2236	976
2237	110
2238	678
2239	104
2240	292
2241	501
2242	217
2243	337
2244	566
2245	781
2246	27
2247	257
2248	811
2249	450
2250	470
2251	696
2252	185
2253	926
2254	355
2255	754
2256	306
2257	623
2258	55
2259	570
2260	311
2261	480
2262	307
2263	153
2264	288
2265	532
2266	987
2267	731
2268	468
2269	589
2270	928
2271	229
2272	825
2273	350
2274	370
2275	753
2276	156
2277	482
2278	647
2279	191
2280	201
2281	131
2282	371
2283	598
2284	12
2285	460
2286	181
2287	234
2288	867
2289	434
2290	204
2291	132
2292	194
2293	116
2294	933
2295	484
2296	687
2297	355
2298	323
2299	344
2300	861
2301	693
2302	497
2303	696
2304	558
2305	612
2306	958
2307	588
2308	145
2309	507
2310	724
2311	689
2312	666
2313	682
2314	698
2315	30
2316	878
2317	838
2318	84
2319	296
2320	844
2321	388
2322	838
2323	379
2324	210
2325	745
2326	969
2327	490
2328	356
2329	448
2330	774
2331	351
2332	668
2333	418
2334	596
2335	493
2336	65
2337	868
2338	986
2339	121
2340	621
2341	473
2342	604
2343	759
2344	748
2345	823
2346	390
2347	987
2348	413
2349	813
2350	61
2351	305
2352	10
2353	880
2354	697
2355	696
2356	702
2357	978
2358	632
2359	216
2360	904
2361	145
2362	234
2363	705
2364	419
2365	158
2366	674
2367	48
2368	676
2369	701
2370	940
2371	694
2372	450
2373	50
2374	791
2375	481
2376	134
2377	495
2378	840
2379	554
2380	615
2381	920
2382	848
2383	832
2384	805
2385	161
2386	992
2387	291
2388	36
2389	912
2390	941
2391	968
2392	485
2393	51
2394	56
2395	807
2396	422
2397	556
2398	589
2399	687
2400	741
2401	983
2402	970
2403	878
2404	721
2405	298
2406	677
2407	977
2408	257
2409	499
2410	918
2411	411
2412	685
2413	275
2414	982
2415	325
2416	439
2417	646
2418	509
2419	883
2420	102
2421	226
2422	872
2423	821
2424	206
2425	572
2426	506
2427	994
2428	658
2429	823
2430	609
2431	137
2432	532
2433	967
2434	942
2435	374
2436	549
2437	137
2438	191
2439	39
2440	792
2441	537
2442	898
2443	916
2444	152
2445	995
2446	867
2447	929
2448	794
2449	392
2450	728
2451	541
2452	464
2453	573
2454	647
2455	882
2456	731
2457	91
2458	434
2459	728
2460	338
2461	977
2462	748
2463	374
2464	430
2465	608
2466	868
2467	239
2468	592
2469	324
2470	897
2471	741
2472	455
2473	126
2474	960
2475	66
2476	926
2477	954
2478	463
2479	184
2480	966
2481	929
2482	689
2483	933
2484	469
2485	872
2486	760
2487	41
2488	464
2489	229
2490	653
2491	926
2492	593
2493	575
2494	903
2495	618
2496	825
2497	666
2498	213
2499	948
2500	899
2501	578
2502	97
2503	855
2504	619
2505	893
2506	666
2507	799
2508	845
2509	98
2510	16
2511	789
2512	679
2513	259
2514	881
2515	763
2516	894
2517	845
2518	199
2519	468
2520	769
2521	835
2522	642
2523	23
2524	884
2525	373
2526	313
2527	715
2528	251
2529	107
2530	562
2531	740
2532	538
2533	257
2534	225
2535	205
2536	363
2537	837
2538	935
2539	402
2540	995
2541	45
2542	358
2543	291
2544	200
2545	231
2546	837
2547	648
2548	674
2549	436
2550	302
2551	598
2552	875
2553	87
2554	951
2555	119
2556	524
2557	472
2558	803
2559	538
2560	177
2561	213
2562	236
2563	705
2564	468
2565	97
2566	364
2567	701
2568	289
2569	872
2570	64
2571	145
2572	562
2573	416
2574	298
2575	824
2576	229
2577	75
2578	803
2579	119
2580	106
2581	543
2582	890
2583	864
2584	813
2585	173
2586	898
2587	909
2588	848
2589	410
2590	435
2591	871
2592	121
2593	40
2594	183
2595	271
2596	258
2597	578
2598	79
2599	549
2600	732
2601	369
2602	162
2603	973
2604	514
2605	331
2606	522
2607	761
2608	278
2609	351
2610	85
2611	127
2612	124
2613	612
2614	43
2615	864
2616	979
2617	243
2618	980
2619	735
2620	617
2621	693
2622	840
2623	313
2624	406
2625	564
2626	829
2627	407
2628	47
2629	362
2630	220
2631	950
2632	813
2633	19
2634	709
2635	620
2636	743
2637	592
2638	622
2639	464
2640	982
2641	977
2642	457
2643	641
2644	124
2645	527
2646	12
2647	361
2648	796
2649	894
2650	579
2651	271
2652	984
2653	322
2654	12
2655	591
2656	192
2657	178
2658	298
2659	196
2660	298
2661	265
2662	205
2663	35
2664	813
2665	638
2666	537
2667	539
2668	107
2669	143
2670	648
2671	847
2672	937
2673	759
2674	307
2675	771
2676	776
2677	348
2678	948
2679	640
2680	955
2681	875
2682	384
2683	455
2684	715
2685	714
2686	763
2687	970
2688	173
2689	858
2690	440
2691	145
2692	857
2693	371
2694	192
2695	286
2696	424
2697	373
2698	805
2699	390
2700	824
2701	154
2702	745
2703	189
2704	446
2705	903
2706	781
2707	930
2708	434
2709	375
2710	754
2711	786
2712	785
2713	372
2714	102
2715	93
2716	982
2717	670
2718	677
2719	75
2720	559
2721	731
2722	349
2723	836
2724	784
2725	703
2726	721
2727	218
2728	324
2729	720
2730	551
2731	374
2732	905
2733	392
2734	363
2735	599
2736	773
2737	133
2738	670
2739	579
2740	490
2741	67
2742	579
2743	248
2744	184
2745	475
2746	883
2747	566
2748	404
2749	706
2750	694
2751	673
2752	750
2753	273
2754	665
2755	394
2756	440
2757	977
2758	318
2759	540
2760	627
2761	60
2762	175
2763	30
2764	846
2765	247
2766	502
2767	841
2768	410
2769	711
2770	341
2771	984
2772	369
2773	247
2774	590
2775	293
2776	659
2777	313
2778	78
2779	320
2780	648
2781	412
2782	152
2783	89
2784	226
2785	862
2786	322
2787	174
2788	405
2789	936
2790	460
2791	518
2792	668
2793	955
2794	456
2795	908
2796	340
2797	964
2798	573
2799	795
2800	718
2801	132
2802	345
2803	590
2804	480
2805	197
2806	403
2807	859
2808	17
2809	272
2810	597
2811	421
2812	311
2813	220
2814	548
2815	406
2816	158
2817	123
2818	110
2819	345
2820	665
2821	761
2822	593
2823	894
2824	618
2825	995
2826	600
2827	771
2828	337
2829	641
2830	284
2831	204
2832	647
2833	650
2834	152
2835	348
2836	744
2837	33
2838	682
2839	246
2840	35
2841	904
2842	724
2843	871
2844	335
2845	167
2846	710
2847	346
2848	277
2849	417
2850	675
2851	729
2852	588
2853	86
2854	504
2855	968
2856	471
2857	382
2858	736
2859	577
2860	67
2861	332
2862	96
2863	140
2864	843
2865	511
2866	485
2867	680
2868	151
2869	931
2870	478
2871	120
2872	853
2873	982
2874	512
2875	78
2876	685
2877	89
2878	693
2879	990
2880	428
2881	270
2882	390
2883	448
2884	158
2885	59
2886	666
2887	255
2888	859
2889	987
2890	457
2891	15
2892	415
2893	948
2894	764
2895	736
2896	787
2897	53
2898	823
2899	469
2900	801
2901	731
2902	698
2903	476
2904	417
2905	161
2906	519
2907	930
2908	635
2909	773
2910	49
2911	112
2912	362
2913	915
2914	541
2915	838
2916	23
2917	35
2918	44
2919	250
2920	262
2921	353
2922	835
2923	879
2924	269
2925	359
2926	464
2927	647
2928	372
2929	407
2930	504
2931	558
2932	103
2933	265
2934	332
2935	903
2936	455
2937	788
2938	291
2939	211
2940	219
2941	610
2942	871
2943	352
2944	245
2945	730
2946	487
2947	252
2948	823
2949	300
2950	776
2951	860
2952	957
2953	946
2954	496
2955	965
2956	207
2957	111
2958	897
2959	702
2960	456
2961	232
2962	941
2963	370
2964	338
2965	121
2966	800
2967	725
2968	664
2969	452
2970	71
2971	472
2972	339
2973	114
2974	248
2975	55
2976	392
2977	836
2978	128
2979	43
2980	329
2981	415
2982	417
2983	912
2984	484
2985	478
2986	111
2987	773
2988	157
2989	467
2990	91
2991	376
2992	916
2993	884
2994	543
2995	17
2996	427
2997	196
2998	81
2999	491
3000	430
3001	513
3002	283
3003	289
3004	75
3005	973
3006	370
3007	937
3008	730
3009	554
3010	274
3011	453
3012	765
3013	613
3014	959
3015	253
3016	763
3017	457
3018	959
3019	716
3020	431
3021	102
3022	125
3023	420
3024	655
3025	713
3026	654
3027	490
3028	118
3029	581
3030	906
3031	356
3032	628
3033	423
3034	278
3035	47
3036	581
3037	89
3038	130
3039	376
3040	485
3041	78
3042	411
3043	764
3044	78
3045	798
3046	468
3047	977
3048	736
3049	757
3050	22
3051	247
3052	691
3053	961
3054	556
3055	301
3056	55
3057	775
3058	231
3059	423
3060	242
3061	296
3062	811
3063	811
3064	92
3065	111
3066	800
3067	962
3068	233
3069	913
3070	407
3071	543
3072	558
3073	920
3074	322
3075	234
3076	317
3077	623
3078	497
3079	344
3080	733
3081	529
3082	924
3083	375
3084	309
3085	944
3086	829
3087	820
3088	435
3089	646
3090	552
3091	836
3092	535
3093	308
3094	210
3095	293
3096	85
3097	33
3098	751
3099	818
3100	328
3101	969
3102	749
3103	179
3104	184
3105	697
3106	86
3107	326
3108	956
3109	141
3110	87
3111	645
3112	252
3113	987
3114	626
3115	163
3116	622
3117	655
3118	273
3119	523
3120	16
3121	707
3122	651
3123	516
3124	455
3125	453
3126	256
3127	101
3128	466
3129	375
3130	660
3131	759
3132	51
3133	627
3134	829
3135	229
3136	250
3137	550
3138	963
3139	799
3140	409
3141	530
3142	589
3143	864
3144	545
3145	655
3146	863
3147	585
3148	659
3149	950
3150	142
3151	284
3152	749
3153	477
3154	791
3155	365
3156	537
3157	635
3158	896
3159	254
3160	889
3161	896
3162	449
3163	883
3164	24
3165	941
3166	230
3167	59
3168	884
3169	960
3170	702
3171	56
3172	311
3173	456
3174	37
3175	331
3176	609
3177	423
3178	294
3179	380
3180	701
3181	694
3182	282
3183	686
3184	762
3185	436
3186	628
3187	369
3188	813
3189	880
3190	600
3191	666
3192	626
3193	915
3194	922
3195	947
3196	58
3197	945
3198	30
3199	589
3200	764
3201	290
3202	616
3203	244
3204	178
3205	433
3206	336
3207	999
3208	951
3209	74
3210	501
3211	258
3212	307
3213	163
3214	811
3215	634
3216	635
3217	895
3218	469
3219	579
3220	746
3221	721
3222	234
3223	199
3224	459
3225	923
3226	555
3227	758
3228	545
3229	856
3230	741
3231	980
3232	591
3233	543
3234	159
3235	774
3236	768
3237	820
3238	36
3239	933
3240	765
3241	649
3242	623
3243	94
3244	212
3245	697
3246	395
3247	656
3248	252
3249	391
3250	183
3251	656
3252	192
3253	397
3254	695
3255	45
3256	216
3257	378
3258	951
3259	740
3260	37
3261	770
3262	64
3263	262
3264	358
3265	998
3266	294
3267	551
3268	784
3269	907
3270	900
3271	274
3272	904
3273	278
3274	886
3275	509
3276	668
3277	94
3278	539
3279	503
3280	569
3281	41
3282	219
3283	457
3284	895
3285	408
3286	731
3287	35
3288	365
3289	105
3290	664
3291	192
3292	413
3293	312
3294	859
3295	428
3296	801
3297	34
3298	308
3299	505
3300	307
3301	539
3302	72
3303	392
3304	259
3305	783
3306	707
3307	414
3308	690
3309	101
3310	530
3311	444
3312	898
3313	493
3314	279
3315	179
3316	90
3317	895
3318	396
3319	259
3320	239
3321	867
3322	668
3323	678
3324	327
3325	715
3326	124
3327	618
3328	606
3329	698
3330	443
3331	972
3332	544
3333	846
3334	989
3335	676
3336	897
3337	830
3338	756
3339	917
3340	674
3341	732
3342	372
3343	827
3344	133
3345	870
3346	96
3347	545
3348	480
3349	362
3350	736
3351	572
3352	314
3353	605
3354	165
3355	184
3356	191
3357	916
3358	65
3359	686
3360	772
3361	679
3362	945
3363	366
3364	395
3365	588
3366	968
3367	387
3368	682
3369	840
3370	563
3371	249
3372	968
3373	741
3374	319
3375	380
3376	416
3377	217
3378	836
3379	576
3380	448
3381	176
3382	199
3383	459
3384	135
3385	727
3386	80
3387	313
3388	399
3389	50
3390	175
3391	802
3392	783
3393	887
3394	996
3395	576
3396	231
3397	509
3398	522
3399	121
3400	587
3401	383
3402	97
3403	986
3404	854
3405	771
3406	474
3407	694
3408	878
3409	939
3410	687
3411	356
3412	641
3413	474
3414	143
3415	749
3416	296
3417	162
3418	864
3419	299
3420	192
3421	881
3422	516
3423	542
3424	933
3425	420
3426	981
3427	792
3428	513
3429	342
3430	240
3431	423
3432	469
3433	407
3434	846
3435	372
3436	399
3437	768
3438	947
3439	546
3440	760
3441	879
3442	970
3443	385
3444	679
3445	871
3446	139
3447	729
3448	57
3449	455
3450	49
3451	96
3452	653
3453	830
3454	862
3455	940
3456	422
3457	224
3458	688
3459	38
3460	689
3461	850
3462	573
3463	15
3464	642
3465	916
3466	966
3467	861
3468	743
3469	73
3470	102
3471	360
3472	523
3473	261
3474	501
3475	981
3476	367
3477	490
3478	397
3479	79
3480	18
3481	599
3482	950
3483	184
3484	423
3485	764
3486	152
3487	94
3488	619
3489	83
3490	843
3491	989
3492	849
3493	499
3494	92
3495	74
3496	818
3497	520
3498	830
3499	787
3500	336
3501	694
3502	294
3503	461
3504	462
3505	246
3506	471
3507	248
3508	932
3509	804
3510	909
3511	180
3512	422
3513	932
3514	332
3515	551
3516	499
3517	391
3518	712
3519	638
3520	132
3521	338
3522	574
3523	728
3524	699
3525	131
3526	597
3527	209
3528	872
3529	336
3530	651
3531	307
3532	487
3533	385
3534	801
3535	564
3536	275
3537	501
3538	547
3539	15
3540	853
3541	890
3542	792
3543	330
3544	558
3545	733
3546	86
3547	350
3548	767
3549	535
3550	910
3551	870
3552	990
3553	895
3554	186
3555	605
3556	288
3557	304
3558	803
3559	490
3560	977
3561	852
3562	600
3563	337
3564	925
3565	776
3566	224
3567	980
3568	95
3569	272
3570	542
3571	439
3572	639
3573	427
3574	283
3575	259
3576	722
3577	915
3578	845
3579	699
3580	651
3581	919
3582	500
3583	714
3584	686
3585	13
3586	867
3587	64
3588	45
3589	676
3590	848
3591	125
3592	580
3593	178
3594	912
3595	920
3596	721
3597	374
3598	938
3599	98
3600	508
3601	451
3602	238
3603	599
3604	211
3605	60
3606	954
3607	538
3608	327
3609	426
3610	798
3611	227
3612	429
3613	865
3614	341
3615	249
3616	286
3617	279
3618	786
3619	664
3620	588
3621	970
3622	305
3623	208
3624	705
3625	107
3626	520
3627	513
3628	105
3629	624
3630	243
3631	516
3632	61
3633	224
3634	817
3635	623
3636	284
3637	606
3638	669
3639	367
3640	559
3641	713
3642	202
3643	696
3644	710
3645	463
3646	938
3647	207
3648	379
3649	505
3650	993
3651	992
3652	845
3653	33
3654	105
3655	145
3656	160
3657	686
3658	643
3659	646
3660	714
3661	806
3662	384
3663	564
3664	666
3665	671
3666	481
3667	902
3668	312
3669	608
3670	604
3671	183
3672	195
3673	922
3674	207
3675	425
3676	598
3677	689
3678	315
3679	973
3680	219
3681	755
3682	785
3683	789
3684	906
3685	426
3686	930
3687	127
3688	998
3689	629
3690	945
3691	601
3692	797
3693	53
3694	330
3695	409
3696	606
3697	950
3698	597
3699	849
3700	440
3701	653
3702	91
3703	669
3704	933
3705	176
3706	443
3707	752
3708	961
3709	31
3710	610
3711	581
3712	551
3713	218
3714	886
3715	911
3716	216
3717	215
3718	561
3719	263
3720	959
3721	94
3722	659
3723	443
3724	725
3725	75
3726	487
3727	485
3728	382
3729	455
3730	83
3731	689
3732	998
3733	100
3734	554
3735	633
3736	932
3737	484
3738	822
3739	298
3740	427
3741	962
3742	134
3743	128
3744	722
3745	291
3746	64
3747	627
3748	491
3749	202
3750	575
3751	800
3752	116
3753	389
3754	202
3755	997
3756	500
3757	172
3758	44
3759	647
3760	109
3761	482
3762	325
3763	815
3764	70
3765	567
3766	234
3767	197
3768	823
3769	890
3770	125
3771	300
3772	458
3773	43
3774	100
3775	265
3776	464
3777	516
3778	543
3779	651
3780	25
3781	338
3782	106
3783	979
3784	435
3785	104
3786	816
3787	295
3788	633
3789	860
3790	340
3791	554
3792	863
3793	981
3794	316
3795	210
3796	485
3797	845
3798	982
3799	890
3800	911
3801	173
3802	782
3803	701
3804	184
3805	747
3806	774
3807	147
3808	903
3809	711
3810	918
3811	537
3812	634
3813	675
3814	942
3815	972
3816	743
3817	60
3818	747
3819	831
3820	953
3821	774
3822	854
3823	783
3824	537
3825	778
3826	341
3827	363
3828	25
3829	549
3830	887
3831	146
3832	946
3833	692
3834	536
3835	388
3836	302
3837	999
3838	417
3839	339
3840	355
3841	898
3842	827
3843	825
3844	51
3845	418
3846	680
3847	465
3848	434
3849	713
3850	340
3851	420
3852	816
3853	214
3854	226
3855	219
3856	574
3857	794
3858	836
3859	326
3860	966
3861	138
3862	952
3863	526
3864	979
3865	971
3866	198
3867	65
3868	704
3869	473
3870	473
3871	258
3872	230
3873	513
3874	67
3875	538
3876	925
3877	524
3878	177
3879	324
3880	572
3881	455
3882	703
3883	786
3884	212
3885	932
3886	797
3887	111
3888	289
3889	850
3890	880
3891	233
3892	848
3893	773
3894	574
3895	492
3896	835
3897	326
3898	273
3899	366
3900	240
3901	421
3902	686
3903	560
3904	771
3905	350
3906	550
3907	415
3908	307
3909	446
3910	58
3911	904
3912	864
3913	242
3914	392
3915	751
3916	288
3917	681
3918	354
3919	456
3920	79
3921	443
3922	781
3923	912
3924	599
3925	538
3926	149
3927	873
3928	668
3929	155
3930	802
3931	620
3932	106
3933	491
3934	460
3935	63
3936	965
3937	814
3938	717
3939	508
3940	707
3941	396
3942	620
3943	480
3944	951
3945	196
3946	514
3947	225
3948	816
3949	838
3950	269
3951	67
3952	149
3953	43
3954	327
3955	83
3956	824
3957	401
3958	393
3959	819
3960	126
3961	433
3962	961
3963	775
3964	460
3965	945
3966	45
3967	589
3968	170
3969	937
3970	732
3971	548
3972	636
3973	721
3974	705
3975	214
3976	548
3977	561
3978	932
3979	665
3980	42
3981	870
3982	839
3983	854
3984	201
3985	432
3986	134
3987	483
3988	591
3989	599
3990	870
3991	529
3992	593
3993	796
3994	897
3995	18
3996	663
3997	876
3998	49
3999	395
4000	939
4001	633
4002	112
4003	613
4004	781
4005	872
4006	952
4007	330
4008	926
4009	572
4010	919
4011	508
4012	388
4013	919
4014	151
4015	941
4016	582
4017	566
4018	658
4019	722
4020	222
4021	818
4022	191
4023	399
4024	87
4025	780
4026	344
4027	532
4028	664
4029	837
4030	776
4031	477
4032	693
4033	742
4034	208
4035	603
4036	559
4037	428
4038	72
4039	856
4040	301
4041	684
4042	810
4043	930
4044	703
4045	142
4046	938
4047	900
4048	432
4049	420
4050	328
4051	40
4052	650
4053	703
4054	361
4055	19
4056	150
4057	707
4058	460
4059	30
4060	77
4061	476
4062	882
4063	458
4064	435
4065	366
4066	112
4067	18
4068	404
4069	693
4070	471
4071	499
4072	449
4073	741
4074	196
4075	634
4076	297
4077	207
4078	173
4079	812
4080	265
4081	376
4082	256
4083	651
4084	830
4085	199
4086	925
4087	505
4088	448
4089	718
4090	478
4091	310
4092	377
4093	589
4094	799
4095	407
4096	323
4097	919
4098	380
4099	506
4100	363
4101	443
4102	935
4103	80
4104	318
4105	509
4106	76
4107	964
4108	423
4109	571
4110	511
4111	528
4112	557
4113	637
4114	157
4115	227
4116	631
4117	223
4118	229
4119	760
4120	407
4121	458
4122	540
4123	640
4124	826
4125	172
4126	536
4127	172
4128	414
4129	533
4130	191
4131	789
4132	477
4133	165
4134	654
4135	154
4136	854
4137	109
4138	561
4139	60
4140	706
4141	903
4142	506
4143	675
4144	806
4145	164
4146	834
4147	771
4148	792
4149	202
4150	339
4151	30
4152	443
4153	879
4154	331
4155	220
4156	497
4157	866
4158	266
4159	681
4160	141
4161	121
4162	327
4163	301
4164	443
4165	434
4166	206
4167	213
4168	781
4169	843
4170	563
4171	290
4172	945
4173	242
4174	742
4175	910
4176	545
4177	580
4178	848
4179	715
4180	439
4181	880
4182	265
4183	324
4184	320
4185	739
4186	936
4187	332
4188	945
4189	454
4190	235
4191	778
4192	983
4193	795
4194	590
4195	160
4196	53
4197	872
4198	23
4199	984
4200	637
4201	956
4202	949
4203	779
4204	825
4205	316
4206	619
4207	902
4208	820
4209	694
4210	745
4211	425
4212	576
4213	43
4214	766
4215	284
4216	88
4217	178
4218	508
4219	715
4220	138
4221	689
4222	492
4223	971
4224	938
4225	66
4226	71
4227	961
4228	911
4229	174
4230	761
4231	391
4232	724
4233	711
4234	773
4235	241
4236	56
4237	660
4238	156
4239	548
4240	692
4241	934
4242	478
4243	831
4244	185
4245	440
4246	430
4247	804
4248	114
4249	967
4250	96
4251	577
4252	892
4253	216
4254	929
4255	743
4256	109
4257	192
4258	759
4259	878
4260	13
4261	672
4262	161
4263	535
4264	391
4265	419
4266	936
4267	738
4268	391
4269	861
4270	377
4271	925
4272	152
4273	387
4274	421
4275	623
4276	285
4277	716
4278	356
4279	113
4280	729
4281	969
4282	308
4283	767
4284	657
4285	821
4286	154
4287	797
4288	75
4289	459
4290	144
4291	493
4292	443
4293	110
4294	739
4295	415
4296	130
4297	847
4298	917
4299	968
4300	130
4301	540
4302	788
4303	526
4304	28
4305	778
4306	532
4307	424
4308	593
4309	526
4310	124
4311	609
4312	967
4313	118
4314	216
4315	675
4316	769
4317	769
4318	611
4319	827
4320	509
4321	612
4322	34
4323	992
4324	71
4325	825
4326	87
4327	651
4328	70
4329	547
4330	955
4331	366
4332	420
4333	521
4334	388
4335	149
4336	392
4337	81
4338	138
4339	580
4340	187
4341	546
4342	381
4343	201
4344	880
4345	605
4346	961
4347	258
4348	18
4349	469
4350	654
4351	265
4352	475
4353	106
4354	401
4355	190
4356	340
4357	200
4358	923
4359	893
4360	282
4361	508
4362	276
4363	667
4364	78
4365	745
4366	729
4367	101
4368	910
4369	991
4370	818
4371	984
4372	676
4373	814
4374	670
4375	362
4376	968
4377	776
4378	703
4379	756
4380	753
4381	187
4382	791
4383	480
4384	936
4385	591
4386	535
4387	726
4388	972
4389	500
4390	783
4391	309
4392	458
4393	780
4394	765
4395	448
4396	228
4397	370
4398	618
4399	110
4400	678
4401	121
4402	999
4403	445
4404	495
4405	901
4406	915
4407	667
4408	229
4409	57
4410	213
4411	630
4412	287
4413	175
4414	837
4415	54
4416	55
4417	247
4418	77
4419	248
4420	906
4421	976
4422	470
4423	664
4424	411
4425	466
4426	750
4427	11
4428	429
4429	548
4430	793
4431	470
4432	996
4433	966
4434	578
4435	82
4436	619
4437	403
4438	121
4439	135
4440	240
4441	562
4442	800
4443	89
4444	788
4445	776
4446	350
4447	430
4448	595
4449	269
4450	420
4451	697
4452	994
4453	438
4454	66
4455	596
4456	930
4457	571
4458	163
4459	239
4460	659
4461	477
4462	246
4463	937
4464	690
4465	664
4466	228
4467	316
4468	412
4469	260
4470	717
4471	905
4472	925
4473	919
4474	16
4475	841
4476	510
4477	989
4478	868
4479	663
4480	221
4481	228
4482	68
4483	573
4484	57
4485	902
4486	825
4487	405
4488	523
4489	319
4490	763
4491	888
4492	731
4493	94
4494	531
4495	862
4496	318
4497	526
4498	830
4499	899
4500	938
4501	435
4502	204
4503	893
4504	371
4505	639
4506	476
4507	577
4508	527
4509	954
4510	531
4511	572
4512	825
4513	640
4514	247
4515	362
4516	622
4517	923
4518	579
4519	22
4520	421
4521	288
4522	919
4523	784
4524	613
4525	995
4526	735
4527	42
4528	907
4529	255
4530	562
4531	488
4532	387
4533	414
4534	336
4535	658
4536	198
4537	666
4538	620
4539	492
4540	742
4541	930
4542	413
4543	913
4544	750
4545	341
4546	514
4547	844
4548	97
4549	893
4550	959
4551	552
4552	524
4553	992
4554	292
4555	427
4556	167
4557	130
4558	436
4559	812
4560	675
4561	108
4562	29
4563	230
4564	911
4565	14
4566	632
4567	245
4568	126
4569	603
4570	574
4571	610
4572	503
4573	236
4574	269
4575	77
4576	106
4577	85
4578	677
4579	694
4580	538
4581	988
4582	209
4583	981
4584	638
4585	367
4586	64
4587	555
4588	766
4589	540
4590	243
4591	956
4592	151
4593	589
4594	102
4595	969
4596	665
4597	44
4598	509
4599	340
4600	63
4601	46
4602	838
4603	234
4604	374
4605	594
4606	42
4607	665
4608	856
4609	953
4610	606
4611	833
4612	883
4613	192
4614	787
4615	446
4616	574
4617	557
4618	213
4619	141
4620	407
4621	13
4622	437
4623	715
4624	331
4625	201
4626	870
4627	493
4628	213
4629	308
4630	601
4631	322
4632	322
4633	552
4634	234
4635	49
4636	589
4637	526
4638	694
4639	725
4640	200
4641	63
4642	432
4643	156
4644	849
4645	844
4646	575
4647	607
4648	591
4649	731
4650	241
4651	257
4652	595
4653	747
4654	157
4655	635
4656	309
4657	625
4658	227
4659	245
4660	81
4661	426
4662	810
4663	632
4664	432
4665	822
4666	546
4667	445
4668	671
4669	104
4670	897
4671	802
4672	506
4673	900
4674	617
4675	964
4676	165
4677	399
4678	863
4679	714
4680	699
4681	201
4682	906
4683	444
4684	780
4685	899
4686	622
4687	631
4688	836
4689	48
4690	503
4691	200
4692	806
4693	972
4694	528
4695	63
4696	42
4697	438
4698	511
4699	508
4700	676
4701	705
4702	960
4703	586
4704	661
4705	156
4706	425
4707	838
4708	561
4709	591
4710	906
4711	700
4712	301
4713	437
4714	512
4715	940
4716	612
4717	192
4718	989
4719	776
4720	405
4721	860
4722	878
4723	232
4724	52
4725	494
4726	524
4727	331
4728	403
4729	783
4730	466
4731	150
4732	631
4733	269
4734	646
4735	501
4736	995
4737	78
4738	229
4739	151
4740	117
4741	843
4742	347
4743	929
4744	658
4745	544
4746	108
4747	387
4748	628
4749	291
4750	220
4751	344
4752	239
4753	546
4754	796
4755	529
4756	164
4757	779
4758	82
4759	619
4760	19
4761	647
4762	310
4763	936
4764	613
4765	395
4766	261
4767	806
4768	522
4769	294
4770	234
4771	972
4772	272
4773	169
4774	95
4775	69
4776	775
4777	557
4778	280
4779	388
4780	875
4781	431
4782	495
4783	560
4784	825
4785	906
4786	63
4787	592
4788	894
4789	69
4790	757
4791	394
4792	779
4793	893
4794	200
4795	149
4796	11
4797	29
4798	579
4799	684
4800	816
4801	306
4802	72
4803	817
4804	248
4805	146
4806	173
4807	504
4808	48
4809	178
4810	920
4811	595
4812	914
4813	674
4814	799
4815	646
4816	404
4817	470
4818	40
4819	247
4820	588
4821	477
4822	421
4823	113
4824	336
4825	853
4826	498
4827	375
4828	394
4829	988
4830	104
4831	783
4832	230
4833	259
4834	751
4835	567
4836	163
4837	547
4838	978
4839	992
4840	288
4841	369
4842	491
4843	642
4844	745
4845	421
4846	958
4847	545
4848	860
4849	295
4850	529
4851	222
4852	371
4853	368
4854	862
4855	307
4856	903
4857	798
4858	492
4859	457
4860	633
4861	83
4862	78
4863	795
4864	688
4865	502
4866	542
4867	297
4868	473
4869	992
4870	518
4871	812
4872	642
4873	401
4874	263
4875	525
4876	139
4877	593
4878	801
4879	912
4880	713
4881	868
4882	735
4883	792
4884	945
4885	948
4886	731
4887	530
4888	347
4889	108
4890	337
4891	968
4892	590
4893	989
4894	881
4895	496
4896	857
4897	421
4898	156
4899	363
4900	212
4901	207
4902	998
4903	75
4904	797
4905	723
4906	126
4907	914
4908	866
4909	82
4910	869
4911	859
4912	454
4913	519
4914	849
4915	969
4916	410
4917	795
4918	51
4919	645
4920	680
4921	526
4922	769
4923	959
4924	12
4925	835
4926	244
4927	762
4928	912
4929	15
4930	865
4931	309
4932	459
4933	310
4934	500
4935	629
4936	62
4937	293
4938	349
4939	908
4940	409
4941	817
4942	218
4943	890
4944	931
4945	781
4946	801
4947	712
4948	536
4949	621
4950	964
4951	991
4952	830
4953	152
4954	107
4955	318
4956	65
4957	512
4958	671
4959	131
4960	592
4961	749
4962	34
4963	44
4964	666
4965	790
4966	936
4967	155
4968	755
4969	730
4970	872
4971	666
4972	443
4973	163
4974	727
4975	632
4976	219
4977	384
4978	608
4979	710
4980	201
4981	940
4982	252
4983	922
4984	874
4985	454
4986	903
4987	327
4988	75
4989	577
4990	846
4991	251
4992	953
4993	237
4994	388
4995	835
4996	217
4997	480
4998	107
4999	730
5000	555
Classes	100
Teachers	50
1	48
2	30
3	26
4	44
5	43
6	29
7	38
8	18
9	8
10	44
11	12
12	12
13	3
14	43
15	9
16	22
17	3
18	1
19	47
20	5
21	47
22	19
23	33
24	39
25	6
26	2
27	34
28	2
29	32
30	8
31	36
32	18
33	33
34	36
35	26
36	45
37	27
38	22
39	42
40	15
41	34
42	27
43	7
44	15
45	24
46	7
47	13
48	6
49	10
50	50
51	20
52	42
53	9
54	4
55	35
56	17
57	35
58	10
59	19
60	1
61	48
62	5
63	23
64	25
65	16
66	14
67	50
68	49
69	4
70	13
71	24
72	14
73	37
74	25
75	37
76	17
77	29
78	46
79	32
80	11
81	45
82	39
83	23
84	21
85	46
86	40
87	16
88	49
89	28
90	38
91	28
92	41
93	21
94	11
95	41
96	40
97	30
98	20
99	31
100	31
