Class Times	100
Rooms	6000
1	698
2	624
3	973
4	40
5	470
6	855
7	206
8	808
9	612
10	329
11	196
12	941
13	362
14	449
15	457
16	213
17	135
18	761
19	237
20	163
21	575
22	281
23	47
24	919
25	486
26	188
27	978
28	443
29	11
30	865
31	260
32	196
33	742
34	941
35	827
36	735
37	609
38	284
39	453
40	155
41	201
42	430
43	725
44	296
45	259
46	24
47	667
48	657
49	362
50	575
51	445
52	478
53	230
54	208
55	889
56	375
57	642
58	978
59	819
60	188
61	612
62	786
63	387
64	111
65	836
66	286
67	446
68	517
69	933
70	771
71	405
72	346
73	915
74	517
75	474
76	642
77	336
78	465
79	645
80	741
81	535
82	510
83	357
84	480
85	538
86	593
87	918
88	271
89	812
90	858
91	739
92	211
93	749
94	730
95	867
96	649
97	705
98	989
99	204
100	425
101	168
102	801
103	39
104	748
105	189
106	852
107	310
108	111
109	564
110	659
111	234
112	490
113	61
114	311
115	209
116	495
117	964
118	607
119	959
120	996
121	18
122	916
123	45
124	388
125	702
126	525
127	551
128	738
129	817
130	859
131	554
132	332
133	645
134	664
135	785
136	424
137	206
138	900
139	673
140	687
141	650
142	571
143	169
144	730
145	103
146	24
147	159
148	560
149	318
150	554
151	171
152	965
153	416
154	955
155	219
156	114
157	313
158	55
159	647
160	972
161	334
162	259
163	624
164	947
165	481
166	789
167	117
168	881
169	490
170	516
171	875
172	827
173	798
174	146
175	549
176	545
177	122
178	515
179	953
180	19
181	59
182	122
183	534
184	718
185	260
186	611
187	648
188	473
189	784
190	605
191	528
192	506
193	776
194	155
195	566
196	151
197	707
198	36
199	623
200	749
201	784
202	138
203	804
204	357
205	206
206	254
207	541
208	662
209	373
210	158
211	673
212	626
213	13
214	786
215	319
216	177
217	382
218	735
219	976
220	116
221	490
222	583
223	959
224	117
225	54
226	535
227	254
228	14
229	91
230	349
231	366
232	699
233	854
234	498
235	575
236	337
237	707
238	231
239	796
240	365
241	960
242	62
243	942
244	766
245	846
246	968
247	779
248	459
249	917
250	562
251	653
252	220
253	144
254	952
255	374
256	29
257	131
258	695
259	748
260	232
261	931
262	473
263	688
264	291
265	686
266	353
267	598
268	360
269	234
270	445
271	150
272	324
273	904
274	523
275	308
276	117
277	930
278	304
279	829
280	842
281	637
282	83
283	143
284	194
285	18
286	91
287	554
288	938
289	101
290	880
291	117
292	266
293	587
294	989
295	266
296	124
297	580
298	649
299	584
300	712
301	342
302	468
303	993
304	945
305	702
306	72
307	55
308	374
309	968
310	634
311	998
312	269
313	398
314	197
315	329
316	474
317	573
318	355
319	408
320	796
321	922
322	849
323	947
324	765
325	897
326	389
327	660
328	853
329	640
330	782
331	959
332	978
333	566
334	280
335	995
336	684
337	944
338	595
339	167
340	573
341	26
342	243
343	308
344	941
345	289
346	140
347	606
348	33
349	76
350	95
351	141
352	732
353	515
354	783
355	325
356	826
357	365
358	493
359	102
360	579
361	164
362	295
363	234
364	539
365	915
366	60
367	429
368	784
369	446
370	201
371	780
372	361
373	320
374	681
375	452
376	616
377	885
378	613
379	118
380	979
381	600
382	347
383	460
384	792
385	511
386	96
387	413
388	479
389	279
390	919
391	755
392	994
393	387
394	585
395	726
396	462
397	106
398	42
399	814
400	69
401	358
402	82
403	719
404	835
405	443
406	889
407	918
408	844
409	193
410	235
411	652
412	940
413	112
414	947
415	278
416	853
417	399
418	589
419	516
420	983
421	521
422	919
423	247
424	15
425	205
426	183
427	339
428	360
429	940
430	927
431	320
432	114
433	850
434	113
435	544
436	459
437	312
438	929
439	418
440	947
441	630
442	649
443	798
444	447
445	857
446	418
447	356
448	272
449	358
450	559
451	830
452	451
453	404
454	169
455	640
456	99
457	189
458	913
459	607
460	596
461	530
462	405
463	317
464	491
465	800
466	522
467	685
468	422
469	503
470	949
471	162
472	16
473	814
474	16
475	681
476	94
477	867
478	138
479	489
480	722
481	387
482	191
483	541
484	159
485	93
486	988
487	685
488	82
489	573
490	710
491	810
492	448
493	545
494	135
495	759
496	416
497	958
498	218
499	137
500	133
501	422
502	833
503	558
504	483
505	354
506	117
507	918
508	821
509	777
510	402
511	647
512	843
513	208
514	875
515	693
516	237
517	118
518	590
519	560
520	716
521	611
522	287
523	425
524	637
525	324
526	917
527	761
528	369
529	203
530	203
531	139
532	177
533	778
534	38
535	749
536	908
537	337
538	833
539	275
540	883
541	697
542	755
543	617
544	10
545	417
546	944
547	404
548	110
549	476
550	615
551	782
552	663
553	804
554	402
555	512
556	811
557	99
558	394
559	897
560	231
561	235
562	673
563	496
564	348
565	926
566	103
567	490
568	241
569	986
570	331
571	422
572	910
573	500
574	148
575	622
576	848
577	439
578	206
579	821
580	197
581	810
582	755
583	741
584	247
585	569
586	132
587	582
588	413
589	957
590	730
591	781
592	352
593	385
594	224
595	883
596	201
597	511
598	412
599	896
600	207
601	942
602	440
603	463
604	706
605	78
606	378
607	444
608	80
609	714
610	887
611	455
612	439
613	166
614	733
615	301
616	607
617	748
618	575
619	327
620	445
621	60
622	11
623	352
624	128
625	858
626	637
627	731
628	625
629	934
630	578
631	608
632	358
633	658
634	907
635	563
636	161
637	43
638	427
639	520
640	883
641	692
642	530
643	216
644	98
645	796
646	258
647	51
648	714
649	576
650	657
651	793
652	689
653	422
654	549
655	404
656	499
657	59
658	894
659	141
660	994
661	229
662	55
663	722
664	154
665	481
666	818
667	288
668	823
669	408
670	37
671	544
672	719
673	61
674	128
675	836
676	301
677	657
678	389
679	656
680	680
681	475
682	350
683	528
684	802
685	99
686	911
687	872
688	988
689	347
690	734
691	359
692	316
693	630
694	409
695	189
696	642
697	863
698	781
699	101
700	700
701	711
702	123
703	40
704	661
705	742
706	251
707	85
708	946
709	838
710	898
711	847
712	947
713	296
714	937
715	63
716	822
717	894
718	885
719	356
720	660
721	950
722	369
723	341
724	891
725	641
726	850
727	969
728	296
729	239
730	399
731	555
732	595
733	94
734	535
735	416
736	100
737	243
738	521
739	189
740	349
741	698
742	37
743	476
744	834
745	424
746	821
747	388
748	596
749	437
750	78
751	320
752	551
753	287
754	825
755	790
756	119
757	788
758	387
759	687
760	359
761	970
762	458
763	661
764	716
765	806
766	605
767	60
768	79
769	615
770	944
771	200
772	129
773	999
774	192
775	206
776	898
777	302
778	242
779	861
780	612
781	794
782	540
783	630
784	121
785	308
786	456
787	330
788	670
789	796
790	175
791	981
792	379
793	77
794	407
795	901
796	891
797	778
798	11
799	827
800	916
801	854
802	651
803	546
804	973
805	694
806	118
807	334
808	681
809	814
810	565
811	995
812	750
813	470
814	49
815	769
816	120
817	446
818	983
819	137
820	871
821	558
822	605
823	377
824	273
825	918
826	554
827	457
828	957
829	498
830	445
831	645
832	534
833	954
834	477
835	449
836	663
837	718
838	969
839	217
840	270
841	126
842	592
843	690
844	437
845	952
846	306
847	290
848	473
849	499
850	796
851	706
852	493
853	443
854	564
855	889
856	521
857	746
858	546
859	75
860	805
861	950
862	667
863	460
864	936
865	279
866	964
867	594
868	790
869	437
870	889
871	781
872	224
873	311
874	306
875	398
876	688
877	603
878	850
879	16
880	616
881	74
882	752
883	152
884	612
885	447
886	347
887	123
888	953
889	190
890	580
891	142
892	585
893	11
894	285
895	296
896	545
897	670
898	245
899	652
900	897
901	124
902	434
903	704
904	354
905	512
906	660
907	712
908	623
909	136
910	953
911	489
912	795
913	22
914	213
915	477
916	60
917	666
918	804
919	85
920	640
921	512
922	882
923	430
924	572
925	693
926	883
927	726
928	627
929	892
930	228
931	66
932	317
933	42
934	511
935	637
936	832
937	881
938	894
939	890
940	808
941	378
942	96
943	171
944	861
945	435
946	621
947	533
948	803
949	604
950	196
951	495
952	346
953	995
954	947
955	993
956	209
957	38
958	30
959	394
960	539
961	772
962	769
963	628
964	298
965	604
966	258
967	107
968	181
969	974
970	806
971	779
972	93
973	730
974	494
975	810
976	27
977	631
978	301
979	903
980	992
981	801
982	154
983	893
984	130
985	941
986	13
987	779
988	761
989	735
990	457
991	931
992	143
993	636
994	172
995	433
996	961
997	143
998	314
999	476
1000	527
1001	22
1002	549
1003	681
1004	258
1005	806
1006	273
1007	657
1008	68
1009	658
1010	778
1011	422
1012	913
1013	329
1014	438
1015	116
1016	510
1017	812
1018	269
1019	362
1020	218
1021	425
1022	246
1023	982
1024	942
1025	529
1026	512
1027	515
1028	530
1029	670
1030	89
1031	582
1032	839
1033	561
1034	440
1035	645
1036	199
1037	790
1038	589
1039	803
1040	570
1041	827
1042	340
1043	674
1044	553
1045	554
1046	825
1047	607
1048	754
1049	58
1050	411
1051	397
1052	728
1053	761
1054	150
1055	613
1056	515
1057	691
1058	465
1059	884
1060	278
1061	364
1062	420
1063	418
1064	396
1065	76
1066	266
1067	686
1068	895
1069	17
1070	420
1071	359
1072	586
1073	769
1074	119
1075	134
1076	184
1077	818
1078	698
1079	200
1080	731
1081	28
1082	831
1083	254
1084	345
1085	90
1086	844
1087	754
1088	530
1089	808
1090	889
1091	332
1092	852
1093	982
1094	227
1095	465
1096	136
1097	859
1098	586
1099	429
1100	892
1101	216
1102	344
1103	779
1104	266
1105	501
1106	384
1107	249
1108	467
1109	383
1110	815
1111	609
1112	878
1113	602
1114	156
1115	284
1116	288
1117	943
1118	483
1119	156
1120	139
1121	528
1122	877
1123	495
1124	364
1125	10
1126	547
1127	149
1128	377
1129	952
1130	561
1131	659
1132	604
1133	47
1134	936
1135	32
1136	978
1137	14
1138	442
1139	178
1140	633
1141	217
1142	813
1143	428
1144	784
1145	912
1146	445
1147	307
1148	472
1149	158
1150	990
1151	261
1152	961
1153	731
1154	625
1155	799
1156	683
1157	713
1158	573
1159	860
1160	381
1161	325
1162	747
1163	346
1164	95
1165	239
1166	239
1167	867
1168	449
1169	870
1170	634
1171	497
1172	144
1173	150
1174	847
1175	877
1176	834
1177	714
1178	759
1179	737
1180	647
1181	742
1182	794
1183	649
1184	425
1185	124
1186	711
1187	650
1188	646
1189	986
1190	87
1191	180
1192	230
1193	31
1194	442
1195	526
1196	725
1197	18
1198	710
1199	991
1200	252
1201	386
1202	11
1203	516
1204	402
1205	818
1206	967
1207	17
1208	490
1209	902
1210	394
1211	925
1212	699
1213	419
1214	263
1215	417
1216	664
1217	514
1218	267
1219	424
1220	439
1221	97
1222	830
1223	577
1224	577
1225	748
1226	975
1227	680
1228	275
1229	184
1230	383
1231	328
1232	400
1233	694
1234	73
1235	599
1236	52
1237	988
1238	663
1239	694
1240	622
1241	708
1242	376
1243	140
1244	625
1245	935
1246	512
1247	42
1248	804
1249	463
1250	472
1251	777
1252	819
1253	77
1254	401
1255	383
1256	761
1257	240
1258	590
1259	984
1260	856
1261	444
1262	443
1263	84
1264	348
1265	491
1266	227
1267	75
1268	221
1269	653
1270	93
1271	33
1272	502
1273	983
1274	758
1275	711
1276	656
1277	977
1278	54
1279	260
1280	860
1281	605
1282	11
1283	774
1284	636
1285	254
1286	941
1287	243
1288	732
1289	105
1290	219
1291	26
1292	389
1293	421
1294	979
1295	79
1296	951
1297	671
1298	295
1299	155
1300	389
1301	493
1302	517
1303	578
1304	821
1305	191
1306	146
1307	943
1308	62
1309	936
1310	677
1311	438
1312	903
1313	309
1314	804
1315	267
1316	79
1317	284
1318	434
1319	751
1320	345
1321	551
1322	845
1323	375
1324	832
1325	866
1326	271
1327	761
1328	960
1329	566
1330	677
1331	461
1332	229
1333	190
1334	453
1335	997
1336	377
1337	457
1338	926
1339	93
1340	68
1341	195
1342	263
1343	900
1344	937
1345	65
1346	748
1347	103
1348	252
1349	298
1350	788
1351	708
1352	490
1353	503
1354	871
1355	706
1356	965
1357	617
1358	79
1359	516
1360	414
1361	154
1362	668
1363	553
1364	993
1365	31
1366	942
1367	515
1368	778
1369	381
1370	874
1371	46
1372	500
1373	322
1374	772
1375	779
1376	12
1377	167
1378	692
1379	647
1380	551
1381	626
1382	500
1383	430
1384	600
1385	583
1386	914
1387	727
1388	976
1389	698
1390	609
1391	626
1392	541
1393	797
1394	358
1395	27
1396	990
1397	368
1398	602
1399	738
1400	846
1401	872
1402	370
1403	247
1404	545
1405	794
1406	208
1407	811
1408	11
1409	161
1410	406
1411	104
1412	287
1413	626
1414	143
1415	719
1416	965
1417	537
1418	684
1419	580
1420	513
1421	208
1422	489
1423	576
1424	664
1425	56
1426	684
1427	639
1428	504
1429	422
1430	773
1431	408
1432	22
1433	731
1434	949
1435	218
1436	169
1437	612
1438	733
1439	673
1440	747
1441	546
1442	858
1443	77
1444	90
1445	52
1446	369
1447	957
1448	434
1449	515
1450	327
1451	177
1452	615
1453	326
1454	277
1455	24
1456	524
1457	887
1458	148
1459	65
1460	806
1461	873
1462	461
1463	418
1464	398
1465	290
1466	642
1467	285
1468	699
1469	377
1470	764
1471	268
1472	722
1473	273
1474	441
1475	31
1476	637
1477	519
1478	838
1479	774
1480	898
1481	766
1482	774
1483	934
1484	104
1485	120
1486	97
1487	17
1488	597
1489	60
1490	567
1491	563
1492	728
1493	842
1494	375
1495	778
1496	906
1497	751
1498	454
1499	977
1500	119
1501	358
1502	251
1503	504
1504	94
1505	470
1506	473
1507	968
1508	164
1509	606
1510	581
1511	836
1512	239
1513	239
1514	633
1515	497
1516	802
1517	466
1518	804
1519	982
1520	891
1521	857
1522	576
1523	356
1524	201
1525	648
1526	718
1527	899
1528	33
1529	683
1530	702
1531	633
1532	411
1533	995
1534	820
1535	103
1536	395
1537	989
1538	691
1539	980
1540	190
1541	939
1542	279
1543	293
1544	968
1545	518
1546	18
1547	768
1548	278
1549	761
1550	264
1551	951
1552	723
1553	45
1554	154
1555	912
1556	360
1557	933
1558	166
1559	746
1560	610
1561	100
1562	572
1563	602
1564	689
1565	387
1566	298
1567	808
1568	505
1569	202
1570	58
1571	21
1572	134
1573	948
1574	36
1575	258
1576	392
1577	754
1578	907
1579	10
1580	356
1581	784
1582	96
1583	454
1584	925
1585	116
1586	818
1587	903
1588	718
1589	628
1590	474
1591	353
1592	335
1593	718
1594	403
1595	716
1596	401
1597	157
1598	903
1599	706
1600	283
1601	509
1602	428
1603	505
1604	135
1605	644
1606	54
1607	986
1608	439
1609	893
1610	584
1611	230
1612	177
1613	282
1614	602
1615	722
1616	93
1617	757
1618	993
1619	119
1620	829
1621	202
1622	381
1623	215
1624	225
1625	903
1626	266
1627	384
1628	210
1629	380
1630	933
1631	898
1632	444
1633	246
1634	678
1635	300
1636	690
1637	13
1638	769
1639	135
1640	990
1641	853
1642	428
1643	621
1644	74
1645	750
1646	212
1647	640
1648	217
1649	733
1650	922
1651	953
1652	991
1653	782
1654	106
1655	35
1656	778
1657	675
1658	271
1659	849
1660	63
1661	903
1662	122
1663	279
1664	196
1665	218
1666	632
1667	360
1668	593
1669	465
1670	931
1671	558
1672	983
1673	83
1674	839
1675	344
1676	891
1677	981
1678	938
1679	863
1680	394
1681	779
1682	765
1683	39
1684	516
1685	631
1686	88
1687	326
1688	221
1689	412
1690	144
1691	197
1692	886
1693	647
1694	361
1695	707
1696	34
1697	603
1698	400
1699	782
1700	602
1701	922
1702	101
1703	384
1704	849
1705	984
1706	630
1707	239
1708	255
1709	729
1710	532
1711	749
1712	915
1713	78
1714	316
1715	234
1716	980
1717	374
1718	408
1719	403
1720	271
1721	684
1722	535
1723	416
1724	496
1725	329
1726	298
1727	270
1728	313
1729	592
1730	590
1731	624
1732	461
1733	914
1734	83
1735	527
1736	843
1737	833
1738	382
1739	14
1740	133
1741	138
1742	543
1743	468
1744	399
1745	674
1746	827
1747	873
1748	106
1749	625
1750	413
1751	199
1752	122
1753	755
1754	621
1755	274
1756	69
1757	191
1758	159
1759	907
1760	25
1761	277
1762	916
1763	995
1764	651
1765	293
1766	859
1767	444
1768	703
1769	437
1770	356
1771	304
1772	451
1773	353
1774	90
1775	885
1776	311
1777	526
1778	522
1779	446
1780	526
1781	448
1782	988
1783	463
1784	914
1785	188
1786	412
1787	258
1788	859
1789	160
1790	430
1791	167
1792	270
1793	333
1794	666
1795	18
1796	477
1797	23
1798	435
1799	426
1800	149
1801	312
1802	385
1803	207
1804	39
1805	879
1806	587
1807	697
1808	562
1809	439
1810	143
1811	315
1812	270
1813	97
1814	98
1815	847
1816	409
1817	109
1818	341
1819	249
1820	592
1821	960
1822	870
1823	294
1824	12
1825	977
1826	536
1827	970
1828	877
1829	564
1830	57
1831	43
1832	719
1833	708
1834	277
1835	683
1836	464
1837	113
1838	146
1839	246
1840	510
1841	614
1842	202
1843	70
1844	116
1845	626
1846	896
1847	322
1848	129
1849	640
1850	606
1851	358
1852	901
1853	722
1854	322
1855	457
1856	478
1857	696
1858	381
1859	423
1860	594
1861	353
1862	472
1863	176
1864	524
1865	50
1866	207
1867	457
1868	363
1869	531
1870	903
1871	619
1872	933
1873	193
1874	349
1875	852
1876	581
1877	855
1878	210
1879	439
1880	715
1881	964
1882	773
1883	432
1884	564
1885	464
1886	801
1887	361
1888	867
1889	193
1890	313
1891	436
1892	51
1893	788
1894	602
1895	199
1896	233
1897	208
1898	629
1899	759
1900	587
1901	228
1902	86
1903	508
1904	528
1905	289
1906	345
1907	311
1908	923
1909	110
1910	494
1911	34
1912	851
1913	514
1914	112
1915	741
1916	785
1917	122
1918	506
1919	880
1920	712
1921	165
1922	693
1923	761
1924	562
1925	407
1926	118
1927	726
1928	991
1929	268
1930	206
1931	578
1932	827
1933	993
1934	946
1935	234
1936	303
1937	102
1938	179
1939	489
1940	660
1941	302
1942	186
1943	688
1944	237
1945	803
1946	178
1947	356
1948	235
1949	480
1950	23
1951	210
1952	484
1953	342
1954	507
1955	248
1956	353
1957	540
1958	474
1959	527
1960	703
1961	108
1962	181
1963	766
1964	126
1965	749
1966	486
1967	563
1968	516
1969	479
1970	800
1971	402
1972	129
1973	910
1974	591
1975	671
1976	194
1977	470
1978	204
1979	648
1980	155
1981	603
1982	417
1983	917
1984	934
1985	268
1986	588
1987	35
1988	771
1989	142
1990	933
1991	979
1992	60
1993	401
1994	833
1995	631
1996	754
1997	554
1998	28
1999	772
2000	558
2001	567
2002	35
2003	553
2004	583
2005	234
2006	77
2007	624
2008	390
2009	857
2010	681
2011	553
2012	207
2013	170
2014	657
2015	626
2016	668
2017	358
2018	268
2019	106
2020	404
2021	120
2022	965
2023	738
2024	996
2025	531
2026	408
2027	404
2028	122
2029	921
2030	498
2031	405
2032	291
2033	919
2034	16
2035	80
2036	368
2037	436
2038	848
2039	695
2040	139
2041	846
2042	743
2043	917
2044	429
2045	295
2046	789
2047	522
2048	385
2049	744
2050	849
2051	606
2052	362
2053	806
2054	615
2055	905
2056	43
2057	863
2058	988
2059	163
2060	922
2061	805
2062	754
2063	289
2064	377
2065	675
2066	870
2067	868
2068	536
2069	48
2070	55
2071	511
2072	764
2073	252
2074	754
2075	601
2076	873
2077	327
2078	481
2079	479
2080	402
2081	385
2082	538
2083	474
2084	444
2085	998
2086	313
2087	415
2088	837
2089	949
2090	997
2091	666
2092	380
2093	775
2094	423
2095	310
2096	94
2097	215
2098	981
2099	340
2100	595
2101	167
2102	405
2103	494
2104	652
2105	387
2106	698
2107	681
2108	406
2109	68
2110	352
2111	108
2112	874
2113	904
2114	149
2115	840
2116	537
2117	55
2118	622
2119	941
2120	735
2121	100
2122	580
2123	648
2124	719
2125	925
2126	836
2127	400
2128	83
2129	854
2130	340
2131	132
2132	726
2133	92
2134	176
2135	77
2136	288
2137	312
2138	798
2139	403
2140	132
2141	947
2142	643
2143	300
2144	257
2145	788
2146	271
2147	793
2148	808
2149	563
2150	455
2151	24
2152	547
2153	831
2154	553
2155	967
2156	708
2157	986
2158	574
2159	275
2160	609
2161	107
2162	567
2163	464
2164	80
2165	717
2166	734
2167	236
2168	968
2169	167
2170	894
2171	249
2172	40
2173	724
2174	699
2175	786
2176	425
2177	249
2178	303
2179	869
2180	200
2181	198
2182	173
2183	657
2184	257
2185	808
2186	364
2187	269
2188	499
2189	139
2190	988
2191	393
2192	786
2193	830
2194	103
2195	502
2196	547
2197	324
2198	392
2199	941
2200	620
2201	186
2202	85
2203	716
2204	259
2205	31
2206	745
2207	168
2208	125
2209	416
2210	819
2211	907
2212	661
2213	989
2214	172
2215	189
2216	36
2217	539
2218	518
2219	477
2220	426
2221	996
2222	391
2223	684
2224	251
2225	84
2226	915
2227	255
2228	669
2229	118
2230	823
2231	942
2232	135
2233	841
2234	74
2235	279
2236	506
2237	447
2238	506
2239	888
2240	40
2241	317
2242	881
2243	669
2244	753
2245	846
2246	407
2247	624
2248	120
2249	556
2250	50
2251	820
2252	218
2253	423
2254	203
2255	493
2256	813
2257	797
2258	487
2259	542
2260	963
2261	190
2262	801
2263	390
2264	870
2265	659
2266	857
2267	958
2268	169
2269	563
2270	126
2271	814
2272	154
2273	66
2274	663
2275	761
2276	942
2277	517
2278	348
2279	227
2280	32
2281	486
2282	437
2283	700
2284	95
2285	361
2286	766
2287	256
2288	638
2289	166
2290	264
2291	537
2292	379
2293	260
2294	523
2295	855
2296	772
2297	126
2298	119
2299	197
2300	547
2301	411
2302	898
2303	663
2304	801
2305	852
2306	994
2307	385
2308	249
2309	719
2310	862
2311	582
2312	633
2313	476
2314	613
2315	998
2316	300
2317	546
2318	187
2319	432
2320	305
2321	862
2322	365
2323	307
2324	207
2325	750
2326	178
2327	244
2328	494
2329	276
2330	807
2331	237
2332	801
2333	901
2334	375
2335	19
2336	960
2337	249
2338	300
2339	342
2340	616
2341	840
2342	586
2343	895
2344	574
2345	550
2346	389
2347	365
2348	531
2349	336
2350	683
2351	182
2352	407
2353	961
2354	868
2355	935
2356	112
2357	724
2358	192
2359	967
2360	207
2361	447
2362	634
2363	841
2364	996
2365	743
2366	162
2367	280
2368	243
2369	164
2370	340
2371	884
2372	662
2373	690
2374	168
2375	824
2376	515
2377	342
2378	918
2379	831
2380	777
2381	256
2382	135
2383	242
2384	119
2385	728
2386	237
2387	724
2388	622
2389	109
2390	679
2391	132
2392	460
2393	629
2394	649
2395	602
2396	851
2397	258
2398	170
2399	155
2400	108
2401	201
2402	436
2403	859
2404	112
2405	855
2406	13
2407	448
2408	757
2409	716
2410	704
2411	481
2412	82
2413	769
2414	42
2415	586
2416	192
2417	14
2418	326
2419	864
2420	718
2421	769
2422	573
2423	898
2424	673
2425	982
2426	695
2427	407
2428	625
2429	688
2430	598
2431	70
2432	841
2433	701
2434	493
2435	611
2436	559
2437	148
2438	939
2439	850
2440	714
2441	823
2442	525
2443	413
2444	666
2445	762
2446	673
2447	305
2448	976
2449	623
2450	614
2451	255
2452	892
2453	973
2454	925
2455	918
2456	689
2457	18
2458	61
2459	642
2460	673
2461	490
2462	275
2463	126
2464	736
2465	106
2466	435
2467	235
2468	57
2469	583
2470	324
2471	844
2472	693
2473	986
2474	937
2475	720
2476	76
2477	200
2478	745
2479	203
2480	901
2481	281
2482	982
2483	776
2484	306
2485	585
2486	950
2487	949
2488	940
2489	843
2490	864
2491	549
2492	175
2493	15
2494	758
2495	19
2496	937
2497	12
2498	508
2499	600
2500	884
2501	536
2502	72
2503	256
2504	565
2505	49
2506	768
2507	872
2508	573
2509	502
2510	122
2511	664
2512	880
2513	489
2514	656
2515	725
2516	413
2517	646
2518	216
2519	448
2520	727
2521	217
2522	798
2523	229
2524	479
2525	189
2526	847
2527	439
2528	613
2529	596
2530	974
2531	714
2532	250
2533	372
2534	163
2535	343
2536	755
2537	533
2538	76
2539	998
2540	611
2541	180
2542	123
2543	270
2544	268
2545	37
2546	755
2547	680
2548	706
2549	809
2550	517
2551	462
2552	72
2553	528
2554	480
2555	848
2556	681
2557	669
2558	810
2559	498
2560	753
2561	762
2562	687
2563	830
2564	102
2565	228
2566	74
2567	860
2568	115
2569	321
2570	135
2571	629
2572	585
2573	80
2574	910
2575	577
2576	706
2577	416
2578	15
2579	512
2580	924
2581	71
2582	25
2583	442
2584	657
2585	626
2586	163
2587	550
2588	783
2589	919
2590	989
2591	586
2592	269
2593	526
2594	13
2595	896
2596	877
2597	354
2598	630
2599	210
2600	77
2601	88
2602	958
2603	335
2604	561
2605	916
2606	437
2607	741
2608	546
2609	859
2610	69
2611	886
2612	329
2613	311
2614	986
2615	368
2616	448
2617	653
2618	165
2619	456
2620	72
2621	751
2622	224
2623	274
2624	737
2625	217
2626	652
2627	791
2628	482
2629	545
2630	847
2631	161
2632	738
2633	218
2634	794
2635	815
2636	401
2637	509
2638	391
2639	300
2640	127
2641	327
2642	935
2643	869
2644	483
2645	255
2646	788
2647	757
2648	278
2649	590
2650	558
2651	431
2652	102
2653	824
2654	520
2655	649
2656	465
2657	924
2658	892
2659	865
2660	991
2661	149
2662	164
2663	773
2664	255
2665	601
2666	90
2667	918
2668	787
2669	143
2670	813
2671	705
2672	598
2673	11
2674	110
2675	31
2676	136
2677	166
2678	531
2679	60
2680	137
2681	922
2682	611
2683	977
2684	907
2685	624
2686	660
2687	707
2688	163
2689	757
2690	640
2691	287
2692	763
2693	137
2694	620
2695	887
2696	39
2697	811
2698	506
2699	52
2700	688
2701	726
2702	727
2703	154
2704	728
2705	905
2706	696
2707	606
2708	549
2709	922
2710	926
2711	835
2712	516
2713	972
2714	472
2715	830
2716	842
2717	363
2718	12
2719	169
2720	919
2721	291
2722	883
2723	656
2724	216
2725	796
2726	547
2727	700
2728	380
2729	181
2730	471
2731	518
2732	682
2733	157
2734	316
2735	52
2736	127
2737	897
2738	346
2739	285
2740	946
2741	946
2742	852
2743	439
2744	368
2745	348
2746	619
2747	687
2748	536
2749	359
2750	190
2751	295
2752	912
2753	841
2754	72
2755	495
2756	951
2757	500
2758	104
2759	994
2760	880
2761	252
2762	635
2763	362
2764	737
2765	289
2766	200
2767	815
2768	455
2769	802
2770	147
2771	919
2772	444
2773	399
2774	67
2775	397
2776	130
2777	37
2778	574
2779	661
2780	574
2781	375
2782	89
2783	245
2784	256
2785	42
2786	768
2787	937
2788	699
2789	988
2790	295
2791	489
2792	239
2793	182
2794	921
2795	19
2796	886
2797	249
2798	276
2799	384
2800	180
2801	993
2802	251
2803	915
2804	997
2805	253
2806	623
2807	286
2808	379
2809	677
2810	345
2811	883
2812	323
2813	399
2814	640
2815	352
2816	628
2817	73
2818	333
2819	321
2820	437
2821	854
2822	957
2823	741
2824	839
2825	475
2826	540
2827	463
2828	314
2829	350
2830	615
2831	897
2832	186
2833	46
2834	603
2835	572
2836	979
2837	705
2838	544
2839	398
2840	585
2841	470
2842	141
2843	794
2844	385
2845	390
2846	972
2847	924
2848	168
2849	295
2850	810
2851	970
2852	394
2853	492
2854	170
2855	256
2856	800
2857	655
2858	495
2859	296
2860	324
2861	274
2862	926
2863	248
2864	946
2865	818
2866	289
2867	27
2868	677
2869	410
2870	81
2871	799
2872	439
2873	173
2874	827
2875	592
2876	258
2877	483
2878	327
2879	54
2880	962
2881	567
2882	861
2883	919
2884	310
2885	200
2886	532
2887	107
2888	741
2889	306
2890	138
2891	192
2892	779
2893	918
2894	100
2895	715
2896	656
2897	712
2898	994
2899	231
2900	395
2901	12
2902	223
2903	258
2904	283
2905	805
2906	679
2907	375
2908	611
2909	153
2910	292
2911	815
2912	920
2913	857
2914	940
2915	787
2916	459
2917	838
2918	39
2919	748
2920	977
2921	996
2922	176
2923	331
2924	410
2925	512
2926	265
2927	499
2928	772
2929	276
2930	175
2931	507
2932	576
2933	548
2934	911
2935	479
2936	158
2937	509
2938	795
2939	451
2940	762
2941	809
2942	906
2943	629
2944	221
2945	629
2946	447
2947	562
2948	984
2949	608
2950	729
2951	426
2952	556
2953	676
2954	727
2955	239
2956	507
2957	342
2958	18
2959	351
2960	619
2961	922
2962	211
2963	118
2964	465
2965	210
2966	431
2967	301
2968	922
2969	958
2970	868
2971	331
2972	779
2973	417
2974	56
2975	916
2976	60
2977	479
2978	184
2979	633
2980	27
2981	325
2982	921
2983	639
2984	587
2985	837
2986	861
2987	532
2988	594
2989	780
2990	101
2991	30
2992	397
2993	204
2994	353
2995	378
2996	779
2997	831
2998	437
2999	159
3000	23
3001	52
3002	649
3003	879
3004	761
3005	467
3006	604
3007	895
3008	134
3009	570
3010	750
3011	649
3012	59
3013	858
3014	278
3015	317
3016	500
3017	204
3018	130
3019	134
3020	457
3021	984
3022	234
3023	950
3024	200
3025	964
3026	683
3027	880
3028	953
3029	851
3030	277
3031	469
3032	241
3033	93
3034	672
3035	183
3036	778
3037	13
3038	10
3039	773
3040	301
3041	322
3042	310
3043	662
3044	139
3045	152
3046	352
3047	17
3048	581
3049	201
3050	597
3051	350
3052	96
3053	784
3054	459
3055	640
3056	486
3057	205
3058	752
3059	224
3060	397
3061	978
3062	913
3063	368
3064	206
3065	269
3066	757
3067	508
3068	969
3069	81
3070	567
3071	964
3072	980
3073	849
3074	168
3075	78
3076	338
3077	229
3078	123
3079	784
3080	401
3081	912
3082	942
3083	452
3084	90
3085	295
3086	585
3087	312
3088	547
3089	755
3090	330
3091	754
3092	267
3093	281
3094	120
3095	285
3096	857
3097	668
3098	745
3099	65
3100	309
3101	99
3102	145
3103	810
3104	804
3105	730
3106	813
3107	882
3108	991
3109	911
3110	879
3111	157
3112	556
3113	891
3114	980
3115	117
3116	877
3117	726
3118	178
3119	287
3120	413
3121	679
3122	778
3123	974
3124	329
3125	35
3126	250
3127	912
3128	611
3129	488
3130	982
3131	799
3132	490
3133	737
3134	574
3135	245
3136	921
3137	460
3138	820
3139	755
3140	265
3141	549
3142	157
3143	655
3144	302
3145	336
3146	225
3147	312
3148	464
3149	941
3150	609
3151	614
3152	750
3153	518
3154	601
3155	884
3156	314
3157	969
3158	345
3159	50
3160	531
3161	854
3162	100
3163	17
3164	552
3165	743
3166	500
3167	967
3168	607
3169	243
3170	79
3171	355
3172	414
3173	305
3174	964
3175	567
3176	475
3177	203
3178	931
3179	145
3180	956
3181	163
3182	724
3183	434
3184	257
3185	168
3186	547
3187	930
3188	314
3189	341
3190	813
3191	716
3192	181
3193	839
3194	456
3195	999
3196	586
3197	194
3198	930
3199	657
3200	535
3201	518
3202	931
3203	492
3204	458
3205	584
3206	154
3207	189
3208	327
3209	709
3210	234
3211	72
3212	645
3213	389
3214	509
3215	548
3216	951
3217	716
3218	896
3219	13
3220	720
3221	240
3222	377
3223	301
3224	511
3225	71
3226	966
3227	515
3228	146
3229	715
3230	201
3231	561
3232	305
3233	786
3234	763
3235	604
3236	533
3237	33
3238	999
3239	254
3240	647
3241	735
3242	618
3243	88
3244	850
3245	100
3246	354
3247	784
3248	72
3249	857
3250	381
3251	976
3252	212
3253	863
3254	638
3255	872
3256	406
3257	487
3258	578
3259	284
3260	785
3261	225
3262	648
3263	180
3264	671
3265	173
3266	330
3267	983
3268	581
3269	557
3270	957
3271	977
3272	785
3273	576
3274	584
3275	313
3276	307
3277	546
3278	393
3279	563
3280	754
3281	256
3282	169
3283	299
3284	222
3285	66
3286	922
3287	537
3288	256
3289	809
3290	20
3291	280
3292	329
3293	503
3294	727
3295	377
3296	28
3297	249
3298	564
3299	358
3300	804
3301	42
3302	657
3303	211
3304	976
3305	636
3306	671
3307	521
3308	351
3309	368
3310	400
3311	195
3312	406
3313	462
3314	556
3315	121
3316	520
3317	669
3318	750
3319	17
3320	180
3321	72
3322	333
3323	146
3324	182
3325	354
3326	832
3327	518
3328	543
3329	689
3330	261
3331	206
3332	430
3333	997
3334	959
3335	141
3336	549
3337	512
3338	565
3339	81
3340	602
3341	804
3342	743
3343	442
3344	845
3345	879
3346	756
3347	513
3348	284
3349	268
3350	508
3351	167
3352	329
3353	798
3354	665
3355	274
3356	418
3357	622
3358	499
3359	65
3360	632
3361	147
3362	75
3363	449
3364	212
3365	961
3366	441
3367	224
3368	446
3369	938
3370	668
3371	810
3372	513
3373	226
3374	923
3375	815
3376	82
3377	215
3378	303
3379	213
3380	185
3381	678
3382	833
3383	855
3384	790
3385	438
3386	773
3387	97
3388	963
3389	738
3390	387
3391	157
3392	40
3393	864
3394	463
3395	900
3396	275
3397	822
3398	751
3399	632
3400	632
3401	185
3402	710
3403	327
3404	320
3405	254
3406	168
3407	102
3408	913
3409	908
3410	576
3411	382
3412	62
3413	883
3414	195
3415	692
3416	592
3417	275
3418	804
3419	20
3420	471
3421	176
3422	612
3423	722
3424	189
3425	674
3426	982
3427	34
3428	706
3429	826
3430	520
3431	871
3432	826
3433	258
3434	823
3435	203
3436	927
3437	200
3438	559
3439	586
3440	180
3441	216
3442	29
3443	988
3444	589
3445	699
3446	108
3447	88
3448	279
3449	620
3450	833
3451	550
3452	301
3453	364
3454	879
3455	546
3456	293
3457	617
3458	467
3459	489
3460	456
3461	641
3462	100
3463	972
3464	86
3465	606
3466	656
3467	660
3468	224
3469	138
3470	330
3471	626
3472	773
3473	132
3474	421
3475	212
3476	517
3477	814
3478	617
3479	222
3480	618
3481	592
3482	657
3483	119
3484	240
3485	610
3486	921
3487	800
3488	623
3489	946
3490	550
3491	14
3492	979
3493	977
3494	803
3495	823
3496	706
3497	647
3498	958
3499	151
3500	219
3501	207
3502	588
3503	840
3504	338
3505	980
3506	817
3507	328
3508	885
3509	681
3510	439
3511	380
3512	911
3513	38
3514	325
3515	10
3516	323
3517	425
3518	765
3519	634
3520	543
3521	859
3522	146
3523	52
3524	244
3525	345
3526	123
3527	106
3528	72
3529	695
3530	220
3531	314
3532	701
3533	621
3534	230
3535	611
3536	755
3537	980
3538	610
3539	779
3540	854
3541	692
3542	256
3543	117
3544	365
3545	94
3546	932
3547	52
3548	343
3549	805
3550	318
3551	181
3552	737
3553	482
3554	220
3555	740
3556	405
3557	310
3558	262
3559	324
3560	690
3561	810
3562	720
3563	944
3564	751
3565	897
3566	325
3567	293
3568	254
3569	275
3570	210
3571	695
3572	497
3573	235
3574	764
3575	784
3576	67
3577	935
3578	209
3579	430
3580	496
3581	37
3582	750
3583	581
3584	196
3585	644
3586	509
3587	684
3588	899
3589	921
3590	759
3591	512
3592	259
3593	32
3594	720
3595	349
3596	645
3597	764
3598	641
3599	666
3600	363
3601	40
3602	859
3603	481
3604	169
3605	35
3606	897
3607	983
3608	92
3609	151
3610	250
3611	201
3612	719
3613	340
3614	248
3615	534
3616	372
3617	934
3618	584
3619	971
3620	238
3621	681
3622	469
3623	968
3624	899
3625	465
3626	28
3627	569
3628	706
3629	295
3630	694
3631	164
3632	447
3633	114
3634	126
3635	972
3636	892
3637	372
3638	704
3639	294
3640	187
3641	181
3642	144
3643	937
3644	166
3645	120
3646	487
3647	750
3648	135
3649	508
3650	789
3651	93
3652	74
3653	561
3654	468
3655	675
3656	413
3657	861
3658	611
3659	158
3660	556
3661	737
3662	867
3663	250
3664	144
3665	620
3666	396
3667	667
3668	325
3669	610
3670	456
3671	900
3672	537
3673	546
3674	736
3675	147
3676	323
3677	30
3678	532
3679	975
3680	859
3681	144
3682	582
3683	43
3684	124
3685	662
3686	471
3687	766
3688	713
3689	990
3690	779
3691	747
3692	270
3693	590
3694	119
3695	641
3696	289
3697	131
3698	165
3699	429
3700	653
3701	551
3702	435
3703	646
3704	162
3705	123
3706	242
3707	711
3708	353
3709	589
3710	470
3711	955
3712	332
3713	116
3714	725
3715	344
3716	326
3717	927
3718	138
3719	677
3720	265
3721	453
3722	266
3723	167
3724	931
3725	317
3726	703
3727	695
3728	838
3729	797
3730	308
3731	321
3732	165
3733	129
3734	914
3735	825
3736	359
3737	59
3738	992
3739	196
3740	30
3741	731
3742	400
3743	903
3744	764
3745	310
3746	891
3747	288
3748	788
3749	443
3750	818
3751	357
3752	734
3753	376
3754	859
3755	352
3756	156
3757	317
3758	564
3759	559
3760	253
3761	114
3762	83
3763	950
3764	718
3765	920
3766	834
3767	459
3768	816
3769	884
3770	105
3771	140
3772	846
3773	777
3774	224
3775	951
3776	661
3777	115
3778	123
3779	987
3780	49
3781	788
3782	308
3783	110
3784	606
3785	530
3786	91
3787	814
3788	900
3789	599
3790	658
3791	551
3792	799
3793	537
3794	191
3795	891
3796	870
3797	61
3798	648
3799	342
3800	770
3801	270
3802	203
3803	173
3804	846
3805	413
3806	759
3807	112
3808	795
3809	557
3810	643
3811	786
3812	49
3813	53
3814	914
3815	552
3816	51
3817	314
3818	301
3819	950
3820	361
3821	653
3822	953
3823	300
3824	445
3825	805
3826	522
3827	608
3828	939
3829	836
3830	878
3831	519
3832	757
3833	821
3834	86
3835	228
3836	511
3837	89
3838	687
3839	168
3840	980
3841	271
3842	642
3843	373
3844	499
3845	802
3846	625
3847	204
3848	677
3849	124
3850	851
3851	795
3852	91
3853	22
3854	450
3855	92
3856	587
3857	140
3858	992
3859	478
3860	663
3861	814
3862	879
3863	592
3864	505
3865	698
3866	512
3867	451
3868	380
3869	395
3870	767
3871	144
3872	42
3873	644
3874	324
3875	283
3876	953
3877	794
3878	568
3879	127
3880	681
3881	646
3882	751
3883	709
3884	170
3885	74
3886	739
3887	974
3888	368
3889	994
3890	38
3891	352
3892	860
3893	618
3894	256
3895	393
3896	377
3897	206
3898	816
3899	291
3900	819
3901	900
3902	916
3903	676
3904	465
3905	833
3906	898
3907	166
3908	195
3909	613
3910	524
3911	256
3912	747
3913	548
3914	295
3915	499
3916	725
3917	531
3918	712
3919	135
3920	882
3921	918
3922	171
3923	155
3924	665
3925	146
3926	480
3927	517
3928	944
3929	129
3930	736
3931	251
3932	454
3933	929
3934	595
3935	933
3936	387
3937	967
3938	967
3939	348
3940	361
3941	984
3942	814
3943	792
3944	374
3945	19
3946	228
3947	440
3948	383
3949	158
3950	744
3951	886
3952	923
3953	790
3954	287
3955	47
3956	741
3957	568
3958	246
3959	245
3960	168
3961	198
3962	13
3963	830
3964	713
3965	794
3966	969
3967	489
3968	167
3969	176
3970	731
3971	216
3972	458
3973	170
3974	176
3975	248
3976	995
3977	727
3978	913
3979	747
3980	79
3981	142
3982	997
3983	104
3984	643
3985	185
3986	981
3987	626
3988	95
3989	717
3990	936
3991	285
3992	591
3993	173
3994	224
3995	158
3996	118
3997	998
3998	475
3999	674
4000	271
4001	819
4002	613
4003	863
4004	552
4005	858
4006	14
4007	529
4008	522
4009	736
4010	22
4011	969
4012	843
4013	735
4014	293
4015	163
4016	712
4017	198
4018	578
4019	713
4020	841
4021	236
4022	872
4023	918
4024	278
4025	92
4026	426
4027	722
4028	629
4029	905
4030	89
4031	980
4032	857
4033	613
4034	762
4035	608
4036	308
4037	292
4038	671
4039	747
4040	618
4041	688
4042	124
4043	788
4044	995
4045	589
4046	985
4047	315
4048	469
4049	343
4050	208
4051	131
4052	634
4053	88
4054	661
4055	11
4056	691
4057	151
4058	983
4059	912
4060	777
4061	339
4062	993
4063	885
4064	591
4065	863
4066	928
4067	707
4068	279
4069	785
4070	120
4071	51
4072	447
4073	986
4074	941
4075	760
4076	187
4077	243
4078	532
4079	681
4080	506
4081	911
4082	586
4083	68
4084	962
4085	915
4086	300
4087	302
4088	305
4089	746
4090	206
4091	603
4092	829
4093	638
4094	84
4095	686
4096	140
4097	601
4098	219
4099	979
4100	516
4101	515
4102	511
4103	78
4104	176
4105	349
4106	508
4107	493
4108	875
4109	381
4110	962
4111	538
4112	260
4113	408
4114	908
4115	512
4116	148
4117	747
4118	449
4119	704
4120	200
4121	161
4122	160
4123	480
4124	695
4125	725
4126	643
4127	828
4128	938
4129	902
4130	203
4131	668
4132	933
4133	727
4134	312
4135	589
4136	858
4137	200
4138	799
4139	718
4140	799
4141	288
4142	77
4143	303
4144	49
4145	426
4146	344
4147	213
4148	229
4149	450
4150	411
4151	843
4152	342
4153	342
4154	353
4155	544
4156	963
4157	555
4158	49
4159	240
4160	698
4161	52
4162	957
4163	100
4164	977
4165	160
4166	250
4167	654
4168	212
4169	544
4170	485
4171	831
4172	713
4173	968
4174	558
4175	793
4176	101
4177	644
4178	648
4179	660
4180	515
4181	603
4182	270
4183	513
4184	912
4185	420
4186	577
4187	276
4188	621
4189	562
4190	581
4191	96
4192	47
4193	867
4194	465
4195	665
4196	70
4197	929
4198	775
4199	947
4200	616
4201	680
4202	70
4203	322
4204	148
4205	551
4206	804
4207	230
4208	53
4209	273
4210	487
4211	699
4212	92
4213	183
4214	746
4215	469
4216	273
4217	292
4218	538
4219	959
4220	883
4221	567
4222	238
4223	637
4224	960
4225	955
4226	826
4227	635
4228	308
4229	632
4230	465
4231	704
4232	127
4233	319
4234	99
4235	623
4236	516
4237	289
4238	703
4239	410
4240	405
4241	520
4242	778
4243	110
4244	849
4245	537
4246	263
4247	133
4248	942
4249	865
4250	735
4251	744
4252	758
4253	626
4254	697
4255	459
4256	461
4257	70
4258	972
4259	189
4260	50
4261	879
4262	795
4263	737
4264	675
4265	578
4266	860
4267	945
4268	193
4269	873
4270	32
4271	719
4272	480
4273	628
4274	759
4275	765
4276	647
4277	265
4278	623
4279	589
4280	323
4281	500
4282	113
4283	784
4284	698
4285	347
4286	248
4287	740
4288	883
4289	316
4290	164
4291	306
4292	645
4293	50
4294	961
4295	116
4296	265
4297	433
4298	108
4299	475
4300	915
4301	424
4302	887
4303	311
4304	317
4305	872
4306	114
4307	899
4308	875
4309	342
4310	995
4311	532
4312	345
4313	988
4314	906
4315	154
4316	953
4317	147
4318	894
4319	40
4320	553
4321	667
4322	865
4323	961
4324	87
4325	501
4326	63
4327	896
4328	365
4329	975
4330	191
4331	502
4332	207
4333	621
4334	775
4335	25
4336	63
4337	125
4338	747
4339	825
4340	175
4341	159
4342	501
4343	483
4344	855
4345	814
4346	363
4347	849
4348	98
4349	981
4350	423
4351	987
4352	37
4353	180
4354	612
4355	120
4356	805
4357	993
4358	222
4359	572
4360	293
4361	164
4362	342
4363	30
4364	73
4365	649
4366	618
4367	580
4368	329
4369	374
4370	747
4371	768
4372	589
4373	827
4374	997
4375	935
4376	49
4377	924
4378	550
4379	577
4380	138
4381	68
4382	633
4383	600
4384	681
4385	477
4386	92
4387	943
4388	419
4389	595
4390	235
4391	488
4392	833
4393	343
4394	350
4395	234
4396	738
4397	273
4398	453
4399	509
4400	40
4401	864
4402	868
4403	247
4404	860
4405	389
4406	633
4407	854
4408	434
4409	747
4410	78
4411	580
4412	893
4413	929
4414	528
4415	411
4416	912
4417	81
4418	222
4419	978
4420	589
4421	677
4422	59
4423	996
4424	794
4425	308
4426	282
4427	419
4428	738
4429	633
4430	144
4431	272
4432	198
4433	175
4434	239
4435	466
4436	167
4437	253
4438	481
4439	12
4440	46
4441	790
4442	944
4443	255
4444	972
4445	615
4446	707
4447	232
4448	660
4449	900
4450	577
4451	461
4452	804
4453	564
4454	789
4455	684
4456	826
4457	141
4458	694
4459	844
4460	887
4461	293
4462	652
4463	160
4464	203
4465	799
4466	624
4467	327
4468	907
4469	571
4470	946
4471	684
4472	89
4473	429
4474	274
4475	874
4476	884
4477	153
4478	657
4479	831
4480	575
4481	623
4482	687
4483	516
4484	380
4485	186
4486	608
4487	171
4488	161
4489	488
4490	879
4491	23
4492	718
4493	914
4494	430
4495	432
4496	70
4497	863
4498	900
4499	413
4500	120
4501	895
4502	360
4503	299
4504	802
4505	289
4506	132
4507	61
4508	870
4509	103
4510	305
4511	151
4512	459
4513	231
4514	704
4515	669
4516	234
4517	344
4518	93
4519	80
4520	634
4521	757
4522	573
4523	862
4524	787
4525	240
4526	290
4527	186
4528	159
4529	230
4530	86
4531	580
4532	758
4533	664
4534	187
4535	295
4536	878
4537	822
4538	264
4539	305
4540	862
4541	529
4542	407
4543	414
4544	403
4545	389
4546	965
4547	111
4548	990
4549	87
4550	525
4551	597
4552	641
4553	660
4554	680
4555	390
4556	426
4557	655
4558	417
4559	435
4560	870
4561	672
4562	497
4563	582
4564	706
4565	25
4566	527
4567	975
4568	950
4569	523
4570	989
4571	327
4572	114
4573	921
4574	276
4575	853
4576	159
4577	91
4578	943
4579	271
4580	867
4581	600
4582	666
4583	164
4584	345
4585	673
4586	536
4587	207
4588	361
4589	112
4590	920
4591	985
4592	827
4593	626
4594	627
4595	233
4596	651
4597	485
4598	260
4599	684
4600	724
4601	226
4602	896
4603	476
4604	951
4605	575
4606	280
4607	340
4608	221
4609	19
4610	51
4611	238
4612	782
4613	266
4614	397
4615	712
4616	778
4617	900
4618	122
4619	517
4620	782
4621	595
4622	460
4623	512
4624	978
4625	856
4626	47
4627	629
4628	602
4629	939
4630	354
4631	791
4632	187
4633	130
4634	733
4635	875
4636	299
4637	909
4638	690
4639	490
4640	153
4641	231
4642	809
4643	417
4644	328
4645	206
4646	840
4647	136
4648	327
4649	823
4650	805
4651	39
4652	318
4653	950
4654	395
4655	344
4656	249
4657	725
4658	956
4659	950
4660	403
4661	467
4662	918
4663	140
4664	398
4665	919
4666	122
4667	734
4668	182
4669	311
4670	355
4671	836
4672	607
4673	596
4674	996
4675	43
4676	965
4677	985
4678	460
4679	235
4680	963
4681	438
4682	131
4683	287
4684	365
4685	308
4686	79
4687	562
4688	82
4689	434
4690	960
4691	268
4692	774
4693	467
4694	437
4695	256
4696	433
4697	570
4698	469
4699	309
4700	71
4701	828
4702	629
4703	432
4704	607
4705	501
4706	35
4707	929
4708	91
4709	892
4710	516
4711	891
4712	960
4713	289
4714	991
4715	876
4716	418
4717	733
4718	641
4719	784
4720	534
4721	797
4722	327
4723	895
4724	431
4725	681
4726	632
4727	20
4728	846
4729	220
4730	694
4731	66
4732	267
4733	448
4734	214
4735	423
4736	499
4737	309
4738	319
4739	134
4740	239
4741	234
4742	549
4743	807
4744	327
4745	908
4746	975
4747	195
4748	735
4749	659
4750	910
4751	205
4752	305
4753	77
4754	458
4755	883
4756	667
4757	500
4758	623
4759	111
4760	311
4761	766
4762	149
4763	512
4764	14
4765	200
4766	211
4767	181
4768	175
4769	115
4770	975
4771	743
4772	250
4773	271
4774	252
4775	332
4776	647
4777	166
4778	58
4779	957
4780	959
4781	423
4782	831
4783	335
4784	205
4785	231
4786	19
4787	931
4788	56
4789	105
4790	688
4791	873
4792	761
4793	599
4794	293
4795	224
4796	708
4797	813
4798	85
4799	354
4800	979
4801	257
4802	436
4803	670
4804	581
4805	247
4806	290
4807	935
4808	809
4809	924
4810	364
4811	334
4812	126
4813	569
4814	987
4815	70
4816	656
4817	319
4818	101
4819	460
4820	595
4821	944
4822	267
4823	50
4824	761
4825	910
4826	692
4827	486
4828	857
4829	317
4830	871
4831	456
4832	905
4833	112
4834	366
4835	572
4836	483
4837	944
4838	585
4839	824
4840	996
4841	744
4842	488
4843	800
4844	554
4845	360
4846	702
4847	383
4848	649
4849	316
4850	111
4851	162
4852	993
4853	102
4854	615
4855	784
4856	343
4857	242
4858	703
4859	195
4860	103
4861	26
4862	272
4863	406
4864	407
4865	620
4866	559
4867	677
4868	413
4869	391
4870	531
4871	96
4872	588
4873	818
4874	718
4875	616
4876	249
4877	955
4878	167
4879	362
4880	635
4881	990
4882	713
4883	648
4884	406
4885	846
4886	714
4887	657
4888	17
4889	575
4890	426
4891	355
4892	936
4893	572
4894	952
4895	578
4896	519
4897	147
4898	155
4899	872
4900	268
4901	55
4902	621
4903	47
4904	369
4905	917
4906	825
4907	75
4908	84
4909	860
4910	162
4911	892
4912	936
4913	337
4914	467
4915	646
4916	212
4917	225
4918	795
4919	907
4920	356
4921	685
4922	418
4923	814
4924	659
4925	370
4926	816
4927	840
4928	686
4929	26
4930	712
4931	600
4932	879
4933	216
4934	75
4935	122
4936	620
4937	683
4938	838
4939	249
4940	479
4941	12
4942	848
4943	665
4944	124
4945	910
4946	514
4947	202
4948	385
4949	764
4950	113
4951	643
4952	704
4953	37
4954	675
4955	653
4956	839
4957	979
4958	442
4959	77
4960	788
4961	457
4962	745
4963	46
4964	336
4965	876
4966	825
4967	922
4968	549
4969	809
4970	332
4971	676
4972	975
4973	96
4974	135
4975	831
4976	804
4977	856
4978	974
4979	465
4980	854
4981	211
4982	362
4983	346
4984	442
4985	843
4986	352
4987	716
4988	90
4989	36
4990	426
4991	663
4992	902
4993	139
4994	49
4995	133
4996	497
4997	764
4998	572
4999	884
5000	543
5001	651
5002	691
5003	435
5004	207
5005	618
5006	29
5007	984
5008	517
5009	789
5010	438
5011	556
5012	415
5013	421
5014	354
5015	270
5016	361
5017	862
5018	713
5019	878
5020	374
5021	982
5022	28
5023	530
5024	301
5025	134
5026	429
5027	831
5028	416
5029	879
5030	123
5031	990
5032	791
5033	690
5034	940
5035	137
5036	739
5037	138
5038	679
5039	821
5040	927
5041	305
5042	51
5043	914
5044	636
5045	238
5046	311
5047	201
5048	657
5049	194
5050	898
5051	455
5052	591
5053	469
5054	598
5055	91
5056	130
5057	571
5058	378
5059	272
5060	942
5061	191
5062	779
5063	193
5064	767
5065	426
5066	511
5067	383
5068	449
5069	168
5070	422
5071	63
5072	159
5073	443
5074	783
5075	760
5076	383
5077	578
5078	392
5079	71
5080	23
5081	800
5082	881
5083	270
5084	732
5085	480
5086	390
5087	727
5088	368
5089	584
5090	27
5091	87
5092	195
5093	838
5094	179
5095	843
5096	28
5097	138
5098	526
5099	142
5100	649
5101	383
5102	352
5103	92
5104	451
5105	733
5106	337
5107	64
5108	293
5109	444
5110	904
5111	923
5112	275
5113	226
5114	217
5115	935
5116	234
5117	101
5118	92
5119	292
5120	476
5121	992
5122	30
5123	657
5124	213
5125	520
5126	956
5127	871
5128	852
5129	53
5130	138
5131	503
5132	755
5133	456
5134	41
5135	880
5136	923
5137	212
5138	89
5139	570
5140	831
5141	198
5142	716
5143	807
5144	187
5145	805
5146	14
5147	814
5148	966
5149	129
5150	755
5151	992
5152	264
5153	324
5154	837
5155	620
5156	522
5157	332
5158	24
5159	928
5160	326
5161	414
5162	296
5163	436
5164	788
5165	129
5166	760
5167	621
5168	728
5169	941
5170	760
5171	442
5172	397
5173	696
5174	321
5175	915
5176	811
5177	203
5178	699
5179	99
5180	460
5181	209
5182	534
5183	404
5184	480
5185	502
5186	840
5187	134
5188	891
5189	790
5190	588
5191	254
5192	107
5193	936
5194	591
5195	890
5196	321
5197	972
5198	834
5199	555
5200	178
5201	651
5202	208
5203	831
5204	882
5205	792
5206	136
5207	708
5208	985
5209	419
5210	39
5211	598
5212	652
5213	881
5214	672
5215	820
5216	655
5217	925
5218	852
5219	486
5220	909
5221	415
5222	823
5223	579
5224	681
5225	165
5226	547
5227	903
5228	302
5229	418
5230	478
5231	620
5232	378
5233	746
5234	742
5235	128
5236	395
5237	596
5238	480
5239	323
5240	373
5241	95
5242	816
5243	763
5244	943
5245	134
5246	396
5247	741
5248	632
5249	231
5250	532
5251	532
5252	832
5253	344
5254	314
5255	730
5256	427
5257	175
5258	937
5259	66
5260	343
5261	373
5262	748
5263	295
5264	833
5265	480
5266	730
5267	137
5268	377
5269	121
5270	743
5271	869
5272	615
5273	341
5274	932
5275	279
5276	815
5277	814
5278	53
5279	725
5280	331
5281	320
5282	140
5283	358
5284	239
5285	596
5286	11
5287	264
5288	963
5289	273
5290	624
5291	922
5292	861
5293	177
5294	97
5295	163
5296	507
5297	543
5298	685
5299	924
5300	871
5301	733
5302	243
5303	132
5304	144
5305	794
5306	103
5307	878
5308	641
5309	663
5310	106
5311	310
5312	239
5313	239
5314	198
5315	794
5316	929
5317	391
5318	137
5319	729
5320	460
5321	990
5322	357
5323	889
5324	678
5325	174
5326	880
5327	750
5328	832
5329	734
5330	578
5331	654
5332	279
5333	990
5334	245
5335	19
5336	969
5337	285
5338	862
5339	893
5340	158
5341	128
5342	442
5343	370
5344	125
5345	233
5346	524
5347	249
5348	696
5349	28
5350	519
5351	121
5352	172
5353	52
5354	121
5355	946
5356	474
5357	533
5358	596
5359	114
5360	267
5361	129
5362	727
5363	935
5364	110
5365	226
5366	745
5367	514
5368	224
5369	613
5370	412
5371	864
5372	89
5373	736
5374	484
5375	511
5376	469
5377	629
5378	147
5379	259
5380	258
5381	863
5382	859
5383	802
5384	913
5385	618
5386	458
5387	877
5388	707
5389	770
5390	11
5391	572
5392	721
5393	235
5394	854
5395	325
5396	350
5397	499
5398	391
5399	413
5400	614
5401	66
5402	546
5403	922
5404	444
5405	441
5406	610
5407	909
5408	138
5409	973
5410	563
5411	446
5412	66
5413	923
5414	451
5415	717
5416	874
5417	610
5418	328
5419	379
5420	424
5421	464
5422	966
5423	330
5424	581
5425	741
5426	735
5427	268
5428	815
5429	440
5430	82
5431	414
5432	665
5433	950
5434	496
5435	307
5436	967
5437	330
5438	424
5439	176
5440	720
5441	926
5442	950
5443	211
5444	379
5445	488
5446	810
5447	55
5448	210
5449	244
5450	907
5451	597
5452	454
5453	676
5454	277
5455	185
5456	573
5457	237
5458	994
5459	183
5460	56
5461	327
5462	793
5463	120
5464	913
5465	922
5466	923
5467	538
5468	251
5469	381
5470	301
5471	644
5472	195
5473	441
5474	687
5475	714
5476	119
5477	338
5478	822
5479	105
5480	36
5481	555
5482	980
5483	635
5484	558
5485	617
5486	46
5487	81
5488	206
5489	414
5490	547
5491	43
5492	241
5493	57
5494	125
5495	357
5496	779
5497	308
5498	734
5499	836
5500	962
5501	632
5502	776
5503	759
5504	182
5505	691
5506	769
5507	733
5508	975
5509	81
5510	742
5511	748
5512	287
5513	326
5514	255
5515	421
5516	956
5517	963
5518	215
5519	841
5520	121
5521	395
5522	122
5523	17
5524	694
5525	428
5526	911
5527	408
5528	499
5529	160
5530	87
5531	149
5532	849
5533	330
5534	270
5535	835
5536	541
5537	322
5538	644
5539	727
5540	392
5541	22
5542	686
5543	26
5544	883
5545	840
5546	211
5547	540
5548	783
5549	440
5550	585
5551	698
5552	944
5553	473
5554	458
5555	670
5556	367
5557	280
5558	713
5559	549
5560	666
5561	453
5562	186
5563	349
5564	764
5565	490
5566	545
5567	875
5568	634
5569	384
5570	865
5571	770
5572	689
5573	148
5574	67
5575	273
5576	769
5577	126
5578	978
5579	499
5580	924
5581	41
5582	930
5583	963
5584	143
5585	933
5586	632
5587	238
5588	852
5589	907
5590	315
5591	502
5592	890
5593	901
5594	359
5595	193
5596	446
5597	488
5598	598
5599	856
5600	801
5601	626
5602	184
5603	760
5604	140
5605	677
5606	419
5607	486
5608	268
5609	962
5610	712
5611	882
5612	810
5613	519
5614	677
5615	553
5616	232
5617	394
5618	969
5619	366
5620	511
5621	394
5622	33
5623	215
5624	28
5625	931
5626	824
5627	347
5628	416
5629	44
5630	274
5631	998
5632	592
5633	498
5634	445
5635	428
5636	184
5637	707
5638	266
5639	205
5640	311
5641	463
5642	897
5643	980
5644	578
5645	574
5646	628
5647	648
5648	124
5649	102
5650	138
5651	25
5652	28
5653	170
5654	174
5655	516
5656	477
5657	287
5658	768
5659	179
5660	562
5661	177
5662	228
5663	542
5664	189
5665	437
5666	961
5667	639
5668	532
5669	419
5670	307
5671	521
5672	37
5673	347
5674	283
5675	301
5676	163
5677	206
5678	301
5679	183
5680	811
5681	835
5682	796
5683	852
5684	78
5685	499
5686	197
5687	161
5688	193
5689	772
5690	131
5691	649
5692	860
5693	651
5694	721
5695	475
5696	572
5697	933
5698	687
5699	538
5700	509
5701	378
5702	633
5703	756
5704	175
5705	771
5706	691
5707	506
5708	785
5709	796
5710	283
5711	483
5712	127
5713	797
5714	500
5715	672
5716	515
5717	263
5718	49
5719	667
5720	632
5721	709
5722	661
5723	954
5724	773
5725	354
5726	722
5727	794
5728	922
5729	876
5730	779
5731	922
5732	168
5733	430
5734	365
5735	193
5736	833
5737	980
5738	461
5739	338
5740	401
5741	449
5742	187
5743	732
5744	847
5745	972
5746	84
5747	429
5748	578
5749	536
5750	199
5751	621
5752	452
5753	432
5754	779
5755	291
5756	784
5757	98
5758	796
5759	736
5760	706
5761	625
5762	87
5763	502
5764	715
5765	659
5766	194
5767	423
5768	130
5769	362
5770	764
5771	879
5772	458
5773	928
5774	649
5775	606
5776	939
5777	592
5778	270
5779	275
5780	630
5781	569
5782	873
5783	736
5784	186
5785	495
5786	596
5787	283
5788	628
5789	441
5790	360
5791	474
5792	998
5793	395
5794	944
5795	367
5796	741
5797	938
5798	415
5799	863
5800	96
5801	375
5802	540
5803	827
5804	669
5805	925
5806	922
5807	663
5808	129
5809	43
5810	895
5811	171
5812	950
5813	540
5814	992
5815	359
5816	583
5817	28
5818	750
5819	660
5820	645
5821	938
5822	696
5823	827
5824	563
5825	390
5826	951
5827	338
5828	673
5829	562
5830	878
5831	834
5832	544
5833	933
5834	343
5835	115
5836	147
5837	933
5838	504
5839	11
5840	491
5841	834
5842	253
5843	534
5844	69
5845	670
5846	254
5847	775
5848	58
5849	677
5850	504
5851	554
5852	826
5853	348
5854	366
5855	481
5856	94
5857	221
5858	999
5859	575
5860	74
5861	435
5862	396
5863	751
5864	218
5865	642
5866	752
5867	492
5868	418
5869	393
5870	333
5871	632
5872	583
5873	128
5874	22
5875	462
5876	72
5877	168
5878	925
5879	949
5880	646
5881	789
5882	543
5883	951
5884	998
5885	262
5886	332
5887	125
5888	223
5889	70
5890	290
5891	993
5892	177
5893	395
5894	38
5895	954
5896	758
5897	402
5898	780
5899	578
5900	928
5901	498
5902	90
5903	71
5904	439
5905	145
5906	407
5907	952
5908	550
5909	480
5910	901
5911	67
5912	205
5913	135
5914	92
5915	898
5916	680
5917	763
5918	493
5919	148
5920	754
5921	145
5922	639
5923	988
5924	264
5925	76
5926	936
5927	653
5928	116
5929	961
5930	745
5931	753
5932	398
5933	267
5934	21
5935	696
5936	103
5937	268
5938	864
5939	757
5940	503
5941	434
5942	326
5943	429
5944	45
5945	816
5946	717
5947	797
5948	83
5949	508
5950	979
5951	300
5952	600
5953	888
5954	769
5955	943
5956	273
5957	849
5958	44
5959	445
5960	680
5961	860
5962	193
5963	542
5964	565
5965	253
5966	847
5967	377
5968	115
5969	46
5970	948
5971	195
5972	778
5973	634
5974	485
5975	312
5976	788
5977	884
5978	472
5979	440
5980	779
5981	720
5982	796
5983	824
5984	920
5985	497
5986	871
5987	66
5988	219
5989	415
5990	200
5991	990
5992	905
5993	214
5994	284
5995	878
5996	925
5997	512
5998	269
5999	735
6000	484
Classes	100
Teachers	50
1	37
2	40
3	29
4	30
5	38
6	20
7	3
8	40
9	50
10	34
11	9
12	29
13	36
14	12
15	31
16	3
17	6
18	6
19	49
20	45
21	18
22	16
23	15
24	33
25	47
26	12
27	43
28	41
29	13
30	22
31	39
32	32
33	47
34	37
35	34
36	28
37	7
38	28
39	7
40	31
41	5
42	41
43	48
44	19
45	21
46	25
47	17
48	18
49	45
50	5
51	43
52	11
53	15
54	20
55	38
56	11
57	19
58	23
59	36
60	30
61	9
62	44
63	13
64	33
65	25
66	46
67	39
68	14
69	44
70	26
71	4
72	50
73	22
74	1
75	35
76	16
77	35
78	4
79	46
80	42
81	1
82	10
83	10
84	32
85	49
86	17
87	8
88	27
89	48
90	21
91	8
92	26
93	24
94	14
95	24
96	23
97	42
98	2
99	27
100	2
