Class Times	100
Rooms	7000
1	599
2	582
3	247
4	609
5	697
6	826
7	140
8	579
9	689
10	66
11	122
12	935
13	54
14	989
15	98
16	714
17	644
18	154
19	902
20	366
21	151
22	546
23	545
24	608
25	36
26	81
27	483
28	762
29	575
30	708
31	967
32	280
33	379
34	397
35	708
36	523
37	167
38	856
39	535
40	564
41	619
42	871
43	226
44	563
45	765
46	754
47	335
48	252
49	890
50	729
51	189
52	799
53	448
54	810
55	27
56	149
57	776
58	204
59	783
60	953
61	299
62	142
63	259
64	225
65	78
66	122
67	888
68	387
69	244
70	350
71	286
72	658
73	654
74	255
75	639
76	823
77	153
78	154
79	12
80	602
81	783
82	403
83	629
84	740
85	504
86	552
87	23
88	345
89	458
90	831
91	84
92	233
93	692
94	120
95	438
96	530
97	56
98	553
99	543
100	320
101	717
102	57
103	849
104	73
105	583
106	954
107	728
108	831
109	722
110	138
111	309
112	324
113	333
114	945
115	566
116	930
117	320
118	309
119	81
120	289
121	430
122	174
123	866
124	791
125	80
126	643
127	919
128	477
129	368
130	131
131	929
132	948
133	957
134	736
135	612
136	380
137	925
138	141
139	854
140	276
141	690
142	940
143	760
144	444
145	260
146	651
147	687
148	516
149	171
150	947
151	496
152	749
153	156
154	288
155	293
156	67
157	250
158	968
159	937
160	708
161	689
162	36
163	430
164	451
165	24
166	501
167	384
168	336
169	463
170	514
171	686
172	949
173	689
174	980
175	701
176	929
177	506
178	802
179	715
180	616
181	941
182	923
183	858
184	346
185	92
186	284
187	801
188	841
189	327
190	946
191	306
192	120
193	22
194	258
195	870
196	805
197	813
198	43
199	578
200	457
201	118
202	592
203	899
204	750
205	283
206	775
207	944
208	111
209	760
210	372
211	125
212	485
213	825
214	664
215	450
216	738
217	238
218	669
219	562
220	178
221	505
222	706
223	663
224	897
225	627
226	982
227	266
228	931
229	928
230	353
231	486
232	24
233	774
234	360
235	849
236	488
237	622
238	488
239	261
240	508
241	493
242	267
243	383
244	654
245	779
246	703
247	982
248	507
249	824
250	520
251	960
252	334
253	289
254	151
255	759
256	402
257	836
258	899
259	233
260	41
261	452
262	395
263	143
264	858
265	503
266	986
267	621
268	181
269	872
270	508
271	991
272	766
273	13
274	766
275	315
276	655
277	395
278	989
279	278
280	44
281	658
282	848
283	864
284	494
285	658
286	742
287	156
288	121
289	10
290	825
291	821
292	760
293	405
294	171
295	321
296	558
297	598
298	74
299	36
300	234
301	787
302	612
303	549
304	934
305	55
306	567
307	928
308	739
309	540
310	893
311	188
312	89
313	568
314	785
315	988
316	560
317	735
318	185
319	926
320	469
321	300
322	284
323	99
324	653
325	286
326	744
327	160
328	430
329	114
330	791
331	58
332	40
333	24
334	182
335	976
336	788
337	389
338	919
339	379
340	165
341	384
342	375
343	501
344	370
345	553
346	958
347	990
348	646
349	363
350	285
351	929
352	766
353	761
354	397
355	968
356	373
357	157
358	754
359	852
360	896
361	209
362	697
363	174
364	456
365	628
366	967
367	418
368	594
369	935
370	471
371	380
372	478
373	205
374	868
375	146
376	810
377	48
378	673
379	707
380	719
381	157
382	769
383	940
384	920
385	133
386	718
387	949
388	206
389	821
390	782
391	37
392	711
393	946
394	384
395	148
396	752
397	322
398	992
399	677
400	866
401	912
402	148
403	780
404	403
405	557
406	389
407	243
408	860
409	804
410	309
411	87
412	904
413	523
414	347
415	376
416	360
417	895
418	396
419	91
420	369
421	625
422	241
423	158
424	486
425	975
426	729
427	712
428	408
429	851
430	918
431	645
432	597
433	478
434	737
435	619
436	670
437	285
438	244
439	580
440	399
441	17
442	486
443	271
444	955
445	143
446	566
447	933
448	656
449	213
450	219
451	753
452	593
453	256
454	143
455	611
456	110
457	564
458	153
459	727
460	340
461	190
462	558
463	862
464	427
465	417
466	591
467	236
468	467
469	809
470	29
471	904
472	745
473	914
474	509
475	408
476	377
477	357
478	70
479	805
480	438
481	952
482	75
483	761
484	491
485	197
486	366
487	880
488	494
489	567
490	300
491	197
492	66
493	808
494	914
495	887
496	331
497	354
498	890
499	944
500	852
501	344
502	251
503	594
504	312
505	728
506	514
507	576
508	688
509	93
510	568
511	772
512	929
513	685
514	252
515	229
516	205
517	246
518	824
519	330
520	195
521	799
522	828
523	749
524	239
525	802
526	329
527	865
528	251
529	949
530	145
531	797
532	779
533	318
534	188
535	176
536	258
537	84
538	908
539	420
540	419
541	661
542	232
543	877
544	809
545	771
546	150
547	750
548	837
549	600
550	98
551	90
552	320
553	280
554	639
555	87
556	129
557	89
558	119
559	849
560	208
561	673
562	202
563	804
564	82
565	749
566	394
567	233
568	836
569	662
570	566
571	944
572	162
573	108
574	790
575	51
576	709
577	343
578	827
579	440
580	218
581	45
582	947
583	592
584	360
585	842
586	103
587	737
588	473
589	372
590	364
591	369
592	383
593	516
594	508
595	302
596	27
597	889
598	443
599	171
600	802
601	521
602	232
603	31
604	363
605	393
606	66
607	187
608	989
609	482
610	994
611	157
612	341
613	670
614	410
615	209
616	310
617	733
618	815
619	889
620	285
621	356
622	224
623	701
624	682
625	299
626	906
627	791
628	925
629	699
630	326
631	322
632	390
633	455
634	733
635	25
636	257
637	174
638	189
639	305
640	234
641	219
642	807
643	629
644	227
645	778
646	643
647	447
648	659
649	490
650	395
651	524
652	24
653	574
654	298
655	449
656	271
657	952
658	609
659	920
660	272
661	665
662	59
663	941
664	421
665	104
666	442
667	137
668	426
669	419
670	272
671	107
672	903
673	749
674	97
675	854
676	457
677	256
678	393
679	356
680	747
681	786
682	671
683	523
684	700
685	502
686	597
687	764
688	543
689	367
690	761
691	911
692	828
693	466
694	965
695	566
696	27
697	140
698	427
699	907
700	574
701	569
702	786
703	548
704	837
705	485
706	435
707	271
708	72
709	79
710	270
711	453
712	923
713	672
714	16
715	226
716	426
717	330
718	559
719	900
720	149
721	172
722	193
723	124
724	415
725	938
726	218
727	193
728	406
729	146
730	941
731	427
732	911
733	597
734	334
735	938
736	836
737	293
738	653
739	239
740	181
741	423
742	543
743	828
744	108
745	658
746	47
747	855
748	778
749	962
750	617
751	444
752	388
753	137
754	720
755	97
756	560
757	914
758	916
759	870
760	265
761	599
762	630
763	632
764	738
765	552
766	156
767	974
768	75
769	573
770	152
771	369
772	927
773	823
774	850
775	838
776	127
777	254
778	445
779	452
780	689
781	748
782	861
783	784
784	677
785	529
786	677
787	721
788	815
789	349
790	569
791	175
792	267
793	535
794	953
795	409
796	653
797	60
798	44
799	289
800	649
801	589
802	612
803	96
804	224
805	923
806	354
807	895
808	492
809	347
810	222
811	617
812	156
813	352
814	264
815	387
816	420
817	25
818	963
819	912
820	43
821	291
822	67
823	926
824	147
825	313
826	452
827	750
828	950
829	256
830	998
831	963
832	964
833	538
834	653
835	64
836	685
837	309
838	802
839	905
840	953
841	33
842	960
843	803
844	394
845	394
846	921
847	209
848	858
849	577
850	321
851	331
852	220
853	223
854	964
855	952
856	877
857	67
858	163
859	684
860	680
861	727
862	283
863	610
864	225
865	918
866	768
867	836
868	511
869	896
870	126
871	795
872	430
873	278
874	661
875	456
876	929
877	283
878	968
879	924
880	455
881	914
882	148
883	649
884	360
885	184
886	467
887	49
888	498
889	277
890	870
891	304
892	819
893	862
894	159
895	311
896	677
897	678
898	219
899	411
900	491
901	490
902	836
903	658
904	746
905	40
906	462
907	583
908	68
909	728
910	441
911	389
912	155
913	948
914	529
915	931
916	880
917	248
918	482
919	861
920	928
921	998
922	599
923	509
924	184
925	172
926	94
927	155
928	168
929	585
930	244
931	955
932	895
933	790
934	40
935	23
936	807
937	218
938	960
939	306
940	229
941	508
942	759
943	757
944	194
945	756
946	847
947	489
948	75
949	829
950	513
951	227
952	518
953	252
954	791
955	937
956	407
957	58
958	680
959	707
960	269
961	420
962	218
963	483
964	627
965	612
966	193
967	700
968	528
969	61
970	529
971	755
972	809
973	877
974	321
975	965
976	858
977	575
978	524
979	804
980	35
981	344
982	650
983	181
984	567
985	960
986	837
987	549
988	675
989	573
990	926
991	19
992	765
993	406
994	129
995	680
996	129
997	588
998	483
999	822
1000	150
1001	414
1002	62
1003	976
1004	864
1005	270
1006	555
1007	852
1008	720
1009	317
1010	384
1011	63
1012	712
1013	628
1014	288
1015	513
1016	543
1017	219
1018	294
1019	368
1020	548
1021	624
1022	325
1023	517
1024	796
1025	421
1026	951
1027	660
1028	603
1029	19
1030	47
1031	396
1032	408
1033	411
1034	800
1035	199
1036	208
1037	598
1038	161
1039	555
1040	805
1041	92
1042	184
1043	620
1044	465
1045	800
1046	12
1047	99
1048	333
1049	975
1050	361
1051	940
1052	467
1053	96
1054	239
1055	542
1056	214
1057	477
1058	446
1059	929
1060	53
1061	250
1062	625
1063	26
1064	55
1065	17
1066	673
1067	33
1068	434
1069	883
1070	798
1071	647
1072	306
1073	265
1074	728
1075	178
1076	595
1077	863
1078	201
1079	571
1080	117
1081	96
1082	161
1083	970
1084	430
1085	454
1086	159
1087	721
1088	675
1089	958
1090	720
1091	216
1092	495
1093	203
1094	246
1095	247
1096	185
1097	970
1098	546
1099	147
1100	391
1101	498
1102	963
1103	517
1104	196
1105	530
1106	164
1107	832
1108	505
1109	679
1110	815
1111	941
1112	334
1113	838
1114	203
1115	576
1116	317
1117	360
1118	209
1119	928
1120	15
1121	169
1122	324
1123	527
1124	113
1125	406
1126	229
1127	971
1128	965
1129	696
1130	74
1131	816
1132	487
1133	635
1134	323
1135	461
1136	376
1137	495
1138	813
1139	845
1140	825
1141	761
1142	874
1143	509
1144	264
1145	697
1146	657
1147	769
1148	380
1149	639
1150	507
1151	197
1152	214
1153	558
1154	86
1155	114
1156	538
1157	178
1158	239
1159	547
1160	202
1161	469
1162	490
1163	933
1164	470
1165	534
1166	160
1167	48
1168	752
1169	286
1170	275
1171	326
1172	131
1173	425
1174	110
1175	640
1176	667
1177	699
1178	862
1179	616
1180	390
1181	300
1182	834
1183	95
1184	726
1185	356
1186	411
1187	609
1188	57
1189	330
1190	710
1191	883
1192	177
1193	601
1194	965
1195	897
1196	85
1197	841
1198	412
1199	181
1200	814
1201	673
1202	986
1203	535
1204	607
1205	721
1206	308
1207	965
1208	76
1209	969
1210	575
1211	535
1212	941
1213	932
1214	123
1215	162
1216	453
1217	829
1218	443
1219	96
1220	972
1221	19
1222	266
1223	289
1224	461
1225	972
1226	910
1227	980
1228	138
1229	741
1230	746
1231	449
1232	156
1233	251
1234	98
1235	257
1236	382
1237	768
1238	900
1239	393
1240	106
1241	897
1242	477
1243	305
1244	445
1245	161
1246	222
1247	756
1248	920
1249	932
1250	571
1251	347
1252	892
1253	112
1254	500
1255	310
1256	984
1257	461
1258	792
1259	598
1260	507
1261	247
1262	200
1263	178
1264	478
1265	54
1266	774
1267	647
1268	746
1269	846
1270	197
1271	465
1272	463
1273	440
1274	466
1275	228
1276	210
1277	415
1278	564
1279	951
1280	273
1281	635
1282	855
1283	983
1284	161
1285	689
1286	806
1287	281
1288	984
1289	731
1290	984
1291	984
1292	530
1293	215
1294	865
1295	712
1296	611
1297	284
1298	837
1299	224
1300	44
1301	875
1302	761
1303	653
1304	974
1305	78
1306	167
1307	977
1308	273
1309	809
1310	78
1311	863
1312	362
1313	566
1314	813
1315	864
1316	153
1317	120
1318	567
1319	913
1320	287
1321	14
1322	116
1323	855
1324	301
1325	587
1326	236
1327	496
1328	931
1329	509
1330	857
1331	309
1332	463
1333	702
1334	622
1335	947
1336	253
1337	917
1338	198
1339	646
1340	336
1341	383
1342	906
1343	20
1344	682
1345	428
1346	88
1347	281
1348	868
1349	152
1350	302
1351	565
1352	434
1353	147
1354	363
1355	417
1356	391
1357	321
1358	467
1359	303
1360	813
1361	880
1362	480
1363	619
1364	512
1365	717
1366	515
1367	348
1368	403
1369	476
1370	717
1371	394
1372	373
1373	300
1374	544
1375	159
1376	455
1377	656
1378	472
1379	464
1380	288
1381	698
1382	277
1383	534
1384	211
1385	642
1386	358
1387	351
1388	484
1389	500
1390	360
1391	280
1392	513
1393	890
1394	336
1395	346
1396	396
1397	326
1398	919
1399	671
1400	434
1401	505
1402	707
1403	360
1404	403
1405	556
1406	634
1407	107
1408	437
1409	879
1410	879
1411	918
1412	949
1413	628
1414	51
1415	69
1416	929
1417	71
1418	986
1419	228
1420	408
1421	215
1422	297
1423	196
1424	50
1425	131
1426	107
1427	286
1428	995
1429	710
1430	275
1431	307
1432	655
1433	581
1434	496
1435	207
1436	909
1437	613
1438	237
1439	42
1440	982
1441	624
1442	622
1443	27
1444	462
1445	142
1446	435
1447	398
1448	170
1449	320
1450	782
1451	809
1452	83
1453	581
1454	795
1455	429
1456	545
1457	556
1458	196
1459	559
1460	899
1461	485
1462	809
1463	237
1464	746
1465	762
1466	61
1467	830
1468	458
1469	479
1470	790
1471	803
1472	827
1473	780
1474	579
1475	412
1476	128
1477	248
1478	444
1479	462
1480	230
1481	344
1482	240
1483	833
1484	860
1485	537
1486	142
1487	208
1488	571
1489	842
1490	543
1491	359
1492	899
1493	610
1494	698
1495	986
1496	877
1497	921
1498	560
1499	795
1500	897
1501	760
1502	501
1503	707
1504	55
1505	388
1506	785
1507	721
1508	483
1509	834
1510	630
1511	675
1512	74
1513	702
1514	690
1515	654
1516	843
1517	770
1518	513
1519	555
1520	897
1521	174
1522	77
1523	230
1524	592
1525	209
1526	771
1527	938
1528	467
1529	219
1530	667
1531	870
1532	827
1533	189
1534	428
1535	277
1536	800
1537	125
1538	865
1539	101
1540	86
1541	806
1542	413
1543	359
1544	18
1545	571
1546	199
1547	363
1548	503
1549	425
1550	291
1551	529
1552	299
1553	72
1554	243
1555	432
1556	475
1557	646
1558	513
1559	449
1560	984
1561	191
1562	91
1563	314
1564	627
1565	49
1566	987
1567	521
1568	259
1569	114
1570	847
1571	978
1572	34
1573	779
1574	797
1575	252
1576	806
1577	586
1578	868
1579	806
1580	297
1581	947
1582	806
1583	142
1584	739
1585	788
1586	251
1587	845
1588	100
1589	524
1590	693
1591	383
1592	440
1593	48
1594	872
1595	272
1596	696
1597	132
1598	241
1599	213
1600	257
1601	484
1602	864
1603	755
1604	849
1605	900
1606	104
1607	660
1608	560
1609	144
1610	289
1611	74
1612	658
1613	717
1614	276
1615	540
1616	647
1617	698
1618	365
1619	916
1620	732
1621	909
1622	243
1623	513
1624	842
1625	543
1626	13
1627	912
1628	360
1629	600
1630	438
1631	586
1632	195
1633	209
1634	241
1635	639
1636	127
1637	239
1638	42
1639	718
1640	989
1641	525
1642	331
1643	812
1644	923
1645	794
1646	184
1647	954
1648	542
1649	164
1650	872
1651	160
1652	111
1653	496
1654	747
1655	258
1656	399
1657	60
1658	687
1659	708
1660	891
1661	339
1662	496
1663	109
1664	629
1665	670
1666	424
1667	409
1668	384
1669	216
1670	824
1671	241
1672	567
1673	502
1674	93
1675	122
1676	631
1677	459
1678	832
1679	843
1680	715
1681	465
1682	180
1683	688
1684	620
1685	993
1686	236
1687	275
1688	682
1689	247
1690	915
1691	359
1692	269
1693	215
1694	687
1695	647
1696	122
1697	578
1698	360
1699	408
1700	841
1701	691
1702	681
1703	687
1704	935
1705	746
1706	244
1707	190
1708	742
1709	887
1710	423
1711	774
1712	360
1713	276
1714	479
1715	376
1716	658
1717	468
1718	531
1719	460
1720	502
1721	906
1722	819
1723	939
1724	978
1725	847
1726	209
1727	728
1728	746
1729	567
1730	669
1731	377
1732	385
1733	93
1734	280
1735	801
1736	275
1737	703
1738	433
1739	520
1740	312
1741	608
1742	158
1743	589
1744	648
1745	85
1746	653
1747	939
1748	401
1749	877
1750	920
1751	767
1752	785
1753	467
1754	223
1755	739
1756	627
1757	337
1758	16
1759	195
1760	924
1761	127
1762	274
1763	556
1764	310
1765	80
1766	631
1767	277
1768	896
1769	319
1770	175
1771	991
1772	990
1773	83
1774	970
1775	260
1776	342
1777	188
1778	702
1779	713
1780	666
1781	583
1782	438
1783	423
1784	137
1785	573
1786	959
1787	195
1788	558
1789	371
1790	524
1791	874
1792	874
1793	264
1794	828
1795	614
1796	425
1797	388
1798	950
1799	77
1800	816
1801	173
1802	725
1803	374
1804	54
1805	49
1806	335
1807	997
1808	296
1809	698
1810	359
1811	348
1812	326
1813	69
1814	335
1815	958
1816	405
1817	399
1818	519
1819	568
1820	256
1821	402
1822	617
1823	808
1824	351
1825	471
1826	628
1827	858
1828	873
1829	191
1830	910
1831	879
1832	555
1833	519
1834	527
1835	728
1836	178
1837	74
1838	529
1839	149
1840	503
1841	70
1842	305
1843	144
1844	695
1845	554
1846	304
1847	685
1848	946
1849	44
1850	307
1851	805
1852	819
1853	195
1854	425
1855	349
1856	73
1857	427
1858	282
1859	273
1860	283
1861	533
1862	861
1863	151
1864	854
1865	714
1866	558
1867	329
1868	799
1869	775
1870	122
1871	203
1872	89
1873	591
1874	543
1875	407
1876	535
1877	962
1878	829
1879	930
1880	918
1881	579
1882	286
1883	29
1884	184
1885	362
1886	468
1887	819
1888	401
1889	980
1890	845
1891	795
1892	634
1893	410
1894	506
1895	230
1896	744
1897	527
1898	280
1899	390
1900	285
1901	304
1902	879
1903	693
1904	736
1905	516
1906	383
1907	365
1908	11
1909	660
1910	286
1911	738
1912	182
1913	296
1914	314
1915	193
1916	385
1917	371
1918	607
1919	189
1920	730
1921	927
1922	833
1923	503
1924	525
1925	849
1926	478
1927	174
1928	414
1929	842
1930	518
1931	318
1932	487
1933	445
1934	875
1935	245
1936	192
1937	83
1938	538
1939	109
1940	229
1941	551
1942	150
1943	351
1944	298
1945	496
1946	735
1947	508
1948	613
1949	475
1950	303
1951	130
1952	95
1953	17
1954	547
1955	969
1956	111
1957	653
1958	413
1959	601
1960	460
1961	303
1962	905
1963	825
1964	317
1965	44
1966	42
1967	347
1968	90
1969	128
1970	888
1971	109
1972	822
1973	32
1974	987
1975	104
1976	170
1977	531
1978	749
1979	936
1980	337
1981	136
1982	673
1983	182
1984	468
1985	720
1986	336
1987	546
1988	377
1989	149
1990	907
1991	220
1992	987
1993	267
1994	293
1995	523
1996	617
1997	34
1998	835
1999	433
2000	892
2001	715
2002	356
2003	776
2004	51
2005	227
2006	617
2007	165
2008	711
2009	418
2010	11
2011	428
2012	111
2013	361
2014	922
2015	327
2016	380
2017	377
2018	227
2019	828
2020	229
2021	565
2022	975
2023	400
2024	64
2025	740
2026	640
2027	369
2028	28
2029	734
2030	551
2031	646
2032	250
2033	280
2034	374
2035	596
2036	882
2037	125
2038	875
2039	644
2040	179
2041	620
2042	960
2043	278
2044	556
2045	557
2046	532
2047	584
2048	146
2049	933
2050	420
2051	40
2052	786
2053	510
2054	386
2055	441
2056	938
2057	668
2058	993
2059	610
2060	183
2061	850
2062	544
2063	859
2064	264
2065	736
2066	558
2067	247
2068	756
2069	960
2070	713
2071	571
2072	522
2073	490
2074	525
2075	230
2076	14
2077	285
2078	768
2079	90
2080	377
2081	129
2082	188
2083	586
2084	558
2085	960
2086	472
2087	878
2088	779
2089	100
2090	887
2091	628
2092	904
2093	636
2094	152
2095	441
2096	354
2097	222
2098	943
2099	340
2100	211
2101	530
2102	863
2103	206
2104	435
2105	818
2106	391
2107	692
2108	286
2109	487
2110	72
2111	136
2112	224
2113	287
2114	605
2115	565
2116	801
2117	419
2118	907
2119	467
2120	71
2121	765
2122	774
2123	193
2124	754
2125	801
2126	603
2127	228
2128	992
2129	723
2130	390
2131	189
2132	150
2133	714
2134	784
2135	240
2136	406
2137	82
2138	682
2139	679
2140	150
2141	701
2142	655
2143	752
2144	792
2145	530
2146	727
2147	423
2148	763
2149	557
2150	886
2151	205
2152	461
2153	601
2154	972
2155	642
2156	477
2157	638
2158	562
2159	281
2160	974
2161	359
2162	563
2163	105
2164	134
2165	960
2166	239
2167	375
2168	431
2169	744
2170	341
2171	874
2172	917
2173	695
2174	60
2175	254
2176	348
2177	659
2178	583
2179	513
2180	140
2181	48
2182	248
2183	47
2184	480
2185	558
2186	619
2187	545
2188	898
2189	809
2190	656
2191	853
2192	608
2193	553
2194	130
2195	772
2196	175
2197	27
2198	82
2199	727
2200	792
2201	350
2202	722
2203	425
2204	763
2205	72
2206	851
2207	221
2208	660
2209	335
2210	577
2211	920
2212	331
2213	873
2214	46
2215	673
2216	519
2217	404
2218	93
2219	199
2220	737
2221	396
2222	644
2223	114
2224	415
2225	828
2226	487
2227	186
2228	588
2229	524
2230	756
2231	623
2232	464
2233	582
2234	31
2235	857
2236	108
2237	318
2238	331
2239	565
2240	169
2241	28
2242	772
2243	107
2244	33
2245	829
2246	86
2247	925
2248	719
2249	862
2250	467
2251	611
2252	768
2253	589
2254	605
2255	48
2256	794
2257	572
2258	706
2259	559
2260	384
2261	913
2262	977
2263	241
2264	556
2265	127
2266	889
2267	739
2268	717
2269	853
2270	364
2271	29
2272	268
2273	241
2274	551
2275	782
2276	522
2277	489
2278	863
2279	297
2280	205
2281	693
2282	495
2283	424
2284	959
2285	667
2286	715
2287	201
2288	179
2289	312
2290	50
2291	908
2292	655
2293	214
2294	80
2295	613
2296	442
2297	553
2298	827
2299	438
2300	17
2301	498
2302	194
2303	634
2304	410
2305	513
2306	138
2307	725
2308	336
2309	333
2310	496
2311	55
2312	117
2313	112
2314	531
2315	195
2316	988
2317	607
2318	93
2319	575
2320	92
2321	47
2322	600
2323	589
2324	567
2325	65
2326	550
2327	538
2328	899
2329	952
2330	837
2331	601
2332	903
2333	870
2334	455
2335	737
2336	364
2337	664
2338	508
2339	734
2340	622
2341	441
2342	10
2343	510
2344	67
2345	135
2346	12
2347	662
2348	671
2349	939
2350	173
2351	307
2352	774
2353	68
2354	620
2355	406
2356	319
2357	687
2358	344
2359	776
2360	924
2361	635
2362	828
2363	820
2364	930
2365	335
2366	83
2367	936
2368	225
2369	825
2370	216
2371	507
2372	872
2373	265
2374	646
2375	879
2376	375
2377	338
2378	893
2379	437
2380	796
2381	328
2382	216
2383	542
2384	733
2385	813
2386	909
2387	796
2388	667
2389	130
2390	260
2391	190
2392	571
2393	489
2394	270
2395	940
2396	956
2397	788
2398	463
2399	568
2400	631
2401	744
2402	515
2403	745
2404	391
2405	955
2406	618
2407	243
2408	695
2409	475
2410	687
2411	559
2412	894
2413	284
2414	319
2415	117
2416	740
2417	265
2418	891
2419	566
2420	506
2421	302
2422	106
2423	168
2424	440
2425	525
2426	579
2427	566
2428	86
2429	31
2430	485
2431	128
2432	742
2433	841
2434	458
2435	121
2436	34
2437	844
2438	718
2439	109
2440	473
2441	503
2442	353
2443	561
2444	395
2445	679
2446	527
2447	391
2448	851
2449	277
2450	767
2451	628
2452	926
2453	440
2454	997
2455	986
2456	249
2457	31
2458	826
2459	221
2460	188
2461	942
2462	823
2463	217
2464	381
2465	566
2466	290
2467	463
2468	775
2469	408
2470	464
2471	151
2472	728
2473	502
2474	818
2475	399
2476	676
2477	423
2478	502
2479	902
2480	874
2481	544
2482	340
2483	354
2484	386
2485	328
2486	424
2487	514
2488	989
2489	848
2490	125
2491	708
2492	650
2493	309
2494	117
2495	479
2496	930
2497	485
2498	766
2499	846
2500	570
2501	386
2502	125
2503	495
2504	746
2505	991
2506	472
2507	825
2508	589
2509	806
2510	255
2511	220
2512	812
2513	513
2514	922
2515	916
2516	318
2517	862
2518	372
2519	706
2520	232
2521	390
2522	281
2523	166
2524	743
2525	384
2526	374
2527	991
2528	489
2529	668
2530	861
2531	895
2532	906
2533	474
2534	213
2535	162
2536	56
2537	162
2538	115
2539	714
2540	809
2541	150
2542	445
2543	490
2544	778
2545	818
2546	951
2547	266
2548	874
2549	501
2550	289
2551	591
2552	906
2553	647
2554	271
2555	206
2556	142
2557	109
2558	304
2559	687
2560	653
2561	843
2562	308
2563	925
2564	772
2565	76
2566	923
2567	74
2568	264
2569	419
2570	957
2571	759
2572	673
2573	40
2574	759
2575	337
2576	884
2577	772
2578	634
2579	35
2580	162
2581	943
2582	146
2583	15
2584	366
2585	995
2586	870
2587	845
2588	113
2589	150
2590	860
2591	212
2592	629
2593	796
2594	539
2595	387
2596	302
2597	631
2598	21
2599	236
2600	299
2601	954
2602	161
2603	151
2604	858
2605	876
2606	843
2607	378
2608	612
2609	339
2610	284
2611	116
2612	454
2613	770
2614	217
2615	773
2616	848
2617	66
2618	136
2619	558
2620	895
2621	468
2622	683
2623	814
2624	991
2625	568
2626	544
2627	90
2628	755
2629	88
2630	581
2631	488
2632	413
2633	609
2634	243
2635	624
2636	542
2637	104
2638	301
2639	66
2640	133
2641	137
2642	768
2643	223
2644	73
2645	295
2646	58
2647	684
2648	216
2649	226
2650	25
2651	957
2652	725
2653	822
2654	781
2655	742
2656	710
2657	893
2658	47
2659	752
2660	315
2661	837
2662	346
2663	388
2664	591
2665	638
2666	162
2667	518
2668	398
2669	548
2670	247
2671	209
2672	117
2673	975
2674	618
2675	21
2676	160
2677	319
2678	157
2679	880
2680	133
2681	324
2682	886
2683	765
2684	963
2685	724
2686	109
2687	547
2688	855
2689	460
2690	577
2691	369
2692	73
2693	890
2694	834
2695	687
2696	790
2697	928
2698	279
2699	152
2700	71
2701	639
2702	963
2703	775
2704	527
2705	431
2706	194
2707	287
2708	98
2709	215
2710	796
2711	108
2712	471
2713	954
2714	175
2715	342
2716	976
2717	351
2718	380
2719	945
2720	582
2721	354
2722	969
2723	785
2724	891
2725	485
2726	45
2727	954
2728	527
2729	72
2730	875
2731	203
2732	502
2733	684
2734	115
2735	424
2736	864
2737	838
2738	536
2739	663
2740	885
2741	798
2742	614
2743	263
2744	248
2745	954
2746	809
2747	461
2748	121
2749	914
2750	782
2751	668
2752	779
2753	363
2754	675
2755	213
2756	540
2757	852
2758	954
2759	788
2760	305
2761	790
2762	679
2763	496
2764	728
2765	923
2766	943
2767	229
2768	395
2769	460
2770	359
2771	429
2772	130
2773	603
2774	301
2775	914
2776	645
2777	480
2778	979
2779	755
2780	366
2781	36
2782	943
2783	739
2784	987
2785	495
2786	476
2787	900
2788	537
2789	587
2790	643
2791	139
2792	403
2793	389
2794	850
2795	705
2796	525
2797	789
2798	210
2799	212
2800	819
2801	30
2802	605
2803	809
2804	940
2805	890
2806	57
2807	112
2808	693
2809	266
2810	535
2811	319
2812	176
2813	453
2814	733
2815	817
2816	26
2817	283
2818	100
2819	752
2820	381
2821	25
2822	164
2823	243
2824	512
2825	427
2826	39
2827	491
2828	496
2829	837
2830	976
2831	71
2832	997
2833	400
2834	208
2835	398
2836	555
2837	103
2838	204
2839	30
2840	977
2841	528
2842	706
2843	961
2844	921
2845	854
2846	383
2847	971
2848	784
2849	348
2850	178
2851	111
2852	498
2853	254
2854	970
2855	713
2856	703
2857	431
2858	855
2859	543
2860	82
2861	930
2862	189
2863	648
2864	56
2865	704
2866	404
2867	46
2868	787
2869	35
2870	499
2871	75
2872	14
2873	14
2874	590
2875	726
2876	576
2877	39
2878	425
2879	476
2880	878
2881	751
2882	127
2883	413
2884	512
2885	221
2886	314
2887	202
2888	265
2889	917
2890	483
2891	97
2892	932
2893	105
2894	101
2895	671
2896	482
2897	498
2898	261
2899	858
2900	186
2901	442
2902	640
2903	771
2904	623
2905	646
2906	843
2907	967
2908	948
2909	45
2910	950
2911	61
2912	370
2913	613
2914	354
2915	176
2916	273
2917	364
2918	932
2919	143
2920	847
2921	363
2922	618
2923	306
2924	289
2925	609
2926	446
2927	174
2928	773
2929	441
2930	743
2931	763
2932	100
2933	424
2934	449
2935	71
2936	61
2937	415
2938	178
2939	705
2940	204
2941	823
2942	690
2943	187
2944	292
2945	470
2946	394
2947	684
2948	182
2949	381
2950	873
2951	199
2952	537
2953	497
2954	570
2955	122
2956	610
2957	754
2958	586
2959	192
2960	955
2961	16
2962	996
2963	45
2964	372
2965	132
2966	259
2967	425
2968	54
2969	781
2970	50
2971	582
2972	912
2973	800
2974	365
2975	798
2976	401
2977	936
2978	383
2979	98
2980	308
2981	542
2982	599
2983	748
2984	168
2985	587
2986	768
2987	23
2988	299
2989	846
2990	232
2991	213
2992	625
2993	724
2994	191
2995	482
2996	26
2997	328
2998	987
2999	373
3000	589
3001	358
3002	175
3003	51
3004	412
3005	871
3006	910
3007	66
3008	628
3009	151
3010	438
3011	235
3012	779
3013	118
3014	119
3015	28
3016	565
3017	40
3018	329
3019	217
3020	684
3021	905
3022	237
3023	825
3024	946
3025	384
3026	494
3027	584
3028	456
3029	300
3030	438
3031	848
3032	735
3033	121
3034	251
3035	189
3036	654
3037	429
3038	23
3039	557
3040	754
3041	400
3042	406
3043	772
3044	974
3045	344
3046	524
3047	323
3048	126
3049	905
3050	75
3051	754
3052	25
3053	571
3054	976
3055	150
3056	166
3057	811
3058	759
3059	280
3060	741
3061	549
3062	200
3063	948
3064	50
3065	840
3066	436
3067	737
3068	378
3069	772
3070	419
3071	528
3072	814
3073	651
3074	492
3075	189
3076	970
3077	531
3078	522
3079	874
3080	188
3081	853
3082	604
3083	86
3084	813
3085	696
3086	791
3087	428
3088	995
3089	678
3090	244
3091	706
3092	404
3093	866
3094	838
3095	508
3096	95
3097	162
3098	101
3099	786
3100	813
3101	552
3102	578
3103	565
3104	726
3105	243
3106	269
3107	965
3108	805
3109	698
3110	323
3111	819
3112	823
3113	919
3114	859
3115	473
3116	139
3117	197
3118	940
3119	473
3120	636
3121	759
3122	971
3123	585
3124	245
3125	218
3126	747
3127	54
3128	587
3129	723
3130	306
3131	627
3132	641
3133	587
3134	152
3135	299
3136	633
3137	372
3138	552
3139	718
3140	16
3141	321
3142	533
3143	754
3144	452
3145	746
3146	664
3147	949
3148	273
3149	531
3150	712
3151	248
3152	575
3153	284
3154	314
3155	565
3156	714
3157	922
3158	151
3159	628
3160	610
3161	92
3162	575
3163	305
3164	538
3165	706
3166	748
3167	570
3168	480
3169	887
3170	689
3171	475
3172	927
3173	634
3174	482
3175	443
3176	748
3177	675
3178	784
3179	109
3180	343
3181	485
3182	25
3183	231
3184	23
3185	745
3186	54
3187	193
3188	334
3189	774
3190	825
3191	13
3192	411
3193	658
3194	387
3195	328
3196	928
3197	21
3198	580
3199	613
3200	305
3201	827
3202	681
3203	863
3204	340
3205	73
3206	464
3207	112
3208	501
3209	247
3210	23
3211	312
3212	306
3213	565
3214	123
3215	24
3216	211
3217	804
3218	703
3219	876
3220	588
3221	358
3222	75
3223	693
3224	323
3225	349
3226	912
3227	83
3228	401
3229	123
3230	324
3231	690
3232	747
3233	203
3234	715
3235	576
3236	814
3237	206
3238	447
3239	857
3240	717
3241	572
3242	740
3243	919
3244	856
3245	671
3246	861
3247	668
3248	250
3249	629
3250	417
3251	476
3252	939
3253	284
3254	248
3255	366
3256	283
3257	333
3258	570
3259	373
3260	223
3261	812
3262	881
3263	745
3264	317
3265	574
3266	565
3267	585
3268	443
3269	844
3270	706
3271	719
3272	656
3273	155
3274	505
3275	858
3276	784
3277	442
3278	41
3279	261
3280	879
3281	307
3282	965
3283	824
3284	322
3285	740
3286	614
3287	134
3288	435
3289	479
3290	738
3291	695
3292	597
3293	738
3294	453
3295	533
3296	801
3297	931
3298	375
3299	734
3300	244
3301	689
3302	920
3303	761
3304	151
3305	517
3306	102
3307	134
3308	182
3309	801
3310	244
3311	205
3312	761
3313	754
3314	459
3315	936
3316	651
3317	874
3318	823
3319	181
3320	344
3321	909
3322	319
3323	642
3324	43
3325	467
3326	348
3327	725
3328	514
3329	286
3330	314
3331	85
3332	937
3333	33
3334	189
3335	870
3336	793
3337	330
3338	637
3339	762
3340	86
3341	261
3342	867
3343	803
3344	679
3345	684
3346	75
3347	169
3348	959
3349	491
3350	587
3351	273
3352	286
3353	219
3354	469
3355	993
3356	392
3357	560
3358	218
3359	546
3360	644
3361	531
3362	617
3363	540
3364	502
3365	78
3366	468
3367	618
3368	522
3369	332
3370	160
3371	705
3372	67
3373	345
3374	628
3375	554
3376	268
3377	28
3378	505
3379	942
3380	471
3381	583
3382	51
3383	610
3384	163
3385	783
3386	170
3387	23
3388	50
3389	102
3390	30
3391	336
3392	426
3393	151
3394	514
3395	366
3396	927
3397	360
3398	41
3399	727
3400	945
3401	715
3402	191
3403	104
3404	170
3405	812
3406	138
3407	633
3408	672
3409	409
3410	512
3411	610
3412	243
3413	235
3414	353
3415	568
3416	490
3417	824
3418	957
3419	376
3420	787
3421	141
3422	386
3423	648
3424	464
3425	91
3426	507
3427	881
3428	887
3429	704
3430	294
3431	693
3432	143
3433	393
3434	861
3435	514
3436	795
3437	43
3438	75
3439	208
3440	728
3441	187
3442	78
3443	721
3444	864
3445	297
3446	908
3447	765
3448	19
3449	502
3450	523
3451	287
3452	832
3453	646
3454	670
3455	339
3456	824
3457	484
3458	555
3459	83
3460	581
3461	295
3462	566
3463	973
3464	176
3465	614
3466	21
3467	594
3468	15
3469	85
3470	425
3471	894
3472	65
3473	413
3474	697
3475	473
3476	693
3477	448
3478	838
3479	52
3480	385
3481	703
3482	424
3483	305
3484	491
3485	396
3486	482
3487	93
3488	340
3489	610
3490	633
3491	425
3492	416
3493	285
3494	349
3495	333
3496	92
3497	552
3498	771
3499	638
3500	694
3501	23
3502	276
3503	65
3504	677
3505	410
3506	364
3507	625
3508	67
3509	56
3510	102
3511	769
3512	457
3513	997
3514	677
3515	306
3516	11
3517	288
3518	892
3519	983
3520	590
3521	614
3522	164
3523	562
3524	973
3525	561
3526	451
3527	735
3528	650
3529	214
3530	173
3531	595
3532	205
3533	932
3534	649
3535	239
3536	563
3537	304
3538	558
3539	527
3540	104
3541	363
3542	813
3543	19
3544	682
3545	206
3546	548
3547	134
3548	73
3549	667
3550	63
3551	551
3552	200
3553	519
3554	806
3555	262
3556	762
3557	35
3558	636
3559	459
3560	489
3561	282
3562	259
3563	990
3564	839
3565	158
3566	962
3567	383
3568	692
3569	103
3570	991
3571	639
3572	547
3573	549
3574	328
3575	104
3576	106
3577	85
3578	86
3579	422
3580	467
3581	91
3582	576
3583	750
3584	748
3585	985
3586	208
3587	170
3588	220
3589	995
3590	170
3591	694
3592	65
3593	357
3594	214
3595	298
3596	823
3597	151
3598	509
3599	326
3600	72
3601	783
3602	411
3603	158
3604	119
3605	83
3606	372
3607	20
3608	416
3609	733
3610	920
3611	117
3612	411
3613	993
3614	240
3615	532
3616	20
3617	384
3618	983
3619	880
3620	530
3621	163
3622	790
3623	371
3624	973
3625	71
3626	959
3627	174
3628	103
3629	668
3630	500
3631	952
3632	188
3633	933
3634	21
3635	136
3636	873
3637	896
3638	999
3639	174
3640	677
3641	106
3642	866
3643	127
3644	12
3645	938
3646	532
3647	308
3648	834
3649	551
3650	767
3651	819
3652	752
3653	623
3654	701
3655	507
3656	180
3657	594
3658	805
3659	206
3660	585
3661	600
3662	221
3663	672
3664	510
3665	356
3666	84
3667	711
3668	200
3669	970
3670	693
3671	49
3672	87
3673	112
3674	676
3675	698
3676	410
3677	669
3678	508
3679	944
3680	278
3681	921
3682	454
3683	373
3684	677
3685	569
3686	892
3687	739
3688	438
3689	87
3690	538
3691	525
3692	356
3693	982
3694	697
3695	536
3696	406
3697	211
3698	129
3699	857
3700	695
3701	645
3702	110
3703	173
3704	327
3705	961
3706	635
3707	950
3708	112
3709	730
3710	431
3711	771
3712	459
3713	364
3714	447
3715	857
3716	992
3717	946
3718	501
3719	436
3720	739
3721	448
3722	570
3723	864
3724	185
3725	785
3726	488
3727	686
3728	34
3729	223
3730	272
3731	175
3732	749
3733	329
3734	85
3735	996
3736	99
3737	121
3738	380
3739	74
3740	895
3741	21
3742	759
3743	996
3744	664
3745	271
3746	247
3747	821
3748	269
3749	790
3750	543
3751	898
3752	985
3753	81
3754	579
3755	542
3756	33
3757	839
3758	962
3759	501
3760	718
3761	350
3762	185
3763	228
3764	32
3765	32
3766	309
3767	140
3768	143
3769	324
3770	460
3771	675
3772	998
3773	745
3774	953
3775	214
3776	128
3777	481
3778	891
3779	79
3780	149
3781	576
3782	646
3783	256
3784	563
3785	928
3786	140
3787	849
3788	931
3789	528
3790	746
3791	957
3792	347
3793	500
3794	182
3795	985
3796	544
3797	213
3798	187
3799	401
3800	439
3801	387
3802	185
3803	914
3804	842
3805	450
3806	580
3807	292
3808	41
3809	431
3810	838
3811	65
3812	416
3813	200
3814	180
3815	355
3816	229
3817	533
3818	846
3819	425
3820	813
3821	638
3822	632
3823	793
3824	125
3825	759
3826	936
3827	774
3828	789
3829	485
3830	370
3831	300
3832	969
3833	44
3834	179
3835	676
3836	993
3837	354
3838	233
3839	357
3840	328
3841	75
3842	644
3843	48
3844	296
3845	11
3846	329
3847	388
3848	883
3849	349
3850	510
3851	958
3852	667
3853	955
3854	633
3855	828
3856	413
3857	647
3858	368
3859	249
3860	359
3861	625
3862	529
3863	329
3864	594
3865	456
3866	238
3867	493
3868	778
3869	765
3870	781
3871	184
3872	606
3873	76
3874	94
3875	559
3876	526
3877	440
3878	646
3879	542
3880	694
3881	74
3882	738
3883	938
3884	692
3885	58
3886	564
3887	104
3888	990
3889	873
3890	52
3891	962
3892	606
3893	431
3894	768
3895	651
3896	486
3897	914
3898	900
3899	634
3900	32
3901	906
3902	464
3903	602
3904	868
3905	784
3906	160
3907	692
3908	767
3909	719
3910	515
3911	310
3912	994
3913	299
3914	647
3915	711
3916	824
3917	759
3918	701
3919	181
3920	305
3921	150
3922	872
3923	24
3924	891
3925	894
3926	273
3927	645
3928	720
3929	132
3930	325
3931	874
3932	498
3933	687
3934	214
3935	418
3936	414
3937	493
3938	389
3939	649
3940	750
3941	162
3942	45
3943	877
3944	635
3945	101
3946	978
3947	537
3948	175
3949	890
3950	14
3951	263
3952	141
3953	457
3954	284
3955	160
3956	804
3957	260
3958	594
3959	793
3960	437
3961	658
3962	817
3963	428
3964	472
3965	941
3966	880
3967	261
3968	457
3969	392
3970	126
3971	126
3972	729
3973	508
3974	920
3975	188
3976	91
3977	968
3978	299
3979	58
3980	852
3981	644
3982	421
3983	481
3984	356
3985	430
3986	595
3987	21
3988	938
3989	308
3990	207
3991	463
3992	75
3993	60
3994	764
3995	534
3996	977
3997	650
3998	763
3999	978
4000	24
4001	879
4002	117
4003	957
4004	718
4005	928
4006	743
4007	19
4008	960
4009	717
4010	609
4011	662
4012	785
4013	207
4014	701
4015	959
4016	28
4017	162
4018	54
4019	869
4020	727
4021	602
4022	658
4023	21
4024	238
4025	80
4026	183
4027	293
4028	225
4029	568
4030	890
4031	23
4032	497
4033	619
4034	29
4035	656
4036	19
4037	38
4038	204
4039	770
4040	358
4041	676
4042	83
4043	347
4044	824
4045	82
4046	383
4047	120
4048	556
4049	82
4050	883
4051	457
4052	771
4053	969
4054	22
4055	821
4056	657
4057	579
4058	576
4059	87
4060	604
4061	852
4062	703
4063	223
4064	467
4065	811
4066	306
4067	110
4068	494
4069	474
4070	775
4071	346
4072	511
4073	881
4074	172
4075	393
4076	862
4077	619
4078	225
4079	662
4080	320
4081	346
4082	131
4083	310
4084	249
4085	858
4086	902
4087	612
4088	737
4089	562
4090	594
4091	241
4092	986
4093	147
4094	490
4095	707
4096	214
4097	321
4098	935
4099	187
4100	223
4101	669
4102	375
4103	562
4104	383
4105	609
4106	827
4107	579
4108	318
4109	269
4110	791
4111	908
4112	198
4113	252
4114	441
4115	199
4116	803
4117	11
4118	804
4119	682
4120	197
4121	825
4122	846
4123	340
4124	562
4125	556
4126	182
4127	196
4128	478
4129	985
4130	589
4131	624
4132	800
4133	88
4134	353
4135	798
4136	502
4137	792
4138	184
4139	258
4140	513
4141	974
4142	585
4143	758
4144	650
4145	143
4146	655
4147	81
4148	549
4149	943
4150	29
4151	494
4152	304
4153	808
4154	558
4155	711
4156	872
4157	205
4158	921
4159	285
4160	939
4161	798
4162	595
4163	699
4164	72
4165	573
4166	544
4167	179
4168	723
4169	881
4170	191
4171	854
4172	524
4173	393
4174	203
4175	941
4176	742
4177	365
4178	406
4179	115
4180	510
4181	874
4182	832
4183	110
4184	253
4185	51
4186	417
4187	602
4188	557
4189	607
4190	26
4191	300
4192	911
4193	244
4194	375
4195	190
4196	503
4197	351
4198	694
4199	855
4200	299
4201	552
4202	852
4203	354
4204	867
4205	176
4206	110
4207	30
4208	625
4209	737
4210	385
4211	227
4212	182
4213	308
4214	349
4215	992
4216	75
4217	771
4218	221
4219	506
4220	177
4221	619
4222	621
4223	55
4224	743
4225	477
4226	677
4227	152
4228	980
4229	994
4230	837
4231	12
4232	788
4233	816
4234	424
4235	112
4236	657
4237	90
4238	460
4239	599
4240	11
4241	41
4242	748
4243	725
4244	566
4245	76
4246	535
4247	725
4248	683
4249	201
4250	743
4251	197
4252	745
4253	262
4254	786
4255	136
4256	479
4257	775
4258	262
4259	23
4260	304
4261	99
4262	136
4263	805
4264	376
4265	73
4266	57
4267	685
4268	617
4269	261
4270	495
4271	279
4272	97
4273	972
4274	157
4275	479
4276	307
4277	182
4278	972
4279	974
4280	533
4281	878
4282	400
4283	906
4284	447
4285	37
4286	346
4287	178
4288	212
4289	723
4290	384
4291	471
4292	948
4293	885
4294	606
4295	130
4296	935
4297	456
4298	534
4299	69
4300	556
4301	169
4302	969
4303	860
4304	504
4305	267
4306	880
4307	105
4308	274
4309	962
4310	771
4311	458
4312	317
4313	795
4314	94
4315	239
4316	921
4317	201
4318	57
4319	607
4320	666
4321	677
4322	735
4323	605
4324	728
4325	581
4326	394
4327	282
4328	566
4329	216
4330	491
4331	774
4332	717
4333	806
4334	215
4335	312
4336	656
4337	127
4338	655
4339	750
4340	266
4341	117
4342	174
4343	152
4344	319
4345	509
4346	877
4347	142
4348	826
4349	499
4350	604
4351	406
4352	537
4353	20
4354	225
4355	927
4356	599
4357	685
4358	853
4359	418
4360	844
4361	345
4362	580
4363	489
4364	561
4365	613
4366	167
4367	876
4368	128
4369	857
4370	524
4371	938
4372	198
4373	966
4374	360
4375	448
4376	838
4377	13
4378	882
4379	691
4380	956
4381	837
4382	931
4383	314
4384	972
4385	641
4386	113
4387	636
4388	355
4389	954
4390	196
4391	17
4392	545
4393	222
4394	217
4395	495
4396	429
4397	524
4398	77
4399	74
4400	458
4401	947
4402	418
4403	900
4404	339
4405	727
4406	972
4407	645
4408	238
4409	689
4410	915
4411	975
4412	598
4413	431
4414	338
4415	77
4416	878
4417	278
4418	90
4419	684
4420	550
4421	422
4422	955
4423	971
4424	118
4425	563
4426	270
4427	641
4428	647
4429	808
4430	201
4431	752
4432	999
4433	141
4434	811
4435	12
4436	93
4437	912
4438	795
4439	291
4440	21
4441	973
4442	404
4443	656
4444	490
4445	877
4446	901
4447	132
4448	358
4449	982
4450	673
4451	192
4452	251
4453	958
4454	53
4455	868
4456	554
4457	339
4458	303
4459	177
4460	536
4461	89
4462	98
4463	86
4464	175
4465	53
4466	44
4467	735
4468	784
4469	726
4470	118
4471	877
4472	588
4473	89
4474	28
4475	711
4476	981
4477	751
4478	798
4479	326
4480	913
4481	522
4482	538
4483	593
4484	20
4485	30
4486	597
4487	755
4488	131
4489	16
4490	783
4491	17
4492	799
4493	21
4494	965
4495	600
4496	678
4497	839
4498	691
4499	712
4500	48
4501	690
4502	308
4503	475
4504	75
4505	431
4506	644
4507	882
4508	849
4509	86
4510	810
4511	96
4512	908
4513	888
4514	159
4515	174
4516	722
4517	865
4518	354
4519	129
4520	403
4521	736
4522	824
4523	945
4524	872
4525	263
4526	602
4527	130
4528	288
4529	370
4530	699
4531	263
4532	136
4533	162
4534	114
4535	608
4536	706
4537	195
4538	975
4539	270
4540	237
4541	331
4542	757
4543	616
4544	668
4545	722
4546	383
4547	294
4548	637
4549	911
4550	953
4551	469
4552	173
4553	916
4554	895
4555	285
4556	637
4557	102
4558	329
4559	843
4560	473
4561	344
4562	510
4563	38
4564	890
4565	136
4566	73
4567	115
4568	390
4569	508
4570	501
4571	581
4572	281
4573	322
4574	187
4575	511
4576	860
4577	893
4578	384
4579	26
4580	286
4581	686
4582	693
4583	952
4584	686
4585	664
4586	81
4587	361
4588	72
4589	270
4590	584
4591	168
4592	617
4593	54
4594	890
4595	191
4596	686
4597	922
4598	680
4599	274
4600	754
4601	817
4602	128
4603	632
4604	918
4605	620
4606	882
4607	453
4608	600
4609	925
4610	458
4611	504
4612	592
4613	810
4614	175
4615	715
4616	779
4617	644
4618	280
4619	561
4620	289
4621	519
4622	545
4623	780
4624	137
4625	63
4626	895
4627	611
4628	874
4629	158
4630	741
4631	866
4632	425
4633	859
4634	138
4635	439
4636	334
4637	876
4638	753
4639	332
4640	741
4641	650
4642	227
4643	646
4644	848
4645	620
4646	432
4647	245
4648	294
4649	836
4650	999
4651	203
4652	528
4653	370
4654	292
4655	518
4656	79
4657	467
4658	419
4659	694
4660	346
4661	557
4662	372
4663	573
4664	773
4665	796
4666	865
4667	524
4668	519
4669	618
4670	431
4671	369
4672	928
4673	636
4674	700
4675	614
4676	917
4677	819
4678	29
4679	403
4680	371
4681	684
4682	94
4683	848
4684	510
4685	561
4686	65
4687	367
4688	729
4689	154
4690	885
4691	162
4692	544
4693	153
4694	229
4695	201
4696	874
4697	990
4698	647
4699	912
4700	593
4701	990
4702	272
4703	737
4704	852
4705	906
4706	759
4707	614
4708	244
4709	757
4710	507
4711	569
4712	118
4713	114
4714	944
4715	611
4716	712
4717	737
4718	85
4719	294
4720	674
4721	546
4722	625
4723	428
4724	596
4725	217
4726	428
4727	323
4728	977
4729	943
4730	475
4731	288
4732	205
4733	998
4734	140
4735	178
4736	227
4737	418
4738	456
4739	487
4740	138
4741	753
4742	887
4743	366
4744	72
4745	963
4746	830
4747	772
4748	89
4749	813
4750	441
4751	273
4752	796
4753	450
4754	280
4755	70
4756	905
4757	614
4758	653
4759	775
4760	125
4761	843
4762	966
4763	784
4764	602
4765	645
4766	511
4767	51
4768	973
4769	774
4770	727
4771	595
4772	870
4773	34
4774	526
4775	507
4776	55
4777	363
4778	591
4779	441
4780	626
4781	564
4782	541
4783	60
4784	810
4785	326
4786	912
4787	747
4788	829
4789	949
4790	939
4791	500
4792	318
4793	292
4794	82
4795	64
4796	915
4797	563
4798	406
4799	453
4800	212
4801	782
4802	19
4803	523
4804	60
4805	704
4806	931
4807	283
4808	844
4809	372
4810	429
4811	546
4812	426
4813	902
4814	617
4815	195
4816	721
4817	645
4818	252
4819	299
4820	858
4821	50
4822	670
4823	236
4824	862
4825	637
4826	17
4827	911
4828	48
4829	603
4830	599
4831	781
4832	317
4833	209
4834	192
4835	62
4836	743
4837	399
4838	81
4839	126
4840	241
4841	661
4842	176
4843	824
4844	561
4845	405
4846	819
4847	764
4848	774
4849	750
4850	474
4851	255
4852	856
4853	245
4854	239
4855	610
4856	246
4857	518
4858	959
4859	197
4860	700
4861	869
4862	705
4863	283
4864	863
4865	323
4866	437
4867	984
4868	910
4869	873
4870	559
4871	803
4872	876
4873	506
4874	549
4875	200
4876	459
4877	474
4878	369
4879	397
4880	386
4881	720
4882	243
4883	513
4884	821
4885	75
4886	923
4887	93
4888	93
4889	959
4890	67
4891	299
4892	188
4893	718
4894	530
4895	82
4896	702
4897	748
4898	462
4899	206
4900	653
4901	323
4902	298
4903	755
4904	533
4905	673
4906	945
4907	66
4908	115
4909	788
4910	252
4911	945
4912	513
4913	762
4914	268
4915	512
4916	687
4917	717
4918	483
4919	255
4920	793
4921	710
4922	93
4923	898
4924	233
4925	204
4926	258
4927	236
4928	752
4929	51
4930	601
4931	576
4932	688
4933	650
4934	100
4935	968
4936	145
4937	745
4938	217
4939	53
4940	750
4941	412
4942	33
4943	519
4944	54
4945	636
4946	63
4947	453
4948	656
4949	838
4950	842
4951	971
4952	207
4953	135
4954	442
4955	344
4956	570
4957	476
4958	952
4959	260
4960	74
4961	553
4962	310
4963	174
4964	662
4965	444
4966	697
4967	54
4968	253
4969	303
4970	907
4971	676
4972	414
4973	98
4974	177
4975	123
4976	643
4977	578
4978	286
4979	92
4980	570
4981	210
4982	602
4983	950
4984	872
4985	306
4986	855
4987	180
4988	642
4989	683
4990	908
4991	615
4992	588
4993	45
4994	512
4995	229
4996	708
4997	920
4998	752
4999	833
5000	283
5001	503
5002	622
5003	438
5004	889
5005	341
5006	486
5007	625
5008	515
5009	263
5010	255
5011	560
5012	815
5013	667
5014	626
5015	96
5016	487
5017	747
5018	396
5019	418
5020	951
5021	767
5022	244
5023	725
5024	128
5025	598
5026	363
5027	467
5028	819
5029	550
5030	244
5031	197
5032	150
5033	590
5034	734
5035	802
5036	652
5037	620
5038	78
5039	463
5040	735
5041	265
5042	42
5043	779
5044	274
5045	972
5046	396
5047	262
5048	796
5049	295
5050	153
5051	945
5052	607
5053	748
5054	360
5055	950
5056	73
5057	317
5058	846
5059	192
5060	491
5061	668
5062	820
5063	369
5064	720
5065	749
5066	242
5067	682
5068	108
5069	343
5070	402
5071	507
5072	496
5073	559
5074	725
5075	869
5076	764
5077	907
5078	512
5079	905
5080	742
5081	573
5082	252
5083	621
5084	492
5085	964
5086	736
5087	78
5088	327
5089	212
5090	803
5091	665
5092	142
5093	762
5094	648
5095	474
5096	655
5097	890
5098	16
5099	764
5100	813
5101	972
5102	903
5103	757
5104	814
5105	539
5106	298
5107	147
5108	608
5109	261
5110	913
5111	63
5112	100
5113	708
5114	585
5115	504
5116	625
5117	775
5118	507
5119	736
5120	956
5121	935
5122	780
5123	349
5124	832
5125	771
5126	109
5127	601
5128	37
5129	812
5130	137
5131	326
5132	135
5133	939
5134	680
5135	232
5136	271
5137	35
5138	614
5139	142
5140	623
5141	116
5142	288
5143	135
5144	244
5145	593
5146	803
5147	831
5148	176
5149	200
5150	339
5151	433
5152	84
5153	786
5154	309
5155	354
5156	793
5157	995
5158	981
5159	30
5160	380
5161	265
5162	684
5163	921
5164	686
5165	665
5166	715
5167	566
5168	139
5169	847
5170	88
5171	223
5172	237
5173	11
5174	125
5175	173
5176	556
5177	341
5178	64
5179	137
5180	601
5181	26
5182	174
5183	405
5184	426
5185	407
5186	25
5187	777
5188	178
5189	107
5190	626
5191	36
5192	526
5193	392
5194	564
5195	574
5196	362
5197	350
5198	220
5199	935
5200	563
5201	385
5202	395
5203	212
5204	82
5205	387
5206	43
5207	898
5208	867
5209	376
5210	990
5211	989
5212	519
5213	880
5214	252
5215	105
5216	199
5217	824
5218	196
5219	308
5220	624
5221	660
5222	471
5223	855
5224	808
5225	112
5226	787
5227	782
5228	106
5229	953
5230	481
5231	636
5232	189
5233	661
5234	918
5235	569
5236	661
5237	903
5238	736
5239	180
5240	532
5241	675
5242	511
5243	58
5244	654
5245	778
5246	967
5247	578
5248	594
5249	262
5250	123
5251	583
5252	170
5253	832
5254	573
5255	255
5256	133
5257	824
5258	820
5259	68
5260	203
5261	909
5262	845
5263	915
5264	704
5265	482
5266	254
5267	657
5268	544
5269	66
5270	179
5271	266
5272	576
5273	648
5274	767
5275	634
5276	514
5277	551
5278	57
5279	409
5280	589
5281	144
5282	884
5283	947
5284	818
5285	592
5286	556
5287	133
5288	337
5289	103
5290	392
5291	341
5292	445
5293	977
5294	217
5295	601
5296	967
5297	32
5298	324
5299	508
5300	557
5301	647
5302	415
5303	508
5304	481
5305	155
5306	944
5307	566
5308	186
5309	813
5310	512
5311	566
5312	407
5313	958
5314	43
5315	930
5316	538
5317	37
5318	494
5319	857
5320	488
5321	651
5322	311
5323	797
5324	701
5325	878
5326	603
5327	877
5328	11
5329	520
5330	706
5331	670
5332	566
5333	562
5334	675
5335	859
5336	34
5337	162
5338	264
5339	675
5340	795
5341	863
5342	971
5343	818
5344	239
5345	371
5346	588
5347	54
5348	911
5349	281
5350	250
5351	660
5352	450
5353	319
5354	807
5355	667
5356	408
5357	96
5358	325
5359	890
5360	522
5361	393
5362	528
5363	615
5364	265
5365	428
5366	90
5367	766
5368	762
5369	586
5370	722
5371	467
5372	179
5373	25
5374	785
5375	96
5376	674
5377	26
5378	941
5379	412
5380	185
5381	464
5382	737
5383	597
5384	329
5385	355
5386	875
5387	398
5388	447
5389	370
5390	172
5391	522
5392	404
5393	464
5394	481
5395	171
5396	483
5397	549
5398	598
5399	907
5400	545
5401	738
5402	179
5403	457
5404	106
5405	924
5406	446
5407	316
5408	379
5409	727
5410	199
5411	636
5412	989
5413	295
5414	667
5415	709
5416	264
5417	661
5418	87
5419	787
5420	975
5421	471
5422	210
5423	924
5424	657
5425	657
5426	512
5427	499
5428	582
5429	713
5430	624
5431	331
5432	695
5433	918
5434	63
5435	704
5436	776
5437	339
5438	846
5439	285
5440	433
5441	360
5442	274
5443	557
5444	495
5445	683
5446	168
5447	742
5448	71
5449	406
5450	424
5451	549
5452	650
5453	588
5454	618
5455	332
5456	355
5457	726
5458	605
5459	187
5460	326
5461	309
5462	841
5463	395
5464	264
5465	672
5466	444
5467	21
5468	933
5469	812
5470	866
5471	978
5472	967
5473	999
5474	498
5475	223
5476	174
5477	997
5478	887
5479	990
5480	219
5481	504
5482	667
5483	750
5484	710
5485	980
5486	116
5487	524
5488	15
5489	495
5490	218
5491	782
5492	814
5493	270
5494	711
5495	155
5496	842
5497	176
5498	812
5499	305
5500	109
5501	925
5502	721
5503	911
5504	493
5505	928
5506	23
5507	701
5508	979
5509	361
5510	80
5511	765
5512	674
5513	546
5514	710
5515	749
5516	564
5517	340
5518	397
5519	628
5520	974
5521	124
5522	802
5523	505
5524	973
5525	382
5526	165
5527	524
5528	559
5529	268
5530	119
5531	641
5532	535
5533	381
5534	679
5535	901
5536	404
5537	792
5538	597
5539	221
5540	303
5541	514
5542	995
5543	950
5544	89
5545	581
5546	417
5547	989
5548	209
5549	296
5550	233
5551	585
5552	287
5553	886
5554	46
5555	384
5556	45
5557	393
5558	976
5559	874
5560	571
5561	647
5562	525
5563	505
5564	302
5565	595
5566	572
5567	897
5568	296
5569	610
5570	313
5571	33
5572	103
5573	834
5574	420
5575	219
5576	782
5577	312
5578	476
5579	281
5580	89
5581	725
5582	532
5583	879
5584	450
5585	23
5586	104
5587	542
5588	589
5589	464
5590	408
5591	454
5592	733
5593	693
5594	520
5595	646
5596	41
5597	290
5598	626
5599	263
5600	432
5601	23
5602	596
5603	653
5604	953
5605	871
5606	421
5607	283
5608	201
5609	169
5610	770
5611	925
5612	867
5613	207
5614	60
5615	31
5616	776
5617	964
5618	601
5619	983
5620	636
5621	455
5622	391
5623	164
5624	833
5625	422
5626	660
5627	202
5628	854
5629	448
5630	117
5631	31
5632	966
5633	296
5634	210
5635	882
5636	338
5637	973
5638	238
5639	860
5640	53
5641	797
5642	741
5643	403
5644	631
5645	164
5646	137
5647	251
5648	630
5649	802
5650	685
5651	462
5652	230
5653	538
5654	61
5655	234
5656	920
5657	107
5658	654
5659	408
5660	921
5661	320
5662	311
5663	687
5664	397
5665	647
5666	522
5667	102
5668	643
5669	526
5670	482
5671	681
5672	931
5673	454
5674	249
5675	804
5676	919
5677	278
5678	982
5679	944
5680	154
5681	53
5682	704
5683	832
5684	87
5685	646
5686	864
5687	247
5688	247
5689	40
5690	164
5691	571
5692	182
5693	813
5694	282
5695	936
5696	681
5697	285
5698	748
5699	363
5700	580
5701	228
5702	354
5703	112
5704	750
5705	721
5706	432
5707	865
5708	284
5709	568
5710	107
5711	379
5712	973
5713	559
5714	55
5715	567
5716	780
5717	261
5718	955
5719	12
5720	275
5721	929
5722	841
5723	646
5724	721
5725	901
5726	969
5727	906
5728	673
5729	718
5730	509
5731	856
5732	275
5733	992
5734	247
5735	903
5736	456
5737	230
5738	124
5739	800
5740	637
5741	679
5742	180
5743	69
5744	432
5745	943
5746	604
5747	702
5748	970
5749	994
5750	191
5751	799
5752	343
5753	480
5754	205
5755	28
5756	387
5757	433
5758	143
5759	397
5760	201
5761	902
5762	280
5763	103
5764	694
5765	931
5766	332
5767	614
5768	674
5769	660
5770	183
5771	622
5772	139
5773	886
5774	124
5775	469
5776	665
5777	980
5778	334
5779	926
5780	132
5781	593
5782	352
5783	496
5784	365
5785	522
5786	626
5787	976
5788	918
5789	923
5790	551
5791	581
5792	385
5793	573
5794	238
5795	431
5796	872
5797	857
5798	569
5799	16
5800	683
5801	750
5802	412
5803	374
5804	848
5805	310
5806	636
5807	383
5808	299
5809	549
5810	487
5811	179
5812	317
5813	636
5814	113
5815	21
5816	166
5817	402
5818	233
5819	327
5820	391
5821	837
5822	62
5823	737
5824	719
5825	389
5826	969
5827	362
5828	378
5829	942
5830	660
5831	217
5832	205
5833	604
5834	437
5835	778
5836	943
5837	800
5838	863
5839	564
5840	992
5841	591
5842	949
5843	269
5844	530
5845	707
5846	109
5847	681
5848	882
5849	936
5850	914
5851	690
5852	182
5853	756
5854	940
5855	423
5856	333
5857	351
5858	592
5859	177
5860	579
5861	928
5862	441
5863	879
5864	552
5865	935
5866	89
5867	844
5868	706
5869	123
5870	590
5871	124
5872	577
5873	606
5874	222
5875	138
5876	51
5877	305
5878	754
5879	908
5880	36
5881	567
5882	229
5883	38
5884	205
5885	70
5886	117
5887	646
5888	962
5889	969
5890	673
5891	349
5892	241
5893	413
5894	216
5895	46
5896	674
5897	727
5898	794
5899	847
5900	999
5901	704
5902	507
5903	113
5904	33
5905	145
5906	474
5907	73
5908	303
5909	113
5910	257
5911	776
5912	558
5913	89
5914	402
5915	771
5916	746
5917	559
5918	573
5919	565
5920	228
5921	736
5922	628
5923	275
5924	822
5925	716
5926	533
5927	12
5928	474
5929	733
5930	516
5931	285
5932	661
5933	753
5934	78
5935	894
5936	39
5937	803
5938	340
5939	525
5940	823
5941	115
5942	255
5943	937
5944	606
5945	586
5946	241
5947	153
5948	494
5949	537
5950	760
5951	122
5952	496
5953	302
5954	925
5955	768
5956	166
5957	866
5958	920
5959	935
5960	23
5961	425
5962	592
5963	214
5964	248
5965	944
5966	414
5967	747
5968	471
5969	323
5970	718
5971	980
5972	704
5973	30
5974	737
5975	433
5976	307
5977	22
5978	182
5979	217
5980	178
5981	817
5982	166
5983	186
5984	126
5985	974
5986	716
5987	913
5988	832
5989	122
5990	43
5991	494
5992	94
5993	787
5994	201
5995	560
5996	734
5997	400
5998	785
5999	155
6000	366
6001	76
6002	301
6003	360
6004	73
6005	565
6006	606
6007	810
6008	185
6009	869
6010	154
6011	36
6012	417
6013	257
6014	753
6015	708
6016	294
6017	21
6018	300
6019	659
6020	890
6021	566
6022	753
6023	104
6024	582
6025	568
6026	722
6027	828
6028	642
6029	318
6030	145
6031	383
6032	828
6033	683
6034	150
6035	450
6036	127
6037	52
6038	418
6039	190
6040	672
6041	554
6042	671
6043	531
6044	231
6045	157
6046	775
6047	345
6048	143
6049	103
6050	992
6051	745
6052	338
6053	375
6054	730
6055	344
6056	248
6057	349
6058	707
6059	730
6060	14
6061	865
6062	207
6063	811
6064	479
6065	134
6066	959
6067	958
6068	223
6069	816
6070	842
6071	579
6072	232
6073	855
6074	707
6075	553
6076	656
6077	210
6078	302
6079	36
6080	588
6081	655
6082	910
6083	443
6084	879
6085	43
6086	877
6087	957
6088	273
6089	69
6090	746
6091	250
6092	825
6093	753
6094	664
6095	460
6096	796
6097	832
6098	459
6099	562
6100	452
6101	26
6102	330
6103	188
6104	513
6105	118
6106	771
6107	558
6108	102
6109	343
6110	126
6111	132
6112	401
6113	423
6114	51
6115	550
6116	526
6117	271
6118	301
6119	959
6120	237
6121	410
6122	919
6123	622
6124	381
6125	982
6126	911
6127	248
6128	15
6129	322
6130	346
6131	491
6132	294
6133	191
6134	396
6135	963
6136	205
6137	466
6138	795
6139	519
6140	761
6141	48
6142	479
6143	479
6144	947
6145	764
6146	290
6147	249
6148	380
6149	927
6150	140
6151	352
6152	881
6153	610
6154	223
6155	782
6156	959
6157	366
6158	844
6159	540
6160	888
6161	853
6162	475
6163	224
6164	761
6165	179
6166	199
6167	136
6168	886
6169	797
6170	244
6171	485
6172	820
6173	628
6174	77
6175	991
6176	244
6177	308
6178	814
6179	198
6180	297
6181	581
6182	897
6183	948
6184	277
6185	133
6186	469
6187	674
6188	557
6189	184
6190	238
6191	407
6192	86
6193	644
6194	598
6195	675
6196	645
6197	912
6198	716
6199	956
6200	578
6201	814
6202	959
6203	325
6204	691
6205	984
6206	907
6207	229
6208	606
6209	271
6210	360
6211	481
6212	778
6213	83
6214	712
6215	879
6216	742
6217	730
6218	274
6219	34
6220	868
6221	613
6222	172
6223	98
6224	349
6225	10
6226	255
6227	495
6228	220
6229	518
6230	196
6231	502
6232	273
6233	744
6234	351
6235	141
6236	983
6237	269
6238	470
6239	399
6240	670
6241	147
6242	814
6243	829
6244	692
6245	780
6246	994
6247	108
6248	254
6249	474
6250	445
6251	58
6252	324
6253	341
6254	61
6255	284
6256	331
6257	96
6258	276
6259	834
6260	31
6261	188
6262	201
6263	634
6264	167
6265	208
6266	189
6267	855
6268	636
6269	22
6270	668
6271	466
6272	22
6273	92
6274	802
6275	646
6276	227
6277	824
6278	118
6279	603
6280	546
6281	66
6282	457
6283	555
6284	412
6285	835
6286	704
6287	544
6288	263
6289	634
6290	451
6291	263
6292	212
6293	471
6294	940
6295	987
6296	932
6297	703
6298	789
6299	517
6300	656
6301	306
6302	165
6303	637
6304	74
6305	609
6306	535
6307	332
6308	657
6309	980
6310	427
6311	688
6312	697
6313	126
6314	380
6315	979
6316	23
6317	917
6318	946
6319	564
6320	162
6321	188
6322	792
6323	133
6324	832
6325	376
6326	270
6327	243
6328	633
6329	305
6330	903
6331	680
6332	87
6333	269
6334	447
6335	893
6336	713
6337	27
6338	599
6339	409
6340	434
6341	607
6342	334
6343	886
6344	472
6345	858
6346	830
6347	893
6348	106
6349	954
6350	363
6351	581
6352	977
6353	393
6354	943
6355	86
6356	783
6357	751
6358	788
6359	238
6360	655
6361	887
6362	824
6363	586
6364	564
6365	634
6366	290
6367	990
6368	143
6369	162
6370	130
6371	967
6372	968
6373	151
6374	706
6375	969
6376	41
6377	616
6378	445
6379	364
6380	311
6381	312
6382	516
6383	578
6384	272
6385	793
6386	215
6387	56
6388	672
6389	581
6390	796
6391	531
6392	338
6393	637
6394	303
6395	423
6396	125
6397	708
6398	961
6399	463
6400	381
6401	864
6402	810
6403	898
6404	806
6405	763
6406	316
6407	585
6408	547
6409	806
6410	303
6411	770
6412	996
6413	471
6414	339
6415	706
6416	748
6417	640
6418	712
6419	336
6420	299
6421	529
6422	294
6423	755
6424	617
6425	75
6426	676
6427	310
6428	552
6429	294
6430	822
6431	81
6432	120
6433	767
6434	343
6435	398
6436	492
6437	520
6438	631
6439	980
6440	58
6441	773
6442	911
6443	597
6444	181
6445	420
6446	987
6447	456
6448	422
6449	209
6450	197
6451	208
6452	125
6453	381
6454	731
6455	356
6456	338
6457	303
6458	802
6459	444
6460	21
6461	78
6462	651
6463	344
6464	170
6465	785
6466	668
6467	315
6468	777
6469	632
6470	646
6471	408
6472	263
6473	24
6474	193
6475	556
6476	825
6477	672
6478	862
6479	45
6480	596
6481	159
6482	923
6483	590
6484	309
6485	781
6486	986
6487	186
6488	589
6489	897
6490	188
6491	921
6492	262
6493	982
6494	373
6495	443
6496	224
6497	941
6498	705
6499	788
6500	613
6501	350
6502	77
6503	536
6504	644
6505	334
6506	882
6507	710
6508	180
6509	553
6510	101
6511	559
6512	444
6513	414
6514	272
6515	293
6516	762
6517	828
6518	963
6519	480
6520	713
6521	911
6522	881
6523	751
6524	22
6525	12
6526	543
6527	193
6528	289
6529	931
6530	853
6531	690
6532	391
6533	853
6534	509
6535	584
6536	413
6537	328
6538	100
6539	999
6540	347
6541	155
6542	186
6543	364
6544	472
6545	53
6546	340
6547	251
6548	746
6549	965
6550	422
6551	694
6552	354
6553	524
6554	697
6555	502
6556	65
6557	907
6558	198
6559	463
6560	364
6561	953
6562	951
6563	333
6564	991
6565	818
6566	63
6567	497
6568	795
6569	848
6570	227
6571	688
6572	925
6573	510
6574	148
6575	173
6576	511
6577	689
6578	321
6579	373
6580	484
6581	746
6582	485
6583	679
6584	123
6585	846
6586	71
6587	172
6588	419
6589	501
6590	455
6591	622
6592	831
6593	328
6594	79
6595	19
6596	155
6597	964
6598	858
6599	753
6600	233
6601	810
6602	962
6603	229
6604	973
6605	505
6606	760
6607	429
6608	648
6609	954
6610	892
6611	410
6612	332
6613	887
6614	366
6615	743
6616	369
6617	406
6618	242
6619	705
6620	253
6621	770
6622	513
6623	435
6624	95
6625	348
6626	708
6627	871
6628	524
6629	275
6630	101
6631	314
6632	822
6633	874
6634	790
6635	77
6636	879
6637	933
6638	385
6639	403
6640	653
6641	404
6642	324
6643	374
6644	978
6645	213
6646	739
6647	76
6648	554
6649	687
6650	213
6651	720
6652	875
6653	555
6654	395
6655	956
6656	865
6657	956
6658	844
6659	507
6660	137
6661	218
6662	896
6663	119
6664	733
6665	583
6666	441
6667	909
6668	689
6669	333
6670	783
6671	509
6672	362
6673	485
6674	607
6675	15
6676	201
6677	839
6678	359
6679	10
6680	697
6681	426
6682	882
6683	850
6684	489
6685	99
6686	46
6687	945
6688	803
6689	663
6690	409
6691	903
6692	537
6693	629
6694	741
6695	770
6696	847
6697	337
6698	900
6699	811
6700	307
6701	936
6702	612
6703	388
6704	529
6705	60
6706	348
6707	832
6708	570
6709	325
6710	300
6711	687
6712	440
6713	940
6714	33
6715	327
6716	976
6717	107
6718	233
6719	217
6720	738
6721	197
6722	573
6723	213
6724	310
6725	629
6726	742
6727	805
6728	342
6729	795
6730	434
6731	800
6732	123
6733	459
6734	873
6735	205
6736	686
6737	867
6738	661
6739	205
6740	831
6741	989
6742	458
6743	580
6744	194
6745	222
6746	432
6747	183
6748	486
6749	755
6750	778
6751	500
6752	210
6753	478
6754	489
6755	727
6756	294
6757	120
6758	424
6759	44
6760	546
6761	190
6762	38
6763	375
6764	540
6765	936
6766	28
6767	695
6768	433
6769	612
6770	791
6771	924
6772	201
6773	236
6774	705
6775	323
6776	895
6777	30
6778	864
6779	678
6780	49
6781	173
6782	604
6783	331
6784	672
6785	364
6786	836
6787	794
6788	151
6789	365
6790	395
6791	572
6792	719
6793	943
6794	968
6795	415
6796	937
6797	427
6798	76
6799	476
6800	707
6801	936
6802	796
6803	976
6804	227
6805	37
6806	246
6807	470
6808	883
6809	767
6810	282
6811	392
6812	935
6813	790
6814	59
6815	352
6816	992
6817	608
6818	816
6819	899
6820	682
6821	202
6822	505
6823	901
6824	121
6825	336
6826	783
6827	72
6828	506
6829	774
6830	309
6831	29
6832	567
6833	59
6834	889
6835	694
6836	731
6837	390
6838	639
6839	598
6840	314
6841	448
6842	727
6843	439
6844	197
6845	304
6846	102
6847	666
6848	592
6849	650
6850	960
6851	638
6852	465
6853	254
6854	911
6855	641
6856	916
6857	383
6858	291
6859	16
6860	502
6861	217
6862	59
6863	970
6864	881
6865	284
6866	915
6867	71
6868	258
6869	51
6870	83
6871	266
6872	701
6873	250
6874	597
6875	441
6876	723
6877	427
6878	800
6879	650
6880	836
6881	634
6882	378
6883	937
6884	221
6885	788
6886	615
6887	328
6888	534
6889	769
6890	103
6891	664
6892	448
6893	71
6894	12
6895	109
6896	563
6897	186
6898	440
6899	565
6900	501
6901	59
6902	282
6903	323
6904	116
6905	308
6906	544
6907	615
6908	663
6909	236
6910	643
6911	751
6912	203
6913	221
6914	813
6915	132
6916	512
6917	643
6918	888
6919	881
6920	708
6921	96
6922	153
6923	828
6924	694
6925	230
6926	628
6927	572
6928	700
6929	676
6930	958
6931	38
6932	383
6933	665
6934	620
6935	120
6936	353
6937	104
6938	711
6939	569
6940	335
6941	378
6942	125
6943	794
6944	561
6945	638
6946	183
6947	254
6948	233
6949	698
6950	224
6951	188
6952	29
6953	986
6954	713
6955	245
6956	930
6957	807
6958	124
6959	894
6960	242
6961	685
6962	792
6963	108
6964	63
6965	76
6966	943
6967	45
6968	831
6969	984
6970	696
6971	254
6972	378
6973	796
6974	200
6975	262
6976	311
6977	565
6978	856
6979	238
6980	326
6981	483
6982	126
6983	206
6984	207
6985	729
6986	445
6987	559
6988	89
6989	525
6990	450
6991	174
6992	566
6993	796
6994	27
6995	689
6996	525
6997	452
6998	576
6999	935
7000	513
Classes	100
Teachers	50
1	20
2	38
3	30
4	28
5	20
6	3
7	3
8	31
9	10
10	24
11	17
12	18
13	17
14	22
15	16
16	40
17	32
18	45
19	14
20	6
21	13
22	48
23	1
24	31
25	23
26	6
27	1
28	12
29	44
30	50
31	45
32	21
33	7
34	41
35	16
36	37
37	32
38	13
39	21
40	8
41	24
42	28
43	9
44	36
45	2
46	14
47	15
48	50
49	38
50	47
51	7
52	36
53	12
54	26
55	44
56	30
57	22
58	23
59	37
60	33
61	10
62	11
63	48
64	11
65	19
66	46
67	35
68	49
69	33
70	27
71	43
72	34
73	40
74	15
75	34
76	8
77	39
78	26
79	5
80	49
81	46
82	27
83	5
84	9
85	19
86	25
87	43
88	18
89	2
90	35
91	25
92	47
93	39
94	41
95	29
96	4
97	42
98	4
99	29
100	42
