Class Times	100
Rooms	8000
1	258
2	453
3	746
4	974
5	324
6	138
7	992
8	45
9	360
10	192
11	639
12	922
13	876
14	129
15	276
16	214
17	326
18	514
19	118
20	468
21	509
22	861
23	680
24	309
25	519
26	616
27	705
28	368
29	532
30	974
31	279
32	626
33	230
34	142
35	731
36	701
37	678
38	656
39	95
40	458
41	611
42	254
43	217
44	238
45	617
46	338
47	777
48	760
49	526
50	607
51	271
52	682
53	410
54	916
55	139
56	361
57	274
58	107
59	746
60	861
61	96
62	278
63	916
64	617
65	388
66	169
67	544
68	357
69	754
70	992
71	349
72	590
73	32
74	298
75	304
76	569
77	418
78	447
79	534
80	358
81	285
82	853
83	266
84	918
85	943
86	911
87	434
88	265
89	47
90	724
91	567
92	77
93	142
94	326
95	57
96	725
97	661
98	262
99	599
100	49
101	670
102	284
103	292
104	217
105	735
106	164
107	956
108	430
109	417
110	443
111	318
112	15
113	728
114	281
115	160
116	732
117	21
118	79
119	238
120	477
121	104
122	69
123	427
124	410
125	156
126	468
127	727
128	516
129	794
130	389
131	956
132	23
133	244
134	277
135	474
136	109
137	731
138	688
139	378
140	522
141	550
142	216
143	369
144	856
145	844
146	13
147	492
148	682
149	905
150	584
151	86
152	782
153	932
154	213
155	345
156	128
157	241
158	917
159	950
160	545
161	279
162	908
163	904
164	675
165	98
166	693
167	24
168	821
169	383
170	931
171	165
172	304
173	320
174	441
175	848
176	595
177	947
178	818
179	964
180	948
181	660
182	817
183	926
184	425
185	173
186	896
187	785
188	479
189	932
190	129
191	439
192	237
193	37
194	613
195	326
196	875
197	858
198	485
199	773
200	339
201	335
202	351
203	74
204	917
205	268
206	552
207	553
208	877
209	231
210	785
211	161
212	466
213	715
214	769
215	546
216	324
217	85
218	907
219	54
220	597
221	984
222	426
223	857
224	947
225	412
226	107
227	371
228	31
229	946
230	518
231	583
232	980
233	327
234	495
235	644
236	92
237	661
238	242
239	319
240	236
241	766
242	555
243	766
244	65
245	434
246	167
247	279
248	924
249	312
250	201
251	779
252	463
253	567
254	564
255	112
256	818
257	911
258	102
259	965
260	438
261	400
262	249
263	162
264	301
265	381
266	747
267	299
268	346
269	900
270	53
271	717
272	879
273	637
274	759
275	964
276	194
277	908
278	751
279	665
280	145
281	189
282	295
283	232
284	584
285	461
286	485
287	17
288	751
289	216
290	98
291	586
292	501
293	319
294	791
295	90
296	173
297	893
298	519
299	291
300	246
301	106
302	533
303	484
304	108
305	452
306	77
307	253
308	660
309	672
310	341
311	453
312	837
313	203
314	460
315	619
316	822
317	703
318	955
319	70
320	207
321	913
322	898
323	808
324	126
325	404
326	976
327	428
328	857
329	147
330	453
331	171
332	938
333	394
334	474
335	140
336	518
337	975
338	358
339	358
340	898
341	644
342	938
343	415
344	503
345	139
346	95
347	244
348	875
349	193
350	527
351	630
352	150
353	633
354	574
355	240
356	946
357	52
358	802
359	444
360	366
361	631
362	164
363	113
364	702
365	455
366	661
367	391
368	865
369	270
370	479
371	742
372	277
373	993
374	690
375	588
376	435
377	330
378	874
379	689
380	918
381	707
382	256
383	146
384	772
385	780
386	208
387	158
388	886
389	517
390	848
391	926
392	617
393	894
394	938
395	696
396	807
397	721
398	756
399	774
400	768
401	773
402	236
403	115
404	913
405	312
406	893
407	352
408	86
409	580
410	214
411	793
412	910
413	966
414	799
415	780
416	425
417	677
418	107
419	524
420	397
421	717
422	152
423	661
424	57
425	175
426	12
427	619
428	382
429	816
430	706
431	19
432	930
433	47
434	890
435	468
436	618
437	555
438	808
439	850
440	950
441	218
442	360
443	719
444	69
445	71
446	326
447	169
448	219
449	398
450	856
451	766
452	69
453	57
454	961
455	459
456	997
457	443
458	709
459	791
460	611
461	683
462	230
463	609
464	355
465	359
466	899
467	259
468	241
469	437
470	583
471	337
472	638
473	773
474	875
475	737
476	951
477	892
478	667
479	490
480	923
481	892
482	775
483	857
484	988
485	833
486	56
487	356
488	451
489	420
490	292
491	423
492	909
493	920
494	851
495	209
496	970
497	964
498	190
499	38
500	147
501	538
502	909
503	783
504	413
505	868
506	795
507	190
508	827
509	57
510	401
511	695
512	578
513	910
514	197
515	204
516	438
517	815
518	813
519	390
520	633
521	880
522	597
523	470
524	464
525	845
526	74
527	163
528	342
529	298
530	594
531	188
532	208
533	821
534	876
535	482
536	945
537	669
538	43
539	95
540	536
541	654
542	143
543	104
544	252
545	138
546	174
547	814
548	255
549	279
550	945
551	509
552	985
553	936
554	353
555	66
556	670
557	734
558	976
559	859
560	691
561	668
562	971
563	210
564	806
565	946
566	478
567	874
568	634
569	524
570	601
571	969
572	628
573	653
574	720
575	26
576	611
577	127
578	76
579	346
580	608
581	193
582	980
583	84
584	940
585	659
586	377
587	323
588	56
589	789
590	76
591	302
592	70
593	94
594	376
595	36
596	410
597	927
598	338
599	370
600	964
601	256
602	10
603	332
604	148
605	81
606	664
607	892
608	690
609	531
610	512
611	318
612	511
613	992
614	305
615	515
616	64
617	619
618	356
619	123
620	10
621	320
622	522
623	352
624	835
625	503
626	862
627	900
628	125
629	614
630	133
631	408
632	564
633	569
634	468
635	289
636	515
637	737
638	464
639	386
640	348
641	78
642	198
643	258
644	583
645	439
646	84
647	516
648	29
649	826
650	586
651	256
652	18
653	587
654	591
655	316
656	266
657	102
658	512
659	312
660	839
661	513
662	188
663	494
664	263
665	143
666	361
667	927
668	168
669	915
670	186
671	955
672	964
673	765
674	120
675	70
676	653
677	973
678	668
679	429
680	981
681	562
682	245
683	563
684	741
685	930
686	568
687	193
688	475
689	127
690	943
691	454
692	414
693	441
694	770
695	521
696	803
697	798
698	401
699	814
700	252
701	473
702	887
703	487
704	912
705	944
706	659
707	224
708	616
709	307
710	933
711	210
712	740
713	581
714	628
715	452
716	561
717	532
718	786
719	191
720	458
721	720
722	104
723	785
724	313
725	508
726	596
727	982
728	666
729	415
730	107
731	154
732	70
733	916
734	395
735	294
736	160
737	556
738	69
739	263
740	84
741	427
742	31
743	497
744	271
745	251
746	949
747	352
748	948
749	407
750	220
751	971
752	498
753	293
754	533
755	99
756	381
757	927
758	969
759	569
760	420
761	863
762	987
763	150
764	615
765	981
766	781
767	221
768	641
769	186
770	764
771	83
772	307
773	825
774	72
775	330
776	106
777	39
778	100
779	602
780	361
781	129
782	104
783	173
784	604
785	844
786	919
787	617
788	96
789	181
790	198
791	563
792	238
793	717
794	57
795	67
796	833
797	93
798	318
799	174
800	899
801	398
802	137
803	521
804	917
805	231
806	341
807	920
808	71
809	928
810	879
811	273
812	922
813	719
814	179
815	556
816	401
817	929
818	161
819	738
820	849
821	946
822	596
823	684
824	972
825	986
826	944
827	412
828	978
829	300
830	97
831	647
832	364
833	834
834	70
835	777
836	931
837	413
838	352
839	124
840	849
841	251
842	363
843	375
844	649
845	305
846	961
847	565
848	981
849	521
850	574
851	719
852	830
853	492
854	804
855	733
856	385
857	598
858	490
859	841
860	677
861	248
862	72
863	765
864	876
865	569
866	975
867	90
868	517
869	642
870	388
871	894
872	931
873	304
874	589
875	51
876	448
877	882
878	614
879	462
880	287
881	453
882	813
883	970
884	838
885	732
886	687
887	623
888	850
889	930
890	852
891	217
892	122
893	484
894	858
895	270
896	14
897	225
898	672
899	211
900	83
901	165
902	976
903	533
904	351
905	512
906	417
907	134
908	626
909	917
910	809
911	792
912	349
913	885
914	821
915	411
916	721
917	765
918	477
919	269
920	331
921	92
922	71
923	315
924	936
925	818
926	902
927	18
928	486
929	383
930	566
931	254
932	135
933	263
934	828
935	852
936	805
937	381
938	767
939	681
940	282
941	40
942	273
943	575
944	142
945	287
946	458
947	313
948	807
949	157
950	606
951	834
952	775
953	219
954	216
955	783
956	253
957	96
958	389
959	476
960	436
961	764
962	820
963	253
964	434
965	450
966	664
967	126
968	664
969	864
970	951
971	912
972	71
973	483
974	277
975	690
976	295
977	381
978	241
979	277
980	883
981	558
982	724
983	881
984	760
985	553
986	941
987	713
988	313
989	897
990	522
991	708
992	798
993	663
994	846
995	76
996	915
997	198
998	537
999	999
1000	239
1001	671
1002	454
1003	70
1004	923
1005	786
1006	794
1007	72
1008	346
1009	710
1010	729
1011	695
1012	213
1013	231
1014	411
1015	812
1016	627
1017	572
1018	700
1019	393
1020	386
1021	810
1022	637
1023	320
1024	499
1025	146
1026	670
1027	113
1028	915
1029	742
1030	75
1031	193
1032	946
1033	888
1034	715
1035	671
1036	200
1037	126
1038	674
1039	59
1040	922
1041	148
1042	51
1043	311
1044	52
1045	786
1046	63
1047	238
1048	762
1049	782
1050	210
1051	752
1052	254
1053	512
1054	578
1055	893
1056	789
1057	522
1058	697
1059	293
1060	158
1061	537
1062	148
1063	99
1064	866
1065	581
1066	480
1067	805
1068	627
1069	851
1070	369
1071	567
1072	449
1073	915
1074	973
1075	271
1076	267
1077	881
1078	489
1079	660
1080	484
1081	680
1082	709
1083	996
1084	861
1085	403
1086	914
1087	480
1088	391
1089	633
1090	355
1091	870
1092	31
1093	685
1094	516
1095	192
1096	45
1097	718
1098	71
1099	709
1100	827
1101	835
1102	753
1103	451
1104	738
1105	728
1106	263
1107	295
1108	436
1109	147
1110	719
1111	95
1112	980
1113	335
1114	494
1115	882
1116	688
1117	181
1118	498
1119	463
1120	764
1121	331
1122	93
1123	545
1124	688
1125	62
1126	886
1127	440
1128	200
1129	54
1130	205
1131	356
1132	610
1133	884
1134	532
1135	591
1136	179
1137	308
1138	471
1139	357
1140	994
1141	970
1142	450
1143	929
1144	915
1145	123
1146	117
1147	191
1148	189
1149	840
1150	776
1151	521
1152	210
1153	764
1154	289
1155	335
1156	407
1157	415
1158	919
1159	361
1160	320
1161	331
1162	830
1163	442
1164	733
1165	965
1166	644
1167	268
1168	758
1169	30
1170	46
1171	421
1172	939
1173	703
1174	710
1175	808
1176	64
1177	112
1178	910
1179	846
1180	952
1181	698
1182	505
1183	18
1184	78
1185	969
1186	525
1187	797
1188	684
1189	159
1190	676
1191	185
1192	525
1193	468
1194	449
1195	324
1196	590
1197	597
1198	314
1199	224
1200	698
1201	48
1202	910
1203	734
1204	525
1205	536
1206	249
1207	717
1208	553
1209	582
1210	290
1211	304
1212	64
1213	770
1214	193
1215	372
1216	788
1217	172
1218	730
1219	55
1220	714
1221	138
1222	15
1223	631
1224	824
1225	67
1226	403
1227	343
1228	266
1229	929
1230	102
1231	11
1232	932
1233	440
1234	321
1235	182
1236	531
1237	841
1238	45
1239	53
1240	292
1241	213
1242	191
1243	456
1244	969
1245	215
1246	912
1247	977
1248	67
1249	360
1250	720
1251	44
1252	572
1253	59
1254	403
1255	820
1256	224
1257	823
1258	739
1259	109
1260	524
1261	106
1262	559
1263	32
1264	161
1265	883
1266	184
1267	146
1268	568
1269	306
1270	570
1271	970
1272	846
1273	354
1274	396
1275	870
1276	727
1277	146
1278	946
1279	63
1280	798
1281	700
1282	595
1283	671
1284	714
1285	948
1286	736
1287	763
1288	627
1289	411
1290	48
1291	185
1292	229
1293	204
1294	958
1295	849
1296	779
1297	340
1298	657
1299	483
1300	886
1301	353
1302	238
1303	704
1304	561
1305	33
1306	51
1307	618
1308	692
1309	470
1310	677
1311	991
1312	287
1313	149
1314	539
1315	220
1316	278
1317	261
1318	518
1319	979
1320	195
1321	125
1322	747
1323	718
1324	609
1325	534
1326	556
1327	251
1328	414
1329	236
1330	310
1331	19
1332	260
1333	474
1334	478
1335	107
1336	160
1337	15
1338	899
1339	278
1340	527
1341	149
1342	356
1343	711
1344	47
1345	826
1346	484
1347	504
1348	613
1349	940
1350	17
1351	748
1352	411
1353	41
1354	506
1355	501
1356	26
1357	533
1358	914
1359	459
1360	272
1361	725
1362	381
1363	55
1364	343
1365	827
1366	106
1367	152
1368	516
1369	576
1370	881
1371	649
1372	783
1373	394
1374	167
1375	491
1376	944
1377	753
1378	161
1379	443
1380	680
1381	252
1382	857
1383	432
1384	623
1385	11
1386	14
1387	904
1388	537
1389	898
1390	864
1391	220
1392	85
1393	433
1394	739
1395	504
1396	154
1397	713
1398	278
1399	790
1400	21
1401	403
1402	358
1403	638
1404	693
1405	382
1406	111
1407	790
1408	56
1409	241
1410	15
1411	322
1412	654
1413	487
1414	615
1415	448
1416	352
1417	62
1418	848
1419	330
1420	10
1421	459
1422	444
1423	10
1424	964
1425	191
1426	923
1427	37
1428	996
1429	336
1430	731
1431	655
1432	973
1433	93
1434	658
1435	785
1436	576
1437	860
1438	204
1439	574
1440	619
1441	611
1442	514
1443	423
1444	362
1445	439
1446	717
1447	349
1448	960
1449	691
1450	874
1451	479
1452	984
1453	194
1454	445
1455	42
1456	783
1457	344
1458	822
1459	731
1460	520
1461	435
1462	656
1463	100
1464	701
1465	853
1466	409
1467	13
1468	443
1469	275
1470	489
1471	581
1472	912
1473	712
1474	353
1475	436
1476	971
1477	821
1478	424
1479	489
1480	230
1481	572
1482	539
1483	158
1484	128
1485	14
1486	52
1487	499
1488	440
1489	66
1490	484
1491	891
1492	185
1493	252
1494	765
1495	140
1496	622
1497	853
1498	40
1499	981
1500	242
1501	764
1502	375
1503	143
1504	187
1505	639
1506	972
1507	162
1508	532
1509	364
1510	161
1511	844
1512	165
1513	113
1514	751
1515	907
1516	392
1517	718
1518	972
1519	510
1520	681
1521	151
1522	550
1523	297
1524	880
1525	289
1526	89
1527	759
1528	33
1529	649
1530	93
1531	751
1532	266
1533	738
1534	766
1535	920
1536	366
1537	263
1538	58
1539	26
1540	687
1541	898
1542	828
1543	421
1544	775
1545	440
1546	766
1547	165
1548	783
1549	694
1550	748
1551	333
1552	871
1553	881
1554	838
1555	549
1556	58
1557	441
1558	895
1559	81
1560	903
1561	320
1562	786
1563	944
1564	231
1565	288
1566	557
1567	233
1568	44
1569	20
1570	283
1571	883
1572	295
1573	145
1574	582
1575	753
1576	149
1577	303
1578	531
1579	208
1580	911
1581	752
1582	493
1583	314
1584	226
1585	408
1586	540
1587	17
1588	787
1589	935
1590	421
1591	819
1592	381
1593	720
1594	334
1595	240
1596	498
1597	121
1598	871
1599	221
1600	90
1601	472
1602	90
1603	672
1604	237
1605	436
1606	465
1607	99
1608	312
1609	304
1610	63
1611	686
1612	983
1613	745
1614	803
1615	75
1616	985
1617	78
1618	520
1619	727
1620	547
1621	629
1622	630
1623	759
1624	233
1625	407
1626	456
1627	421
1628	969
1629	447
1630	705
1631	655
1632	562
1633	160
1634	704
1635	269
1636	79
1637	175
1638	572
1639	620
1640	564
1641	86
1642	318
1643	971
1644	727
1645	355
1646	220
1647	420
1648	176
1649	376
1650	304
1651	934
1652	842
1653	88
1654	812
1655	425
1656	36
1657	642
1658	748
1659	714
1660	152
1661	321
1662	305
1663	648
1664	317
1665	158
1666	150
1667	234
1668	967
1669	243
1670	122
1671	327
1672	561
1673	868
1674	97
1675	957
1676	692
1677	583
1678	681
1679	520
1680	168
1681	852
1682	140
1683	622
1684	517
1685	48
1686	295
1687	718
1688	371
1689	134
1690	234
1691	713
1692	811
1693	904
1694	899
1695	852
1696	801
1697	971
1698	511
1699	828
1700	377
1701	83
1702	936
1703	984
1704	772
1705	937
1706	390
1707	799
1708	499
1709	484
1710	668
1711	784
1712	871
1713	552
1714	713
1715	615
1716	994
1717	696
1718	835
1719	906
1720	676
1721	822
1722	657
1723	512
1724	933
1725	265
1726	288
1727	685
1728	656
1729	203
1730	225
1731	838
1732	31
1733	800
1734	951
1735	770
1736	808
1737	454
1738	798
1739	72
1740	458
1741	554
1742	292
1743	24
1744	832
1745	459
1746	21
1747	750
1748	147
1749	294
1750	295
1751	444
1752	148
1753	425
1754	121
1755	511
1756	190
1757	18
1758	632
1759	14
1760	446
1761	377
1762	608
1763	669
1764	720
1765	915
1766	62
1767	919
1768	73
1769	199
1770	414
1771	827
1772	138
1773	373
1774	22
1775	278
1776	767
1777	501
1778	770
1779	577
1780	81
1781	560
1782	862
1783	158
1784	246
1785	988
1786	348
1787	415
1788	626
1789	536
1790	210
1791	813
1792	176
1793	706
1794	388
1795	279
1796	384
1797	116
1798	948
1799	98
1800	241
1801	724
1802	693
1803	174
1804	301
1805	911
1806	454
1807	987
1808	142
1809	542
1810	76
1811	106
1812	590
1813	510
1814	628
1815	335
1816	344
1817	236
1818	327
1819	874
1820	73
1821	80
1822	344
1823	407
1824	999
1825	990
1826	502
1827	384
1828	888
1829	626
1830	432
1831	772
1832	168
1833	394
1834	895
1835	615
1836	796
1837	114
1838	676
1839	822
1840	163
1841	895
1842	580
1843	111
1844	561
1845	17
1846	704
1847	147
1848	919
1849	895
1850	607
1851	350
1852	580
1853	320
1854	266
1855	532
1856	698
1857	357
1858	861
1859	504
1860	232
1861	723
1862	595
1863	341
1864	535
1865	765
1866	462
1867	990
1868	831
1869	68
1870	647
1871	749
1872	794
1873	880
1874	907
1875	502
1876	912
1877	745
1878	645
1879	914
1880	887
1881	853
1882	917
1883	570
1884	660
1885	924
1886	215
1887	61
1888	289
1889	209
1890	460
1891	263
1892	385
1893	717
1894	515
1895	206
1896	937
1897	957
1898	911
1899	231
1900	156
1901	519
1902	179
1903	883
1904	230
1905	853
1906	596
1907	239
1908	623
1909	964
1910	495
1911	807
1912	485
1913	290
1914	509
1915	283
1916	573
1917	542
1918	387
1919	578
1920	439
1921	28
1922	332
1923	502
1924	554
1925	105
1926	826
1927	596
1928	762
1929	340
1930	790
1931	541
1932	643
1933	20
1934	965
1935	554
1936	271
1937	314
1938	217
1939	257
1940	230
1941	603
1942	55
1943	311
1944	285
1945	537
1946	729
1947	561
1948	334
1949	713
1950	212
1951	559
1952	97
1953	364
1954	946
1955	731
1956	139
1957	242
1958	788
1959	448
1960	427
1961	125
1962	55
1963	596
1964	853
1965	249
1966	241
1967	97
1968	302
1969	470
1970	127
1971	12
1972	409
1973	188
1974	816
1975	122
1976	809
1977	114
1978	421
1979	386
1980	856
1981	325
1982	401
1983	435
1984	774
1985	660
1986	467
1987	330
1988	983
1989	175
1990	252
1991	881
1992	473
1993	403
1994	479
1995	70
1996	905
1997	143
1998	368
1999	891
2000	136
2001	891
2002	344
2003	19
2004	91
2005	119
2006	161
2007	899
2008	249
2009	305
2010	485
2011	823
2012	797
2013	930
2014	373
2015	213
2016	173
2017	298
2018	326
2019	68
2020	495
2021	960
2022	84
2023	842
2024	27
2025	35
2026	627
2027	112
2028	329
2029	132
2030	156
2031	194
2032	370
2033	631
2034	55
2035	968
2036	560
2037	761
2038	110
2039	393
2040	706
2041	988
2042	283
2043	451
2044	486
2045	620
2046	441
2047	59
2048	374
2049	420
2050	768
2051	437
2052	898
2053	172
2054	549
2055	305
2056	51
2057	907
2058	736
2059	300
2060	281
2061	144
2062	119
2063	69
2064	728
2065	368
2066	219
2067	916
2068	175
2069	891
2070	414
2071	350
2072	666
2073	62
2074	221
2075	382
2076	576
2077	735
2078	352
2079	373
2080	417
2081	68
2082	736
2083	291
2084	442
2085	846
2086	128
2087	604
2088	999
2089	192
2090	167
2091	457
2092	726
2093	790
2094	367
2095	217
2096	850
2097	99
2098	851
2099	946
2100	20
2101	920
2102	259
2103	898
2104	934
2105	948
2106	138
2107	541
2108	847
2109	162
2110	618
2111	859
2112	479
2113	16
2114	608
2115	243
2116	746
2117	696
2118	224
2119	425
2120	329
2121	828
2122	809
2123	918
2124	993
2125	290
2126	547
2127	943
2128	69
2129	818
2130	425
2131	970
2132	183
2133	518
2134	148
2135	744
2136	765
2137	918
2138	915
2139	568
2140	653
2141	467
2142	200
2143	88
2144	338
2145	938
2146	347
2147	410
2148	56
2149	728
2150	401
2151	821
2152	248
2153	103
2154	83
2155	740
2156	235
2157	520
2158	342
2159	910
2160	619
2161	773
2162	831
2163	39
2164	29
2165	15
2166	525
2167	695
2168	531
2169	364
2170	890
2171	908
2172	521
2173	596
2174	935
2175	979
2176	526
2177	343
2178	522
2179	935
2180	657
2181	68
2182	496
2183	934
2184	469
2185	423
2186	792
2187	295
2188	288
2189	891
2190	36
2191	83
2192	926
2193	641
2194	597
2195	670
2196	982
2197	167
2198	570
2199	117
2200	520
2201	821
2202	436
2203	596
2204	443
2205	451
2206	406
2207	928
2208	742
2209	680
2210	714
2211	830
2212	224
2213	278
2214	196
2215	760
2216	211
2217	163
2218	663
2219	818
2220	513
2221	346
2222	653
2223	433
2224	248
2225	320
2226	605
2227	838
2228	439
2229	752
2230	660
2231	685
2232	328
2233	168
2234	373
2235	172
2236	301
2237	943
2238	460
2239	736
2240	948
2241	377
2242	782
2243	577
2244	289
2245	843
2246	543
2247	554
2248	55
2249	760
2250	723
2251	415
2252	959
2253	62
2254	197
2255	935
2256	318
2257	684
2258	34
2259	875
2260	59
2261	496
2262	66
2263	91
2264	329
2265	342
2266	612
2267	320
2268	954
2269	57
2270	206
2271	160
2272	716
2273	990
2274	525
2275	78
2276	635
2277	186
2278	915
2279	362
2280	180
2281	821
2282	294
2283	895
2284	501
2285	415
2286	356
2287	231
2288	535
2289	899
2290	847
2291	25
2292	246
2293	787
2294	286
2295	972
2296	766
2297	344
2298	551
2299	671
2300	527
2301	247
2302	707
2303	381
2304	278
2305	265
2306	207
2307	368
2308	901
2309	723
2310	913
2311	142
2312	433
2313	531
2314	917
2315	164
2316	323
2317	627
2318	402
2319	513
2320	44
2321	718
2322	532
2323	962
2324	92
2325	805
2326	646
2327	881
2328	938
2329	782
2330	702
2331	275
2332	267
2333	953
2334	92
2335	25
2336	801
2337	313
2338	479
2339	680
2340	985
2341	631
2342	692
2343	15
2344	739
2345	998
2346	868
2347	389
2348	386
2349	594
2350	559
2351	262
2352	295
2353	308
2354	303
2355	12
2356	341
2357	415
2358	523
2359	448
2360	957
2361	627
2362	118
2363	215
2364	657
2365	464
2366	356
2367	88
2368	433
2369	707
2370	185
2371	252
2372	742
2373	555
2374	254
2375	118
2376	373
2377	38
2378	567
2379	748
2380	258
2381	451
2382	486
2383	90
2384	639
2385	109
2386	570
2387	191
2388	934
2389	408
2390	775
2391	511
2392	639
2393	554
2394	16
2395	966
2396	161
2397	722
2398	620
2399	424
2400	469
2401	763
2402	498
2403	447
2404	455
2405	980
2406	160
2407	578
2408	540
2409	716
2410	570
2411	991
2412	855
2413	332
2414	311
2415	404
2416	334
2417	209
2418	985
2419	35
2420	572
2421	603
2422	896
2423	592
2424	956
2425	478
2426	215
2427	902
2428	73
2429	688
2430	114
2431	192
2432	350
2433	595
2434	20
2435	719
2436	597
2437	689
2438	210
2439	110
2440	875
2441	483
2442	552
2443	473
2444	635
2445	840
2446	723
2447	299
2448	524
2449	728
2450	618
2451	308
2452	767
2453	254
2454	330
2455	219
2456	644
2457	711
2458	787
2459	431
2460	111
2461	569
2462	468
2463	761
2464	804
2465	457
2466	153
2467	831
2468	400
2469	731
2470	539
2471	670
2472	238
2473	999
2474	768
2475	88
2476	625
2477	742
2478	671
2479	142
2480	745
2481	746
2482	737
2483	362
2484	27
2485	274
2486	460
2487	596
2488	325
2489	280
2490	490
2491	367
2492	121
2493	538
2494	906
2495	683
2496	772
2497	853
2498	458
2499	888
2500	654
2501	562
2502	668
2503	832
2504	331
2505	525
2506	554
2507	657
2508	934
2509	328
2510	71
2511	445
2512	353
2513	203
2514	782
2515	481
2516	456
2517	836
2518	857
2519	207
2520	795
2521	837
2522	399
2523	959
2524	443
2525	422
2526	679
2527	60
2528	493
2529	928
2530	325
2531	679
2532	362
2533	699
2534	985
2535	166
2536	752
2537	68
2538	285
2539	260
2540	155
2541	996
2542	102
2543	468
2544	425
2545	354
2546	903
2547	820
2548	524
2549	783
2550	162
2551	671
2552	902
2553	816
2554	367
2555	115
2556	465
2557	818
2558	320
2559	944
2560	361
2561	594
2562	520
2563	806
2564	605
2565	502
2566	194
2567	269
2568	822
2569	23
2570	380
2571	897
2572	118
2573	605
2574	606
2575	36
2576	677
2577	265
2578	671
2579	391
2580	246
2581	347
2582	137
2583	591
2584	483
2585	120
2586	690
2587	212
2588	791
2589	210
2590	252
2591	293
2592	981
2593	940
2594	167
2595	140
2596	268
2597	496
2598	145
2599	952
2600	773
2601	666
2602	801
2603	223
2604	656
2605	902
2606	18
2607	101
2608	812
2609	768
2610	379
2611	549
2612	462
2613	723
2614	495
2615	641
2616	910
2617	11
2618	549
2619	228
2620	629
2621	467
2622	196
2623	739
2624	980
2625	459
2626	528
2627	26
2628	973
2629	813
2630	689
2631	997
2632	800
2633	67
2634	547
2635	537
2636	719
2637	803
2638	321
2639	572
2640	851
2641	502
2642	507
2643	615
2644	658
2645	15
2646	852
2647	612
2648	795
2649	660
2650	677
2651	424
2652	775
2653	401
2654	880
2655	59
2656	977
2657	444
2658	257
2659	850
2660	892
2661	209
2662	930
2663	18
2664	460
2665	811
2666	634
2667	867
2668	382
2669	768
2670	678
2671	858
2672	943
2673	400
2674	804
2675	973
2676	790
2677	896
2678	395
2679	766
2680	197
2681	824
2682	818
2683	273
2684	812
2685	688
2686	606
2687	439
2688	341
2689	265
2690	429
2691	399
2692	735
2693	116
2694	401
2695	923
2696	891
2697	278
2698	135
2699	366
2700	301
2701	944
2702	37
2703	643
2704	158
2705	269
2706	498
2707	275
2708	664
2709	775
2710	701
2711	88
2712	975
2713	139
2714	417
2715	20
2716	933
2717	808
2718	62
2719	391
2720	123
2721	823
2722	49
2723	435
2724	609
2725	354
2726	688
2727	616
2728	440
2729	623
2730	641
2731	648
2732	74
2733	510
2734	300
2735	404
2736	694
2737	833
2738	116
2739	121
2740	338
2741	608
2742	344
2743	839
2744	788
2745	568
2746	56
2747	448
2748	948
2749	411
2750	12
2751	527
2752	749
2753	855
2754	345
2755	199
2756	133
2757	870
2758	62
2759	110
2760	46
2761	327
2762	836
2763	617
2764	986
2765	683
2766	652
2767	187
2768	182
2769	853
2770	460
2771	882
2772	70
2773	183
2774	568
2775	104
2776	79
2777	568
2778	163
2779	332
2780	929
2781	634
2782	298
2783	905
2784	933
2785	431
2786	531
2787	121
2788	316
2789	92
2790	428
2791	896
2792	56
2793	503
2794	465
2795	145
2796	732
2797	13
2798	358
2799	100
2800	297
2801	692
2802	224
2803	47
2804	299
2805	159
2806	767
2807	509
2808	732
2809	284
2810	480
2811	11
2812	40
2813	918
2814	631
2815	342
2816	269
2817	261
2818	379
2819	376
2820	772
2821	290
2822	358
2823	924
2824	846
2825	699
2826	358
2827	196
2828	428
2829	280
2830	650
2831	51
2832	491
2833	956
2834	675
2835	521
2836	170
2837	479
2838	83
2839	11
2840	861
2841	460
2842	761
2843	685
2844	970
2845	742
2846	714
2847	167
2848	74
2849	287
2850	193
2851	725
2852	678
2853	649
2854	438
2855	606
2856	821
2857	537
2858	972
2859	916
2860	651
2861	712
2862	236
2863	225
2864	114
2865	654
2866	63
2867	656
2868	61
2869	604
2870	685
2871	857
2872	102
2873	496
2874	242
2875	904
2876	665
2877	808
2878	179
2879	52
2880	972
2881	13
2882	671
2883	170
2884	18
2885	318
2886	640
2887	504
2888	203
2889	748
2890	926
2891	122
2892	841
2893	828
2894	778
2895	798
2896	510
2897	335
2898	32
2899	173
2900	678
2901	57
2902	348
2903	595
2904	41
2905	116
2906	331
2907	664
2908	517
2909	233
2910	816
2911	254
2912	709
2913	109
2914	159
2915	856
2916	613
2917	63
2918	108
2919	127
2920	214
2921	154
2922	11
2923	649
2924	613
2925	509
2926	58
2927	405
2928	648
2929	782
2930	790
2931	693
2932	203
2933	801
2934	563
2935	262
2936	290
2937	190
2938	129
2939	732
2940	881
2941	128
2942	703
2943	889
2944	598
2945	802
2946	710
2947	891
2948	501
2949	28
2950	850
2951	308
2952	120
2953	947
2954	209
2955	282
2956	464
2957	774
2958	64
2959	785
2960	649
2961	736
2962	348
2963	372
2964	881
2965	35
2966	978
2967	572
2968	602
2969	230
2970	111
2971	642
2972	197
2973	204
2974	528
2975	686
2976	312
2977	542
2978	649
2979	331
2980	977
2981	69
2982	971
2983	735
2984	576
2985	13
2986	291
2987	436
2988	428
2989	802
2990	784
2991	276
2992	830
2993	92
2994	333
2995	968
2996	797
2997	640
2998	467
2999	428
3000	597
3001	986
3002	626
3003	848
3004	220
3005	786
3006	820
3007	687
3008	308
3009	376
3010	877
3011	42
3012	57
3013	153
3014	726
3015	75
3016	862
3017	444
3018	316
3019	397
3020	120
3021	598
3022	995
3023	416
3024	716
3025	131
3026	49
3027	101
3028	36
3029	187
3030	359
3031	262
3032	585
3033	743
3034	640
3035	577
3036	13
3037	819
3038	480
3039	513
3040	530
3041	674
3042	668
3043	855
3044	572
3045	356
3046	90
3047	170
3048	435
3049	171
3050	684
3051	413
3052	668
3053	901
3054	603
3055	405
3056	510
3057	323
3058	63
3059	894
3060	944
3061	556
3062	443
3063	773
3064	996
3065	673
3066	200
3067	816
3068	996
3069	287
3070	87
3071	550
3072	801
3073	590
3074	268
3075	546
3076	734
3077	934
3078	241
3079	937
3080	327
3081	800
3082	212
3083	241
3084	126
3085	816
3086	84
3087	712
3088	545
3089	81
3090	975
3091	876
3092	994
3093	69
3094	105
3095	553
3096	921
3097	929
3098	178
3099	49
3100	766
3101	611
3102	560
3103	663
3104	455
3105	763
3106	905
3107	27
3108	322
3109	993
3110	522
3111	330
3112	924
3113	485
3114	641
3115	605
3116	681
3117	606
3118	477
3119	485
3120	225
3121	56
3122	829
3123	228
3124	539
3125	308
3126	154
3127	986
3128	205
3129	840
3130	776
3131	59
3132	937
3133	554
3134	653
3135	881
3136	661
3137	843
3138	714
3139	419
3140	224
3141	213
3142	298
3143	857
3144	590
3145	81
3146	258
3147	113
3148	414
3149	231
3150	477
3151	144
3152	887
3153	471
3154	570
3155	197
3156	206
3157	390
3158	870
3159	138
3160	660
3161	729
3162	295
3163	527
3164	779
3165	982
3166	701
3167	581
3168	39
3169	248
3170	941
3171	439
3172	772
3173	152
3174	257
3175	357
3176	569
3177	267
3178	894
3179	30
3180	827
3181	69
3182	34
3183	748
3184	229
3185	962
3186	228
3187	61
3188	303
3189	973
3190	746
3191	859
3192	928
3193	911
3194	577
3195	735
3196	923
3197	187
3198	244
3199	633
3200	888
3201	677
3202	148
3203	504
3204	368
3205	687
3206	690
3207	225
3208	833
3209	60
3210	67
3211	559
3212	904
3213	368
3214	46
3215	623
3216	572
3217	439
3218	173
3219	90
3220	753
3221	676
3222	365
3223	923
3224	358
3225	338
3226	826
3227	943
3228	784
3229	56
3230	916
3231	84
3232	793
3233	968
3234	667
3235	215
3236	817
3237	989
3238	201
3239	869
3240	226
3241	169
3242	455
3243	16
3244	992
3245	886
3246	644
3247	651
3248	751
3249	432
3250	26
3251	103
3252	81
3253	251
3254	29
3255	374
3256	501
3257	333
3258	93
3259	974
3260	102
3261	809
3262	243
3263	760
3264	773
3265	638
3266	90
3267	584
3268	78
3269	575
3270	301
3271	756
3272	426
3273	802
3274	573
3275	371
3276	147
3277	258
3278	527
3279	870
3280	861
3281	535
3282	673
3283	55
3284	862
3285	149
3286	553
3287	801
3288	762
3289	54
3290	14
3291	455
3292	150
3293	646
3294	599
3295	458
3296	794
3297	720
3298	955
3299	626
3300	643
3301	949
3302	539
3303	511
3304	343
3305	356
3306	781
3307	832
3308	338
3309	508
3310	815
3311	789
3312	531
3313	303
3314	951
3315	174
3316	360
3317	897
3318	778
3319	31
3320	587
3321	27
3322	371
3323	228
3324	152
3325	799
3326	166
3327	989
3328	940
3329	415
3330	503
3331	681
3332	375
3333	376
3334	510
3335	694
3336	273
3337	443
3338	404
3339	764
3340	147
3341	382
3342	69
3343	920
3344	144
3345	183
3346	407
3347	168
3348	503
3349	831
3350	228
3351	545
3352	753
3353	365
3354	848
3355	461
3356	287
3357	641
3358	46
3359	858
3360	825
3361	933
3362	624
3363	92
3364	956
3365	139
3366	310
3367	683
3368	451
3369	903
3370	290
3371	549
3372	278
3373	768
3374	747
3375	96
3376	547
3377	975
3378	705
3379	948
3380	75
3381	586
3382	468
3383	432
3384	299
3385	131
3386	563
3387	921
3388	898
3389	168
3390	297
3391	802
3392	710
3393	204
3394	838
3395	631
3396	775
3397	964
3398	940
3399	144
3400	447
3401	168
3402	423
3403	897
3404	550
3405	916
3406	890
3407	941
3408	754
3409	341
3410	219
3411	467
3412	305
3413	999
3414	717
3415	51
3416	489
3417	304
3418	817
3419	923
3420	375
3421	478
3422	249
3423	903
3424	864
3425	722
3426	575
3427	314
3428	476
3429	32
3430	198
3431	607
3432	882
3433	463
3434	20
3435	90
3436	765
3437	802
3438	213
3439	231
3440	73
3441	726
3442	149
3443	992
3444	597
3445	831
3446	76
3447	139
3448	451
3449	951
3450	676
3451	440
3452	121
3453	719
3454	614
3455	660
3456	647
3457	329
3458	335
3459	891
3460	865
3461	937
3462	387
3463	727
3464	49
3465	530
3466	595
3467	571
3468	993
3469	231
3470	339
3471	287
3472	208
3473	460
3474	859
3475	584
3476	720
3477	767
3478	942
3479	776
3480	834
3481	22
3482	719
3483	898
3484	277
3485	956
3486	957
3487	533
3488	783
3489	102
3490	258
3491	772
3492	609
3493	457
3494	625
3495	563
3496	773
3497	131
3498	619
3499	600
3500	781
3501	128
3502	632
3503	302
3504	900
3505	229
3506	818
3507	972
3508	76
3509	317
3510	242
3511	707
3512	141
3513	210
3514	603
3515	200
3516	554
3517	526
3518	953
3519	507
3520	412
3521	126
3522	555
3523	630
3524	150
3525	163
3526	976
3527	524
3528	292
3529	978
3530	76
3531	198
3532	738
3533	566
3534	37
3535	776
3536	494
3537	653
3538	623
3539	616
3540	450
3541	985
3542	642
3543	493
3544	61
3545	619
3546	846
3547	304
3548	724
3549	313
3550	960
3551	128
3552	300
3553	485
3554	329
3555	397
3556	467
3557	779
3558	87
3559	430
3560	283
3561	628
3562	575
3563	83
3564	81
3565	980
3566	476
3567	762
3568	922
3569	381
3570	708
3571	202
3572	896
3573	360
3574	671
3575	79
3576	511
3577	434
3578	396
3579	117
3580	291
3581	533
3582	431
3583	506
3584	822
3585	47
3586	240
3587	15
3588	127
3589	588
3590	687
3591	163
3592	894
3593	632
3594	513
3595	39
3596	524
3597	90
3598	403
3599	299
3600	795
3601	143
3602	175
3603	266
3604	63
3605	403
3606	876
3607	185
3608	708
3609	284
3610	397
3611	949
3612	778
3613	449
3614	606
3615	866
3616	173
3617	463
3618	595
3619	489
3620	56
3621	350
3622	672
3623	443
3624	78
3625	716
3626	634
3627	181
3628	175
3629	984
3630	810
3631	606
3632	830
3633	385
3634	208
3635	352
3636	551
3637	707
3638	752
3639	100
3640	836
3641	754
3642	783
3643	250
3644	275
3645	520
3646	81
3647	33
3648	214
3649	43
3650	311
3651	782
3652	665
3653	380
3654	968
3655	237
3656	683
3657	286
3658	688
3659	665
3660	715
3661	61
3662	392
3663	548
3664	348
3665	909
3666	682
3667	205
3668	915
3669	17
3670	820
3671	287
3672	839
3673	567
3674	92
3675	873
3676	495
3677	545
3678	602
3679	383
3680	669
3681	760
3682	201
3683	947
3684	743
3685	190
3686	950
3687	228
3688	82
3689	817
3690	543
3691	330
3692	622
3693	939
3694	201
3695	768
3696	172
3697	32
3698	363
3699	510
3700	584
3701	544
3702	436
3703	403
3704	797
3705	830
3706	970
3707	711
3708	154
3709	251
3710	788
3711	889
3712	959
3713	185
3714	218
3715	110
3716	597
3717	182
3718	746
3719	953
3720	429
3721	710
3722	315
3723	711
3724	683
3725	350
3726	434
3727	133
3728	561
3729	694
3730	216
3731	721
3732	352
3733	731
3734	740
3735	149
3736	404
3737	35
3738	99
3739	818
3740	863
3741	810
3742	74
3743	556
3744	281
3745	514
3746	28
3747	700
3748	24
3749	957
3750	996
3751	55
3752	455
3753	939
3754	995
3755	87
3756	511
3757	964
3758	756
3759	830
3760	585
3761	257
3762	389
3763	399
3764	929
3765	730
3766	369
3767	480
3768	34
3769	77
3770	639
3771	838
3772	324
3773	887
3774	486
3775	850
3776	383
3777	536
3778	466
3779	587
3780	532
3781	718
3782	582
3783	52
3784	974
3785	197
3786	127
3787	806
3788	413
3789	171
3790	687
3791	827
3792	457
3793	116
3794	312
3795	604
3796	38
3797	273
3798	271
3799	722
3800	910
3801	55
3802	180
3803	55
3804	30
3805	550
3806	816
3807	689
3808	634
3809	741
3810	404
3811	382
3812	408
3813	180
3814	728
3815	369
3816	830
3817	826
3818	865
3819	713
3820	200
3821	846
3822	553
3823	930
3824	366
3825	975
3826	392
3827	879
3828	439
3829	352
3830	291
3831	997
3832	915
3833	105
3834	224
3835	591
3836	258
3837	694
3838	506
3839	341
3840	746
3841	279
3842	444
3843	628
3844	972
3845	637
3846	138
3847	872
3848	617
3849	288
3850	229
3851	825
3852	386
3853	38
3854	517
3855	187
3856	275
3857	128
3858	883
3859	249
3860	662
3861	264
3862	900
3863	552
3864	400
3865	925
3866	84
3867	386
3868	666
3869	436
3870	889
3871	842
3872	743
3873	123
3874	41
3875	289
3876	723
3877	617
3878	470
3879	566
3880	799
3881	355
3882	642
3883	72
3884	324
3885	643
3886	178
3887	944
3888	185
3889	141
3890	370
3891	738
3892	626
3893	442
3894	654
3895	410
3896	665
3897	477
3898	437
3899	214
3900	55
3901	905
3902	294
3903	445
3904	656
3905	68
3906	459
3907	973
3908	673
3909	547
3910	854
3911	856
3912	671
3913	846
3914	678
3915	356
3916	710
3917	13
3918	207
3919	268
3920	375
3921	718
3922	338
3923	53
3924	856
3925	658
3926	777
3927	935
3928	553
3929	228
3930	195
3931	478
3932	747
3933	76
3934	362
3935	457
3936	438
3937	945
3938	174
3939	570
3940	542
3941	64
3942	779
3943	10
3944	637
3945	189
3946	161
3947	648
3948	62
3949	546
3950	595
3951	914
3952	126
3953	994
3954	451
3955	650
3956	747
3957	38
3958	526
3959	744
3960	571
3961	655
3962	68
3963	152
3964	254
3965	934
3966	299
3967	171
3968	595
3969	664
3970	60
3971	548
3972	201
3973	369
3974	935
3975	115
3976	371
3977	336
3978	333
3979	411
3980	505
3981	189
3982	935
3983	748
3984	385
3985	842
3986	896
3987	42
3988	323
3989	380
3990	665
3991	435
3992	171
3993	349
3994	436
3995	362
3996	422
3997	776
3998	352
3999	209
4000	67
4001	431
4002	41
4003	678
4004	891
4005	214
4006	532
4007	277
4008	301
4009	684
4010	544
4011	981
4012	607
4013	974
4014	283
4015	722
4016	944
4017	727
4018	397
4019	461
4020	60
4021	396
4022	695
4023	740
4024	581
4025	216
4026	956
4027	215
4028	908
4029	774
4030	154
4031	896
4032	766
4033	828
4034	569
4035	492
4036	792
4037	895
4038	504
4039	335
4040	948
4041	303
4042	901
4043	426
4044	499
4045	418
4046	52
4047	213
4048	581
4049	585
4050	292
4051	749
4052	238
4053	178
4054	233
4055	532
4056	796
4057	398
4058	423
4059	226
4060	223
4061	638
4062	348
4063	134
4064	452
4065	146
4066	522
4067	52
4068	269
4069	915
4070	216
4071	721
4072	649
4073	66
4074	453
4075	222
4076	957
4077	960
4078	532
4079	23
4080	617
4081	202
4082	334
4083	680
4084	336
4085	553
4086	86
4087	151
4088	99
4089	301
4090	344
4091	978
4092	906
4093	667
4094	79
4095	169
4096	185
4097	410
4098	923
4099	512
4100	483
4101	645
4102	59
4103	955
4104	41
4105	209
4106	341
4107	463
4108	927
4109	294
4110	460
4111	666
4112	543
4113	608
4114	548
4115	371
4116	931
4117	783
4118	543
4119	630
4120	692
4121	259
4122	847
4123	455
4124	502
4125	788
4126	724
4127	984
4128	120
4129	795
4130	115
4131	42
4132	793
4133	616
4134	515
4135	226
4136	957
4137	768
4138	506
4139	947
4140	884
4141	718
4142	100
4143	395
4144	51
4145	44
4146	749
4147	253
4148	687
4149	60
4150	353
4151	312
4152	998
4153	364
4154	304
4155	476
4156	507
4157	38
4158	548
4159	609
4160	964
4161	720
4162	707
4163	431
4164	396
4165	893
4166	176
4167	558
4168	223
4169	423
4170	372
4171	691
4172	668
4173	373
4174	447
4175	396
4176	37
4177	837
4178	180
4179	91
4180	801
4181	322
4182	841
4183	243
4184	960
4185	929
4186	157
4187	918
4188	141
4189	967
4190	548
4191	870
4192	705
4193	238
4194	60
4195	138
4196	753
4197	29
4198	148
4199	198
4200	627
4201	179
4202	20
4203	353
4204	197
4205	524
4206	15
4207	814
4208	131
4209	952
4210	750
4211	533
4212	572
4213	976
4214	810
4215	21
4216	986
4217	119
4218	587
4219	55
4220	168
4221	625
4222	226
4223	244
4224	967
4225	192
4226	452
4227	10
4228	372
4229	46
4230	461
4231	471
4232	945
4233	524
4234	377
4235	120
4236	584
4237	672
4238	594
4239	967
4240	143
4241	406
4242	495
4243	748
4244	436
4245	889
4246	543
4247	441
4248	13
4249	149
4250	401
4251	517
4252	447
4253	316
4254	597
4255	82
4256	714
4257	669
4258	810
4259	390
4260	269
4261	103
4262	895
4263	873
4264	173
4265	445
4266	936
4267	495
4268	224
4269	809
4270	711
4271	305
4272	994
4273	290
4274	533
4275	574
4276	78
4277	205
4278	546
4279	566
4280	91
4281	743
4282	627
4283	572
4284	606
4285	960
4286	92
4287	910
4288	569
4289	200
4290	204
4291	996
4292	803
4293	155
4294	738
4295	708
4296	621
4297	809
4298	452
4299	535
4300	182
4301	398
4302	36
4303	580
4304	674
4305	804
4306	266
4307	732
4308	46
4309	515
4310	484
4311	589
4312	184
4313	171
4314	446
4315	929
4316	387
4317	387
4318	670
4319	210
4320	429
4321	194
4322	721
4323	111
4324	276
4325	236
4326	982
4327	840
4328	457
4329	702
4330	108
4331	963
4332	598
4333	542
4334	393
4335	838
4336	559
4337	811
4338	137
4339	611
4340	440
4341	897
4342	782
4343	119
4344	457
4345	386
4346	800
4347	820
4348	139
4349	988
4350	879
4351	81
4352	755
4353	223
4354	326
4355	503
4356	744
4357	805
4358	500
4359	110
4360	950
4361	98
4362	756
4363	779
4364	458
4365	903
4366	899
4367	562
4368	815
4369	368
4370	550
4371	76
4372	110
4373	231
4374	451
4375	284
4376	720
4377	916
4378	328
4379	702
4380	986
4381	489
4382	122
4383	545
4384	133
4385	505
4386	938
4387	793
4388	753
4389	709
4390	598
4391	775
4392	202
4393	447
4394	649
4395	714
4396	248
4397	793
4398	587
4399	574
4400	234
4401	813
4402	430
4403	819
4404	863
4405	331
4406	553
4407	252
4408	454
4409	823
4410	965
4411	167
4412	193
4413	10
4414	762
4415	752
4416	473
4417	202
4418	559
4419	487
4420	229
4421	172
4422	587
4423	698
4424	584
4425	705
4426	109
4427	191
4428	66
4429	962
4430	111
4431	218
4432	988
4433	901
4434	849
4435	834
4436	297
4437	498
4438	922
4439	553
4440	919
4441	309
4442	912
4443	494
4444	65
4445	202
4446	633
4447	669
4448	556
4449	932
4450	617
4451	354
4452	208
4453	401
4454	728
4455	492
4456	680
4457	183
4458	757
4459	143
4460	614
4461	638
4462	49
4463	223
4464	979
4465	389
4466	379
4467	331
4468	529
4469	819
4470	546
4471	818
4472	913
4473	486
4474	243
4475	442
4476	167
4477	805
4478	228
4479	786
4480	184
4481	157
4482	326
4483	630
4484	869
4485	303
4486	166
4487	393
4488	936
4489	803
4490	781
4491	314
4492	636
4493	221
4494	264
4495	846
4496	30
4497	675
4498	460
4499	767
4500	611
4501	841
4502	109
4503	347
4504	556
4505	809
4506	817
4507	627
4508	102
4509	165
4510	297
4511	316
4512	606
4513	671
4514	329
4515	508
4516	345
4517	707
4518	253
4519	201
4520	748
4521	334
4522	608
4523	446
4524	207
4525	225
4526	812
4527	753
4528	593
4529	988
4530	507
4531	462
4532	861
4533	64
4534	272
4535	38
4536	714
4537	621
4538	997
4539	160
4540	467
4541	150
4542	253
4543	335
4544	696
4545	67
4546	275
4547	395
4548	742
4549	751
4550	881
4551	832
4552	344
4553	878
4554	657
4555	904
4556	468
4557	910
4558	938
4559	91
4560	524
4561	556
4562	77
4563	164
4564	803
4565	734
4566	149
4567	210
4568	541
4569	337
4570	524
4571	878
4572	500
4573	140
4574	850
4575	480
4576	290
4577	265
4578	747
4579	520
4580	93
4581	780
4582	226
4583	31
4584	48
4585	407
4586	583
4587	247
4588	302
4589	147
4590	612
4591	338
4592	170
4593	278
4594	659
4595	256
4596	103
4597	579
4598	417
4599	770
4600	554
4601	797
4602	195
4603	866
4604	837
4605	370
4606	739
4607	582
4608	275
4609	977
4610	101
4611	321
4612	426
4613	382
4614	367
4615	580
4616	372
4617	545
4618	503
4619	158
4620	346
4621	893
4622	154
4623	416
4624	530
4625	474
4626	674
4627	974
4628	35
4629	721
4630	683
4631	258
4632	868
4633	287
4634	797
4635	517
4636	986
4637	292
4638	275
4639	802
4640	918
4641	363
4642	604
4643	120
4644	777
4645	951
4646	482
4647	794
4648	483
4649	379
4650	739
4651	400
4652	976
4653	56
4654	414
4655	480
4656	894
4657	124
4658	986
4659	206
4660	40
4661	544
4662	504
4663	193
4664	15
4665	608
4666	820
4667	860
4668	914
4669	348
4670	178
4671	769
4672	912
4673	418
4674	585
4675	612
4676	376
4677	420
4678	863
4679	475
4680	471
4681	556
4682	583
4683	128
4684	694
4685	832
4686	52
4687	981
4688	404
4689	99
4690	649
4691	251
4692	745
4693	825
4694	593
4695	385
4696	787
4697	917
4698	349
4699	566
4700	320
4701	738
4702	521
4703	182
4704	602
4705	731
4706	825
4707	681
4708	642
4709	448
4710	449
4711	48
4712	999
4713	358
4714	521
4715	126
4716	369
4717	501
4718	308
4719	487
4720	99
4721	956
4722	204
4723	274
4724	91
4725	744
4726	757
4727	534
4728	838
4729	623
4730	757
4731	61
4732	46
4733	639
4734	520
4735	408
4736	974
4737	943
4738	925
4739	951
4740	518
4741	812
4742	240
4743	306
4744	813
4745	102
4746	504
4747	509
4748	956
4749	697
4750	926
4751	668
4752	959
4753	758
4754	151
4755	686
4756	882
4757	185
4758	984
4759	717
4760	207
4761	936
4762	695
4763	373
4764	186
4765	352
4766	612
4767	601
4768	891
4769	490
4770	10
4771	710
4772	513
4773	324
4774	208
4775	281
4776	544
4777	483
4778	705
4779	332
4780	130
4781	67
4782	601
4783	126
4784	444
4785	340
4786	46
4787	152
4788	551
4789	872
4790	254
4791	242
4792	528
4793	625
4794	737
4795	163
4796	325
4797	923
4798	405
4799	759
4800	976
4801	100
4802	279
4803	572
4804	95
4805	792
4806	124
4807	686
4808	417
4809	310
4810	286
4811	594
4812	221
4813	497
4814	458
4815	356
4816	883
4817	666
4818	698
4819	576
4820	254
4821	908
4822	486
4823	334
4824	367
4825	327
4826	364
4827	368
4828	436
4829	769
4830	888
4831	304
4832	791
4833	592
4834	52
4835	491
4836	801
4837	675
4838	811
4839	518
4840	281
4841	90
4842	638
4843	236
4844	219
4845	676
4846	181
4847	539
4848	517
4849	713
4850	53
4851	741
4852	155
4853	37
4854	276
4855	251
4856	76
4857	73
4858	646
4859	94
4860	953
4861	659
4862	526
4863	611
4864	690
4865	451
4866	539
4867	548
4868	734
4869	690
4870	394
4871	231
4872	482
4873	59
4874	696
4875	483
4876	64
4877	257
4878	132
4879	503
4880	345
4881	310
4882	101
4883	894
4884	181
4885	284
4886	712
4887	194
4888	788
4889	426
4890	238
4891	121
4892	509
4893	739
4894	577
4895	104
4896	921
4897	601
4898	132
4899	50
4900	721
4901	105
4902	887
4903	52
4904	107
4905	87
4906	677
4907	195
4908	889
4909	265
4910	90
4911	456
4912	554
4913	531
4914	541
4915	947
4916	812
4917	488
4918	975
4919	608
4920	51
4921	784
4922	48
4923	631
4924	785
4925	987
4926	327
4927	230
4928	459
4929	44
4930	445
4931	398
4932	847
4933	30
4934	861
4935	899
4936	33
4937	963
4938	865
4939	564
4940	716
4941	246
4942	16
4943	944
4944	885
4945	150
4946	499
4947	708
4948	443
4949	78
4950	77
4951	373
4952	433
4953	307
4954	237
4955	604
4956	114
4957	620
4958	555
4959	29
4960	998
4961	668
4962	857
4963	332
4964	748
4965	373
4966	427
4967	448
4968	372
4969	633
4970	909
4971	808
4972	955
4973	568
4974	404
4975	583
4976	467
4977	515
4978	860
4979	653
4980	701
4981	696
4982	269
4983	295
4984	887
4985	966
4986	930
4987	352
4988	124
4989	939
4990	885
4991	606
4992	782
4993	946
4994	845
4995	873
4996	176
4997	817
4998	225
4999	710
5000	741
5001	714
5002	99
5003	248
5004	441
5005	471
5006	714
5007	945
5008	606
5009	561
5010	801
5011	776
5012	415
5013	235
5014	738
5015	519
5016	108
5017	336
5018	212
5019	763
5020	161
5021	198
5022	412
5023	174
5024	527
5025	785
5026	726
5027	673
5028	350
5029	408
5030	849
5031	859
5032	874
5033	53
5034	129
5035	293
5036	268
5037	288
5038	338
5039	306
5040	113
5041	242
5042	871
5043	969
5044	498
5045	565
5046	904
5047	292
5048	463
5049	378
5050	794
5051	743
5052	781
5053	818
5054	129
5055	970
5056	164
5057	208
5058	287
5059	65
5060	632
5061	188
5062	231
5063	573
5064	95
5065	536
5066	938
5067	916
5068	122
5069	402
5070	630
5071	491
5072	505
5073	32
5074	273
5075	460
5076	468
5077	746
5078	928
5079	550
5080	156
5081	28
5082	91
5083	273
5084	964
5085	709
5086	723
5087	818
5088	745
5089	287
5090	765
5091	474
5092	935
5093	465
5094	375
5095	518
5096	103
5097	929
5098	997
5099	28
5100	461
5101	403
5102	568
5103	593
5104	792
5105	933
5106	695
5107	775
5108	926
5109	951
5110	934
5111	931
5112	825
5113	794
5114	854
5115	669
5116	444
5117	886
5118	179
5119	513
5120	144
5121	873
5122	769
5123	650
5124	451
5125	142
5126	170
5127	466
5128	675
5129	12
5130	583
5131	195
5132	161
5133	939
5134	393
5135	832
5136	150
5137	548
5138	384
5139	821
5140	637
5141	795
5142	412
5143	612
5144	384
5145	125
5146	272
5147	567
5148	699
5149	180
5150	614
5151	805
5152	853
5153	574
5154	495
5155	134
5156	126
5157	588
5158	526
5159	496
5160	669
5161	598
5162	595
5163	442
5164	988
5165	804
5166	866
5167	206
5168	71
5169	556
5170	704
5171	438
5172	565
5173	452
5174	290
5175	494
5176	322
5177	766
5178	610
5179	985
5180	172
5181	289
5182	80
5183	356
5184	673
5185	469
5186	868
5187	548
5188	469
5189	677
5190	536
5191	823
5192	850
5193	87
5194	382
5195	350
5196	610
5197	681
5198	610
5199	328
5200	552
5201	346
5202	963
5203	45
5204	529
5205	133
5206	247
5207	300
5208	228
5209	946
5210	293
5211	169
5212	42
5213	899
5214	518
5215	128
5216	455
5217	158
5218	96
5219	248
5220	142
5221	320
5222	14
5223	750
5224	134
5225	711
5226	40
5227	125
5228	362
5229	152
5230	939
5231	86
5232	704
5233	76
5234	772
5235	824
5236	831
5237	378
5238	663
5239	988
5240	823
5241	549
5242	597
5243	491
5244	247
5245	197
5246	676
5247	819
5248	682
5249	531
5250	988
5251	665
5252	759
5253	123
5254	996
5255	202
5256	586
5257	372
5258	720
5259	93
5260	550
5261	361
5262	857
5263	441
5264	336
5265	781
5266	566
5267	11
5268	468
5269	702
5270	810
5271	95
5272	167
5273	997
5274	702
5275	174
5276	131
5277	299
5278	240
5279	790
5280	246
5281	844
5282	829
5283	69
5284	598
5285	628
5286	749
5287	390
5288	893
5289	206
5290	493
5291	129
5292	614
5293	938
5294	533
5295	59
5296	11
5297	47
5298	762
5299	585
5300	315
5301	54
5302	686
5303	309
5304	346
5305	325
5306	428
5307	48
5308	233
5309	257
5310	805
5311	911
5312	891
5313	535
5314	940
5315	10
5316	468
5317	650
5318	583
5319	127
5320	561
5321	655
5322	117
5323	491
5324	691
5325	600
5326	888
5327	88
5328	98
5329	570
5330	55
5331	226
5332	909
5333	576
5334	77
5335	90
5336	408
5337	771
5338	246
5339	75
5340	770
5341	902
5342	234
5343	973
5344	986
5345	305
5346	763
5347	172
5348	450
5349	142
5350	235
5351	176
5352	511
5353	409
5354	392
5355	603
5356	114
5357	920
5358	767
5359	749
5360	286
5361	425
5362	276
5363	613
5364	262
5365	302
5366	277
5367	487
5368	773
5369	672
5370	59
5371	18
5372	283
5373	246
5374	688
5375	57
5376	908
5377	992
5378	744
5379	956
5380	889
5381	182
5382	120
5383	288
5384	543
5385	684
5386	509
5387	242
5388	281
5389	900
5390	122
5391	155
5392	62
5393	180
5394	489
5395	930
5396	121
5397	48
5398	63
5399	934
5400	809
5401	859
5402	218
5403	772
5404	867
5405	712
5406	153
5407	349
5408	722
5409	741
5410	642
5411	415
5412	195
5413	554
5414	59
5415	310
5416	121
5417	486
5418	860
5419	644
5420	502
5421	657
5422	778
5423	779
5424	649
5425	626
5426	622
5427	834
5428	394
5429	235
5430	272
5431	349
5432	968
5433	299
5434	304
5435	919
5436	703
5437	984
5438	600
5439	63
5440	554
5441	842
5442	680
5443	895
5444	849
5445	391
5446	923
5447	910
5448	985
5449	193
5450	899
5451	102
5452	197
5453	862
5454	344
5455	326
5456	970
5457	527
5458	272
5459	496
5460	30
5461	25
5462	647
5463	84
5464	59
5465	305
5466	154
5467	891
5468	100
5469	680
5470	628
5471	691
5472	198
5473	957
5474	110
5475	132
5476	352
5477	377
5478	764
5479	455
5480	203
5481	68
5482	475
5483	371
5484	997
5485	398
5486	537
5487	164
5488	29
5489	823
5490	112
5491	206
5492	921
5493	239
5494	336
5495	299
5496	46
5497	961
5498	633
5499	363
5500	778
5501	533
5502	791
5503	405
5504	428
5505	51
5506	602
5507	964
5508	266
5509	86
5510	796
5511	419
5512	904
5513	169
5514	171
5515	632
5516	351
5517	665
5518	728
5519	126
5520	253
5521	932
5522	464
5523	18
5524	439
5525	682
5526	567
5527	170
5528	58
5529	166
5530	702
5531	289
5532	842
5533	543
5534	330
5535	786
5536	571
5537	564
5538	111
5539	549
5540	200
5541	839
5542	925
5543	996
5544	569
5545	143
5546	176
5547	286
5548	874
5549	184
5550	954
5551	981
5552	403
5553	518
5554	483
5555	938
5556	844
5557	253
5558	78
5559	424
5560	880
5561	746
5562	186
5563	151
5564	815
5565	562
5566	656
5567	694
5568	754
5569	476
5570	487
5571	176
5572	987
5573	734
5574	160
5575	296
5576	965
5577	406
5578	136
5579	193
5580	309
5581	795
5582	48
5583	207
5584	350
5585	290
5586	448
5587	219
5588	418
5589	365
5590	648
5591	796
5592	643
5593	379
5594	802
5595	831
5596	422
5597	845
5598	225
5599	508
5600	407
5601	478
5602	600
5603	522
5604	715
5605	138
5606	444
5607	581
5608	595
5609	244
5610	506
5611	869
5612	205
5613	201
5614	269
5615	370
5616	371
5617	338
5618	708
5619	73
5620	458
5621	277
5622	428
5623	818
5624	994
5625	474
5626	27
5627	733
5628	475
5629	71
5630	139
5631	417
5632	465
5633	45
5634	246
5635	679
5636	943
5637	346
5638	516
5639	262
5640	863
5641	272
5642	926
5643	113
5644	155
5645	53
5646	118
5647	920
5648	423
5649	477
5650	764
5651	592
5652	937
5653	670
5654	347
5655	468
5656	502
5657	843
5658	58
5659	483
5660	473
5661	262
5662	142
5663	189
5664	824
5665	683
5666	465
5667	438
5668	827
5669	821
5670	119
5671	849
5672	695
5673	820
5674	92
5675	456
5676	852
5677	393
5678	584
5679	604
5680	870
5681	109
5682	946
5683	142
5684	147
5685	136
5686	300
5687	187
5688	530
5689	447
5690	691
5691	881
5692	316
5693	266
5694	389
5695	904
5696	504
5697	55
5698	765
5699	403
5700	429
5701	486
5702	185
5703	658
5704	920
5705	720
5706	578
5707	212
5708	622
5709	728
5710	570
5711	131
5712	216
5713	90
5714	261
5715	765
5716	815
5717	894
5718	482
5719	768
5720	316
5721	767
5722	373
5723	529
5724	684
5725	95
5726	548
5727	241
5728	996
5729	229
5730	686
5731	424
5732	857
5733	576
5734	483
5735	504
5736	76
5737	922
5738	301
5739	282
5740	776
5741	321
5742	791
5743	603
5744	237
5745	155
5746	804
5747	255
5748	418
5749	487
5750	437
5751	627
5752	563
5753	411
5754	969
5755	564
5756	623
5757	761
5758	707
5759	621
5760	430
5761	839
5762	250
5763	796
5764	712
5765	645
5766	193
5767	107
5768	957
5769	603
5770	815
5771	503
5772	485
5773	170
5774	816
5775	210
5776	193
5777	328
5778	417
5779	134
5780	832
5781	639
5782	272
5783	864
5784	202
5785	246
5786	900
5787	160
5788	715
5789	111
5790	609
5791	23
5792	828
5793	450
5794	793
5795	790
5796	257
5797	100
5798	880
5799	540
5800	683
5801	79
5802	263
5803	866
5804	469
5805	251
5806	629
5807	566
5808	418
5809	862
5810	817
5811	312
5812	200
5813	102
5814	578
5815	780
5816	670
5817	767
5818	907
5819	121
5820	480
5821	991
5822	690
5823	597
5824	236
5825	647
5826	717
5827	949
5828	908
5829	798
5830	510
5831	367
5832	401
5833	166
5834	202
5835	182
5836	162
5837	418
5838	272
5839	405
5840	936
5841	222
5842	16
5843	717
5844	175
5845	699
5846	562
5847	192
5848	388
5849	99
5850	169
5851	222
5852	387
5853	563
5854	454
5855	935
5856	913
5857	504
5858	536
5859	727
5860	554
5861	331
5862	774
5863	790
5864	504
5865	434
5866	43
5867	625
5868	734
5869	527
5870	50
5871	905
5872	542
5873	509
5874	210
5875	517
5876	337
5877	340
5878	821
5879	122
5880	717
5881	57
5882	93
5883	668
5884	60
5885	864
5886	638
5887	211
5888	422
5889	719
5890	867
5891	885
5892	56
5893	235
5894	486
5895	529
5896	623
5897	829
5898	419
5899	811
5900	592
5901	266
5902	807
5903	357
5904	808
5905	36
5906	951
5907	347
5908	58
5909	219
5910	368
5911	391
5912	139
5913	974
5914	442
5915	282
5916	116
5917	504
5918	723
5919	827
5920	752
5921	94
5922	801
5923	240
5924	614
5925	914
5926	317
5927	693
5928	980
5929	214
5930	112
5931	676
5932	698
5933	182
5934	797
5935	446
5936	656
5937	277
5938	855
5939	142
5940	410
5941	954
5942	278
5943	530
5944	899
5945	622
5946	159
5947	790
5948	192
5949	689
5950	239
5951	150
5952	344
5953	703
5954	107
5955	139
5956	430
5957	610
5958	534
5959	382
5960	593
5961	261
5962	905
5963	854
5964	392
5965	439
5966	541
5967	899
5968	802
5969	955
5970	429
5971	974
5972	660
5973	52
5974	598
5975	564
5976	902
5977	712
5978	436
5979	894
5980	603
5981	302
5982	376
5983	558
5984	194
5985	451
5986	825
5987	326
5988	76
5989	889
5990	170
5991	301
5992	802
5993	315
5994	70
5995	970
5996	50
5997	764
5998	327
5999	802
6000	750
6001	596
6002	578
6003	505
6004	740
6005	96
6006	911
6007	177
6008	58
6009	653
6010	595
6011	416
6012	195
6013	349
6014	460
6015	665
6016	768
6017	259
6018	824
6019	544
6020	207
6021	321
6022	94
6023	63
6024	701
6025	580
6026	671
6027	352
6028	194
6029	112
6030	744
6031	144
6032	712
6033	69
6034	238
6035	375
6036	289
6037	422
6038	99
6039	700
6040	785
6041	873
6042	175
6043	164
6044	793
6045	448
6046	693
6047	884
6048	134
6049	623
6050	595
6051	455
6052	70
6053	627
6054	582
6055	550
6056	849
6057	245
6058	591
6059	638
6060	516
6061	494
6062	813
6063	124
6064	28
6065	707
6066	581
6067	268
6068	695
6069	526
6070	746
6071	546
6072	189
6073	338
6074	758
6075	977
6076	915
6077	709
6078	741
6079	76
6080	725
6081	916
6082	33
6083	361
6084	241
6085	29
6086	802
6087	940
6088	885
6089	952
6090	371
6091	894
6092	288
6093	605
6094	129
6095	713
6096	519
6097	457
6098	432
6099	946
6100	740
6101	810
6102	866
6103	393
6104	169
6105	641
6106	146
6107	473
6108	45
6109	613
6110	616
6111	594
6112	486
6113	936
6114	539
6115	234
6116	211
6117	47
6118	723
6119	802
6120	457
6121	259
6122	658
6123	567
6124	672
6125	564
6126	591
6127	938
6128	395
6129	456
6130	234
6131	890
6132	202
6133	213
6134	180
6135	817
6136	291
6137	349
6138	137
6139	862
6140	84
6141	314
6142	396
6143	454
6144	568
6145	249
6146	73
6147	534
6148	202
6149	505
6150	986
6151	810
6152	990
6153	345
6154	651
6155	891
6156	503
6157	410
6158	267
6159	382
6160	31
6161	727
6162	193
6163	921
6164	20
6165	91
6166	625
6167	779
6168	649
6169	868
6170	705
6171	593
6172	540
6173	920
6174	246
6175	831
6176	385
6177	763
6178	463
6179	349
6180	801
6181	50
6182	235
6183	603
6184	872
6185	767
6186	997
6187	274
6188	890
6189	787
6190	693
6191	430
6192	279
6193	353
6194	43
6195	444
6196	523
6197	25
6198	639
6199	426
6200	383
6201	570
6202	858
6203	37
6204	794
6205	262
6206	264
6207	681
6208	309
6209	170
6210	736
6211	298
6212	891
6213	726
6214	319
6215	226
6216	382
6217	524
6218	757
6219	994
6220	331
6221	374
6222	376
6223	798
6224	759
6225	642
6226	913
6227	688
6228	180
6229	879
6230	510
6231	789
6232	245
6233	456
6234	741
6235	915
6236	51
6237	513
6238	641
6239	749
6240	621
6241	500
6242	719
6243	769
6244	321
6245	243
6246	46
6247	686
6248	39
6249	10
6250	813
6251	979
6252	618
6253	442
6254	741
6255	759
6256	595
6257	885
6258	894
6259	552
6260	329
6261	767
6262	498
6263	878
6264	805
6265	58
6266	528
6267	940
6268	427
6269	410
6270	642
6271	644
6272	199
6273	612
6274	568
6275	961
6276	876
6277	176
6278	758
6279	170
6280	777
6281	390
6282	345
6283	851
6284	289
6285	216
6286	261
6287	596
6288	115
6289	70
6290	623
6291	441
6292	538
6293	256
6294	129
6295	566
6296	761
6297	903
6298	546
6299	27
6300	782
6301	313
6302	882
6303	349
6304	369
6305	824
6306	658
6307	197
6308	106
6309	871
6310	464
6311	274
6312	505
6313	894
6314	733
6315	10
6316	854
6317	361
6318	38
6319	824
6320	51
6321	104
6322	589
6323	694
6324	925
6325	474
6326	163
6327	880
6328	781
6329	232
6330	178
6331	728
6332	615
6333	779
6334	459
6335	734
6336	557
6337	394
6338	383
6339	31
6340	290
6341	403
6342	790
6343	959
6344	415
6345	459
6346	563
6347	70
6348	560
6349	238
6350	543
6351	652
6352	709
6353	149
6354	542
6355	65
6356	64
6357	554
6358	784
6359	185
6360	524
6361	199
6362	970
6363	437
6364	653
6365	102
6366	344
6367	592
6368	117
6369	212
6370	285
6371	715
6372	353
6373	42
6374	499
6375	566
6376	744
6377	255
6378	35
6379	302
6380	934
6381	313
6382	891
6383	148
6384	618
6385	367
6386	516
6387	694
6388	841
6389	857
6390	475
6391	632
6392	198
6393	384
6394	580
6395	587
6396	624
6397	235
6398	656
6399	593
6400	856
6401	312
6402	106
6403	437
6404	934
6405	891
6406	834
6407	407
6408	351
6409	666
6410	424
6411	422
6412	867
6413	320
6414	164
6415	665
6416	98
6417	755
6418	988
6419	250
6420	11
6421	578
6422	38
6423	609
6424	250
6425	844
6426	850
6427	690
6428	660
6429	783
6430	217
6431	791
6432	881
6433	630
6434	195
6435	798
6436	338
6437	116
6438	414
6439	546
6440	587
6441	143
6442	84
6443	348
6444	507
6445	593
6446	290
6447	46
6448	359
6449	475
6450	693
6451	470
6452	564
6453	140
6454	363
6455	423
6456	644
6457	362
6458	777
6459	453
6460	876
6461	374
6462	888
6463	98
6464	51
6465	534
6466	802
6467	206
6468	668
6469	121
6470	953
6471	158
6472	115
6473	391
6474	353
6475	367
6476	602
6477	147
6478	70
6479	946
6480	575
6481	186
6482	503
6483	889
6484	851
6485	943
6486	386
6487	917
6488	246
6489	279
6490	623
6491	602
6492	608
6493	967
6494	329
6495	207
6496	690
6497	604
6498	764
6499	452
6500	865
6501	479
6502	555
6503	964
6504	958
6505	554
6506	81
6507	241
6508	777
6509	890
6510	660
6511	81
6512	387
6513	926
6514	12
6515	48
6516	590
6517	990
6518	689
6519	464
6520	754
6521	546
6522	840
6523	898
6524	790
6525	730
6526	424
6527	584
6528	121
6529	229
6530	33
6531	198
6532	939
6533	842
6534	804
6535	385
6536	538
6537	714
6538	52
6539	723
6540	184
6541	674
6542	227
6543	483
6544	399
6545	46
6546	182
6547	713
6548	453
6549	742
6550	351
6551	741
6552	827
6553	384
6554	245
6555	803
6556	40
6557	727
6558	176
6559	885
6560	234
6561	412
6562	591
6563	663
6564	25
6565	458
6566	434
6567	648
6568	892
6569	321
6570	989
6571	34
6572	51
6573	392
6574	58
6575	724
6576	168
6577	518
6578	683
6579	794
6580	716
6581	880
6582	426
6583	974
6584	710
6585	70
6586	894
6587	324
6588	821
6589	189
6590	299
6591	380
6592	952
6593	412
6594	326
6595	211
6596	682
6597	745
6598	821
6599	677
6600	898
6601	982
6602	559
6603	678
6604	692
6605	897
6606	832
6607	216
6608	126
6609	480
6610	320
6611	140
6612	424
6613	408
6614	683
6615	967
6616	14
6617	391
6618	327
6619	538
6620	401
6621	647
6622	202
6623	839
6624	840
6625	595
6626	144
6627	125
6628	95
6629	516
6630	34
6631	973
6632	738
6633	237
6634	790
6635	334
6636	416
6637	121
6638	443
6639	301
6640	19
6641	110
6642	65
6643	971
6644	563
6645	515
6646	990
6647	525
6648	63
6649	263
6650	404
6651	320
6652	793
6653	617
6654	743
6655	492
6656	414
6657	100
6658	74
6659	292
6660	376
6661	204
6662	679
6663	181
6664	260
6665	565
6666	628
6667	986
6668	771
6669	796
6670	803
6671	609
6672	273
6673	606
6674	282
6675	415
6676	821
6677	859
6678	903
6679	723
6680	385
6681	931
6682	554
6683	682
6684	527
6685	140
6686	348
6687	351
6688	714
6689	719
6690	700
6691	129
6692	829
6693	712
6694	376
6695	688
6696	658
6697	483
6698	885
6699	173
6700	817
6701	560
6702	351
6703	126
6704	875
6705	708
6706	551
6707	444
6708	353
6709	625
6710	935
6711	585
6712	751
6713	403
6714	675
6715	371
6716	454
6717	836
6718	862
6719	629
6720	625
6721	644
6722	514
6723	303
6724	403
6725	375
6726	971
6727	966
6728	64
6729	866
6730	274
6731	468
6732	715
6733	580
6734	488
6735	464
6736	217
6737	176
6738	605
6739	23
6740	59
6741	909
6742	52
6743	555
6744	339
6745	414
6746	328
6747	55
6748	292
6749	951
6750	838
6751	598
6752	340
6753	361
6754	566
6755	794
6756	913
6757	409
6758	375
6759	888
6760	366
6761	287
6762	855
6763	78
6764	271
6765	524
6766	693
6767	959
6768	347
6769	799
6770	909
6771	686
6772	941
6773	991
6774	783
6775	396
6776	460
6777	652
6778	662
6779	747
6780	285
6781	761
6782	525
6783	433
6784	607
6785	402
6786	97
6787	733
6788	651
6789	547
6790	184
6791	740
6792	26
6793	645
6794	616
6795	695
6796	863
6797	170
6798	642
6799	933
6800	320
6801	508
6802	387
6803	269
6804	17
6805	877
6806	662
6807	900
6808	452
6809	563
6810	644
6811	911
6812	550
6813	24
6814	238
6815	551
6816	204
6817	344
6818	455
6819	520
6820	652
6821	200
6822	865
6823	326
6824	103
6825	798
6826	409
6827	429
6828	345
6829	233
6830	893
6831	708
6832	902
6833	864
6834	721
6835	77
6836	133
6837	705
6838	188
6839	32
6840	100
6841	295
6842	964
6843	680
6844	570
6845	816
6846	530
6847	954
6848	76
6849	557
6850	976
6851	781
6852	354
6853	689
6854	839
6855	670
6856	228
6857	505
6858	993
6859	20
6860	236
6861	918
6862	682
6863	870
6864	335
6865	707
6866	870
6867	202
6868	501
6869	485
6870	98
6871	807
6872	184
6873	316
6874	282
6875	798
6876	349
6877	440
6878	692
6879	55
6880	756
6881	257
6882	196
6883	626
6884	958
6885	131
6886	961
6887	881
6888	869
6889	286
6890	577
6891	80
6892	947
6893	678
6894	228
6895	296
6896	479
6897	222
6898	135
6899	349
6900	144
6901	654
6902	295
6903	725
6904	634
6905	174
6906	128
6907	748
6908	717
6909	619
6910	47
6911	428
6912	511
6913	281
6914	891
6915	657
6916	172
6917	291
6918	24
6919	571
6920	484
6921	692
6922	284
6923	728
6924	374
6925	631
6926	142
6927	342
6928	42
6929	73
6930	361
6931	708
6932	882
6933	985
6934	967
6935	865
6936	775
6937	868
6938	162
6939	519
6940	340
6941	810
6942	539
6943	189
6944	626
6945	188
6946	652
6947	347
6948	592
6949	144
6950	603
6951	405
6952	947
6953	481
6954	214
6955	163
6956	331
6957	257
6958	403
6959	865
6960	175
6961	58
6962	844
6963	399
6964	450
6965	319
6966	411
6967	494
6968	155
6969	433
6970	120
6971	564
6972	806
6973	882
6974	243
6975	209
6976	526
6977	82
6978	156
6979	156
6980	549
6981	414
6982	982
6983	292
6984	942
6985	129
6986	462
6987	595
6988	513
6989	739
6990	389
6991	433
6992	126
6993	760
6994	290
6995	924
6996	998
6997	585
6998	978
6999	442
7000	463
7001	64
7002	26
7003	454
7004	482
7005	773
7006	42
7007	911
7008	42
7009	720
7010	924
7011	987
7012	589
7013	768
7014	382
7015	655
7016	587
7017	292
7018	658
7019	229
7020	292
7021	578
7022	459
7023	240
7024	302
7025	757
7026	392
7027	256
7028	795
7029	754
7030	853
7031	908
7032	120
7033	481
7034	164
7035	666
7036	414
7037	610
7038	240
7039	57
7040	410
7041	430
7042	973
7043	464
7044	322
7045	56
7046	182
7047	351
7048	961
7049	655
7050	493
7051	538
7052	923
7053	825
7054	637
7055	332
7056	345
7057	782
7058	621
7059	844
7060	320
7061	34
7062	867
7063	113
7064	843
7065	910
7066	316
7067	101
7068	975
7069	783
7070	441
7071	912
7072	546
7073	204
7074	757
7075	410
7076	24
7077	105
7078	615
7079	638
7080	14
7081	661
7082	750
7083	573
7084	723
7085	617
7086	832
7087	529
7088	653
7089	481
7090	575
7091	341
7092	475
7093	891
7094	119
7095	242
7096	944
7097	195
7098	725
7099	696
7100	658
7101	484
7102	249
7103	599
7104	962
7105	650
7106	59
7107	257
7108	528
7109	679
7110	385
7111	847
7112	205
7113	621
7114	378
7115	624
7116	563
7117	341
7118	154
7119	592
7120	901
7121	136
7122	467
7123	206
7124	330
7125	531
7126	697
7127	386
7128	605
7129	520
7130	349
7131	833
7132	467
7133	177
7134	276
7135	711
7136	977
7137	202
7138	227
7139	662
7140	930
7141	955
7142	677
7143	94
7144	649
7145	753
7146	995
7147	842
7148	359
7149	51
7150	731
7151	129
7152	20
7153	922
7154	263
7155	982
7156	848
7157	23
7158	212
7159	730
7160	811
7161	385
7162	808
7163	797
7164	548
7165	551
7166	988
7167	103
7168	600
7169	26
7170	336
7171	975
7172	537
7173	96
7174	198
7175	608
7176	984
7177	602
7178	502
7179	294
7180	915
7181	572
7182	715
7183	715
7184	109
7185	239
7186	926
7187	605
7188	227
7189	889
7190	361
7191	667
7192	405
7193	107
7194	684
7195	985
7196	447
7197	439
7198	876
7199	37
7200	654
7201	287
7202	662
7203	981
7204	596
7205	372
7206	557
7207	257
7208	643
7209	337
7210	68
7211	884
7212	737
7213	840
7214	715
7215	831
7216	915
7217	424
7218	341
7219	183
7220	168
7221	539
7222	338
7223	239
7224	665
7225	526
7226	462
7227	289
7228	510
7229	148
7230	383
7231	409
7232	642
7233	150
7234	95
7235	446
7236	374
7237	467
7238	699
7239	556
7240	935
7241	463
7242	231
7243	814
7244	170
7245	900
7246	391
7247	929
7248	228
7249	651
7250	254
7251	916
7252	792
7253	892
7254	331
7255	459
7256	70
7257	374
7258	800
7259	98
7260	975
7261	780
7262	208
7263	421
7264	806
7265	21
7266	857
7267	957
7268	940
7269	255
7270	680
7271	907
7272	549
7273	433
7274	463
7275	837
7276	507
7277	157
7278	568
7279	325
7280	677
7281	239
7282	977
7283	569
7284	545
7285	20
7286	754
7287	21
7288	555
7289	712
7290	552
7291	551
7292	224
7293	48
7294	414
7295	231
7296	923
7297	593
7298	230
7299	626
7300	318
7301	699
7302	439
7303	388
7304	804
7305	622
7306	723
7307	44
7308	528
7309	278
7310	458
7311	264
7312	671
7313	985
7314	163
7315	890
7316	586
7317	933
7318	680
7319	801
7320	992
7321	115
7322	977
7323	437
7324	624
7325	914
7326	840
7327	112
7328	326
7329	186
7330	476
7331	972
7332	314
7333	374
7334	986
7335	639
7336	345
7337	242
7338	537
7339	488
7340	874
7341	396
7342	393
7343	788
7344	644
7345	121
7346	136
7347	720
7348	308
7349	408
7350	918
7351	833
7352	168
7353	875
7354	806
7355	228
7356	666
7357	891
7358	345
7359	597
7360	617
7361	754
7362	825
7363	740
7364	748
7365	977
7366	581
7367	447
7368	597
7369	590
7370	61
7371	342
7372	901
7373	916
7374	671
7375	808
7376	375
7377	104
7378	496
7379	43
7380	311
7381	915
7382	347
7383	25
7384	857
7385	19
7386	459
7387	842
7388	626
7389	102
7390	323
7391	128
7392	674
7393	311
7394	720
7395	904
7396	405
7397	545
7398	261
7399	344
7400	652
7401	276
7402	659
7403	857
7404	404
7405	612
7406	954
7407	890
7408	726
7409	126
7410	252
7411	623
7412	468
7413	592
7414	859
7415	299
7416	614
7417	255
7418	86
7419	592
7420	462
7421	883
7422	111
7423	625
7424	300
7425	969
7426	966
7427	563
7428	254
7429	611
7430	397
7431	879
7432	928
7433	738
7434	521
7435	857
7436	747
7437	349
7438	728
7439	335
7440	412
7441	506
7442	88
7443	754
7444	492
7445	386
7446	608
7447	638
7448	497
7449	779
7450	825
7451	724
7452	353
7453	420
7454	640
7455	658
7456	134
7457	399
7458	304
7459	69
7460	508
7461	83
7462	660
7463	17
7464	243
7465	769
7466	699
7467	84
7468	964
7469	93
7470	319
7471	925
7472	163
7473	667
7474	300
7475	444
7476	546
7477	133
7478	815
7479	419
7480	512
7481	93
7482	868
7483	251
7484	398
7485	660
7486	968
7487	490
7488	290
7489	904
7490	773
7491	982
7492	935
7493	88
7494	921
7495	47
7496	649
7497	337
7498	239
7499	972
7500	197
7501	572
7502	990
7503	26
7504	918
7505	99
7506	839
7507	724
7508	394
7509	905
7510	881
7511	624
7512	106
7513	462
7514	689
7515	345
7516	973
7517	365
7518	77
7519	679
7520	212
7521	922
7522	581
7523	384
7524	965
7525	482
7526	601
7527	754
7528	737
7529	348
7530	733
7531	458
7532	53
7533	197
7534	642
7535	253
7536	512
7537	839
7538	989
7539	525
7540	580
7541	268
7542	128
7543	469
7544	245
7545	624
7546	107
7547	16
7548	275
7549	488
7550	469
7551	662
7552	234
7553	170
7554	712
7555	844
7556	70
7557	407
7558	943
7559	117
7560	673
7561	811
7562	971
7563	29
7564	428
7565	599
7566	477
7567	564
7568	235
7569	50
7570	162
7571	529
7572	160
7573	730
7574	714
7575	821
7576	639
7577	39
7578	551
7579	362
7580	437
7581	592
7582	193
7583	794
7584	387
7585	101
7586	31
7587	864
7588	907
7589	408
7590	778
7591	72
7592	640
7593	888
7594	13
7595	845
7596	203
7597	497
7598	341
7599	953
7600	962
7601	956
7602	302
7603	652
7604	422
7605	210
7606	347
7607	57
7608	522
7609	301
7610	151
7611	91
7612	942
7613	677
7614	536
7615	417
7616	916
7617	174
7618	168
7619	987
7620	860
7621	676
7622	169
7623	22
7624	128
7625	315
7626	260
7627	275
7628	318
7629	158
7630	68
7631	450
7632	256
7633	20
7634	503
7635	528
7636	220
7637	650
7638	38
7639	678
7640	528
7641	264
7642	963
7643	623
7644	595
7645	983
7646	163
7647	372
7648	46
7649	332
7650	875
7651	286
7652	202
7653	854
7654	515
7655	342
7656	529
7657	730
7658	147
7659	243
7660	818
7661	127
7662	396
7663	808
7664	822
7665	383
7666	166
7667	554
7668	256
7669	625
7670	656
7671	441
7672	199
7673	218
7674	105
7675	474
7676	656
7677	263
7678	953
7679	547
7680	379
7681	280
7682	220
7683	590
7684	639
7685	913
7686	652
7687	564
7688	665
7689	449
7690	679
7691	150
7692	289
7693	658
7694	986
7695	511
7696	126
7697	574
7698	303
7699	995
7700	956
7701	160
7702	666
7703	189
7704	550
7705	767
7706	949
7707	205
7708	701
7709	946
7710	292
7711	881
7712	670
7713	20
7714	97
7715	104
7716	666
7717	631
7718	313
7719	642
7720	563
7721	36
7722	609
7723	612
7724	150
7725	356
7726	973
7727	420
7728	283
7729	561
7730	513
7731	650
7732	389
7733	428
7734	485
7735	157
7736	285
7737	856
7738	308
7739	627
7740	583
7741	890
7742	14
7743	377
7744	188
7745	160
7746	730
7747	705
7748	125
7749	134
7750	557
7751	839
7752	142
7753	342
7754	510
7755	698
7756	447
7757	473
7758	577
7759	731
7760	96
7761	890
7762	50
7763	513
7764	628
7765	813
7766	108
7767	103
7768	40
7769	397
7770	624
7771	667
7772	74
7773	936
7774	805
7775	555
7776	338
7777	506
7778	508
7779	677
7780	583
7781	32
7782	684
7783	740
7784	220
7785	438
7786	432
7787	34
7788	502
7789	493
7790	301
7791	655
7792	435
7793	366
7794	502
7795	70
7796	292
7797	752
7798	380
7799	792
7800	277
7801	71
7802	132
7803	376
7804	653
7805	42
7806	384
7807	975
7808	62
7809	409
7810	639
7811	120
7812	53
7813	641
7814	39
7815	856
7816	399
7817	891
7818	517
7819	344
7820	960
7821	367
7822	201
7823	306
7824	674
7825	672
7826	670
7827	560
7828	481
7829	916
7830	497
7831	392
7832	278
7833	774
7834	105
7835	637
7836	18
7837	275
7838	907
7839	199
7840	370
7841	367
7842	289
7843	720
7844	373
7845	787
7846	243
7847	369
7848	264
7849	992
7850	149
7851	980
7852	800
7853	959
7854	702
7855	350
7856	557
7857	624
7858	994
7859	874
7860	855
7861	264
7862	159
7863	139
7864	684
7865	237
7866	971
7867	73
7868	621
7869	374
7870	353
7871	687
7872	679
7873	434
7874	503
7875	370
7876	23
7877	667
7878	455
7879	447
7880	437
7881	335
7882	66
7883	807
7884	690
7885	257
7886	511
7887	908
7888	42
7889	335
7890	173
7891	435
7892	194
7893	363
7894	917
7895	958
7896	207
7897	190
7898	651
7899	555
7900	48
7901	164
7902	56
7903	334
7904	325
7905	865
7906	590
7907	958
7908	579
7909	315
7910	972
7911	733
7912	996
7913	299
7914	25
7915	17
7916	309
7917	668
7918	39
7919	193
7920	614
7921	950
7922	336
7923	629
7924	959
7925	618
7926	283
7927	444
7928	844
7929	788
7930	580
7931	997
7932	366
7933	471
7934	184
7935	814
7936	782
7937	564
7938	318
7939	118
7940	584
7941	146
7942	844
7943	401
7944	741
7945	960
7946	434
7947	389
7948	46
7949	187
7950	934
7951	309
7952	628
7953	442
7954	456
7955	363
7956	518
7957	776
7958	884
7959	597
7960	318
7961	635
7962	104
7963	728
7964	303
7965	17
7966	476
7967	567
7968	190
7969	741
7970	514
7971	109
7972	103
7973	91
7974	868
7975	320
7976	757
7977	874
7978	514
7979	521
7980	614
7981	601
7982	227
7983	923
7984	29
7985	800
7986	292
7987	82
7988	229
7989	281
7990	499
7991	75
7992	955
7993	906
7994	520
7995	76
7996	457
7997	706
7998	794
7999	656
8000	474
Classes	100
Teachers	50
1	22
2	29
3	33
4	30
5	40
6	30
7	44
8	46
9	11
10	22
11	20
12	6
13	28
14	20
15	5
16	5
17	25
18	44
19	10
20	47
21	9
22	42
23	11
24	24
25	31
26	13
27	49
28	1
29	10
30	42
31	9
32	13
33	1
34	32
35	35
36	31
37	50
38	45
39	46
40	35
41	8
42	40
43	34
44	39
45	18
46	3
47	25
48	36
49	14
50	24
51	50
52	34
53	49
54	36
55	41
56	29
57	27
58	23
59	19
60	2
61	47
62	12
63	4
64	39
65	32
66	7
67	23
68	6
69	8
70	19
71	7
72	3
73	2
74	15
75	48
76	26
77	38
78	45
79	28
80	18
81	15
82	41
83	17
84	43
85	21
86	38
87	4
88	16
89	37
90	16
91	17
92	27
93	12
94	43
95	26
96	48
97	21
98	33
99	37
100	14
