Class Times	100
Rooms	9000
1	309
2	985
3	608
4	242
5	72
6	695
7	327
8	58
9	681
10	64
11	784
12	915
13	65
14	469
15	150
16	478
17	521
18	999
19	321
20	100
21	151
22	17
23	290
24	224
25	992
26	634
27	748
28	473
29	552
30	394
31	999
32	200
33	940
34	733
35	441
36	524
37	702
38	721
39	310
40	655
41	806
42	441
43	847
44	35
45	505
46	883
47	722
48	805
49	937
50	972
51	798
52	32
53	24
54	316
55	415
56	407
57	338
58	725
59	462
60	125
61	792
62	521
63	123
64	379
65	908
66	319
67	512
68	820
69	170
70	421
71	250
72	376
73	866
74	448
75	230
76	785
77	862
78	408
79	445
80	38
81	496
82	484
83	178
84	663
85	193
86	73
87	123
88	646
89	18
90	408
91	864
92	499
93	792
94	931
95	788
96	882
97	730
98	572
99	979
100	534
101	897
102	82
103	520
104	195
105	804
106	870
107	683
108	580
109	332
110	519
111	406
112	480
113	353
114	343
115	178
116	43
117	318
118	349
119	850
120	807
121	542
122	892
123	877
124	101
125	515
126	171
127	337
128	778
129	614
130	952
131	531
132	572
133	923
134	987
135	405
136	478
137	303
138	892
139	988
140	376
141	749
142	987
143	48
144	959
145	393
146	858
147	897
148	568
149	335
150	558
151	817
152	451
153	543
154	305
155	47
156	611
157	421
158	993
159	881
160	490
161	390
162	690
163	925
164	384
165	945
166	788
167	621
168	753
169	282
170	273
171	226
172	263
173	428
174	756
175	591
176	239
177	714
178	370
179	480
180	662
181	786
182	671
183	512
184	955
185	629
186	759
187	220
188	134
189	284
190	806
191	163
192	678
193	207
194	798
195	426
196	241
197	551
198	700
199	498
200	332
201	825
202	533
203	465
204	401
205	571
206	870
207	778
208	393
209	166
210	853
211	784
212	851
213	517
214	651
215	115
216	786
217	955
218	811
219	964
220	969
221	947
222	265
223	717
224	340
225	498
226	502
227	422
228	336
229	963
230	260
231	227
232	258
233	992
234	698
235	475
236	885
237	999
238	39
239	274
240	753
241	358
242	276
243	707
244	954
245	144
246	568
247	253
248	294
249	917
250	560
251	102
252	696
253	585
254	786
255	211
256	583
257	740
258	502
259	953
260	157
261	934
262	940
263	738
264	157
265	989
266	977
267	740
268	34
269	535
270	166
271	339
272	737
273	762
274	927
275	469
276	780
277	897
278	898
279	637
280	641
281	466
282	56
283	868
284	759
285	826
286	399
287	93
288	697
289	449
290	657
291	489
292	628
293	154
294	296
295	730
296	378
297	284
298	985
299	494
300	509
301	576
302	565
303	272
304	180
305	287
306	546
307	487
308	859
309	333
310	545
311	55
312	371
313	584
314	444
315	416
316	351
317	454
318	304
319	363
320	879
321	942
322	521
323	471
324	583
325	752
326	908
327	242
328	33
329	67
330	949
331	114
332	992
333	436
334	155
335	44
336	620
337	838
338	413
339	310
340	730
341	254
342	988
343	182
344	974
345	437
346	400
347	786
348	851
349	951
350	853
351	769
352	233
353	435
354	256
355	244
356	952
357	469
358	951
359	372
360	318
361	658
362	441
363	480
364	640
365	831
366	218
367	676
368	127
369	510
370	197
371	75
372	236
373	594
374	222
375	846
376	180
377	603
378	254
379	239
380	527
381	611
382	319
383	12
384	429
385	797
386	436
387	701
388	322
389	757
390	542
391	647
392	761
393	300
394	83
395	766
396	979
397	135
398	297
399	908
400	977
401	656
402	855
403	30
404	358
405	580
406	755
407	102
408	189
409	20
410	412
411	113
412	771
413	491
414	908
415	388
416	682
417	700
418	243
419	312
420	175
421	614
422	611
423	449
424	764
425	764
426	784
427	128
428	780
429	739
430	588
431	530
432	959
433	600
434	234
435	609
436	126
437	695
438	455
439	617
440	667
441	985
442	539
443	963
444	627
445	912
446	731
447	527
448	365
449	433
450	496
451	848
452	524
453	386
454	715
455	69
456	993
457	492
458	996
459	797
460	246
461	281
462	442
463	978
464	494
465	289
466	678
467	573
468	988
469	40
470	435
471	65
472	735
473	943
474	957
475	360
476	866
477	893
478	941
479	512
480	860
481	47
482	122
483	539
484	269
485	216
486	268
487	879
488	159
489	496
490	413
491	212
492	164
493	889
494	394
495	729
496	332
497	493
498	430
499	647
500	318
501	447
502	738
503	700
504	567
505	250
506	847
507	763
508	318
509	12
510	800
511	42
512	203
513	242
514	430
515	889
516	819
517	553
518	700
519	172
520	566
521	742
522	704
523	401
524	474
525	318
526	305
527	824
528	198
529	48
530	999
531	277
532	320
533	37
534	179
535	979
536	119
537	676
538	643
539	240
540	759
541	231
542	989
543	54
544	820
545	547
546	853
547	925
548	586
549	260
550	128
551	963
552	132
553	407
554	802
555	459
556	726
557	127
558	36
559	234
560	885
561	549
562	304
563	875
564	116
565	465
566	827
567	398
568	415
569	96
570	243
571	197
572	90
573	244
574	789
575	377
576	153
577	254
578	499
579	153
580	650
581	756
582	848
583	621
584	112
585	487
586	118
587	345
588	945
589	688
590	194
591	377
592	379
593	170
594	791
595	198
596	261
597	645
598	802
599	253
600	984
601	683
602	422
603	900
604	27
605	680
606	531
607	833
608	327
609	595
610	89
611	827
612	310
613	819
614	423
615	398
616	285
617	376
618	278
619	633
620	424
621	364
622	463
623	455
624	351
625	867
626	356
627	151
628	353
629	196
630	620
631	783
632	855
633	417
634	58
635	144
636	83
637	847
638	892
639	347
640	700
641	760
642	800
643	113
644	848
645	391
646	547
647	715
648	923
649	763
650	914
651	714
652	889
653	340
654	980
655	959
656	737
657	755
658	222
659	773
660	146
661	254
662	824
663	169
664	631
665	81
666	523
667	513
668	128
669	384
670	517
671	510
672	544
673	115
674	514
675	383
676	153
677	999
678	491
679	530
680	159
681	498
682	914
683	881
684	660
685	740
686	301
687	968
688	735
689	851
690	574
691	710
692	701
693	158
694	293
695	817
696	219
697	502
698	940
699	969
700	144
701	370
702	406
703	203
704	454
705	198
706	835
707	488
708	513
709	308
710	401
711	269
712	106
713	765
714	662
715	877
716	107
717	426
718	370
719	634
720	759
721	957
722	273
723	712
724	117
725	403
726	687
727	659
728	599
729	430
730	598
731	995
732	620
733	438
734	676
735	624
736	23
737	52
738	624
739	211
740	346
741	132
742	83
743	916
744	458
745	250
746	815
747	347
748	96
749	948
750	165
751	438
752	904
753	999
754	177
755	741
756	199
757	473
758	679
759	652
760	263
761	494
762	157
763	950
764	146
765	297
766	125
767	385
768	189
769	230
770	303
771	551
772	75
773	658
774	692
775	748
776	844
777	598
778	96
779	704
780	827
781	318
782	304
783	689
784	366
785	406
786	631
787	100
788	778
789	971
790	286
791	261
792	645
793	875
794	117
795	122
796	587
797	223
798	59
799	19
800	852
801	152
802	593
803	359
804	860
805	200
806	924
807	82
808	559
809	869
810	518
811	980
812	596
813	841
814	284
815	749
816	316
817	982
818	584
819	87
820	996
821	627
822	924
823	230
824	275
825	108
826	39
827	897
828	537
829	20
830	25
831	522
832	201
833	167
834	146
835	681
836	644
837	972
838	84
839	712
840	127
841	316
842	724
843	41
844	897
845	814
846	747
847	492
848	787
849	874
850	790
851	765
852	137
853	562
854	712
855	275
856	899
857	461
858	993
859	724
860	314
861	915
862	785
863	406
864	193
865	930
866	475
867	500
868	877
869	588
870	589
871	492
872	230
873	57
874	727
875	705
876	544
877	297
878	356
879	498
880	27
881	944
882	699
883	246
884	463
885	474
886	353
887	100
888	341
889	588
890	820
891	99
892	184
893	966
894	172
895	659
896	877
897	554
898	873
899	198
900	644
901	475
902	527
903	413
904	497
905	196
906	703
907	422
908	102
909	648
910	660
911	513
912	742
913	270
914	425
915	969
916	689
917	98
918	300
919	278
920	302
921	701
922	550
923	322
924	231
925	336
926	162
927	284
928	875
929	950
930	628
931	364
932	495
933	12
934	499
935	902
936	605
937	796
938	293
939	694
940	287
941	307
942	636
943	616
944	974
945	72
946	372
947	668
948	380
949	498
950	583
951	521
952	896
953	953
954	664
955	446
956	386
957	82
958	883
959	748
960	552
961	76
962	138
963	405
964	603
965	645
966	517
967	702
968	253
969	273
970	869
971	84
972	777
973	187
974	197
975	641
976	790
977	743
978	984
979	236
980	912
981	740
982	826
983	793
984	237
985	463
986	584
987	822
988	114
989	910
990	879
991	997
992	465
993	287
994	411
995	427
996	698
997	684
998	296
999	828
1000	457
1001	614
1002	387
1003	22
1004	903
1005	362
1006	310
1007	334
1008	528
1009	369
1010	145
1011	241
1012	539
1013	338
1014	952
1015	791
1016	545
1017	440
1018	888
1019	895
1020	245
1021	395
1022	169
1023	396
1024	528
1025	628
1026	472
1027	938
1028	280
1029	80
1030	488
1031	203
1032	743
1033	120
1034	119
1035	139
1036	760
1037	424
1038	199
1039	731
1040	995
1041	207
1042	614
1043	471
1044	866
1045	52
1046	90
1047	288
1048	501
1049	27
1050	826
1051	625
1052	507
1053	62
1054	643
1055	162
1056	377
1057	273
1058	93
1059	864
1060	601
1061	829
1062	389
1063	326
1064	640
1065	888
1066	995
1067	465
1068	238
1069	43
1070	71
1071	331
1072	179
1073	774
1074	255
1075	20
1076	502
1077	534
1078	137
1079	822
1080	68
1081	207
1082	540
1083	107
1084	186
1085	47
1086	335
1087	830
1088	461
1089	753
1090	422
1091	329
1092	988
1093	522
1094	534
1095	651
1096	33
1097	853
1098	941
1099	82
1100	445
1101	233
1102	925
1103	409
1104	816
1105	929
1106	217
1107	395
1108	120
1109	316
1110	587
1111	324
1112	459
1113	428
1114	573
1115	854
1116	432
1117	649
1118	887
1119	199
1120	380
1121	527
1122	41
1123	749
1124	890
1125	338
1126	788
1127	997
1128	854
1129	564
1130	632
1131	658
1132	88
1133	856
1134	977
1135	181
1136	609
1137	435
1138	871
1139	261
1140	628
1141	560
1142	988
1143	971
1144	738
1145	322
1146	135
1147	315
1148	784
1149	375
1150	961
1151	183
1152	906
1153	218
1154	798
1155	778
1156	237
1157	242
1158	351
1159	610
1160	693
1161	461
1162	345
1163	497
1164	183
1165	811
1166	54
1167	110
1168	240
1169	563
1170	840
1171	132
1172	880
1173	243
1174	606
1175	75
1176	457
1177	80
1178	575
1179	934
1180	302
1181	862
1182	865
1183	276
1184	288
1185	190
1186	159
1187	471
1188	568
1189	708
1190	185
1191	314
1192	624
1193	21
1194	269
1195	403
1196	752
1197	402
1198	601
1199	18
1200	959
1201	259
1202	611
1203	677
1204	369
1205	74
1206	763
1207	142
1208	903
1209	972
1210	691
1211	557
1212	849
1213	391
1214	59
1215	914
1216	180
1217	876
1218	271
1219	295
1220	499
1221	553
1222	428
1223	309
1224	993
1225	267
1226	836
1227	56
1228	902
1229	457
1230	828
1231	391
1232	168
1233	250
1234	335
1235	94
1236	471
1237	810
1238	427
1239	981
1240	505
1241	562
1242	206
1243	359
1244	125
1245	206
1246	916
1247	382
1248	902
1249	394
1250	561
1251	443
1252	890
1253	300
1254	230
1255	65
1256	521
1257	233
1258	566
1259	266
1260	787
1261	647
1262	302
1263	463
1264	337
1265	737
1266	237
1267	931
1268	777
1269	413
1270	415
1271	79
1272	733
1273	942
1274	39
1275	51
1276	707
1277	413
1278	424
1279	632
1280	382
1281	850
1282	131
1283	938
1284	382
1285	683
1286	501
1287	804
1288	211
1289	748
1290	852
1291	689
1292	26
1293	497
1294	649
1295	494
1296	81
1297	95
1298	150
1299	128
1300	897
1301	443
1302	844
1303	775
1304	205
1305	766
1306	834
1307	710
1308	928
1309	780
1310	20
1311	697
1312	254
1313	55
1314	512
1315	54
1316	629
1317	718
1318	159
1319	176
1320	663
1321	198
1322	355
1323	443
1324	970
1325	600
1326	880
1327	815
1328	549
1329	27
1330	676
1331	400
1332	330
1333	405
1334	270
1335	987
1336	289
1337	305
1338	272
1339	831
1340	771
1341	996
1342	390
1343	11
1344	787
1345	838
1346	386
1347	462
1348	919
1349	826
1350	249
1351	406
1352	230
1353	574
1354	290
1355	137
1356	507
1357	564
1358	704
1359	129
1360	901
1361	839
1362	502
1363	873
1364	831
1365	349
1366	945
1367	613
1368	895
1369	205
1370	520
1371	986
1372	489
1373	892
1374	546
1375	221
1376	986
1377	819
1378	585
1379	825
1380	501
1381	575
1382	575
1383	718
1384	452
1385	553
1386	312
1387	854
1388	582
1389	139
1390	441
1391	469
1392	185
1393	199
1394	289
1395	154
1396	905
1397	331
1398	905
1399	383
1400	811
1401	387
1402	594
1403	726
1404	377
1405	125
1406	677
1407	58
1408	400
1409	771
1410	55
1411	60
1412	211
1413	477
1414	229
1415	269
1416	443
1417	843
1418	346
1419	586
1420	310
1421	58
1422	996
1423	521
1424	186
1425	824
1426	739
1427	431
1428	720
1429	201
1430	103
1431	579
1432	135
1433	585
1434	852
1435	116
1436	207
1437	786
1438	370
1439	599
1440	156
1441	375
1442	120
1443	915
1444	907
1445	393
1446	549
1447	193
1448	540
1449	514
1450	939
1451	499
1452	880
1453	106
1454	444
1455	570
1456	815
1457	860
1458	306
1459	246
1460	133
1461	217
1462	304
1463	107
1464	305
1465	20
1466	312
1467	454
1468	806
1469	563
1470	598
1471	610
1472	757
1473	676
1474	700
1475	470
1476	211
1477	988
1478	88
1479	329
1480	840
1481	654
1482	635
1483	722
1484	951
1485	860
1486	569
1487	743
1488	430
1489	131
1490	943
1491	184
1492	215
1493	995
1494	211
1495	389
1496	289
1497	701
1498	163
1499	708
1500	338
1501	712
1502	93
1503	296
1504	86
1505	870
1506	870
1507	748
1508	915
1509	821
1510	911
1511	998
1512	95
1513	989
1514	795
1515	31
1516	886
1517	688
1518	111
1519	977
1520	574
1521	945
1522	617
1523	201
1524	841
1525	330
1526	187
1527	707
1528	277
1529	955
1530	99
1531	67
1532	654
1533	616
1534	442
1535	85
1536	63
1537	796
1538	285
1539	307
1540	867
1541	438
1542	985
1543	440
1544	380
1545	849
1546	508
1547	900
1548	444
1549	375
1550	949
1551	241
1552	795
1553	26
1554	806
1555	962
1556	807
1557	236
1558	244
1559	333
1560	531
1561	488
1562	852
1563	172
1564	428
1565	226
1566	605
1567	893
1568	638
1569	735
1570	985
1571	984
1572	454
1573	113
1574	851
1575	288
1576	245
1577	36
1578	916
1579	617
1580	360
1581	34
1582	980
1583	433
1584	860
1585	753
1586	750
1587	766
1588	933
1589	954
1590	688
1591	41
1592	826
1593	649
1594	531
1595	593
1596	341
1597	975
1598	161
1599	413
1600	448
1601	969
1602	163
1603	586
1604	474
1605	643
1606	345
1607	757
1608	566
1609	79
1610	630
1611	646
1612	357
1613	677
1614	928
1615	626
1616	961
1617	666
1618	744
1619	454
1620	781
1621	241
1622	976
1623	498
1624	972
1625	364
1626	131
1627	907
1628	987
1629	706
1630	894
1631	772
1632	659
1633	626
1634	147
1635	722
1636	782
1637	757
1638	713
1639	890
1640	854
1641	434
1642	561
1643	72
1644	48
1645	52
1646	820
1647	949
1648	412
1649	281
1650	116
1651	933
1652	351
1653	412
1654	248
1655	40
1656	944
1657	153
1658	875
1659	982
1660	945
1661	932
1662	268
1663	349
1664	620
1665	253
1666	432
1667	582
1668	214
1669	546
1670	712
1671	407
1672	357
1673	28
1674	830
1675	362
1676	243
1677	70
1678	495
1679	766
1680	276
1681	41
1682	275
1683	756
1684	325
1685	854
1686	30
1687	225
1688	114
1689	827
1690	816
1691	928
1692	454
1693	200
1694	72
1695	915
1696	657
1697	695
1698	985
1699	914
1700	249
1701	520
1702	90
1703	675
1704	499
1705	678
1706	156
1707	141
1708	199
1709	577
1710	663
1711	554
1712	521
1713	758
1714	473
1715	180
1716	370
1717	285
1718	690
1719	852
1720	46
1721	363
1722	106
1723	243
1724	296
1725	768
1726	28
1727	906
1728	645
1729	761
1730	480
1731	867
1732	50
1733	746
1734	40
1735	345
1736	238
1737	993
1738	198
1739	309
1740	240
1741	750
1742	79
1743	60
1744	123
1745	102
1746	613
1747	334
1748	940
1749	321
1750	62
1751	795
1752	462
1753	318
1754	581
1755	588
1756	340
1757	398
1758	627
1759	71
1760	772
1761	97
1762	840
1763	95
1764	202
1765	562
1766	118
1767	998
1768	672
1769	85
1770	503
1771	154
1772	315
1773	711
1774	203
1775	155
1776	595
1777	506
1778	727
1779	946
1780	159
1781	964
1782	677
1783	178
1784	740
1785	505
1786	143
1787	823
1788	225
1789	438
1790	832
1791	144
1792	49
1793	851
1794	778
1795	651
1796	792
1797	354
1798	64
1799	534
1800	596
1801	667
1802	378
1803	830
1804	950
1805	858
1806	27
1807	964
1808	597
1809	256
1810	579
1811	96
1812	151
1813	377
1814	351
1815	435
1816	530
1817	260
1818	276
1819	630
1820	704
1821	987
1822	51
1823	64
1824	984
1825	691
1826	601
1827	273
1828	261
1829	935
1830	80
1831	528
1832	311
1833	178
1834	276
1835	840
1836	146
1837	417
1838	374
1839	736
1840	895
1841	932
1842	880
1843	469
1844	528
1845	428
1846	291
1847	780
1848	953
1849	821
1850	433
1851	349
1852	185
1853	481
1854	921
1855	91
1856	118
1857	444
1858	950
1859	327
1860	487
1861	41
1862	51
1863	336
1864	344
1865	110
1866	215
1867	840
1868	590
1869	654
1870	337
1871	873
1872	397
1873	27
1874	675
1875	792
1876	329
1877	691
1878	519
1879	465
1880	950
1881	446
1882	610
1883	493
1884	843
1885	183
1886	527
1887	465
1888	566
1889	119
1890	930
1891	182
1892	757
1893	286
1894	204
1895	220
1896	497
1897	386
1898	679
1899	465
1900	928
1901	372
1902	230
1903	817
1904	572
1905	899
1906	295
1907	695
1908	989
1909	194
1910	926
1911	421
1912	167
1913	552
1914	695
1915	452
1916	40
1917	208
1918	247
1919	54
1920	517
1921	650
1922	78
1923	300
1924	938
1925	377
1926	710
1927	137
1928	744
1929	65
1930	543
1931	516
1932	319
1933	25
1934	632
1935	91
1936	927
1937	971
1938	483
1939	671
1940	921
1941	489
1942	544
1943	799
1944	934
1945	615
1946	72
1947	824
1948	214
1949	472
1950	68
1951	434
1952	768
1953	948
1954	707
1955	674
1956	474
1957	755
1958	740
1959	612
1960	473
1961	916
1962	462
1963	126
1964	924
1965	99
1966	21
1967	90
1968	902
1969	246
1970	161
1971	603
1972	37
1973	631
1974	465
1975	849
1976	953
1977	141
1978	945
1979	985
1980	126
1981	95
1982	642
1983	65
1984	106
1985	671
1986	225
1987	60
1988	630
1989	420
1990	428
1991	261
1992	564
1993	491
1994	310
1995	290
1996	893
1997	195
1998	389
1999	156
2000	740
2001	919
2002	262
2003	313
2004	838
2005	416
2006	23
2007	649
2008	916
2009	291
2010	26
2011	290
2012	606
2013	733
2014	712
2015	815
2016	804
2017	283
2018	671
2019	454
2020	587
2021	257
2022	301
2023	359
2024	849
2025	929
2026	93
2027	385
2028	136
2029	293
2030	549
2031	338
2032	847
2033	593
2034	270
2035	671
2036	626
2037	472
2038	591
2039	214
2040	849
2041	694
2042	777
2043	434
2044	573
2045	463
2046	282
2047	630
2048	981
2049	893
2050	296
2051	482
2052	755
2053	516
2054	657
2055	115
2056	398
2057	341
2058	870
2059	73
2060	565
2061	738
2062	399
2063	417
2064	138
2065	345
2066	820
2067	776
2068	91
2069	702
2070	655
2071	461
2072	499
2073	857
2074	159
2075	572
2076	629
2077	487
2078	156
2079	535
2080	42
2081	398
2082	384
2083	972
2084	911
2085	842
2086	383
2087	960
2088	125
2089	912
2090	227
2091	128
2092	298
2093	454
2094	796
2095	659
2096	785
2097	449
2098	991
2099	651
2100	51
2101	544
2102	486
2103	568
2104	326
2105	734
2106	876
2107	525
2108	873
2109	416
2110	292
2111	736
2112	882
2113	284
2114	59
2115	424
2116	610
2117	389
2118	669
2119	568
2120	297
2121	566
2122	628
2123	720
2124	158
2125	800
2126	521
2127	817
2128	73
2129	75
2130	662
2131	12
2132	695
2133	546
2134	65
2135	145
2136	603
2137	939
2138	114
2139	701
2140	361
2141	437
2142	457
2143	183
2144	426
2145	820
2146	389
2147	677
2148	369
2149	486
2150	245
2151	833
2152	364
2153	364
2154	441
2155	620
2156	178
2157	728
2158	746
2159	860
2160	543
2161	467
2162	539
2163	564
2164	874
2165	808
2166	674
2167	778
2168	118
2169	129
2170	806
2171	204
2172	683
2173	968
2174	698
2175	67
2176	689
2177	969
2178	443
2179	505
2180	162
2181	459
2182	469
2183	626
2184	622
2185	422
2186	815
2187	779
2188	471
2189	560
2190	645
2191	946
2192	305
2193	232
2194	312
2195	421
2196	879
2197	737
2198	722
2199	512
2200	917
2201	953
2202	378
2203	565
2204	292
2205	283
2206	146
2207	886
2208	250
2209	549
2210	657
2211	398
2212	677
2213	956
2214	936
2215	537
2216	253
2217	662
2218	179
2219	906
2220	35
2221	28
2222	502
2223	145
2224	654
2225	40
2226	416
2227	952
2228	312
2229	621
2230	186
2231	561
2232	767
2233	298
2234	36
2235	740
2236	878
2237	516
2238	590
2239	479
2240	303
2241	184
2242	134
2243	207
2244	888
2245	425
2246	990
2247	302
2248	174
2249	972
2250	627
2251	432
2252	913
2253	971
2254	922
2255	348
2256	783
2257	421
2258	946
2259	812
2260	443
2261	563
2262	291
2263	19
2264	564
2265	966
2266	453
2267	692
2268	525
2269	747
2270	460
2271	464
2272	45
2273	532
2274	270
2275	76
2276	371
2277	88
2278	663
2279	314
2280	282
2281	267
2282	944
2283	381
2284	381
2285	348
2286	626
2287	15
2288	888
2289	79
2290	203
2291	408
2292	663
2293	232
2294	897
2295	817
2296	451
2297	722
2298	180
2299	199
2300	896
2301	447
2302	516
2303	792
2304	693
2305	296
2306	326
2307	164
2308	911
2309	85
2310	578
2311	755
2312	511
2313	898
2314	524
2315	723
2316	376
2317	765
2318	251
2319	48
2320	297
2321	156
2322	302
2323	491
2324	417
2325	927
2326	64
2327	670
2328	991
2329	789
2330	240
2331	310
2332	216
2333	892
2334	928
2335	715
2336	810
2337	441
2338	322
2339	684
2340	964
2341	156
2342	306
2343	855
2344	256
2345	74
2346	816
2347	617
2348	991
2349	435
2350	764
2351	481
2352	21
2353	109
2354	527
2355	285
2356	180
2357	546
2358	236
2359	246
2360	963
2361	634
2362	574
2363	30
2364	279
2365	109
2366	168
2367	739
2368	272
2369	263
2370	821
2371	744
2372	302
2373	403
2374	625
2375	726
2376	610
2377	497
2378	837
2379	68
2380	323
2381	648
2382	965
2383	385
2384	335
2385	529
2386	718
2387	630
2388	988
2389	762
2390	756
2391	295
2392	207
2393	310
2394	682
2395	597
2396	239
2397	642
2398	146
2399	108
2400	493
2401	653
2402	140
2403	458
2404	485
2405	645
2406	274
2407	348
2408	22
2409	96
2410	108
2411	516
2412	164
2413	596
2414	486
2415	486
2416	800
2417	546
2418	329
2419	736
2420	34
2421	170
2422	969
2423	131
2424	93
2425	971
2426	31
2427	35
2428	474
2429	942
2430	279
2431	215
2432	415
2433	208
2434	329
2435	882
2436	670
2437	854
2438	571
2439	145
2440	690
2441	961
2442	612
2443	908
2444	219
2445	801
2446	887
2447	67
2448	267
2449	186
2450	583
2451	926
2452	668
2453	638
2454	535
2455	928
2456	125
2457	80
2458	692
2459	262
2460	155
2461	578
2462	776
2463	578
2464	635
2465	512
2466	677
2467	285
2468	128
2469	177
2470	571
2471	687
2472	447
2473	359
2474	333
2475	611
2476	165
2477	822
2478	377
2479	556
2480	309
2481	289
2482	322
2483	974
2484	635
2485	619
2486	442
2487	464
2488	87
2489	624
2490	821
2491	503
2492	932
2493	947
2494	805
2495	747
2496	338
2497	305
2498	979
2499	125
2500	63
2501	993
2502	78
2503	28
2504	342
2505	941
2506	667
2507	779
2508	122
2509	620
2510	483
2511	431
2512	710
2513	457
2514	892
2515	476
2516	657
2517	669
2518	229
2519	599
2520	303
2521	170
2522	276
2523	287
2524	373
2525	991
2526	916
2527	708
2528	378
2529	803
2530	240
2531	429
2532	261
2533	675
2534	131
2535	66
2536	678
2537	66
2538	461
2539	690
2540	55
2541	154
2542	409
2543	751
2544	378
2545	488
2546	760
2547	754
2548	173
2549	887
2550	861
2551	270
2552	517
2553	863
2554	41
2555	640
2556	412
2557	301
2558	348
2559	290
2560	152
2561	896
2562	206
2563	923
2564	979
2565	271
2566	459
2567	641
2568	865
2569	291
2570	958
2571	448
2572	566
2573	671
2574	368
2575	50
2576	197
2577	840
2578	164
2579	872
2580	542
2581	651
2582	856
2583	219
2584	835
2585	255
2586	925
2587	990
2588	614
2589	192
2590	577
2591	48
2592	633
2593	529
2594	358
2595	472
2596	649
2597	876
2598	346
2599	673
2600	604
2601	963
2602	341
2603	638
2604	635
2605	250
2606	532
2607	832
2608	424
2609	642
2610	438
2611	135
2612	352
2613	181
2614	23
2615	171
2616	308
2617	102
2618	24
2619	213
2620	505
2621	288
2622	771
2623	144
2624	196
2625	883
2626	708
2627	286
2628	810
2629	99
2630	420
2631	902
2632	920
2633	90
2634	167
2635	426
2636	704
2637	946
2638	42
2639	478
2640	22
2641	667
2642	501
2643	641
2644	185
2645	442
2646	424
2647	818
2648	542
2649	944
2650	317
2651	326
2652	582
2653	994
2654	485
2655	717
2656	567
2657	871
2658	22
2659	497
2660	913
2661	982
2662	932
2663	791
2664	594
2665	70
2666	417
2667	532
2668	737
2669	294
2670	537
2671	691
2672	437
2673	889
2674	894
2675	475
2676	472
2677	903
2678	102
2679	233
2680	15
2681	795
2682	205
2683	450
2684	502
2685	493
2686	189
2687	243
2688	618
2689	322
2690	846
2691	490
2692	349
2693	206
2694	954
2695	999
2696	354
2697	944
2698	491
2699	689
2700	657
2701	344
2702	844
2703	359
2704	422
2705	28
2706	29
2707	816
2708	872
2709	597
2710	857
2711	37
2712	362
2713	404
2714	142
2715	361
2716	902
2717	603
2718	141
2719	336
2720	279
2721	480
2722	70
2723	534
2724	257
2725	637
2726	993
2727	13
2728	493
2729	470
2730	702
2731	986
2732	693
2733	72
2734	148
2735	27
2736	253
2737	575
2738	958
2739	720
2740	683
2741	989
2742	862
2743	55
2744	383
2745	743
2746	109
2747	244
2748	425
2749	212
2750	58
2751	626
2752	219
2753	296
2754	146
2755	233
2756	667
2757	195
2758	590
2759	308
2760	305
2761	534
2762	801
2763	659
2764	161
2765	369
2766	232
2767	676
2768	960
2769	946
2770	445
2771	858
2772	762
2773	274
2774	344
2775	751
2776	54
2777	144
2778	305
2779	132
2780	329
2781	565
2782	91
2783	63
2784	755
2785	922
2786	894
2787	256
2788	403
2789	107
2790	323
2791	750
2792	843
2793	576
2794	985
2795	777
2796	105
2797	327
2798	366
2799	254
2800	67
2801	51
2802	455
2803	877
2804	536
2805	361
2806	30
2807	86
2808	169
2809	484
2810	614
2811	513
2812	349
2813	98
2814	636
2815	192
2816	490
2817	66
2818	94
2819	892
2820	235
2821	368
2822	779
2823	505
2824	592
2825	329
2826	930
2827	410
2828	416
2829	161
2830	176
2831	349
2832	177
2833	875
2834	941
2835	763
2836	491
2837	343
2838	764
2839	136
2840	107
2841	155
2842	313
2843	628
2844	150
2845	128
2846	472
2847	990
2848	114
2849	484
2850	390
2851	904
2852	866
2853	734
2854	968
2855	83
2856	396
2857	465
2858	303
2859	651
2860	815
2861	383
2862	105
2863	718
2864	201
2865	728
2866	201
2867	779
2868	737
2869	685
2870	854
2871	219
2872	147
2873	40
2874	513
2875	904
2876	959
2877	105
2878	655
2879	648
2880	989
2881	413
2882	237
2883	152
2884	219
2885	802
2886	648
2887	22
2888	318
2889	664
2890	280
2891	147
2892	259
2893	680
2894	952
2895	986
2896	427
2897	310
2898	303
2899	451
2900	105
2901	800
2902	520
2903	765
2904	913
2905	235
2906	909
2907	124
2908	898
2909	736
2910	814
2911	794
2912	980
2913	117
2914	75
2915	524
2916	402
2917	672
2918	112
2919	673
2920	799
2921	550
2922	608
2923	454
2924	228
2925	979
2926	997
2927	105
2928	130
2929	434
2930	264
2931	93
2932	220
2933	440
2934	112
2935	623
2936	434
2937	864
2938	246
2939	684
2940	396
2941	642
2942	204
2943	807
2944	903
2945	286
2946	458
2947	738
2948	114
2949	688
2950	905
2951	618
2952	703
2953	25
2954	628
2955	927
2956	488
2957	242
2958	128
2959	997
2960	105
2961	740
2962	248
2963	388
2964	215
2965	404
2966	488
2967	171
2968	221
2969	574
2970	11
2971	657
2972	316
2973	879
2974	74
2975	535
2976	298
2977	701
2978	565
2979	347
2980	692
2981	782
2982	53
2983	139
2984	644
2985	491
2986	799
2987	465
2988	713
2989	414
2990	561
2991	89
2992	726
2993	901
2994	449
2995	548
2996	379
2997	125
2998	121
2999	827
3000	44
3001	114
3002	940
3003	890
3004	258
3005	22
3006	893
3007	39
3008	858
3009	645
3010	542
3011	579
3012	565
3013	874
3014	72
3015	354
3016	241
3017	522
3018	269
3019	667
3020	527
3021	185
3022	706
3023	842
3024	957
3025	871
3026	94
3027	475
3028	409
3029	530
3030	313
3031	460
3032	734
3033	612
3034	782
3035	879
3036	472
3037	94
3038	885
3039	802
3040	169
3041	578
3042	269
3043	523
3044	377
3045	870
3046	601
3047	482
3048	646
3049	338
3050	882
3051	999
3052	450
3053	834
3054	473
3055	299
3056	810
3057	642
3058	47
3059	500
3060	648
3061	789
3062	207
3063	56
3064	644
3065	24
3066	714
3067	768
3068	964
3069	72
3070	322
3071	989
3072	30
3073	612
3074	970
3075	53
3076	487
3077	729
3078	870
3079	662
3080	10
3081	739
3082	296
3083	311
3084	281
3085	894
3086	710
3087	606
3088	800
3089	30
3090	587
3091	181
3092	901
3093	354
3094	892
3095	346
3096	128
3097	110
3098	142
3099	53
3100	271
3101	249
3102	189
3103	101
3104	141
3105	243
3106	270
3107	69
3108	220
3109	129
3110	629
3111	931
3112	167
3113	930
3114	456
3115	278
3116	360
3117	920
3118	232
3119	483
3120	882
3121	953
3122	797
3123	623
3124	264
3125	821
3126	304
3127	775
3128	667
3129	692
3130	154
3131	414
3132	327
3133	111
3134	665
3135	649
3136	429
3137	819
3138	995
3139	571
3140	380
3141	189
3142	16
3143	800
3144	313
3145	713
3146	226
3147	335
3148	264
3149	50
3150	833
3151	792
3152	345
3153	817
3154	63
3155	896
3156	456
3157	207
3158	178
3159	311
3160	137
3161	485
3162	306
3163	319
3164	103
3165	138
3166	911
3167	408
3168	622
3169	366
3170	543
3171	20
3172	600
3173	809
3174	871
3175	931
3176	912
3177	581
3178	401
3179	469
3180	392
3181	691
3182	977
3183	926
3184	165
3185	278
3186	196
3187	951
3188	279
3189	919
3190	838
3191	604
3192	549
3193	50
3194	106
3195	679
3196	303
3197	90
3198	658
3199	501
3200	542
3201	56
3202	927
3203	432
3204	932
3205	88
3206	51
3207	466
3208	540
3209	230
3210	808
3211	472
3212	976
3213	38
3214	455
3215	396
3216	365
3217	133
3218	749
3219	615
3220	505
3221	227
3222	114
3223	86
3224	40
3225	440
3226	758
3227	292
3228	784
3229	229
3230	119
3231	107
3232	611
3233	55
3234	384
3235	906
3236	253
3237	240
3238	30
3239	410
3240	976
3241	926
3242	866
3243	107
3244	22
3245	620
3246	635
3247	151
3248	830
3249	704
3250	899
3251	133
3252	873
3253	383
3254	881
3255	322
3256	311
3257	999
3258	712
3259	365
3260	123
3261	16
3262	721
3263	68
3264	114
3265	97
3266	700
3267	834
3268	894
3269	740
3270	621
3271	690
3272	272
3273	337
3274	156
3275	683
3276	557
3277	747
3278	839
3279	174
3280	102
3281	254
3282	465
3283	750
3284	599
3285	245
3286	953
3287	340
3288	298
3289	761
3290	384
3291	795
3292	779
3293	729
3294	199
3295	44
3296	621
3297	318
3298	70
3299	463
3300	191
3301	936
3302	47
3303	297
3304	26
3305	141
3306	482
3307	629
3308	972
3309	10
3310	211
3311	786
3312	590
3313	844
3314	562
3315	891
3316	886
3317	601
3318	507
3319	233
3320	340
3321	991
3322	690
3323	589
3324	562
3325	614
3326	390
3327	616
3328	230
3329	875
3330	672
3331	245
3332	133
3333	781
3334	904
3335	15
3336	621
3337	152
3338	13
3339	381
3340	602
3341	544
3342	655
3343	215
3344	876
3345	350
3346	415
3347	316
3348	52
3349	914
3350	770
3351	664
3352	496
3353	442
3354	836
3355	927
3356	591
3357	880
3358	480
3359	915
3360	901
3361	843
3362	793
3363	507
3364	958
3365	147
3366	725
3367	312
3368	771
3369	274
3370	788
3371	284
3372	286
3373	560
3374	426
3375	829
3376	382
3377	840
3378	748
3379	857
3380	573
3381	847
3382	434
3383	748
3384	452
3385	650
3386	825
3387	486
3388	539
3389	275
3390	963
3391	197
3392	663
3393	842
3394	686
3395	906
3396	973
3397	210
3398	297
3399	828
3400	877
3401	854
3402	398
3403	883
3404	347
3405	467
3406	658
3407	740
3408	34
3409	131
3410	355
3411	272
3412	813
3413	134
3414	173
3415	760
3416	506
3417	985
3418	244
3419	334
3420	477
3421	494
3422	988
3423	905
3424	895
3425	984
3426	880
3427	194
3428	121
3429	454
3430	546
3431	967
3432	783
3433	961
3434	986
3435	173
3436	475
3437	286
3438	577
3439	13
3440	433
3441	698
3442	238
3443	510
3444	649
3445	276
3446	917
3447	236
3448	185
3449	769
3450	776
3451	96
3452	890
3453	177
3454	462
3455	810
3456	455
3457	564
3458	379
3459	730
3460	859
3461	713
3462	342
3463	103
3464	353
3465	16
3466	435
3467	186
3468	999
3469	734
3470	695
3471	169
3472	990
3473	775
3474	933
3475	181
3476	699
3477	609
3478	334
3479	902
3480	906
3481	55
3482	47
3483	725
3484	385
3485	732
3486	504
3487	505
3488	930
3489	998
3490	176
3491	419
3492	904
3493	811
3494	696
3495	868
3496	397
3497	319
3498	883
3499	628
3500	114
3501	554
3502	625
3503	471
3504	515
3505	833
3506	465
3507	447
3508	588
3509	164
3510	889
3511	56
3512	331
3513	548
3514	86
3515	518
3516	474
3517	737
3518	727
3519	970
3520	713
3521	606
3522	716
3523	299
3524	123
3525	292
3526	961
3527	182
3528	469
3529	51
3530	416
3531	862
3532	419
3533	482
3534	925
3535	373
3536	748
3537	160
3538	345
3539	69
3540	722
3541	829
3542	272
3543	650
3544	671
3545	233
3546	191
3547	712
3548	140
3549	195
3550	812
3551	643
3552	193
3553	554
3554	719
3555	540
3556	277
3557	699
3558	437
3559	192
3560	971
3561	50
3562	103
3563	823
3564	525
3565	495
3566	548
3567	729
3568	462
3569	899
3570	315
3571	900
3572	134
3573	458
3574	325
3575	931
3576	756
3577	30
3578	441
3579	360
3580	440
3581	294
3582	896
3583	396
3584	731
3585	668
3586	832
3587	208
3588	99
3589	20
3590	897
3591	14
3592	161
3593	69
3594	155
3595	378
3596	918
3597	720
3598	306
3599	287
3600	430
3601	222
3602	145
3603	560
3604	794
3605	157
3606	328
3607	792
3608	75
3609	193
3610	515
3611	795
3612	869
3613	158
3614	303
3615	78
3616	887
3617	466
3618	732
3619	301
3620	63
3621	576
3622	643
3623	467
3624	409
3625	888
3626	529
3627	595
3628	830
3629	576
3630	941
3631	827
3632	929
3633	832
3634	77
3635	502
3636	84
3637	526
3638	864
3639	549
3640	449
3641	814
3642	241
3643	354
3644	825
3645	970
3646	46
3647	997
3648	291
3649	945
3650	64
3651	639
3652	496
3653	161
3654	386
3655	494
3656	447
3657	860
3658	560
3659	476
3660	468
3661	592
3662	289
3663	667
3664	223
3665	705
3666	407
3667	276
3668	624
3669	199
3670	939
3671	580
3672	856
3673	984
3674	402
3675	677
3676	735
3677	164
3678	697
3679	954
3680	766
3681	706
3682	744
3683	26
3684	477
3685	589
3686	650
3687	631
3688	826
3689	280
3690	74
3691	550
3692	177
3693	473
3694	888
3695	764
3696	432
3697	168
3698	694
3699	249
3700	335
3701	164
3702	748
3703	332
3704	784
3705	77
3706	322
3707	296
3708	374
3709	914
3710	76
3711	169
3712	242
3713	754
3714	236
3715	183
3716	972
3717	484
3718	111
3719	151
3720	325
3721	212
3722	504
3723	956
3724	12
3725	830
3726	835
3727	178
3728	509
3729	88
3730	95
3731	424
3732	860
3733	489
3734	660
3735	163
3736	696
3737	668
3738	662
3739	782
3740	809
3741	787
3742	155
3743	748
3744	759
3745	653
3746	51
3747	62
3748	832
3749	522
3750	308
3751	265
3752	609
3753	205
3754	569
3755	423
3756	216
3757	173
3758	45
3759	174
3760	571
3761	579
3762	293
3763	786
3764	164
3765	844
3766	894
3767	569
3768	126
3769	692
3770	20
3771	195
3772	556
3773	659
3774	923
3775	200
3776	345
3777	399
3778	268
3779	866
3780	985
3781	838
3782	406
3783	988
3784	847
3785	373
3786	866
3787	645
3788	116
3789	516
3790	640
3791	647
3792	271
3793	713
3794	642
3795	716
3796	529
3797	358
3798	389
3799	296
3800	817
3801	112
3802	708
3803	67
3804	314
3805	706
3806	492
3807	301
3808	966
3809	573
3810	365
3811	475
3812	505
3813	988
3814	301
3815	115
3816	590
3817	398
3818	47
3819	663
3820	895
3821	323
3822	968
3823	241
3824	596
3825	731
3826	859
3827	924
3828	734
3829	282
3830	323
3831	741
3832	556
3833	795
3834	410
3835	685
3836	929
3837	816
3838	970
3839	84
3840	348
3841	293
3842	932
3843	537
3844	875
3845	979
3846	712
3847	704
3848	521
3849	896
3850	907
3851	587
3852	850
3853	31
3854	577
3855	673
3856	700
3857	308
3858	872
3859	488
3860	652
3861	55
3862	892
3863	322
3864	956
3865	99
3866	932
3867	13
3868	27
3869	955
3870	783
3871	223
3872	861
3873	376
3874	792
3875	998
3876	142
3877	903
3878	729
3879	870
3880	571
3881	730
3882	132
3883	299
3884	459
3885	850
3886	799
3887	894
3888	146
3889	307
3890	308
3891	370
3892	922
3893	124
3894	747
3895	102
3896	993
3897	437
3898	866
3899	703
3900	689
3901	999
3902	677
3903	462
3904	303
3905	339
3906	950
3907	363
3908	224
3909	642
3910	261
3911	13
3912	867
3913	645
3914	831
3915	548
3916	923
3917	298
3918	456
3919	389
3920	136
3921	586
3922	82
3923	64
3924	193
3925	149
3926	590
3927	356
3928	525
3929	679
3930	380
3931	952
3932	978
3933	516
3934	130
3935	506
3936	728
3937	609
3938	983
3939	226
3940	141
3941	158
3942	935
3943	215
3944	44
3945	864
3946	807
3947	16
3948	647
3949	820
3950	34
3951	249
3952	256
3953	309
3954	650
3955	718
3956	315
3957	15
3958	515
3959	482
3960	457
3961	557
3962	821
3963	376
3964	458
3965	988
3966	516
3967	893
3968	160
3969	550
3970	267
3971	685
3972	426
3973	852
3974	998
3975	319
3976	341
3977	58
3978	636
3979	728
3980	34
3981	287
3982	986
3983	514
3984	149
3985	246
3986	392
3987	393
3988	179
3989	173
3990	517
3991	746
3992	21
3993	766
3994	607
3995	618
3996	431
3997	68
3998	663
3999	394
4000	381
4001	715
4002	569
4003	16
4004	381
4005	563
4006	560
4007	27
4008	166
4009	160
4010	370
4011	512
4012	262
4013	525
4014	638
4015	224
4016	655
4017	645
4018	555
4019	756
4020	487
4021	834
4022	686
4023	431
4024	592
4025	230
4026	774
4027	187
4028	377
4029	149
4030	144
4031	333
4032	577
4033	913
4034	597
4035	96
4036	575
4037	538
4038	838
4039	638
4040	381
4041	674
4042	195
4043	739
4044	481
4045	708
4046	34
4047	680
4048	977
4049	110
4050	424
4051	949
4052	137
4053	497
4054	612
4055	799
4056	697
4057	946
4058	880
4059	861
4060	983
4061	57
4062	906
4063	473
4064	111
4065	518
4066	825
4067	234
4068	182
4069	101
4070	860
4071	953
4072	25
4073	797
4074	602
4075	123
4076	861
4077	843
4078	459
4079	526
4080	269
4081	932
4082	49
4083	922
4084	568
4085	250
4086	455
4087	496
4088	514
4089	93
4090	592
4091	396
4092	407
4093	77
4094	794
4095	839
4096	38
4097	531
4098	283
4099	710
4100	527
4101	316
4102	58
4103	713
4104	815
4105	953
4106	583
4107	823
4108	110
4109	34
4110	31
4111	962
4112	182
4113	583
4114	122
4115	847
4116	729
4117	484
4118	229
4119	717
4120	535
4121	602
4122	552
4123	759
4124	101
4125	983
4126	263
4127	61
4128	879
4129	963
4130	643
4131	674
4132	513
4133	307
4134	310
4135	197
4136	93
4137	249
4138	285
4139	616
4140	818
4141	870
4142	753
4143	807
4144	957
4145	550
4146	508
4147	94
4148	995
4149	404
4150	758
4151	831
4152	820
4153	89
4154	17
4155	699
4156	893
4157	560
4158	983
4159	632
4160	120
4161	953
4162	295
4163	793
4164	248
4165	586
4166	986
4167	417
4168	466
4169	271
4170	697
4171	336
4172	360
4173	671
4174	775
4175	697
4176	458
4177	346
4178	870
4179	213
4180	687
4181	850
4182	863
4183	809
4184	347
4185	226
4186	694
4187	856
4188	713
4189	971
4190	798
4191	792
4192	817
4193	150
4194	669
4195	262
4196	491
4197	30
4198	378
4199	459
4200	973
4201	848
4202	865
4203	354
4204	521
4205	746
4206	97
4207	100
4208	597
4209	933
4210	939
4211	543
4212	569
4213	996
4214	188
4215	39
4216	912
4217	417
4218	433
4219	145
4220	398
4221	731
4222	388
4223	265
4224	134
4225	852
4226	566
4227	535
4228	410
4229	860
4230	37
4231	389
4232	973
4233	176
4234	65
4235	446
4236	693
4237	522
4238	391
4239	509
4240	869
4241	257
4242	905
4243	803
4244	933
4245	342
4246	223
4247	964
4248	241
4249	28
4250	38
4251	723
4252	250
4253	512
4254	340
4255	532
4256	866
4257	513
4258	758
4259	463
4260	73
4261	334
4262	640
4263	295
4264	417
4265	770
4266	470
4267	580
4268	889
4269	775
4270	434
4271	451
4272	275
4273	179
4274	448
4275	266
4276	699
4277	531
4278	85
4279	206
4280	533
4281	763
4282	926
4283	263
4284	713
4285	475
4286	13
4287	147
4288	911
4289	851
4290	549
4291	126
4292	251
4293	338
4294	769
4295	943
4296	960
4297	959
4298	913
4299	145
4300	205
4301	644
4302	516
4303	635
4304	201
4305	560
4306	878
4307	941
4308	27
4309	570
4310	403
4311	350
4312	283
4313	767
4314	70
4315	733
4316	735
4317	536
4318	690
4319	432
4320	777
4321	398
4322	653
4323	26
4324	30
4325	734
4326	86
4327	575
4328	486
4329	137
4330	60
4331	74
4332	154
4333	781
4334	486
4335	916
4336	841
4337	786
4338	954
4339	416
4340	974
4341	790
4342	953
4343	300
4344	549
4345	754
4346	533
4347	522
4348	242
4349	100
4350	613
4351	278
4352	922
4353	672
4354	10
4355	76
4356	643
4357	697
4358	470
4359	234
4360	353
4361	441
4362	575
4363	436
4364	473
4365	277
4366	823
4367	475
4368	565
4369	327
4370	758
4371	589
4372	762
4373	208
4374	470
4375	354
4376	424
4377	870
4378	480
4379	106
4380	307
4381	712
4382	240
4383	332
4384	298
4385	745
4386	900
4387	868
4388	182
4389	636
4390	662
4391	298
4392	112
4393	415
4394	916
4395	937
4396	795
4397	716
4398	317
4399	698
4400	697
4401	797
4402	254
4403	109
4404	930
4405	653
4406	114
4407	709
4408	35
4409	671
4410	748
4411	959
4412	495
4413	260
4414	388
4415	244
4416	563
4417	492
4418	75
4419	785
4420	470
4421	232
4422	748
4423	584
4424	984
4425	930
4426	989
4427	835
4428	731
4429	45
4430	738
4431	380
4432	370
4433	116
4434	935
4435	739
4436	170
4437	326
4438	185
4439	818
4440	666
4441	730
4442	794
4443	173
4444	832
4445	986
4446	689
4447	362
4448	615
4449	136
4450	64
4451	342
4452	852
4453	26
4454	157
4455	569
4456	775
4457	121
4458	392
4459	776
4460	872
4461	510
4462	192
4463	564
4464	761
4465	50
4466	184
4467	390
4468	83
4469	73
4470	509
4471	103
4472	524
4473	425
4474	340
4475	118
4476	957
4477	139
4478	835
4479	438
4480	749
4481	573
4482	562
4483	383
4484	188
4485	115
4486	543
4487	216
4488	515
4489	589
4490	610
4491	92
4492	220
4493	453
4494	402
4495	711
4496	390
4497	913
4498	605
4499	77
4500	566
4501	72
4502	999
4503	500
4504	498
4505	324
4506	273
4507	938
4508	915
4509	380
4510	157
4511	806
4512	103
4513	975
4514	96
4515	587
4516	611
4517	414
4518	199
4519	910
4520	552
4521	661
4522	791
4523	962
4524	468
4525	184
4526	683
4527	545
4528	776
4529	728
4530	177
4531	524
4532	186
4533	334
4534	928
4535	471
4536	613
4537	758
4538	336
4539	157
4540	139
4541	837
4542	977
4543	569
4544	766
4545	143
4546	532
4547	736
4548	683
4549	14
4550	287
4551	77
4552	462
4553	888
4554	442
4555	122
4556	789
4557	628
4558	901
4559	158
4560	202
4561	360
4562	362
4563	800
4564	56
4565	520
4566	370
4567	741
4568	544
4569	39
4570	41
4571	872
4572	42
4573	998
4574	401
4575	237
4576	216
4577	86
4578	87
4579	306
4580	208
4581	80
4582	627
4583	761
4584	284
4585	543
4586	661
4587	298
4588	446
4589	197
4590	41
4591	848
4592	805
4593	245
4594	967
4595	474
4596	809
4597	601
4598	347
4599	515
4600	710
4601	738
4602	325
4603	324
4604	840
4605	92
4606	736
4607	391
4608	325
4609	487
4610	76
4611	830
4612	392
4613	893
4614	361
4615	26
4616	618
4617	445
4618	407
4619	289
4620	831
4621	284
4622	777
4623	247
4624	797
4625	111
4626	90
4627	825
4628	112
4629	845
4630	191
4631	473
4632	512
4633	768
4634	512
4635	908
4636	997
4637	400
4638	419
4639	826
4640	738
4641	339
4642	153
4643	642
4644	805
4645	460
4646	61
4647	247
4648	101
4649	729
4650	207
4651	806
4652	474
4653	69
4654	743
4655	61
4656	16
4657	209
4658	625
4659	663
4660	108
4661	653
4662	542
4663	193
4664	114
4665	444
4666	964
4667	581
4668	801
4669	121
4670	608
4671	683
4672	885
4673	366
4674	368
4675	304
4676	596
4677	131
4678	796
4679	212
4680	643
4681	992
4682	917
4683	843
4684	362
4685	940
4686	707
4687	192
4688	511
4689	571
4690	66
4691	112
4692	536
4693	691
4694	603
4695	387
4696	355
4697	284
4698	52
4699	759
4700	643
4701	56
4702	204
4703	41
4704	239
4705	746
4706	623
4707	424
4708	483
4709	899
4710	675
4711	197
4712	149
4713	327
4714	10
4715	895
4716	262
4717	220
4718	425
4719	515
4720	653
4721	795
4722	737
4723	986
4724	803
4725	898
4726	26
4727	547
4728	276
4729	933
4730	778
4731	530
4732	447
4733	853
4734	588
4735	518
4736	277
4737	593
4738	12
4739	256
4740	69
4741	761
4742	233
4743	723
4744	918
4745	723
4746	735
4747	667
4748	395
4749	456
4750	512
4751	910
4752	119
4753	831
4754	338
4755	286
4756	599
4757	799
4758	11
4759	416
4760	686
4761	755
4762	819
4763	448
4764	751
4765	194
4766	779
4767	411
4768	724
4769	670
4770	492
4771	564
4772	896
4773	585
4774	345
4775	429
4776	575
4777	459
4778	992
4779	659
4780	58
4781	92
4782	902
4783	51
4784	386
4785	305
4786	953
4787	73
4788	554
4789	649
4790	128
4791	823
4792	396
4793	497
4794	150
4795	558
4796	963
4797	349
4798	327
4799	715
4800	465
4801	934
4802	539
4803	345
4804	863
4805	153
4806	72
4807	496
4808	671
4809	757
4810	27
4811	222
4812	600
4813	689
4814	374
4815	365
4816	251
4817	832
4818	345
4819	570
4820	442
4821	916
4822	288
4823	435
4824	477
4825	670
4826	993
4827	87
4828	266
4829	832
4830	532
4831	733
4832	666
4833	314
4834	67
4835	783
4836	311
4837	721
4838	890
4839	271
4840	771
4841	452
4842	670
4843	485
4844	404
4845	485
4846	592
4847	855
4848	735
4849	921
4850	717
4851	736
4852	408
4853	617
4854	420
4855	774
4856	191
4857	70
4858	599
4859	267
4860	648
4861	414
4862	543
4863	611
4864	686
4865	233
4866	275
4867	91
4868	481
4869	733
4870	958
4871	429
4872	319
4873	956
4874	699
4875	776
4876	162
4877	541
4878	315
4879	57
4880	46
4881	804
4882	766
4883	874
4884	728
4885	923
4886	347
4887	221
4888	945
4889	864
4890	117
4891	909
4892	693
4893	94
4894	692
4895	388
4896	150
4897	470
4898	904
4899	539
4900	754
4901	27
4902	714
4903	309
4904	842
4905	218
4906	534
4907	907
4908	152
4909	195
4910	64
4911	722
4912	906
4913	843
4914	241
4915	823
4916	626
4917	690
4918	335
4919	250
4920	932
4921	967
4922	350
4923	116
4924	421
4925	572
4926	701
4927	31
4928	749
4929	737
4930	338
4931	427
4932	143
4933	162
4934	496
4935	801
4936	87
4937	947
4938	47
4939	915
4940	881
4941	152
4942	919
4943	867
4944	17
4945	953
4946	668
4947	197
4948	578
4949	226
4950	853
4951	645
4952	765
4953	898
4954	734
4955	600
4956	837
4957	680
4958	178
4959	941
4960	338
4961	539
4962	45
4963	216
4964	553
4965	377
4966	573
4967	427
4968	357
4969	899
4970	822
4971	723
4972	676
4973	825
4974	902
4975	412
4976	774
4977	535
4978	756
4979	145
4980	710
4981	942
4982	41
4983	22
4984	787
4985	893
4986	52
4987	345
4988	671
4989	216
4990	914
4991	516
4992	620
4993	792
4994	976
4995	550
4996	418
4997	559
4998	134
4999	924
5000	863
5001	393
5002	496
5003	229
5004	612
5005	386
5006	342
5007	133
5008	207
5009	409
5010	843
5011	218
5012	692
5013	372
5014	274
5015	173
5016	458
5017	632
5018	367
5019	756
5020	702
5021	761
5022	584
5023	69
5024	203
5025	752
5026	342
5027	564
5028	998
5029	818
5030	673
5031	81
5032	313
5033	810
5034	473
5035	307
5036	430
5037	947
5038	859
5039	355
5040	155
5041	312
5042	44
5043	733
5044	677
5045	897
5046	574
5047	876
5048	318
5049	96
5050	820
5051	144
5052	322
5053	16
5054	122
5055	855
5056	250
5057	659
5058	144
5059	956
5060	87
5061	168
5062	402
5063	27
5064	347
5065	510
5066	772
5067	274
5068	817
5069	582
5070	472
5071	867
5072	585
5073	376
5074	454
5075	230
5076	781
5077	971
5078	85
5079	507
5080	81
5081	73
5082	576
5083	738
5084	688
5085	946
5086	528
5087	580
5088	447
5089	686
5090	246
5091	419
5092	361
5093	727
5094	988
5095	786
5096	399
5097	546
5098	315
5099	227
5100	634
5101	416
5102	141
5103	583
5104	314
5105	148
5106	103
5107	409
5108	596
5109	42
5110	261
5111	970
5112	297
5113	834
5114	549
5115	40
5116	119
5117	594
5118	468
5119	788
5120	644
5121	652
5122	235
5123	788
5124	190
5125	114
5126	365
5127	372
5128	336
5129	874
5130	202
5131	837
5132	499
5133	519
5134	480
5135	411
5136	680
5137	603
5138	871
5139	232
5140	225
5141	831
5142	319
5143	613
5144	143
5145	447
5146	421
5147	670
5148	44
5149	617
5150	148
5151	875
5152	729
5153	990
5154	664
5155	606
5156	64
5157	269
5158	838
5159	944
5160	465
5161	407
5162	546
5163	99
5164	334
5165	971
5166	26
5167	902
5168	756
5169	727
5170	215
5171	458
5172	366
5173	557
5174	293
5175	374
5176	764
5177	170
5178	371
5179	573
5180	216
5181	471
5182	33
5183	996
5184	230
5185	517
5186	218
5187	371
5188	413
5189	513
5190	295
5191	714
5192	400
5193	442
5194	283
5195	400
5196	291
5197	644
5198	499
5199	150
5200	473
5201	62
5202	831
5203	323
5204	941
5205	312
5206	326
5207	881
5208	785
5209	582
5210	80
5211	740
5212	524
5213	443
5214	891
5215	509
5216	118
5217	414
5218	188
5219	165
5220	184
5221	90
5222	690
5223	814
5224	259
5225	55
5226	452
5227	670
5228	602
5229	154
5230	741
5231	327
5232	239
5233	776
5234	153
5235	689
5236	748
5237	402
5238	649
5239	901
5240	335
5241	823
5242	473
5243	223
5244	979
5245	190
5246	671
5247	367
5248	376
5249	50
5250	893
5251	47
5252	665
5253	797
5254	624
5255	900
5256	712
5257	798
5258	555
5259	824
5260	842
5261	568
5262	624
5263	609
5264	534
5265	842
5266	770
5267	330
5268	618
5269	976
5270	753
5271	608
5272	221
5273	460
5274	747
5275	735
5276	379
5277	202
5278	607
5279	52
5280	756
5281	14
5282	475
5283	755
5284	174
5285	283
5286	248
5287	798
5288	407
5289	402
5290	350
5291	201
5292	90
5293	323
5294	568
5295	720
5296	991
5297	597
5298	672
5299	672
5300	665
5301	503
5302	236
5303	253
5304	700
5305	495
5306	121
5307	526
5308	78
5309	752
5310	255
5311	439
5312	276
5313	948
5314	486
5315	239
5316	922
5317	285
5318	161
5319	780
5320	179
5321	731
5322	675
5323	382
5324	474
5325	781
5326	136
5327	761
5328	427
5329	416
5330	459
5331	684
5332	43
5333	520
5334	836
5335	684
5336	350
5337	72
5338	817
5339	821
5340	489
5341	800
5342	760
5343	215
5344	888
5345	673
5346	976
5347	405
5348	806
5349	586
5350	753
5351	967
5352	662
5353	785
5354	803
5355	999
5356	718
5357	95
5358	157
5359	776
5360	320
5361	879
5362	280
5363	241
5364	703
5365	314
5366	231
5367	267
5368	484
5369	250
5370	902
5371	537
5372	720
5373	319
5374	18
5375	197
5376	986
5377	988
5378	400
5379	777
5380	335
5381	977
5382	494
5383	343
5384	758
5385	973
5386	747
5387	922
5388	993
5389	653
5390	954
5391	555
5392	339
5393	975
5394	858
5395	561
5396	786
5397	838
5398	882
5399	576
5400	744
5401	496
5402	247
5403	591
5404	837
5405	603
5406	39
5407	230
5408	10
5409	871
5410	854
5411	389
5412	435
5413	825
5414	599
5415	834
5416	387
5417	363
5418	114
5419	358
5420	745
5421	887
5422	151
5423	164
5424	277
5425	783
5426	188
5427	241
5428	919
5429	548
5430	752
5431	567
5432	247
5433	273
5434	311
5435	455
5436	328
5437	71
5438	260
5439	16
5440	803
5441	342
5442	320
5443	466
5444	537
5445	700
5446	735
5447	115
5448	140
5449	258
5450	912
5451	407
5452	888
5453	646
5454	430
5455	719
5456	971
5457	210
5458	269
5459	247
5460	157
5461	476
5462	50
5463	516
5464	797
5465	274
5466	204
5467	335
5468	196
5469	926
5470	87
5471	439
5472	309
5473	641
5474	143
5475	467
5476	408
5477	620
5478	102
5479	365
5480	269
5481	737
5482	965
5483	556
5484	961
5485	837
5486	49
5487	933
5488	742
5489	227
5490	585
5491	552
5492	865
5493	222
5494	743
5495	374
5496	796
5497	828
5498	441
5499	547
5500	251
5501	417
5502	262
5503	912
5504	783
5505	206
5506	495
5507	871
5508	293
5509	359
5510	443
5511	806
5512	523
5513	557
5514	198
5515	566
5516	650
5517	803
5518	238
5519	832
5520	709
5521	157
5522	642
5523	766
5524	270
5525	223
5526	318
5527	962
5528	141
5529	949
5530	990
5531	581
5532	33
5533	880
5534	588
5535	178
5536	432
5537	827
5538	185
5539	311
5540	832
5541	325
5542	584
5543	245
5544	329
5545	911
5546	485
5547	291
5548	231
5549	844
5550	292
5551	265
5552	683
5553	438
5554	138
5555	341
5556	863
5557	877
5558	85
5559	570
5560	759
5561	491
5562	84
5563	314
5564	881
5565	418
5566	434
5567	74
5568	615
5569	697
5570	306
5571	439
5572	301
5573	547
5574	806
5575	236
5576	799
5577	666
5578	565
5579	926
5580	426
5581	493
5582	657
5583	612
5584	961
5585	446
5586	268
5587	791
5588	530
5589	23
5590	803
5591	333
5592	309
5593	966
5594	204
5595	898
5596	734
5597	383
5598	551
5599	860
5600	388
5601	602
5602	336
5603	191
5604	540
5605	233
5606	733
5607	416
5608	154
5609	407
5610	353
5611	224
5612	196
5613	962
5614	625
5615	302
5616	641
5617	796
5618	689
5619	545
5620	551
5621	152
5622	968
5623	67
5624	343
5625	567
5626	947
5627	883
5628	973
5629	427
5630	743
5631	507
5632	679
5633	972
5634	59
5635	754
5636	306
5637	382
5638	130
5639	410
5640	874
5641	934
5642	312
5643	26
5644	879
5645	362
5646	61
5647	461
5648	850
5649	716
5650	579
5651	736
5652	259
5653	105
5654	242
5655	903
5656	693
5657	711
5658	73
5659	915
5660	56
5661	453
5662	819
5663	398
5664	763
5665	190
5666	872
5667	920
5668	280
5669	38
5670	134
5671	836
5672	365
5673	659
5674	331
5675	846
5676	331
5677	16
5678	701
5679	402
5680	525
5681	874
5682	317
5683	652
5684	647
5685	467
5686	597
5687	348
5688	395
5689	855
5690	245
5691	705
5692	181
5693	34
5694	380
5695	133
5696	394
5697	589
5698	44
5699	171
5700	442
5701	552
5702	471
5703	979
5704	286
5705	328
5706	592
5707	833
5708	352
5709	591
5710	581
5711	283
5712	83
5713	301
5714	322
5715	159
5716	587
5717	376
5718	714
5719	100
5720	694
5721	871
5722	174
5723	609
5724	743
5725	775
5726	892
5727	739
5728	196
5729	862
5730	195
5731	80
5732	209
5733	514
5734	82
5735	514
5736	377
5737	708
5738	946
5739	601
5740	163
5741	403
5742	917
5743	531
5744	614
5745	740
5746	509
5747	694
5748	10
5749	115
5750	976
5751	345
5752	712
5753	601
5754	382
5755	425
5756	857
5757	208
5758	650
5759	935
5760	767
5761	119
5762	841
5763	562
5764	824
5765	667
5766	653
5767	869
5768	57
5769	663
5770	305
5771	567
5772	182
5773	375
5774	166
5775	519
5776	74
5777	143
5778	875
5779	367
5780	648
5781	61
5782	718
5783	859
5784	147
5785	47
5786	299
5787	833
5788	560
5789	491
5790	949
5791	806
5792	40
5793	231
5794	210
5795	386
5796	609
5797	493
5798	690
5799	742
5800	366
5801	76
5802	482
5803	186
5804	767
5805	279
5806	543
5807	939
5808	833
5809	525
5810	709
5811	501
5812	871
5813	463
5814	134
5815	486
5816	586
5817	692
5818	66
5819	62
5820	188
5821	744
5822	183
5823	531
5824	265
5825	32
5826	901
5827	456
5828	405
5829	815
5830	420
5831	158
5832	811
5833	195
5834	144
5835	582
5836	375
5837	633
5838	730
5839	471
5840	376
5841	10
5842	920
5843	336
5844	951
5845	562
5846	381
5847	442
5848	971
5849	536
5850	611
5851	136
5852	404
5853	216
5854	152
5855	565
5856	354
5857	666
5858	72
5859	466
5860	864
5861	41
5862	206
5863	667
5864	508
5865	899
5866	143
5867	176
5868	555
5869	845
5870	48
5871	115
5872	275
5873	233
5874	42
5875	207
5876	447
5877	509
5878	421
5879	54
5880	587
5881	157
5882	516
5883	417
5884	411
5885	926
5886	293
5887	831
5888	835
5889	818
5890	309
5891	301
5892	42
5893	404
5894	877
5895	220
5896	169
5897	337
5898	946
5899	638
5900	470
5901	28
5902	703
5903	827
5904	305
5905	899
5906	272
5907	803
5908	73
5909	646
5910	969
5911	295
5912	167
5913	504
5914	55
5915	739
5916	775
5917	356
5918	154
5919	396
5920	105
5921	127
5922	71
5923	749
5924	665
5925	897
5926	539
5927	28
5928	473
5929	406
5930	546
5931	876
5932	226
5933	14
5934	704
5935	897
5936	928
5937	789
5938	277
5939	997
5940	631
5941	617
5942	227
5943	734
5944	623
5945	834
5946	47
5947	747
5948	462
5949	437
5950	691
5951	100
5952	311
5953	386
5954	846
5955	56
5956	856
5957	213
5958	234
5959	156
5960	280
5961	731
5962	315
5963	368
5964	656
5965	144
5966	699
5967	492
5968	813
5969	769
5970	986
5971	676
5972	504
5973	789
5974	690
5975	319
5976	876
5977	258
5978	958
5979	898
5980	479
5981	654
5982	929
5983	717
5984	588
5985	87
5986	828
5987	678
5988	482
5989	239
5990	144
5991	170
5992	150
5993	473
5994	449
5995	433
5996	45
5997	191
5998	484
5999	993
6000	761
6001	387
6002	133
6003	155
6004	98
6005	541
6006	799
6007	504
6008	242
6009	411
6010	771
6011	664
6012	735
6013	513
6014	385
6015	127
6016	902
6017	614
6018	346
6019	989
6020	861
6021	737
6022	677
6023	403
6024	751
6025	516
6026	381
6027	979
6028	163
6029	23
6030	529
6031	603
6032	668
6033	417
6034	788
6035	632
6036	887
6037	834
6038	643
6039	308
6040	917
6041	856
6042	28
6043	382
6044	528
6045	975
6046	811
6047	854
6048	184
6049	823
6050	746
6051	148
6052	290
6053	533
6054	37
6055	350
6056	627
6057	604
6058	671
6059	139
6060	341
6061	457
6062	102
6063	588
6064	922
6065	984
6066	708
6067	237
6068	527
6069	681
6070	429
6071	654
6072	159
6073	555
6074	705
6075	292
6076	181
6077	402
6078	821
6079	773
6080	119
6081	302
6082	177
6083	799
6084	750
6085	771
6086	645
6087	652
6088	742
6089	831
6090	953
6091	279
6092	853
6093	854
6094	412
6095	866
6096	800
6097	685
6098	624
6099	30
6100	379
6101	873
6102	123
6103	652
6104	388
6105	979
6106	373
6107	265
6108	363
6109	361
6110	742
6111	143
6112	255
6113	922
6114	645
6115	182
6116	534
6117	823
6118	154
6119	233
6120	459
6121	54
6122	344
6123	65
6124	271
6125	882
6126	391
6127	284
6128	305
6129	191
6130	285
6131	651
6132	198
6133	609
6134	777
6135	172
6136	80
6137	445
6138	973
6139	674
6140	575
6141	992
6142	345
6143	698
6144	749
6145	235
6146	100
6147	853
6148	30
6149	215
6150	225
6151	980
6152	304
6153	636
6154	846
6155	817
6156	163
6157	998
6158	460
6159	101
6160	981
6161	916
6162	564
6163	992
6164	288
6165	393
6166	96
6167	316
6168	595
6169	976
6170	21
6171	981
6172	274
6173	291
6174	850
6175	278
6176	391
6177	984
6178	728
6179	901
6180	362
6181	147
6182	901
6183	654
6184	112
6185	216
6186	339
6187	900
6188	785
6189	158
6190	920
6191	288
6192	271
6193	242
6194	256
6195	390
6196	707
6197	811
6198	571
6199	278
6200	727
6201	450
6202	381
6203	467
6204	147
6205	775
6206	810
6207	321
6208	291
6209	583
6210	305
6211	812
6212	330
6213	140
6214	846
6215	264
6216	993
6217	699
6218	441
6219	451
6220	147
6221	180
6222	407
6223	999
6224	700
6225	620
6226	911
6227	867
6228	28
6229	638
6230	978
6231	15
6232	264
6233	237
6234	483
6235	626
6236	94
6237	270
6238	233
6239	962
6240	849
6241	658
6242	750
6243	718
6244	73
6245	208
6246	14
6247	669
6248	708
6249	312
6250	11
6251	81
6252	921
6253	401
6254	841
6255	834
6256	706
6257	379
6258	419
6259	16
6260	65
6261	725
6262	435
6263	305
6264	174
6265	115
6266	148
6267	803
6268	323
6269	962
6270	555
6271	82
6272	443
6273	531
6274	720
6275	430
6276	55
6277	145
6278	276
6279	776
6280	775
6281	902
6282	533
6283	989
6284	912
6285	958
6286	577
6287	269
6288	302
6289	396
6290	583
6291	770
6292	241
6293	292
6294	667
6295	690
6296	912
6297	746
6298	712
6299	439
6300	137
6301	596
6302	968
6303	764
6304	269
6305	859
6306	457
6307	744
6308	839
6309	376
6310	544
6311	794
6312	55
6313	273
6314	130
6315	61
6316	279
6317	333
6318	966
6319	877
6320	279
6321	380
6322	455
6323	921
6324	902
6325	977
6326	56
6327	748
6328	328
6329	359
6330	959
6331	501
6332	840
6333	947
6334	512
6335	917
6336	988
6337	126
6338	576
6339	609
6340	166
6341	907
6342	743
6343	165
6344	76
6345	764
6346	437
6347	235
6348	249
6349	532
6350	130
6351	821
6352	380
6353	139
6354	700
6355	516
6356	230
6357	318
6358	736
6359	244
6360	579
6361	982
6362	222
6363	631
6364	385
6365	420
6366	472
6367	206
6368	587
6369	303
6370	247
6371	515
6372	714
6373	857
6374	289
6375	548
6376	793
6377	884
6378	124
6379	986
6380	752
6381	582
6382	157
6383	983
6384	922
6385	364
6386	659
6387	879
6388	99
6389	918
6390	546
6391	622
6392	790
6393	957
6394	264
6395	431
6396	58
6397	951
6398	657
6399	51
6400	868
6401	404
6402	190
6403	746
6404	320
6405	45
6406	459
6407	507
6408	162
6409	212
6410	300
6411	137
6412	443
6413	631
6414	504
6415	430
6416	429
6417	461
6418	489
6419	725
6420	588
6421	131
6422	999
6423	434
6424	687
6425	961
6426	470
6427	421
6428	931
6429	23
6430	947
6431	139
6432	305
6433	208
6434	122
6435	912
6436	794
6437	167
6438	277
6439	206
6440	984
6441	230
6442	513
6443	536
6444	592
6445	319
6446	875
6447	540
6448	661
6449	859
6450	952
6451	728
6452	456
6453	374
6454	113
6455	23
6456	882
6457	269
6458	722
6459	210
6460	466
6461	951
6462	667
6463	877
6464	483
6465	784
6466	33
6467	281
6468	197
6469	114
6470	253
6471	777
6472	771
6473	598
6474	698
6475	325
6476	475
6477	808
6478	196
6479	448
6480	725
6481	392
6482	372
6483	231
6484	141
6485	957
6486	261
6487	147
6488	265
6489	591
6490	557
6491	298
6492	674
6493	358
6494	265
6495	373
6496	877
6497	329
6498	851
6499	385
6500	729
6501	775
6502	630
6503	822
6504	769
6505	277
6506	647
6507	961
6508	593
6509	93
6510	122
6511	157
6512	568
6513	128
6514	124
6515	424
6516	822
6517	643
6518	882
6519	949
6520	933
6521	148
6522	73
6523	96
6524	577
6525	847
6526	825
6527	330
6528	289
6529	674
6530	41
6531	499
6532	90
6533	22
6534	548
6535	460
6536	964
6537	26
6538	486
6539	803
6540	355
6541	897
6542	679
6543	910
6544	479
6545	292
6546	353
6547	664
6548	60
6549	522
6550	285
6551	801
6552	333
6553	261
6554	88
6555	573
6556	231
6557	869
6558	917
6559	533
6560	480
6561	192
6562	438
6563	347
6564	427
6565	148
6566	634
6567	533
6568	384
6569	842
6570	644
6571	512
6572	630
6573	941
6574	433
6575	357
6576	72
6577	671
6578	284
6579	274
6580	336
6581	798
6582	116
6583	454
6584	839
6585	217
6586	76
6587	152
6588	932
6589	877
6590	207
6591	259
6592	628
6593	339
6594	165
6595	636
6596	753
6597	543
6598	565
6599	437
6600	226
6601	804
6602	851
6603	940
6604	752
6605	752
6606	686
6607	828
6608	208
6609	52
6610	626
6611	395
6612	306
6613	858
6614	114
6615	121
6616	605
6617	679
6618	318
6619	176
6620	144
6621	527
6622	398
6623	171
6624	899
6625	580
6626	734
6627	907
6628	24
6629	841
6630	50
6631	28
6632	386
6633	728
6634	615
6635	965
6636	402
6637	783
6638	326
6639	512
6640	441
6641	125
6642	670
6643	451
6644	933
6645	175
6646	492
6647	880
6648	856
6649	313
6650	837
6651	658
6652	448
6653	299
6654	59
6655	237
6656	815
6657	25
6658	182
6659	172
6660	520
6661	189
6662	742
6663	156
6664	801
6665	313
6666	694
6667	675
6668	890
6669	222
6670	648
6671	720
6672	389
6673	511
6674	458
6675	596
6676	277
6677	525
6678	529
6679	999
6680	403
6681	983
6682	585
6683	653
6684	323
6685	96
6686	653
6687	118
6688	794
6689	308
6690	442
6691	810
6692	102
6693	62
6694	664
6695	337
6696	155
6697	112
6698	125
6699	540
6700	422
6701	961
6702	835
6703	10
6704	591
6705	229
6706	607
6707	751
6708	196
6709	117
6710	834
6711	528
6712	652
6713	200
6714	343
6715	786
6716	941
6717	283
6718	499
6719	525
6720	456
6721	332
6722	734
6723	386
6724	604
6725	232
6726	458
6727	997
6728	380
6729	939
6730	177
6731	988
6732	655
6733	374
6734	436
6735	434
6736	361
6737	180
6738	282
6739	676
6740	702
6741	928
6742	840
6743	818
6744	809
6745	70
6746	930
6747	509
6748	728
6749	696
6750	938
6751	122
6752	116
6753	182
6754	243
6755	603
6756	172
6757	259
6758	175
6759	875
6760	605
6761	192
6762	885
6763	929
6764	290
6765	157
6766	419
6767	655
6768	74
6769	205
6770	739
6771	596
6772	302
6773	24
6774	944
6775	429
6776	601
6777	529
6778	171
6779	487
6780	994
6781	113
6782	428
6783	324
6784	20
6785	851
6786	669
6787	211
6788	727
6789	76
6790	949
6791	972
6792	866
6793	446
6794	565
6795	657
6796	964
6797	999
6798	337
6799	186
6800	449
6801	121
6802	86
6803	878
6804	821
6805	25
6806	880
6807	812
6808	134
6809	152
6810	22
6811	689
6812	317
6813	625
6814	834
6815	691
6816	798
6817	275
6818	254
6819	98
6820	378
6821	161
6822	185
6823	698
6824	204
6825	129
6826	769
6827	714
6828	170
6829	442
6830	10
6831	408
6832	329
6833	280
6834	549
6835	279
6836	381
6837	590
6838	748
6839	463
6840	335
6841	80
6842	572
6843	654
6844	978
6845	579
6846	670
6847	240
6848	668
6849	31
6850	550
6851	263
6852	954
6853	797
6854	547
6855	558
6856	570
6857	419
6858	355
6859	194
6860	429
6861	345
6862	284
6863	863
6864	366
6865	172
6866	23
6867	182
6868	773
6869	133
6870	266
6871	827
6872	522
6873	654
6874	252
6875	405
6876	205
6877	355
6878	528
6879	239
6880	777
6881	417
6882	699
6883	52
6884	481
6885	921
6886	573
6887	997
6888	164
6889	165
6890	955
6891	905
6892	552
6893	693
6894	392
6895	247
6896	246
6897	506
6898	86
6899	470
6900	10
6901	342
6902	672
6903	678
6904	530
6905	184
6906	735
6907	561
6908	386
6909	671
6910	415
6911	51
6912	375
6913	257
6914	495
6915	186
6916	790
6917	21
6918	80
6919	861
6920	504
6921	103
6922	553
6923	81
6924	180
6925	50
6926	330
6927	606
6928	842
6929	368
6930	280
6931	395
6932	263
6933	141
6934	886
6935	268
6936	946
6937	286
6938	213
6939	142
6940	136
6941	844
6942	361
6943	398
6944	126
6945	935
6946	856
6947	126
6948	66
6949	614
6950	67
6951	915
6952	954
6953	43
6954	444
6955	832
6956	270
6957	169
6958	822
6959	379
6960	884
6961	823
6962	941
6963	987
6964	978
6965	363
6966	292
6967	880
6968	974
6969	481
6970	298
6971	492
6972	372
6973	477
6974	856
6975	670
6976	192
6977	294
6978	220
6979	201
6980	518
6981	904
6982	584
6983	53
6984	37
6985	397
6986	308
6987	252
6988	32
6989	421
6990	381
6991	555
6992	545
6993	629
6994	205
6995	584
6996	450
6997	850
6998	719
6999	290
7000	349
7001	353
7002	288
7003	954
7004	154
7005	111
7006	621
7007	680
7008	523
7009	671
7010	218
7011	66
7012	999
7013	879
7014	21
7015	531
7016	64
7017	644
7018	722
7019	223
7020	708
7021	343
7022	856
7023	662
7024	536
7025	372
7026	556
7027	799
7028	392
7029	339
7030	198
7031	466
7032	858
7033	868
7034	117
7035	668
7036	599
7037	353
7038	147
7039	424
7040	865
7041	855
7042	343
7043	928
7044	792
7045	581
7046	285
7047	933
7048	716
7049	161
7050	713
7051	813
7052	838
7053	909
7054	168
7055	940
7056	184
7057	693
7058	651
7059	672
7060	148
7061	650
7062	771
7063	285
7064	38
7065	386
7066	572
7067	41
7068	546
7069	956
7070	589
7071	329
7072	994
7073	197
7074	908
7075	145
7076	212
7077	922
7078	529
7079	143
7080	897
7081	923
7082	775
7083	541
7084	359
7085	64
7086	459
7087	288
7088	935
7089	29
7090	629
7091	259
7092	849
7093	801
7094	147
7095	485
7096	311
7097	719
7098	308
7099	414
7100	290
7101	354
7102	501
7103	491
7104	677
7105	511
7106	944
7107	482
7108	506
7109	629
7110	729
7111	931
7112	433
7113	707
7114	927
7115	28
7116	155
7117	837
7118	468
7119	391
7120	912
7121	301
7122	631
7123	329
7124	182
7125	361
7126	386
7127	567
7128	398
7129	957
7130	33
7131	439
7132	43
7133	109
7134	809
7135	410
7136	836
7137	323
7138	425
7139	852
7140	565
7141	689
7142	743
7143	783
7144	134
7145	37
7146	268
7147	623
7148	520
7149	854
7150	347
7151	678
7152	836
7153	240
7154	919
7155	613
7156	81
7157	663
7158	433
7159	10
7160	198
7161	341
7162	519
7163	546
7164	518
7165	892
7166	682
7167	679
7168	485
7169	768
7170	391
7171	724
7172	849
7173	958
7174	299
7175	168
7176	717
7177	624
7178	492
7179	487
7180	45
7181	365
7182	603
7183	443
7184	16
7185	617
7186	153
7187	91
7188	83
7189	397
7190	718
7191	349
7192	809
7193	797
7194	861
7195	166
7196	220
7197	406
7198	654
7199	214
7200	813
7201	865
7202	490
7203	862
7204	174
7205	319
7206	425
7207	27
7208	93
7209	717
7210	991
7211	493
7212	337
7213	582
7214	610
7215	709
7216	732
7217	86
7218	228
7219	788
7220	633
7221	946
7222	533
7223	674
7224	192
7225	688
7226	451
7227	69
7228	805
7229	676
7230	617
7231	404
7232	82
7233	488
7234	340
7235	900
7236	693
7237	874
7238	840
7239	858
7240	404
7241	759
7242	900
7243	661
7244	269
7245	728
7246	154
7247	388
7248	706
7249	944
7250	342
7251	742
7252	966
7253	163
7254	531
7255	921
7256	811
7257	106
7258	210
7259	426
7260	232
7261	434
7262	95
7263	830
7264	631
7265	631
7266	294
7267	189
7268	795
7269	840
7270	767
7271	927
7272	549
7273	15
7274	635
7275	467
7276	30
7277	251
7278	559
7279	103
7280	893
7281	561
7282	607
7283	368
7284	990
7285	833
7286	975
7287	565
7288	51
7289	360
7290	620
7291	41
7292	916
7293	842
7294	329
7295	913
7296	749
7297	471
7298	97
7299	421
7300	154
7301	390
7302	676
7303	28
7304	449
7305	531
7306	485
7307	571
7308	638
7309	743
7310	914
7311	301
7312	376
7313	641
7314	830
7315	973
7316	733
7317	662
7318	167
7319	158
7320	520
7321	145
7322	979
7323	198
7324	718
7325	268
7326	730
7327	66
7328	630
7329	645
7330	884
7331	631
7332	618
7333	155
7334	496
7335	397
7336	696
7337	95
7338	674
7339	510
7340	393
7341	143
7342	813
7343	102
7344	638
7345	175
7346	909
7347	832
7348	802
7349	895
7350	496
7351	246
7352	168
7353	765
7354	407
7355	773
7356	923
7357	416
7358	98
7359	809
7360	138
7361	355
7362	142
7363	918
7364	439
7365	796
7366	747
7367	302
7368	78
7369	435
7370	449
7371	771
7372	643
7373	511
7374	186
7375	343
7376	894
7377	293
7378	369
7379	231
7380	418
7381	429
7382	815
7383	159
7384	307
7385	110
7386	86
7387	973
7388	23
7389	525
7390	136
7391	479
7392	744
7393	676
7394	888
7395	512
7396	177
7397	177
7398	151
7399	623
7400	374
7401	470
7402	634
7403	831
7404	574
7405	171
7406	677
7407	421
7408	829
7409	710
7410	496
7411	121
7412	423
7413	633
7414	388
7415	121
7416	377
7417	642
7418	306
7419	247
7420	525
7421	935
7422	868
7423	753
7424	269
7425	717
7426	945
7427	609
7428	966
7429	528
7430	101
7431	151
7432	112
7433	832
7434	245
7435	589
7436	324
7437	405
7438	167
7439	323
7440	326
7441	166
7442	662
7443	827
7444	880
7445	613
7446	64
7447	267
7448	718
7449	192
7450	741
7451	856
7452	576
7453	673
7454	319
7455	827
7456	707
7457	965
7458	403
7459	562
7460	584
7461	338
7462	674
7463	910
7464	547
7465	377
7466	534
7467	736
7468	50
7469	482
7470	717
7471	416
7472	667
7473	342
7474	224
7475	308
7476	695
7477	218
7478	168
7479	12
7480	990
7481	729
7482	465
7483	717
7484	596
7485	430
7486	952
7487	476
7488	928
7489	473
7490	51
7491	808
7492	700
7493	191
7494	537
7495	217
7496	602
7497	988
7498	134
7499	575
7500	390
7501	309
7502	745
7503	486
7504	745
7505	882
7506	541
7507	390
7508	727
7509	413
7510	571
7511	253
7512	667
7513	925
7514	219
7515	781
7516	660
7517	563
7518	577
7519	637
7520	498
7521	246
7522	187
7523	155
7524	41
7525	267
7526	260
7527	677
7528	70
7529	416
7530	593
7531	714
7532	858
7533	322
7534	633
7535	494
7536	680
7537	881
7538	701
7539	676
7540	11
7541	510
7542	440
7543	985
7544	124
7545	757
7546	459
7547	696
7548	29
7549	520
7550	893
7551	10
7552	238
7553	463
7554	300
7555	789
7556	720
7557	898
7558	622
7559	987
7560	691
7561	338
7562	40
7563	250
7564	618
7565	95
7566	471
7567	579
7568	457
7569	381
7570	288
7571	418
7572	432
7573	680
7574	175
7575	762
7576	828
7577	798
7578	653
7579	98
7580	290
7581	222
7582	511
7583	70
7584	53
7585	938
7586	106
7587	710
7588	484
7589	726
7590	367
7591	710
7592	630
7593	472
7594	213
7595	797
7596	172
7597	123
7598	354
7599	804
7600	19
7601	407
7602	800
7603	944
7604	534
7605	342
7606	53
7607	473
7608	183
7609	659
7610	310
7611	69
7612	750
7613	889
7614	660
7615	168
7616	430
7617	354
7618	481
7619	823
7620	102
7621	885
7622	826
7623	708
7624	704
7625	989
7626	624
7627	57
7628	468
7629	348
7630	738
7631	147
7632	326
7633	51
7634	267
7635	209
7636	761
7637	833
7638	68
7639	59
7640	334
7641	60
7642	268
7643	319
7644	412
7645	888
7646	314
7647	36
7648	206
7649	727
7650	795
7651	440
7652	631
7653	845
7654	94
7655	714
7656	42
7657	862
7658	158
7659	162
7660	945
7661	867
7662	386
7663	178
7664	924
7665	999
7666	367
7667	768
7668	802
7669	991
7670	442
7671	532
7672	725
7673	33
7674	755
7675	499
7676	111
7677	936
7678	56
7679	311
7680	991
7681	740
7682	90
7683	515
7684	970
7685	283
7686	10
7687	483
7688	523
7689	573
7690	645
7691	596
7692	940
7693	369
7694	321
7695	71
7696	449
7697	200
7698	799
7699	959
7700	446
7701	977
7702	354
7703	916
7704	665
7705	810
7706	708
7707	204
7708	363
7709	350
7710	308
7711	570
7712	914
7713	239
7714	619
7715	234
7716	152
7717	539
7718	711
7719	67
7720	654
7721	747
7722	49
7723	947
7724	30
7725	722
7726	425
7727	259
7728	578
7729	871
7730	223
7731	499
7732	463
7733	991
7734	317
7735	493
7736	494
7737	839
7738	794
7739	140
7740	352
7741	687
7742	371
7743	315
7744	974
7745	542
7746	369
7747	353
7748	908
7749	207
7750	72
7751	697
7752	194
7753	192
7754	511
7755	118
7756	743
7757	378
7758	52
7759	389
7760	47
7761	742
7762	293
7763	190
7764	61
7765	308
7766	794
7767	917
7768	872
7769	404
7770	751
7771	992
7772	540
7773	419
7774	747
7775	455
7776	714
7777	63
7778	808
7779	878
7780	143
7781	220
7782	523
7783	820
7784	172
7785	763
7786	55
7787	420
7788	309
7789	846
7790	206
7791	978
7792	31
7793	627
7794	417
7795	187
7796	311
7797	110
7798	495
7799	762
7800	681
7801	431
7802	440
7803	482
7804	499
7805	963
7806	333
7807	806
7808	555
7809	595
7810	657
7811	539
7812	489
7813	103
7814	945
7815	674
7816	774
7817	736
7818	144
7819	196
7820	621
7821	17
7822	820
7823	352
7824	580
7825	136
7826	562
7827	300
7828	192
7829	712
7830	820
7831	832
7832	958
7833	949
7834	165
7835	997
7836	351
7837	779
7838	856
7839	58
7840	389
7841	997
7842	926
7843	520
7844	858
7845	742
7846	891
7847	37
7848	560
7849	947
7850	858
7851	243
7852	299
7853	536
7854	591
7855	236
7856	504
7857	836
7858	720
7859	834
7860	580
7861	593
7862	76
7863	916
7864	517
7865	679
7866	742
7867	567
7868	392
7869	819
7870	234
7871	679
7872	867
7873	547
7874	914
7875	66
7876	141
7877	302
7878	790
7879	548
7880	486
7881	434
7882	47
7883	746
7884	19
7885	64
7886	826
7887	696
7888	191
7889	520
7890	507
7891	520
7892	853
7893	715
7894	778
7895	368
7896	570
7897	235
7898	852
7899	342
7900	385
7901	26
7902	116
7903	447
7904	948
7905	583
7906	536
7907	312
7908	698
7909	629
7910	603
7911	214
7912	348
7913	883
7914	889
7915	128
7916	835
7917	558
7918	951
7919	755
7920	934
7921	858
7922	368
7923	924
7924	482
7925	747
7926	780
7927	39
7928	46
7929	514
7930	95
7931	370
7932	984
7933	196
7934	361
7935	794
7936	120
7937	965
7938	539
7939	989
7940	250
7941	853
7942	402
7943	416
7944	22
7945	576
7946	654
7947	250
7948	915
7949	430
7950	15
7951	236
7952	279
7953	223
7954	934
7955	16
7956	155
7957	571
7958	455
7959	109
7960	902
7961	738
7962	307
7963	995
7964	867
7965	905
7966	774
7967	788
7968	851
7969	769
7970	128
7971	386
7972	385
7973	485
7974	402
7975	141
7976	64
7977	109
7978	749
7979	661
7980	121
7981	769
7982	748
7983	359
7984	705
7985	884
7986	34
7987	148
7988	964
7989	638
7990	645
7991	265
7992	169
7993	596
7994	701
7995	461
7996	952
7997	820
7998	664
7999	11
8000	853
8001	728
8002	410
8003	80
8004	504
8005	610
8006	924
8007	736
8008	176
8009	590
8010	929
8011	184
8012	29
8013	390
8014	798
8015	612
8016	450
8017	383
8018	714
8019	240
8020	156
8021	661
8022	815
8023	729
8024	903
8025	55
8026	185
8027	124
8028	360
8029	952
8030	709
8031	931
8032	426
8033	987
8034	299
8035	49
8036	456
8037	713
8038	828
8039	863
8040	985
8041	736
8042	940
8043	427
8044	908
8045	974
8046	385
8047	313
8048	663
8049	257
8050	92
8051	394
8052	779
8053	132
8054	845
8055	675
8056	959
8057	307
8058	426
8059	925
8060	460
8061	438
8062	671
8063	373
8064	611
8065	618
8066	211
8067	528
8068	487
8069	525
8070	827
8071	979
8072	723
8073	300
8074	183
8075	785
8076	82
8077	53
8078	108
8079	407
8080	628
8081	919
8082	113
8083	610
8084	84
8085	150
8086	54
8087	476
8088	669
8089	398
8090	259
8091	528
8092	651
8093	206
8094	398
8095	283
8096	579
8097	367
8098	205
8099	197
8100	985
8101	478
8102	312
8103	995
8104	169
8105	427
8106	844
8107	317
8108	104
8109	32
8110	312
8111	56
8112	404
8113	15
8114	115
8115	61
8116	724
8117	139
8118	866
8119	346
8120	226
8121	937
8122	741
8123	537
8124	243
8125	157
8126	642
8127	661
8128	681
8129	221
8130	965
8131	120
8132	512
8133	252
8134	62
8135	521
8136	518
8137	443
8138	144
8139	33
8140	516
8141	91
8142	515
8143	392
8144	457
8145	716
8146	418
8147	366
8148	704
8149	831
8150	781
8151	827
8152	128
8153	519
8154	553
8155	522
8156	999
8157	266
8158	234
8159	896
8160	773
8161	216
8162	213
8163	46
8164	568
8165	874
8166	438
8167	214
8168	589
8169	469
8170	904
8171	161
8172	399
8173	176
8174	387
8175	94
8176	771
8177	712
8178	595
8179	501
8180	206
8181	154
8182	874
8183	665
8184	243
8185	207
8186	70
8187	134
8188	917
8189	159
8190	991
8191	99
8192	238
8193	26
8194	880
8195	472
8196	726
8197	952
8198	506
8199	763
8200	831
8201	478
8202	335
8203	806
8204	345
8205	736
8206	800
8207	111
8208	927
8209	37
8210	836
8211	679
8212	15
8213	336
8214	624
8215	498
8216	943
8217	747
8218	738
8219	907
8220	551
8221	621
8222	73
8223	894
8224	219
8225	795
8226	842
8227	40
8228	495
8229	422
8230	574
8231	12
8232	724
8233	230
8234	117
8235	556
8236	376
8237	683
8238	476
8239	200
8240	646
8241	505
8242	966
8243	822
8244	990
8245	990
8246	356
8247	953
8248	869
8249	895
8250	240
8251	304
8252	577
8253	611
8254	963
8255	319
8256	621
8257	807
8258	356
8259	658
8260	462
8261	411
8262	707
8263	575
8264	997
8265	588
8266	640
8267	457
8268	254
8269	23
8270	636
8271	660
8272	304
8273	206
8274	587
8275	82
8276	89
8277	436
8278	901
8279	611
8280	742
8281	359
8282	785
8283	301
8284	13
8285	176
8286	13
8287	31
8288	305
8289	326
8290	963
8291	62
8292	267
8293	709
8294	664
8295	754
8296	235
8297	775
8298	698
8299	986
8300	690
8301	696
8302	300
8303	824
8304	931
8305	406
8306	824
8307	866
8308	298
8309	830
8310	977
8311	280
8312	827
8313	900
8314	326
8315	301
8316	542
8317	841
8318	529
8319	649
8320	966
8321	276
8322	308
8323	988
8324	806
8325	292
8326	782
8327	895
8328	259
8329	966
8330	151
8331	438
8332	995
8333	211
8334	564
8335	772
8336	213
8337	578
8338	264
8339	38
8340	298
8341	742
8342	690
8343	188
8344	472
8345	142
8346	859
8347	619
8348	594
8349	22
8350	435
8351	550
8352	344
8353	187
8354	206
8355	865
8356	290
8357	402
8358	306
8359	955
8360	945
8361	815
8362	122
8363	165
8364	611
8365	326
8366	533
8367	791
8368	852
8369	880
8370	424
8371	470
8372	992
8373	441
8374	775
8375	519
8376	230
8377	391
8378	633
8379	195
8380	477
8381	742
8382	552
8383	581
8384	999
8385	878
8386	732
8387	104
8388	485
8389	771
8390	633
8391	662
8392	848
8393	360
8394	223
8395	338
8396	48
8397	588
8398	240
8399	91
8400	83
8401	698
8402	462
8403	862
8404	687
8405	579
8406	51
8407	816
8408	107
8409	257
8410	480
8411	924
8412	242
8413	508
8414	312
8415	362
8416	497
8417	456
8418	620
8419	796
8420	853
8421	395
8422	63
8423	762
8424	137
8425	815
8426	243
8427	590
8428	747
8429	10
8430	177
8431	203
8432	450
8433	662
8434	423
8435	956
8436	213
8437	708
8438	477
8439	734
8440	384
8441	287
8442	984
8443	277
8444	678
8445	447
8446	227
8447	497
8448	130
8449	11
8450	517
8451	250
8452	909
8453	355
8454	387
8455	927
8456	419
8457	805
8458	848
8459	82
8460	402
8461	418
8462	883
8463	704
8464	755
8465	734
8466	658
8467	863
8468	644
8469	106
8470	534
8471	665
8472	560
8473	326
8474	896
8475	430
8476	998
8477	539
8478	709
8479	339
8480	987
8481	646
8482	669
8483	687
8484	367
8485	296
8486	46
8487	737
8488	938
8489	422
8490	821
8491	474
8492	68
8493	125
8494	130
8495	611
8496	347
8497	778
8498	878
8499	930
8500	67
8501	418
8502	168
8503	728
8504	859
8505	981
8506	253
8507	735
8508	650
8509	247
8510	707
8511	674
8512	744
8513	295
8514	468
8515	896
8516	574
8517	915
8518	97
8519	286
8520	573
8521	714
8522	246
8523	401
8524	786
8525	164
8526	64
8527	19
8528	412
8529	172
8530	318
8531	676
8532	786
8533	704
8534	980
8535	634
8536	876
8537	765
8538	778
8539	767
8540	777
8541	101
8542	620
8543	963
8544	567
8545	697
8546	358
8547	87
8548	776
8549	108
8550	728
8551	892
8552	174
8553	106
8554	229
8555	770
8556	122
8557	844
8558	71
8559	487
8560	777
8561	893
8562	507
8563	244
8564	714
8565	238
8566	167
8567	877
8568	778
8569	331
8570	100
8571	566
8572	905
8573	758
8574	74
8575	526
8576	859
8577	288
8578	640
8579	543
8580	601
8581	79
8582	676
8583	479
8584	784
8585	113
8586	645
8587	577
8588	989
8589	973
8590	585
8591	712
8592	659
8593	726
8594	250
8595	919
8596	149
8597	655
8598	496
8599	844
8600	637
8601	394
8602	79
8603	570
8604	229
8605	50
8606	966
8607	209
8608	189
8609	227
8610	670
8611	673
8612	358
8613	181
8614	49
8615	951
8616	238
8617	71
8618	363
8619	568
8620	580
8621	263
8622	539
8623	847
8624	857
8625	851
8626	137
8627	250
8628	660
8629	989
8630	168
8631	232
8632	347
8633	802
8634	46
8635	714
8636	54
8637	367
8638	425
8639	81
8640	883
8641	297
8642	887
8643	745
8644	621
8645	721
8646	133
8647	335
8648	484
8649	167
8650	445
8651	398
8652	500
8653	451
8654	810
8655	138
8656	976
8657	574
8658	249
8659	91
8660	549
8661	972
8662	695
8663	350
8664	627
8665	239
8666	184
8667	219
8668	951
8669	179
8670	919
8671	588
8672	974
8673	16
8674	281
8675	988
8676	616
8677	421
8678	655
8679	869
8680	413
8681	411
8682	914
8683	657
8684	966
8685	690
8686	315
8687	225
8688	88
8689	492
8690	476
8691	340
8692	244
8693	196
8694	611
8695	811
8696	658
8697	28
8698	716
8699	510
8700	66
8701	842
8702	371
8703	715
8704	725
8705	522
8706	668
8707	490
8708	847
8709	881
8710	948
8711	877
8712	409
8713	984
8714	493
8715	379
8716	364
8717	563
8718	85
8719	777
8720	334
8721	733
8722	945
8723	643
8724	302
8725	585
8726	259
8727	67
8728	771
8729	658
8730	343
8731	887
8732	968
8733	501
8734	422
8735	602
8736	462
8737	767
8738	441
8739	353
8740	560
8741	734
8742	572
8743	605
8744	319
8745	511
8746	811
8747	406
8748	659
8749	339
8750	975
8751	791
8752	107
8753	695
8754	124
8755	672
8756	438
8757	766
8758	338
8759	252
8760	765
8761	429
8762	393
8763	312
8764	885
8765	324
8766	640
8767	185
8768	118
8769	433
8770	96
8771	713
8772	440
8773	771
8774	856
8775	755
8776	238
8777	651
8778	703
8779	252
8780	337
8781	935
8782	448
8783	139
8784	69
8785	787
8786	950
8787	443
8788	73
8789	686
8790	637
8791	10
8792	312
8793	681
8794	294
8795	855
8796	367
8797	793
8798	968
8799	297
8800	973
8801	128
8802	200
8803	38
8804	143
8805	730
8806	944
8807	137
8808	648
8809	694
8810	913
8811	830
8812	134
8813	119
8814	808
8815	850
8816	740
8817	720
8818	766
8819	197
8820	897
8821	106
8822	441
8823	562
8824	945
8825	269
8826	741
8827	423
8828	249
8829	425
8830	33
8831	792
8832	186
8833	375
8834	237
8835	163
8836	74
8837	129
8838	715
8839	853
8840	431
8841	461
8842	885
8843	670
8844	251
8845	317
8846	670
8847	712
8848	50
8849	798
8850	190
8851	329
8852	61
8853	407
8854	119
8855	733
8856	208
8857	580
8858	167
8859	14
8860	245
8861	395
8862	689
8863	141
8864	409
8865	862
8866	798
8867	739
8868	970
8869	664
8870	167
8871	729
8872	170
8873	137
8874	995
8875	977
8876	465
8877	765
8878	854
8879	467
8880	269
8881	738
8882	725
8883	869
8884	237
8885	284
8886	430
8887	276
8888	277
8889	797
8890	885
8891	263
8892	680
8893	698
8894	540
8895	953
8896	302
8897	454
8898	694
8899	414
8900	794
8901	767
8902	743
8903	216
8904	358
8905	485
8906	832
8907	214
8908	629
8909	281
8910	437
8911	363
8912	67
8913	503
8914	521
8915	31
8916	403
8917	674
8918	29
8919	72
8920	824
8921	719
8922	625
8923	633
8924	914
8925	231
8926	586
8927	146
8928	128
8929	447
8930	398
8931	287
8932	331
8933	643
8934	144
8935	487
8936	926
8937	987
8938	948
8939	499
8940	110
8941	224
8942	305
8943	399
8944	891
8945	653
8946	654
8947	227
8948	526
8949	619
8950	597
8951	728
8952	397
8953	771
8954	655
8955	756
8956	887
8957	295
8958	821
8959	882
8960	145
8961	655
8962	400
8963	243
8964	150
8965	456
8966	958
8967	164
8968	638
8969	344
8970	650
8971	561
8972	587
8973	249
8974	823
8975	805
8976	459
8977	734
8978	648
8979	280
8980	834
8981	378
8982	276
8983	35
8984	871
8985	655
8986	298
8987	471
8988	358
8989	135
8990	110
8991	233
8992	197
8993	724
8994	945
8995	525
8996	328
8997	82
8998	911
8999	79
9000	779
Classes	100
Teachers	50
1	43
2	13
3	25
4	43
5	10
6	4
7	15
8	29
9	8
10	28
11	3
12	7
13	21
14	33
15	35
16	30
17	7
18	6
19	2
20	14
21	42
22	30
23	2
24	11
25	33
26	8
27	23
28	47
29	44
30	36
31	39
32	11
33	18
34	1
35	47
36	35
37	3
38	24
39	10
40	36
41	6
42	4
43	28
44	23
45	19
46	50
47	19
48	46
49	42
50	49
51	22
52	29
53	21
54	39
55	5
56	16
57	32
58	5
59	49
60	1
61	24
62	48
63	32
64	16
65	14
66	38
67	37
68	9
69	25
70	13
71	22
72	12
73	50
74	9
75	27
76	45
77	26
78	48
79	17
80	46
81	12
82	37
83	44
84	40
85	40
86	41
87	20
88	17
89	20
90	18
91	34
92	31
93	38
94	45
95	26
96	15
97	34
98	41
99	27
100	31
