Students	3000
1	1 8 2 3
2	3 5 8 7
3	6 4 5 3
4	4 1 5 8
5	4 5 1 3
6	7 6 1 5
7	2 6 7 3
8	4 2 7 3
9	5 7 6 4
10	8 1 4 7
11	5 4 3 7
12	4 6 1 3
13	4 7 5 8
14	4 2 7 6
15	3 1 7 4
16	2 3 7 8
17	7 4 5 3
18	6 1 8 4
19	6 7 1 5
20	3 5 2 1
21	6 4 5 7
22	4 1 2 3
23	3 1 5 7
24	4 7 3 5
25	8 2 1 5
26	2 1 4 6
27	1 4 7 6
28	7 5 6 8
29	2 5 1 6
30	8 7 6 2
31	3 7 4 8
32	5 2 3 1
33	4 7 2 6
34	3 2 6 5
35	3 2 1 7
36	7 6 5 2
37	3 1 2 4
38	6 5 2 8
39	7 1 4 3
40	4 7 1 2
41	6 4 8 3
42	7 8 4 6
43	1 7 8 3
44	6 7 3 8
45	4 8 7 5
46	1 3 8 5
47	1 6 5 2
48	3 6 8 1
49	3 4 8 5
50	7 4 1 5
51	6 8 3 5
52	1 4 2 5
53	6 1 5 3
54	3 2 8 1
55	3 6 4 5
56	8 5 6 1
57	8 5 2 6
58	8 3 2 5
59	7 6 5 8
60	3 6 4 1
61	8 4 2 7
62	5 6 2 1
63	6 7 4 1
64	2 5 4 7
65	5 3 7 8
66	4 1 3 8
67	7 8 6 4
68	1 7 6 8
69	1 2 4 5
70	7 5 1 6
71	1 2 6 3
72	7 2 8 6
73	8 4 7 3
74	8 6 5 3
75	5 3 4 7
76	1 3 5 4
77	1 3 4 6
78	4 3 1 6
79	5 3 1 8
80	5 3 8 6
81	3 4 6 2
82	8 7 5 2
83	1 8 3 5
84	5 6 2 4
85	3 6 7 5
86	5 7 6 2
87	3 6 2 7
88	7 4 1 2
89	6 1 2 5
90	1 3 2 4
91	4 5 8 7
92	3 6 8 5
93	6 1 8 3
94	4 2 7 3
95	7 2 1 4
96	3 6 8 4
97	8 5 7 2
98	8 1 3 5
99	2 4 3 7
100	5 7 4 6
101	5 8 6 4
102	8 2 3 4
103	1 3 8 6
104	2 8 1 3
105	6 7 3 1
106	6 4 5 8
107	6 5 8 1
108	7 6 4 3
109	8 7 6 4
110	6 5 3 7
111	2 4 1 7
112	1 2 7 6
113	8 3 7 4
114	8 3 5 6
115	4 8 2 1
116	1 7 6 8
117	5 2 1 3
118	5 3 1 4
119	7 8 6 1
120	8 2 5 1
121	6 5 7 4
122	1 8 7 4
123	6 4 5 8
124	6 2 8 5
125	5 4 2 6
126	7 2 1 8
127	2 1 4 5
128	2 5 6 7
129	3 2 4 6
130	6 8 7 4
131	4 5 2 7
132	5 7 8 1
133	4 2 6 8
134	1 3 5 4
135	5 3 7 8
136	8 6 4 5
137	3 5 8 2
138	4 6 2 7
139	8 3 6 5
140	8 3 4 5
141	4 3 7 6
142	5 6 7 2
143	8 3 2 1
144	3 8 4 5
145	8 5 2 1
146	7 5 1 3
147	1 5 4 8
148	1 2 3 4
149	6 4 3 7
150	2 1 4 8
151	8 1 2 3
152	4 2 1 5
153	7 8 1 5
154	8 4 7 6
155	7 3 2 6
156	7 2 4 3
157	6 2 7 1
158	2 1 8 4
159	2 3 6 7
160	1 8 5 2
161	7 1 4 8
162	5 3 1 2
163	2 1 6 3
164	2 8 4 6
165	2 1 4 6
166	1 3 8 4
167	6 4 3 1
168	6 3 1 2
169	3 8 7 4
170	4 2 6 8
171	7 1 4 8
172	3 2 6 1
173	2 4 3 6
174	3 5 7 1
175	4 1 6 2
176	3 8 6 1
177	5 7 2 8
178	6 8 3 4
179	1 2 6 4
180	1 4 6 2
181	2 8 6 4
182	8 5 7 3
183	5 6 8 3
184	6 4 8 1
185	7 6 1 5
186	6 1 7 5
187	8 5 2 4
188	1 6 2 3
189	4 5 3 8
190	5 2 4 7
191	3 8 4 1
192	5 6 7 1
193	3 4 7 6
194	7 4 1 3
195	8 5 1 4
196	8 1 4 5
197	3 2 5 6
198	3 2 5 7
199	1 7 5 2
200	4 5 1 3
201	3 7 4 6
202	2 6 7 8
203	4 1 2 3
204	4 1 5 3
205	5 6 8 2
206	5 6 3 8
207	5 6 1 3
208	7 8 2 1
209	8 5 6 4
210	1 2 8 3
211	8 6 4 5
212	6 7 5 2
213	4 7 8 2
214	5 2 4 1
215	3 2 8 6
216	4 1 6 5
217	8 4 1 7
218	8 2 6 5
219	7 4 2 3
220	3 8 1 5
221	2 1 5 4
222	2 3 8 6
223	1 4 3 7
224	5 1 7 6
225	3 4 5 8
226	3 8 1 4
227	2 5 8 3
228	4 8 5 3
229	6 1 3 7
230	4 3 6 8
231	2 3 7 4
232	5 3 8 2
233	3 5 2 4
234	1 6 4 3
235	4 1 7 8
236	4 3 6 8
237	2 5 7 6
238	3 5 2 4
239	7 2 5 8
240	3 7 6 8
241	3 6 1 8
242	6 1 8 4
243	6 5 2 1
244	8 4 3 7
245	7 4 5 2
246	8 5 1 7
247	7 1 6 4
248	4 5 8 3
249	8 3 2 1
250	4 5 6 7
251	6 7 8 3
252	3 7 5 4
253	5 6 4 8
254	8 7 3 2
255	2 5 8 6
256	5 6 3 2
257	8 5 1 3
258	7 3 5 8
259	1 6 8 4
260	6 7 4 5
261	6 2 5 8
262	6 7 3 4
263	2 4 8 3
264	2 4 6 1
265	4 1 8 3
266	1 8 6 4
267	5 7 4 2
268	6 3 8 5
269	3 8 6 7
270	7 1 6 4
271	5 4 1 8
272	4 2 7 1
273	5 3 1 4
274	1 2 3 4
275	3 4 7 1
276	5 7 4 8
277	7 2 8 4
278	5 3 2 6
279	1 3 5 2
280	4 7 6 2
281	3 7 2 4
282	5 4 1 6
283	7 6 5 8
284	6 4 3 1
285	2 4 3 8
286	2 5 4 6
287	8 7 4 3
288	2 3 8 1
289	8 7 3 2
290	8 3 2 1
291	7 2 6 8
292	3 7 5 6
293	4 3 5 7
294	5 8 7 6
295	3 5 4 8
296	3 7 6 2
297	5 6 3 7
298	7 3 6 2
299	1 6 7 8
300	3 2 1 5
301	1 7 3 8
302	7 2 1 8
303	6 5 4 8
304	2 3 5 7
305	1 3 2 4
306	7 8 1 6
307	8 4 7 2
308	2 5 4 1
309	2 6 8 1
310	2 6 3 4
311	7 8 4 2
312	1 8 2 5
313	3 8 7 4
314	5 1 3 4
315	1 2 3 6
316	5 3 1 2
317	8 5 3 6
318	6 7 1 2
319	1 6 5 7
320	3 1 5 6
321	7 4 5 3
322	5 3 2 1
323	7 1 2 6
324	6 7 5 3
325	4 1 5 3
326	7 1 5 4
327	4 6 3 7
328	3 1 5 4
329	6 7 2 5
330	6 1 3 2
331	5 7 2 1
332	4 8 3 7
333	4 5 6 3
334	7 1 8 2
335	2 6 7 3
336	6 8 4 3
337	4 5 3 6
338	4 8 1 3
339	2 5 4 7
340	7 2 6 4
341	7 5 2 1
342	5 3 1 8
343	8 5 3 4
344	5 7 8 1
345	5 1 8 4
346	3 4 7 5
347	4 2 7 3
348	3 6 7 2
349	3 5 8 2
350	3 6 7 8
351	8 7 1 6
352	1 2 8 3
353	4 6 2 5
354	2 1 8 6
355	5 3 1 4
356	5 6 1 7
357	2 1 4 7
358	4 6 5 8
359	6 8 5 3
360	6 7 5 8
361	8 6 2 7
362	2 3 7 6
363	7 3 1 8
364	6 1 7 2
365	5 1 4 6
366	2 5 3 7
367	1 7 4 8
368	8 4 1 6
369	8 7 4 6
370	1 5 7 2
371	8 1 4 7
372	4 7 5 8
373	8 1 4 5
374	4 5 6 7
375	3 5 1 2
376	4 6 7 2
377	6 4 8 7
378	4 3 8 5
379	1 7 4 8
380	2 8 5 1
381	5 3 6 1
382	5 2 1 7
383	7 4 1 5
384	6 1 8 4
385	8 4 7 2
386	7 3 2 1
387	2 8 4 1
388	5 6 2 8
389	6 8 4 7
390	7 1 2 5
391	6 5 4 7
392	4 8 7 5
393	3 6 1 4
394	8 7 2 5
395	1 6 8 7
396	3 4 5 8
397	6 7 8 2
398	8 1 4 2
399	3 8 5 7
400	7 3 2 8
401	8 1 3 4
402	2 3 4 5
403	1 5 6 8
404	2 8 6 5
405	8 4 7 2
406	8 6 1 5
407	4 5 7 1
408	3 6 1 4
409	2 8 6 1
410	7 3 2 5
411	1 3 5 8
412	3 8 4 7
413	4 7 2 5
414	7 8 2 3
415	6 3 8 2
416	5 2 4 1
417	1 2 7 3
418	1 8 2 6
419	2 6 8 1
420	6 1 7 4
421	3 7 2 4
422	3 2 5 4
423	8 2 4 5
424	7 5 3 6
425	4 1 8 6
426	2 8 4 1
427	1 2 4 6
428	4 1 5 2
429	1 4 6 3
430	7 5 3 1
431	7 1 3 4
432	5 2 7 1
433	6 4 7 3
434	8 2 6 3
435	1 6 4 7
436	7 1 3 2
437	1 6 7 4
438	4 2 8 6
439	2 6 8 7
440	3 2 1 7
441	1 5 7 6
442	8 6 1 2
443	7 2 8 6
444	7 6 5 1
445	1 7 8 3
446	7 5 1 3
447	3 7 2 6
448	4 1 5 8
449	1 3 7 5
450	1 2 7 6
451	8 7 5 2
452	7 8 1 2
453	6 8 7 4
454	2 1 3 6
455	3 8 7 6
456	7 4 2 3
457	3 7 5 2
458	5 3 6 8
459	5 6 8 7
460	5 3 2 1
461	8 7 4 3
462	5 3 6 2
463	4 5 1 2
464	2 7 3 6
465	1 3 5 7
466	7 2 8 3
467	2 1 7 6
468	7 4 8 2
469	2 5 4 8
470	4 8 1 2
471	1 2 4 3
472	7 1 3 2
473	5 3 8 6
474	7 1 4 5
475	6 3 7 8
476	6 5 4 1
477	7 8 3 5
478	6 4 2 1
479	1 2 4 6
480	8 3 5 7
481	1 2 5 8
482	1 2 6 5
483	6 3 4 8
484	8 3 5 4
485	4 1 2 3
486	2 5 7 4
487	3 6 5 4
488	6 1 2 5
489	7 4 5 2
490	5 4 1 6
491	5 2 3 6
492	8 3 5 1
493	8 1 2 5
494	6 2 8 5
495	6 8 4 3
496	4 3 1 7
497	8 7 6 2
498	5 2 7 4
499	6 7 1 8
500	3 8 4 6
501	7 6 8 4
502	4 8 2 7
503	1 3 4 6
504	1 5 3 6
505	6 3 5 8
506	5 2 1 8
507	3 6 4 5
508	4 8 7 2
509	1 6 2 5
510	6 5 2 4
511	8 7 1 2
512	7 4 8 3
513	3 2 7 5
514	2 5 1 6
515	6 5 7 3
516	7 1 5 3
517	2 1 7 3
518	7 2 1 4
519	3 4 8 6
520	8 4 2 7
521	4 8 7 6
522	8 4 6 2
523	5 7 2 3
524	6 8 2 7
525	6 8 7 3
526	6 8 1 4
527	7 6 3 8
528	8 4 3 2
529	3 4 5 7
530	7 4 1 5
531	7 1 3 8
532	1 4 5 7
533	4 6 2 7
534	2 7 3 8
535	2 8 6 5
536	5 4 6 8
537	1 6 7 2
538	2 3 4 5
539	4 2 3 6
540	5 7 1 3
541	3 8 1 2
542	3 6 5 2
543	4 8 6 1
544	5 8 6 7
545	5 2 1 3
546	8 4 1 5
547	4 2 5 8
548	2 3 8 5
549	6 7 2 1
550	8 2 1 4
551	5 1 7 3
552	1 3 5 2
553	7 2 1 5
554	8 2 1 5
555	2 5 4 3
556	5 2 3 6
557	2 3 4 8
558	8 3 4 1
559	8 7 2 5
560	1 5 7 6
561	2 1 7 8
562	6 8 1 3
563	7 6 2 5
564	4 5 7 3
565	7 1 4 5
566	3 5 2 4
567	2 6 1 3
568	1 6 2 5
569	4 6 2 1
570	6 1 5 7
571	3 5 6 7
572	1 5 4 2
573	1 4 8 2
574	6 2 7 4
575	3 5 8 2
576	6 1 8 7
577	6 7 8 1
578	7 8 6 1
579	4 7 2 3
580	4 7 2 8
581	8 7 2 5
582	2 6 5 4
583	5 7 2 8
584	4 3 8 1
585	5 3 7 4
586	3 2 7 8
587	1 7 3 2
588	8 5 3 4
589	6 7 3 5
590	3 5 6 8
591	2 8 4 5
592	7 1 8 3
593	5 1 8 2
594	6 3 8 2
595	5 1 8 7
596	3 7 6 4
597	1 4 6 2
598	6 3 2 4
599	1 5 7 6
600	2 5 4 1
601	7 6 2 8
602	5 6 1 4
603	8 2 4 7
604	3 8 1 6
605	1 7 4 3
606	5 3 4 8
607	4 6 7 8
608	6 3 8 2
609	3 5 8 2
610	5 8 4 3
611	1 5 8 3
612	4 7 5 3
613	8 3 6 4
614	8 5 7 4
615	2 1 4 6
616	6 1 4 7
617	2 4 1 3
618	5 8 6 3
619	3 5 4 1
620	8 5 7 1
621	6 3 2 5
622	4 7 6 1
623	7 5 8 6
624	8 1 5 6
625	6 7 3 2
626	1 3 7 2
627	1 5 4 3
628	7 1 3 6
629	8 7 3 4
630	5 2 7 3
631	3 6 2 5
632	2 1 7 6
633	7 8 2 5
634	3 2 7 4
635	6 7 3 2
636	5 1 2 6
637	6 3 8 7
638	1 6 7 8
639	5 1 3 7
640	7 3 5 8
641	1 2 3 7
642	5 8 3 6
643	4 2 6 7
644	6 5 4 1
645	5 6 7 1
646	1 2 3 5
647	2 8 3 6
648	5 4 3 8
649	4 7 5 8
650	8 5 3 7
651	6 4 8 2
652	3 2 6 7
653	8 6 2 5
654	7 8 4 5
655	3 5 4 7
656	6 1 5 3
657	8 3 1 5
658	6 2 8 5
659	8 4 7 2
660	6 3 5 4
661	4 5 1 3
662	7 5 6 2
663	2 5 7 4
664	1 3 4 5
665	4 7 1 3
666	3 6 2 1
667	2 8 3 4
668	1 6 3 7
669	8 3 6 1
670	4 7 3 8
671	4 5 8 1
672	1 7 6 3
673	4 5 8 1
674	8 6 3 7
675	8 2 5 3
676	4 5 1 7
677	7 2 1 6
678	5 7 2 1
679	3 7 8 4
680	2 8 4 3
681	2 3 8 1
682	8 2 5 3
683	3 5 1 6
684	7 3 4 2
685	7 5 1 6
686	7 5 2 6
687	3 2 1 8
688	7 3 2 5
689	7 2 1 8
690	4 7 8 5
691	4 8 3 5
692	2 3 4 5
693	6 4 3 5
694	5 7 2 6
695	4 1 7 5
696	5 7 4 6
697	1 4 5 6
698	4 1 7 6
699	4 7 1 3
700	7 2 6 1
701	7 1 3 4
702	4 8 1 5
703	5 6 2 8
704	2 3 1 6
705	7 1 3 4
706	8 4 7 5
707	4 1 2 8
708	4 2 7 5
709	2 4 6 7
710	5 1 2 6
711	2 6 7 8
712	4 2 7 1
713	3 6 4 1
714	2 1 6 7
715	8 5 2 6
716	5 1 2 4
717	6 5 1 8
718	8 6 4 7
719	4 1 8 3
720	6 4 3 7
721	7 6 8 4
722	2 1 3 7
723	7 3 5 2
724	8 6 3 4
725	1 2 7 5
726	3 7 1 5
727	2 5 8 7
728	1 7 6 2
729	6 8 3 7
730	6 3 1 5
731	1 3 4 7
732	6 8 7 5
733	7 5 8 4
734	2 7 8 1
735	6 5 8 2
736	5 6 7 1
737	6 5 3 8
738	6 8 7 3
739	4 6 1 3
740	5 7 2 3
741	6 8 2 1
742	7 8 5 4
743	6 8 4 7
744	7 6 8 4
745	1 8 5 3
746	1 6 7 8
747	7 8 6 3
748	3 6 2 1
749	4 7 2 5
750	5 2 1 3
751	8 2 1 5
752	5 2 7 3
753	3 4 7 5
754	1 5 4 8
755	6 4 5 8
756	4 1 6 5
757	4 6 8 1
758	8 6 3 2
759	5 6 8 3
760	3 8 7 6
761	6 8 1 4
762	8 1 7 5
763	5 3 2 7
764	1 4 2 3
765	1 8 6 3
766	7 8 4 3
767	2 8 1 7
768	7 4 5 3
769	2 4 7 8
770	3 6 2 5
771	3 1 2 4
772	1 5 3 2
773	8 6 2 4
774	7 4 2 1
775	6 8 5 1
776	5 8 1 2
777	7 2 1 8
778	6 5 3 1
779	5 2 1 3
780	6 8 7 3
781	4 8 6 5
782	3 8 2 4
783	8 5 2 4
784	5 2 3 4
785	1 6 2 4
786	4 2 5 6
787	2 1 8 4
788	6 1 5 2
789	7 5 8 4
790	7 1 2 6
791	3 4 6 8
792	8 1 4 3
793	5 2 8 6
794	1 4 5 7
795	4 7 5 1
796	5 6 1 3
797	4 3 1 5
798	1 6 7 4
799	8 5 6 1
800	3 6 5 1
801	7 1 2 5
802	6 7 1 4
803	1 2 6 8
804	6 1 7 8
805	3 1 2 6
806	8 4 3 2
807	5 4 6 2
808	2 5 4 6
809	6 1 2 3
810	3 8 6 7
811	6 1 4 8
812	6 1 4 7
813	4 2 7 8
814	6 2 3 4
815	5 4 1 7
816	7 6 3 8
817	3 4 1 5
818	5 3 6 4
819	3 8 7 6
820	7 2 4 5
821	8 6 1 7
822	3 8 5 4
823	5 3 7 8
824	7 8 4 3
825	5 6 4 1
826	6 2 3 4
827	8 3 5 4
828	4 5 2 1
829	5 7 1 3
830	5 4 3 2
831	5 8 4 3
832	4 5 3 7
833	5 4 2 1
834	2 6 4 3
835	8 1 3 5
836	6 4 5 1
837	8 6 5 2
838	3 6 4 7
839	7 4 8 2
840	5 4 6 2
841	8 6 3 1
842	3 4 6 8
843	5 8 1 7
844	7 8 1 6
845	1 2 8 3
846	3 2 4 6
847	6 5 8 4
848	3 1 4 7
849	6 2 1 5
850	8 7 6 5
851	7 1 2 4
852	7 4 5 6
853	1 2 8 6
854	3 4 1 2
855	2 8 4 3
856	6 2 5 1
857	4 3 8 6
858	2 8 1 3
859	7 2 1 8
860	1 2 8 6
861	5 8 7 2
862	3 6 1 2
863	2 7 1 4
864	1 2 6 7
865	2 7 5 8
866	4 1 8 5
867	2 8 3 7
868	2 4 1 6
869	8 3 6 1
870	1 3 6 5
871	5 4 3 1
872	1 3 5 4
873	3 4 2 1
874	1 4 7 8
875	2 4 7 6
876	6 4 2 7
877	7 1 8 2
878	8 4 5 6
879	2 1 8 4
880	3 1 7 6
881	3 6 8 4
882	4 1 3 7
883	7 6 3 4
884	8 2 6 5
885	5 2 1 7
886	7 6 4 3
887	5 6 1 2
888	2 8 1 7
889	5 3 4 7
890	3 6 2 4
891	5 4 7 3
892	6 5 3 7
893	2 7 3 8
894	4 1 7 8
895	6 4 7 1
896	5 2 3 1
897	7 8 2 1
898	2 7 1 6
899	7 2 6 3
900	8 2 4 3
901	6 1 8 7
902	6 4 5 2
903	1 2 3 5
904	4 3 8 6
905	7 5 2 1
906	6 2 4 7
907	6 2 8 5
908	3 5 1 6
909	3 5 8 1
910	5 4 6 1
911	4 7 1 3
912	7 4 6 2
913	7 6 1 5
914	7 4 2 5
915	6 8 2 3
916	6 2 4 8
917	6 3 4 1
918	1 3 7 5
919	7 5 2 1
920	3 1 7 5
921	7 5 4 6
922	2 1 6 4
923	6 7 1 3
924	8 6 5 3
925	5 7 2 4
926	5 3 1 4
927	3 8 7 6
928	4 2 3 6
929	1 6 8 5
930	1 8 7 4
931	2 3 7 5
932	8 1 6 7
933	6 8 3 4
934	1 6 7 4
935	5 6 4 7
936	5 8 6 2
937	8 2 7 3
938	8 1 5 6
939	7 1 8 5
940	6 2 1 4
941	4 3 8 7
942	6 2 8 1
943	8 6 4 7
944	7 3 5 1
945	4 1 2 5
946	7 4 8 5
947	4 7 6 8
948	1 7 6 3
949	3 5 8 7
950	7 4 6 3
951	6 7 4 2
952	8 3 1 2
953	3 8 1 4
954	1 8 2 7
955	4 3 8 6
956	4 7 3 2
957	6 1 4 7
958	6 4 8 5
959	8 2 1 7
960	5 2 7 3
961	5 4 3 1
962	6 2 8 1
963	5 3 1 6
964	2 6 3 4
965	5 6 4 8
966	6 4 7 3
967	6 1 3 4
968	1 2 6 3
969	5 3 8 4
970	8 5 7 2
971	5 1 8 3
972	1 4 5 7
973	6 1 2 3
974	6 3 8 1
975	7 3 4 8
976	6 4 8 2
977	8 2 3 7
978	6 8 7 4
979	4 5 2 7
980	6 3 4 1
981	4 2 7 1
982	2 8 4 1
983	1 3 8 2
984	5 6 4 8
985	3 6 4 2
986	6 5 8 4
987	1 5 7 8
988	5 3 7 1
989	1 8 4 6
990	5 8 6 4
991	2 3 1 5
992	4 2 8 1
993	1 6 7 3
994	8 4 6 2
995	3 7 5 4
996	4 3 5 1
997	7 5 3 4
998	2 6 4 5
999	2 6 5 4
1000	7 3 6 2
1001	7 8 2 1
1002	5 2 1 8
1003	3 4 5 2
1004	2 3 8 4
1005	4 5 6 7
1006	3 8 4 6
1007	6 8 4 7
1008	1 4 2 5
1009	7 5 1 8
1010	1 8 4 6
1011	6 3 4 1
1012	1 8 3 5
1013	6 8 7 4
1014	4 5 6 3
1015	7 3 4 2
1016	7 6 4 1
1017	2 4 3 8
1018	7 6 5 2
1019	7 2 6 4
1020	4 1 3 5
1021	8 4 5 1
1022	5 2 8 6
1023	6 8 5 3
1024	2 5 7 6
1025	2 8 5 6
1026	3 5 2 6
1027	3 6 7 1
1028	1 5 4 2
1029	2 5 3 6
1030	4 2 1 7
1031	4 3 8 6
1032	2 8 4 3
1033	3 1 5 7
1034	4 5 6 3
1035	7 3 2 5
1036	2 8 6 4
1037	3 1 8 5
1038	2 7 3 4
1039	4 1 3 5
1040	8 6 1 3
1041	1 3 2 5
1042	2 7 4 6
1043	3 4 5 6
1044	3 1 2 6
1045	6 5 1 7
1046	4 6 7 5
1047	8 1 5 6
1048	8 7 5 6
1049	6 3 4 7
1050	4 3 5 6
1051	2 3 6 7
1052	1 4 3 5
1053	4 2 1 8
1054	5 6 8 1
1055	3 7 2 4
1056	2 6 4 3
1057	5 1 6 2
1058	4 5 8 2
1059	8 4 5 2
1060	3 7 4 1
1061	7 6 5 4
1062	8 1 5 7
1063	1 3 7 4
1064	6 4 8 3
1065	2 3 4 8
1066	7 2 1 6
1067	1 8 7 4
1068	4 7 6 1
1069	1 5 8 7
1070	4 7 8 3
1071	4 7 2 8
1072	3 1 8 7
1073	8 3 4 6
1074	3 6 8 7
1075	8 5 4 7
1076	8 7 5 3
1077	6 4 8 5
1078	5 6 2 7
1079	7 8 5 2
1080	5 3 2 4
1081	7 5 8 4
1082	1 5 6 3
1083	4 7 6 2
1084	5 6 3 4
1085	6 8 4 5
1086	3 2 7 6
1087	2 4 3 1
1088	7 8 2 6
1089	6 3 8 7
1090	7 3 4 2
1091	8 1 5 6
1092	7 8 4 5
1093	5 4 3 8
1094	2 4 1 6
1095	4 5 7 3
1096	8 3 1 6
1097	6 4 8 3
1098	8 3 4 1
1099	6 3 8 1
1100	3 6 5 1
1101	4 7 2 3
1102	4 6 1 3
1103	5 1 3 8
1104	8 1 5 2
1105	4 7 3 6
1106	1 6 8 2
1107	8 4 6 2
1108	7 8 4 2
1109	3 4 8 2
1110	6 2 8 5
1111	2 8 5 6
1112	3 1 8 6
1113	3 8 1 5
1114	4 6 1 2
1115	4 7 8 6
1116	4 7 5 1
1117	7 4 8 1
1118	4 7 1 2
1119	1 8 6 3
1120	2 1 3 8
1121	2 5 4 1
1122	2 3 8 5
1123	8 1 3 4
1124	2 7 5 6
1125	4 8 7 1
1126	6 2 5 3
1127	3 4 7 2
1128	4 3 1 7
1129	6 8 7 5
1130	1 6 8 7
1131	4 3 8 2
1132	3 7 8 4
1133	8 4 5 7
1134	5 7 3 1
1135	8 4 2 3
1136	7 8 3 2
1137	3 6 7 8
1138	6 5 1 4
1139	7 1 2 3
1140	5 6 8 1
1141	8 5 3 4
1142	4 1 8 3
1143	4 1 7 6
1144	7 2 1 3
1145	4 6 8 5
1146	8 2 3 4
1147	8 7 2 6
1148	2 6 8 7
1149	3 2 5 8
1150	3 2 1 4
1151	2 4 5 7
1152	7 3 2 8
1153	8 1 3 7
1154	3 6 1 2
1155	6 2 1 3
1156	8 5 2 3
1157	7 5 1 3
1158	3 8 2 7
1159	2 6 1 5
1160	6 7 2 1
1161	4 6 7 1
1162	5 4 7 8
1163	7 4 6 5
1164	1 3 5 8
1165	8 4 5 6
1166	4 6 5 2
1167	6 8 5 1
1168	8 5 4 1
1169	6 8 7 5
1170	8 3 6 1
1171	3 6 4 5
1172	3 7 5 1
1173	2 5 4 1
1174	1 6 3 2
1175	6 5 2 4
1176	5 4 3 6
1177	6 8 7 4
1178	2 7 3 6
1179	3 6 1 7
1180	2 4 5 8
1181	2 8 7 1
1182	6 5 1 7
1183	4 8 1 5
1184	2 3 8 4
1185	8 1 7 5
1186	2 5 3 1
1187	2 7 1 5
1188	5 6 3 7
1189	3 4 2 1
1190	6 1 2 3
1191	7 1 8 5
1192	4 1 5 8
1193	1 7 2 3
1194	3 5 6 2
1195	3 1 2 7
1196	4 1 8 3
1197	8 7 3 6
1198	6 1 2 8
1199	4 3 1 6
1200	8 1 3 4
1201	3 6 1 7
1202	1 8 6 4
1203	4 7 2 6
1204	3 7 2 8
1205	5 6 1 7
1206	7 6 3 4
1207	6 7 3 4
1208	4 8 5 2
1209	2 4 8 3
1210	3 8 7 4
1211	1 8 2 7
1212	3 7 5 6
1213	7 8 1 6
1214	7 6 4 1
1215	5 3 6 1
1216	4 5 1 6
1217	6 3 8 4
1218	4 2 8 1
1219	2 1 7 8
1220	3 8 4 6
1221	5 7 6 2
1222	3 2 1 6
1223	8 5 7 1
1224	4 5 6 8
1225	8 5 2 7
1226	7 2 3 5
1227	3 4 5 6
1228	1 4 7 5
1229	5 6 2 4
1230	1 3 4 6
1231	6 5 2 1
1232	8 3 4 2
1233	7 2 6 8
1234	7 6 4 8
1235	6 2 5 1
1236	3 4 8 5
1237	5 6 7 3
1238	2 4 3 5
1239	3 6 5 1
1240	5 1 8 4
1241	2 5 6 4
1242	7 2 4 1
1243	5 4 7 8
1244	1 3 4 5
1245	5 6 8 7
1246	1 6 7 3
1247	5 7 3 8
1248	5 2 1 3
1249	1 5 2 7
1250	1 7 2 3
1251	7 2 1 5
1252	4 8 7 2
1253	2 3 5 7
1254	5 3 6 8
1255	8 5 6 3
1256	5 3 4 8
1257	7 4 8 1
1258	6 4 5 1
1259	3 5 2 7
1260	1 2 6 7
1261	1 4 7 2
1262	4 6 7 8
1263	6 1 2 7
1264	8 3 6 4
1265	2 8 7 5
1266	2 4 6 8
1267	2 5 1 8
1268	6 4 2 8
1269	3 1 2 8
1270	7 1 4 3
1271	4 5 6 3
1272	8 1 6 5
1273	6 7 4 3
1274	8 2 3 1
1275	2 3 7 1
1276	4 3 2 1
1277	6 2 7 1
1278	6 5 1 4
1279	8 4 7 5
1280	3 2 4 7
1281	5 6 7 2
1282	4 6 1 2
1283	8 7 3 5
1284	6 2 4 8
1285	2 4 6 8
1286	7 5 6 2
1287	3 4 8 7
1288	2 5 7 4
1289	4 2 3 6
1290	7 3 4 6
1291	1 8 5 2
1292	1 6 8 4
1293	6 2 5 3
1294	4 6 8 3
1295	7 3 5 8
1296	8 3 4 2
1297	1 5 4 3
1298	2 1 6 3
1299	8 1 4 2
1300	6 8 4 5
1301	3 4 6 2
1302	3 6 1 2
1303	5 7 1 6
1304	1 3 4 5
1305	3 7 5 1
1306	2 3 7 1
1307	7 4 3 2
1308	8 6 4 1
1309	3 6 2 8
1310	2 1 7 5
1311	2 4 8 7
1312	7 5 3 8
1313	6 5 3 1
1314	6 7 2 5
1315	5 8 2 3
1316	1 3 2 5
1317	6 3 4 5
1318	3 2 5 7
1319	4 5 2 7
1320	4 6 5 7
1321	3 7 5 2
1322	5 3 4 1
1323	8 2 3 5
1324	1 4 5 3
1325	4 1 6 8
1326	5 7 1 2
1327	8 4 6 2
1328	7 4 8 5
1329	1 7 6 4
1330	7 3 1 6
1331	6 1 3 2
1332	2 5 3 4
1333	5 8 7 2
1334	5 6 1 3
1335	6 7 5 8
1336	3 4 5 8
1337	3 6 4 8
1338	7 5 2 8
1339	3 6 4 2
1340	8 7 4 1
1341	4 8 7 5
1342	4 7 3 6
1343	3 1 6 5
1344	3 1 2 4
1345	5 3 7 6
1346	5 4 2 1
1347	2 5 3 4
1348	7 3 2 1
1349	3 6 2 4
1350	3 6 1 2
1351	1 6 7 3
1352	5 8 3 6
1353	3 7 1 2
1354	3 5 6 8
1355	6 3 4 5
1356	5 2 4 6
1357	3 5 7 1
1358	5 7 4 6
1359	7 1 6 5
1360	3 6 1 5
1361	5 4 6 8
1362	8 3 2 4
1363	2 4 3 6
1364	7 5 2 8
1365	5 3 1 2
1366	1 3 6 5
1367	2 6 1 8
1368	7 8 3 2
1369	3 6 2 7
1370	8 6 7 5
1371	7 8 4 1
1372	4 7 6 5
1373	1 2 6 3
1374	7 3 4 1
1375	5 7 4 3
1376	1 8 5 2
1377	6 1 3 2
1378	1 2 7 5
1379	1 8 3 2
1380	3 7 2 6
1381	1 7 5 6
1382	2 8 3 1
1383	3 1 6 5
1384	2 5 8 7
1385	4 5 3 8
1386	6 8 1 7
1387	3 6 7 5
1388	4 5 2 6
1389	5 3 4 6
1390	2 5 7 6
1391	1 7 8 3
1392	1 2 4 7
1393	6 3 5 8
1394	6 8 4 3
1395	2 7 5 3
1396	5 1 3 7
1397	1 2 7 4
1398	4 2 5 6
1399	4 1 2 7
1400	2 1 3 7
1401	2 4 5 7
1402	6 2 7 4
1403	5 7 6 8
1404	2 7 1 5
1405	7 2 1 8
1406	3 2 7 8
1407	1 2 7 3
1408	1 6 8 7
1409	7 8 3 1
1410	7 8 5 2
1411	8 6 5 7
1412	6 5 1 2
1413	5 2 6 8
1414	6 3 2 4
1415	4 5 7 3
1416	6 5 3 2
1417	4 1 7 5
1418	1 2 6 3
1419	6 2 7 5
1420	8 7 6 4
1421	7 6 5 2
1422	8 6 4 1
1423	6 1 2 8
1424	6 8 5 1
1425	8 3 4 5
1426	5 4 8 2
1427	3 4 7 2
1428	2 4 3 6
1429	3 7 6 5
1430	6 2 7 4
1431	5 7 4 8
1432	1 4 2 5
1433	6 3 7 2
1434	8 2 3 7
1435	6 2 3 1
1436	5 6 3 4
1437	5 4 8 6
1438	2 1 3 7
1439	4 8 3 1
1440	7 4 3 2
1441	1 2 8 6
1442	7 1 4 6
1443	6 5 8 4
1444	7 1 6 4
1445	1 3 2 6
1446	7 2 5 4
1447	7 3 4 5
1448	2 4 7 8
1449	4 3 7 5
1450	2 7 3 4
1451	7 1 3 4
1452	2 7 1 5
1453	3 6 7 2
1454	5 6 7 3
1455	3 2 5 4
1456	7 4 6 3
1457	4 6 2 7
1458	7 8 3 2
1459	7 2 8 5
1460	1 4 6 5
1461	8 1 2 7
1462	4 5 8 6
1463	4 7 6 5
1464	3 8 7 5
1465	2 3 8 7
1466	8 7 1 5
1467	5 6 3 4
1468	1 5 6 3
1469	7 4 6 5
1470	7 8 6 1
1471	7 4 3 5
1472	7 5 6 3
1473	3 1 8 7
1474	1 8 7 6
1475	7 2 1 5
1476	3 1 2 4
1477	5 1 4 6
1478	7 6 3 1
1479	3 6 7 2
1480	6 3 7 8
1481	8 2 1 6
1482	3 1 5 6
1483	7 5 2 4
1484	5 4 3 8
1485	7 6 2 5
1486	5 4 6 1
1487	1 3 7 8
1488	8 2 7 1
1489	3 5 1 4
1490	8 2 7 1
1491	1 6 4 7
1492	5 7 2 3
1493	8 1 5 6
1494	6 5 3 2
1495	2 5 3 8
1496	4 6 1 5
1497	6 8 1 5
1498	1 5 4 7
1499	5 3 2 8
1500	8 4 2 7
1501	5 1 6 7
1502	4 6 8 5
1503	7 8 6 2
1504	3 4 6 7
1505	3 2 1 6
1506	4 2 8 6
1507	4 5 7 1
1508	1 4 8 7
1509	7 3 4 8
1510	6 1 5 3
1511	1 3 4 2
1512	8 7 3 1
1513	2 7 5 1
1514	8 3 2 1
1515	6 4 5 2
1516	1 3 4 7
1517	7 6 8 1
1518	2 7 4 6
1519	7 1 6 3
1520	7 5 6 4
1521	8 7 4 2
1522	4 3 7 8
1523	1 4 6 5
1524	1 7 5 3
1525	8 1 5 7
1526	4 8 3 6
1527	2 4 8 6
1528	6 7 2 5
1529	4 5 7 1
1530	3 7 8 6
1531	3 4 6 5
1532	4 2 6 1
1533	2 6 5 3
1534	8 2 4 1
1535	3 6 8 1
1536	6 1 7 3
1537	3 5 8 7
1538	4 2 8 7
1539	6 3 2 7
1540	5 1 8 2
1541	7 8 5 3
1542	1 6 8 2
1543	3 2 5 1
1544	4 7 2 6
1545	1 5 7 2
1546	8 2 4 6
1547	1 4 3 5
1548	6 5 1 2
1549	3 5 8 2
1550	2 6 5 7
1551	6 1 5 3
1552	5 3 1 4
1553	4 8 7 3
1554	2 7 8 4
1555	1 3 2 8
1556	6 1 2 7
1557	6 8 5 1
1558	1 4 3 2
1559	7 4 2 5
1560	3 6 5 4
1561	6 3 4 5
1562	4 7 3 1
1563	5 1 8 6
1564	2 1 4 5
1565	7 4 5 2
1566	7 3 2 6
1567	5 6 3 8
1568	1 8 5 4
1569	5 7 3 2
1570	1 7 6 5
1571	3 6 7 5
1572	8 7 1 4
1573	2 7 5 4
1574	6 7 1 5
1575	2 6 8 5
1576	2 8 3 6
1577	2 5 7 1
1578	8 6 2 1
1579	1 4 6 5
1580	7 5 3 1
1581	5 8 1 7
1582	5 8 6 3
1583	3 4 7 8
1584	5 6 4 2
1585	6 7 3 5
1586	6 2 4 3
1587	4 8 7 3
1588	3 5 7 4
1589	4 7 1 8
1590	7 1 4 2
1591	7 5 8 1
1592	6 5 2 7
1593	1 7 4 3
1594	7 8 6 2
1595	1 4 8 6
1596	1 2 5 4
1597	3 7 4 5
1598	8 6 1 5
1599	1 3 5 2
1600	5 2 1 4
1601	7 5 2 6
1602	2 7 5 3
1603	8 6 4 7
1604	3 7 8 5
1605	3 8 1 4
1606	2 3 4 7
1607	3 4 8 5
1608	1 8 2 4
1609	2 7 8 6
1610	6 7 5 1
1611	1 4 8 5
1612	7 5 2 3
1613	3 2 5 4
1614	3 8 7 2
1615	2 8 4 7
1616	8 3 4 7
1617	6 4 3 7
1618	5 2 6 7
1619	1 4 2 6
1620	5 8 1 6
1621	3 1 8 4
1622	2 4 7 8
1623	7 5 2 4
1624	4 8 5 3
1625	5 1 7 3
1626	7 3 1 2
1627	3 2 5 4
1628	2 4 3 8
1629	6 4 3 2
1630	4 6 3 2
1631	1 6 8 4
1632	4 7 6 8
1633	5 6 8 7
1634	8 7 6 3
1635	3 8 2 4
1636	3 5 4 6
1637	5 1 8 6
1638	6 3 7 2
1639	8 2 5 1
1640	4 6 7 8
1641	5 6 2 8
1642	5 4 8 7
1643	6 2 7 8
1644	4 3 1 2
1645	7 3 4 1
1646	1 4 8 3
1647	8 5 2 7
1648	2 4 3 1
1649	7 1 8 3
1650	5 7 4 3
1651	1 3 6 8
1652	8 5 4 3
1653	6 4 1 3
1654	7 3 6 5
1655	2 3 5 6
1656	5 7 4 2
1657	6 4 5 7
1658	7 8 2 5
1659	2 5 4 8
1660	7 4 6 3
1661	4 3 7 8
1662	8 5 7 1
1663	3 7 5 1
1664	4 7 2 5
1665	4 7 1 5
1666	7 6 5 1
1667	1 6 8 2
1668	1 6 2 7
1669	7 3 4 8
1670	7 8 6 2
1671	3 2 8 5
1672	2 6 8 1
1673	2 5 7 8
1674	6 8 1 3
1675	7 4 3 1
1676	5 3 4 6
1677	1 8 6 7
1678	8 5 6 2
1679	6 7 2 1
1680	2 1 7 5
1681	2 8 6 1
1682	1 6 3 7
1683	3 8 2 6
1684	1 2 7 4
1685	8 5 1 3
1686	5 8 7 3
1687	4 3 2 1
1688	7 1 2 6
1689	8 1 7 5
1690	5 3 2 4
1691	3 5 2 7
1692	8 5 1 6
1693	1 3 7 8
1694	7 8 5 1
1695	3 5 1 4
1696	3 2 4 1
1697	4 8 3 2
1698	3 5 7 6
1699	3 4 8 5
1700	1 7 2 8
1701	3 1 4 7
1702	5 3 8 1
1703	4 3 7 6
1704	1 6 3 4
1705	2 7 6 3
1706	1 4 7 5
1707	8 3 1 4
1708	7 5 3 4
1709	1 2 4 8
1710	2 1 5 4
1711	4 3 8 2
1712	7 6 8 4
1713	2 1 6 5
1714	2 4 5 1
1715	7 2 8 5
1716	8 2 3 1
1717	2 7 8 3
1718	1 8 6 2
1719	5 2 8 3
1720	8 6 2 4
1721	5 8 2 6
1722	8 2 1 6
1723	6 5 4 2
1724	2 8 5 6
1725	8 3 7 1
1726	5 3 4 6
1727	7 6 3 4
1728	7 1 8 6
1729	7 1 2 8
1730	5 3 1 4
1731	7 4 6 8
1732	8 6 5 7
1733	2 6 3 5
1734	3 4 5 8
1735	4 6 8 7
1736	1 2 3 5
1737	5 6 8 7
1738	6 7 8 4
1739	6 4 8 1
1740	4 5 7 8
1741	2 6 7 4
1742	3 4 8 5
1743	2 6 4 8
1744	1 3 5 7
1745	4 2 1 8
1746	2 8 1 7
1747	2 3 4 8
1748	7 4 3 8
1749	1 3 2 5
1750	4 2 5 8
1751	7 4 8 3
1752	7 4 1 5
1753	7 5 1 2
1754	5 4 8 3
1755	2 3 1 7
1756	7 8 4 5
1757	1 4 5 7
1758	4 1 5 7
1759	5 7 4 6
1760	7 4 3 8
1761	6 4 7 3
1762	6 5 2 4
1763	1 5 2 4
1764	8 5 6 7
1765	3 7 8 4
1766	6 3 5 8
1767	8 4 3 5
1768	4 3 1 7
1769	4 5 2 8
1770	4 8 3 2
1771	5 8 7 1
1772	4 5 1 2
1773	5 6 8 2
1774	7 3 4 1
1775	2 5 4 1
1776	1 8 5 4
1777	7 6 5 1
1778	4 6 5 2
1779	1 4 2 6
1780	5 2 8 7
1781	8 1 5 6
1782	2 3 8 4
1783	3 4 1 5
1784	8 3 1 2
1785	8 2 5 4
1786	6 3 4 5
1787	7 6 2 3
1788	2 1 5 4
1789	4 7 8 2
1790	5 6 4 7
1791	6 4 1 3
1792	8 4 1 3
1793	7 5 8 6
1794	8 2 7 4
1795	6 3 7 8
1796	8 3 2 7
1797	4 3 2 5
1798	4 3 1 5
1799	7 2 8 5
1800	8 5 3 1
1801	1 4 5 2
1802	8 4 2 3
1803	1 4 8 7
1804	3 2 5 1
1805	2 7 3 6
1806	7 5 1 4
1807	6 8 2 7
1808	5 1 6 8
1809	2 5 4 8
1810	6 3 5 8
1811	5 6 2 1
1812	8 4 1 5
1813	3 7 5 2
1814	2 7 6 3
1815	4 5 8 1
1816	5 6 1 4
1817	4 5 2 3
1818	1 7 4 6
1819	3 4 1 5
1820	7 3 6 2
1821	7 4 2 1
1822	2 8 1 7
1823	6 5 3 8
1824	2 6 7 3
1825	6 7 8 3
1826	5 8 3 4
1827	6 1 8 4
1828	6 4 5 7
1829	5 4 8 3
1830	1 7 5 6
1831	3 6 1 8
1832	8 6 4 7
1833	8 4 7 5
1834	1 2 7 4
1835	4 2 6 1
1836	1 6 4 7
1837	3 8 6 1
1838	6 5 7 2
1839	8 5 1 3
1840	8 7 5 4
1841	2 1 3 7
1842	5 7 6 2
1843	3 6 7 8
1844	2 1 4 6
1845	7 8 5 3
1846	6 8 5 7
1847	3 5 4 7
1848	5 1 6 7
1849	5 4 8 7
1850	5 3 4 7
1851	8 6 7 1
1852	8 1 5 6
1853	2 3 7 6
1854	8 6 1 3
1855	1 7 6 2
1856	6 7 3 5
1857	1 4 6 3
1858	4 5 8 6
1859	1 5 6 4
1860	6 1 8 7
1861	3 1 2 7
1862	1 3 2 7
1863	2 8 7 6
1864	4 3 2 7
1865	7 5 4 3
1866	6 8 3 1
1867	5 6 3 1
1868	1 7 3 5
1869	7 2 6 8
1870	7 1 3 4
1871	8 2 6 1
1872	1 6 8 5
1873	1 8 3 7
1874	1 7 8 5
1875	2 3 6 7
1876	6 2 7 3
1877	8 5 1 6
1878	8 7 6 4
1879	8 7 6 4
1880	6 1 8 5
1881	8 4 5 6
1882	6 7 8 2
1883	3 6 7 4
1884	6 3 5 4
1885	1 7 6 8
1886	2 7 5 1
1887	8 4 2 5
1888	5 3 1 2
1889	6 8 5 3
1890	6 2 1 8
1891	6 8 5 3
1892	6 3 2 1
1893	1 6 8 2
1894	5 1 2 3
1895	1 7 4 2
1896	4 7 8 5
1897	6 4 3 7
1898	8 1 7 6
1899	2 5 3 7
1900	5 1 4 3
1901	7 6 5 2
1902	2 5 6 1
1903	7 8 4 5
1904	3 4 5 8
1905	3 6 1 7
1906	8 5 6 4
1907	2 7 5 6
1908	6 1 7 8
1909	3 7 1 2
1910	3 5 7 6
1911	6 2 1 4
1912	8 7 2 5
1913	6 7 2 5
1914	7 6 5 2
1915	6 5 3 2
1916	8 4 7 1
1917	2 3 6 4
1918	4 3 8 5
1919	2 3 4 6
1920	2 5 1 4
1921	3 7 2 5
1922	7 1 5 6
1923	3 8 2 6
1924	4 3 1 8
1925	1 7 2 6
1926	4 2 6 5
1927	1 7 3 2
1928	5 2 7 3
1929	7 2 3 1
1930	1 4 6 2
1931	6 8 5 3
1932	5 2 4 3
1933	4 3 7 2
1934	1 3 6 5
1935	8 4 2 7
1936	4 3 5 2
1937	7 5 8 6
1938	1 5 7 3
1939	8 5 7 1
1940	8 3 5 1
1941	1 8 7 6
1942	3 5 2 8
1943	8 6 5 2
1944	7 8 6 5
1945	5 3 4 8
1946	2 5 3 7
1947	7 3 2 6
1948	6 7 8 4
1949	1 2 8 4
1950	2 4 3 7
1951	1 6 8 3
1952	8 7 1 2
1953	8 3 1 7
1954	7 6 1 4
1955	4 2 8 6
1956	1 7 4 6
1957	8 6 1 3
1958	2 1 6 4
1959	6 1 7 2
1960	6 4 2 7
1961	6 2 8 7
1962	6 5 1 2
1963	8 3 1 2
1964	2 5 8 3
1965	4 6 5 7
1966	4 8 2 1
1967	5 8 4 3
1968	4 8 5 2
1969	4 6 7 1
1970	2 7 4 8
1971	1 6 8 4
1972	6 4 2 1
1973	3 1 7 6
1974	1 7 5 3
1975	5 8 2 3
1976	2 5 6 1
1977	3 8 4 2
1978	8 6 2 4
1979	2 1 4 6
1980	5 1 2 8
1981	7 6 3 8
1982	8 5 6 2
1983	4 1 2 3
1984	6 4 7 5
1985	1 2 7 5
1986	4 7 3 1
1987	8 1 4 6
1988	1 5 3 6
1989	7 2 1 8
1990	5 1 7 6
1991	7 4 8 2
1992	5 8 2 1
1993	8 2 1 4
1994	5 1 4 6
1995	1 2 3 5
1996	7 8 4 6
1997	2 3 8 4
1998	6 4 3 8
1999	2 7 5 8
2000	5 8 6 2
2001	6 1 5 7
2002	5 4 6 1
2003	1 6 3 4
2004	6 7 4 5
2005	3 1 2 6
2006	5 4 7 8
2007	5 3 7 6
2008	2 5 8 3
2009	6 5 3 8
2010	4 5 7 2
2011	2 7 4 8
2012	6 2 3 8
2013	3 8 7 2
2014	3 8 7 1
2015	6 2 1 3
2016	8 3 1 5
2017	7 1 8 5
2018	1 8 5 2
2019	6 4 2 5
2020	2 3 5 1
2021	3 6 2 4
2022	2 3 1 7
2023	1 7 3 4
2024	4 1 2 8
2025	4 8 1 2
2026	2 1 6 7
2027	3 6 5 7
2028	4 6 1 7
2029	3 6 4 7
2030	3 8 6 2
2031	5 1 8 7
2032	2 6 8 5
2033	1 7 5 8
2034	3 1 6 8
2035	3 6 7 8
2036	1 4 5 8
2037	2 5 8 7
2038	1 8 5 6
2039	6 8 4 1
2040	3 4 6 1
2041	4 7 6 2
2042	2 7 1 6
2043	3 2 1 8
2044	5 6 1 2
2045	4 5 6 7
2046	5 6 2 4
2047	2 3 1 8
2048	1 3 5 4
2049	5 3 7 2
2050	1 4 7 5
2051	7 4 8 2
2052	3 5 4 6
2053	3 6 4 1
2054	6 3 4 1
2055	6 3 7 2
2056	3 2 5 1
2057	1 8 7 5
2058	2 1 4 6
2059	7 2 8 5
2060	1 8 4 6
2061	5 4 3 2
2062	8 3 2 5
2063	3 6 8 7
2064	3 5 7 4
2065	3 8 7 6
2066	2 4 5 1
2067	3 8 2 6
2068	5 4 6 2
2069	7 4 1 6
2070	4 5 1 3
2071	1 5 4 7
2072	2 5 7 6
2073	6 4 5 8
2074	6 7 1 4
2075	1 2 8 7
2076	7 8 6 1
2077	8 6 4 5
2078	5 2 7 3
2079	4 2 6 7
2080	3 7 2 4
2081	7 4 6 2
2082	1 7 2 3
2083	7 2 8 5
2084	2 8 7 6
2085	6 3 4 5
2086	5 2 1 6
2087	2 5 8 3
2088	3 8 4 1
2089	6 4 5 3
2090	5 1 3 6
2091	3 2 1 8
2092	2 6 4 1
2093	7 3 4 2
2094	8 2 4 7
2095	7 2 8 1
2096	1 3 6 2
2097	4 6 3 2
2098	7 2 6 4
2099	3 5 2 4
2100	6 2 3 5
2101	1 6 4 3
2102	5 7 4 8
2103	5 2 3 4
2104	5 1 2 7
2105	7 3 4 8
2106	2 4 8 1
2107	3 5 1 2
2108	3 5 4 1
2109	8 7 3 2
2110	1 5 2 3
2111	3 4 7 8
2112	3 7 4 2
2113	7 2 1 4
2114	5 6 8 4
2115	4 6 3 7
2116	6 1 8 4
2117	1 7 6 2
2118	6 7 1 4
2119	2 8 1 3
2120	3 7 8 2
2121	7 4 6 2
2122	4 3 5 6
2123	3 7 8 5
2124	7 2 4 8
2125	2 7 6 1
2126	1 5 3 7
2127	6 5 3 1
2128	7 5 6 2
2129	2 7 3 5
2130	3 1 5 6
2131	5 2 3 7
2132	6 1 2 3
2133	4 2 1 3
2134	2 6 4 1
2135	3 1 7 6
2136	6 5 4 3
2137	8 3 6 7
2138	6 7 8 5
2139	7 3 2 4
2140	6 4 3 8
2141	5 3 8 6
2142	6 2 8 7
2143	5 7 8 1
2144	2 1 7 8
2145	4 8 6 7
2146	7 2 1 4
2147	6 2 4 8
2148	6 1 7 5
2149	5 3 8 7
2150	1 4 2 6
2151	7 4 2 1
2152	1 2 3 6
2153	4 1 7 3
2154	5 3 6 4
2155	7 5 2 4
2156	6 1 8 7
2157	6 7 4 2
2158	8 5 2 7
2159	8 1 4 6
2160	6 4 8 7
2161	3 5 1 2
2162	8 4 6 2
2163	8 5 4 2
2164	8 5 3 6
2165	5 1 3 8
2166	2 3 5 8
2167	8 2 5 1
2168	8 5 3 4
2169	7 6 8 2
2170	1 4 7 5
2171	2 8 3 1
2172	5 4 6 2
2173	3 2 7 8
2174	3 7 6 2
2175	8 6 2 3
2176	6 2 7 3
2177	5 4 3 1
2178	1 4 8 5
2179	5 1 3 8
2180	5 8 1 7
2181	4 3 6 5
2182	3 5 4 7
2183	1 2 5 3
2184	7 2 3 5
2185	8 3 2 4
2186	2 3 4 5
2187	7 2 1 6
2188	7 4 2 1
2189	6 5 3 7
2190	5 3 8 2
2191	6 3 1 5
2192	8 7 4 2
2193	8 1 7 5
2194	4 8 3 7
2195	8 7 6 1
2196	3 1 6 4
2197	6 2 5 3
2198	7 6 4 3
2199	8 3 4 7
2200	4 7 3 6
2201	8 2 4 3
2202	7 8 1 4
2203	2 1 3 5
2204	4 5 2 7
2205	5 3 2 8
2206	2 1 5 7
2207	5 2 1 7
2208	2 7 4 6
2209	6 4 2 5
2210	5 1 2 8
2211	6 4 3 5
2212	1 6 5 7
2213	5 2 1 7
2214	3 2 5 6
2215	4 2 5 1
2216	5 8 6 4
2217	6 7 5 2
2218	8 5 1 4
2219	2 8 6 1
2220	1 2 7 5
2221	6 2 1 5
2222	7 3 5 8
2223	8 5 2 7
2224	4 7 5 2
2225	3 4 1 7
2226	8 5 7 2
2227	3 7 2 6
2228	7 8 6 2
2229	5 4 3 6
2230	2 3 6 1
2231	1 6 8 2
2232	6 3 5 2
2233	6 8 3 1
2234	3 5 2 1
2235	1 4 2 6
2236	6 3 4 7
2237	5 2 6 1
2238	5 6 1 4
2239	4 8 1 6
2240	6 4 8 3
2241	2 4 1 6
2242	3 8 2 5
2243	4 7 2 5
2244	2 7 6 3
2245	4 1 5 3
2246	5 6 3 2
2247	4 8 5 2
2248	4 5 6 2
2249	8 3 2 7
2250	4 2 6 5
2251	8 4 2 5
2252	7 1 6 5
2253	1 8 7 4
2254	5 2 8 4
2255	2 8 1 4
2256	8 3 6 2
2257	3 4 7 8
2258	2 8 5 7
2259	5 3 6 1
2260	8 3 1 7
2261	6 3 1 8
2262	6 8 1 7
2263	3 6 5 7
2264	7 2 8 4
2265	7 8 1 6
2266	8 4 5 1
2267	6 4 3 2
2268	6 7 3 4
2269	2 5 6 8
2270	1 5 6 2
2271	7 5 6 3
2272	3 1 2 8
2273	6 5 1 7
2274	7 6 2 3
2275	7 6 3 8
2276	4 1 7 2
2277	6 5 2 1
2278	5 4 2 1
2279	2 6 3 5
2280	2 4 8 3
2281	3 6 5 2
2282	8 4 6 1
2283	1 8 4 2
2284	7 6 1 5
2285	3 6 4 7
2286	2 6 8 4
2287	2 6 8 4
2288	4 1 8 3
2289	8 1 2 7
2290	7 6 2 4
2291	5 1 7 2
2292	2 5 8 3
2293	6 5 2 7
2294	3 5 8 7
2295	1 4 7 6
2296	8 3 4 1
2297	5 4 3 8
2298	3 7 4 2
2299	8 1 3 5
2300	3 8 6 7
2301	3 7 8 4
2302	5 6 8 4
2303	4 3 5 1
2304	2 1 3 8
2305	2 7 5 6
2306	3 7 4 6
2307	5 2 3 1
2308	6 4 2 7
2309	2 5 3 1
2310	8 7 6 1
2311	6 3 2 1
2312	7 2 3 1
2313	6 3 4 7
2314	8 7 6 1
2315	3 5 6 1
2316	5 7 2 6
2317	4 2 6 8
2318	1 6 3 7
2319	2 8 6 3
2320	5 2 7 6
2321	2 4 3 8
2322	7 4 3 5
2323	1 6 4 3
2324	2 3 4 1
2325	7 2 3 4
2326	1 3 2 6
2327	1 3 4 5
2328	4 7 1 8
2329	8 1 7 6
2330	3 5 6 8
2331	1 3 8 4
2332	3 5 2 7
2333	4 2 3 8
2334	7 6 3 5
2335	5 3 7 1
2336	4 7 1 5
2337	7 1 2 4
2338	2 1 8 4
2339	2 5 7 1
2340	7 6 2 5
2341	3 7 8 1
2342	7 6 8 1
2343	7 3 2 1
2344	6 2 3 4
2345	3 7 8 2
2346	4 7 1 8
2347	1 4 7 2
2348	1 7 6 2
2349	3 2 6 7
2350	2 4 5 8
2351	1 2 4 6
2352	7 5 1 8
2353	3 1 2 5
2354	2 3 4 1
2355	5 3 7 8
2356	4 7 2 8
2357	7 8 2 1
2358	1 2 7 6
2359	3 6 5 4
2360	3 4 1 8
2361	5 1 6 4
2362	1 3 6 7
2363	5 3 4 2
2364	5 2 6 7
2365	5 1 8 3
2366	7 2 4 8
2367	7 2 8 6
2368	3 4 2 8
2369	1 2 7 5
2370	2 6 7 8
2371	2 5 4 1
2372	4 2 8 5
2373	4 8 5 3
2374	1 4 2 6
2375	5 3 4 8
2376	6 3 4 1
2377	1 6 3 7
2378	1 2 3 8
2379	7 5 2 6
2380	3 6 4 1
2381	5 3 6 2
2382	4 3 6 8
2383	5 6 4 3
2384	6 5 7 2
2385	1 5 4 2
2386	7 8 4 1
2387	1 2 7 5
2388	2 5 3 1
2389	4 7 6 8
2390	5 1 3 7
2391	8 2 4 7
2392	6 4 1 7
2393	7 2 5 4
2394	2 6 5 7
2395	6 4 3 5
2396	7 2 3 6
2397	7 3 8 5
2398	4 6 1 7
2399	5 4 2 8
2400	3 6 2 1
2401	7 2 5 1
2402	8 4 5 1
2403	3 6 4 1
2404	5 8 4 3
2405	8 3 6 4
2406	1 2 5 6
2407	2 5 8 6
2408	8 3 5 2
2409	4 2 1 7
2410	1 3 2 7
2411	7 6 8 1
2412	2 6 3 8
2413	4 1 3 6
2414	8 3 4 7
2415	8 5 7 1
2416	1 7 2 8
2417	7 1 3 4
2418	8 2 5 7
2419	7 1 6 5
2420	3 5 1 2
2421	6 7 5 2
2422	8 6 5 7
2423	1 8 3 5
2424	1 3 2 6
2425	5 7 4 3
2426	1 3 4 8
2427	3 7 1 8
2428	8 7 1 2
2429	3 4 8 2
2430	8 4 1 6
2431	2 1 7 3
2432	1 8 7 4
2433	1 4 8 5
2434	1 6 7 5
2435	2 1 5 8
2436	2 1 6 7
2437	3 1 5 7
2438	4 5 6 1
2439	7 8 3 1
2440	2 8 3 4
2441	4 2 8 7
2442	7 5 3 8
2443	6 1 3 8
2444	7 5 1 4
2445	7 8 4 6
2446	5 2 3 6
2447	8 3 1 4
2448	5 2 7 6
2449	1 2 3 6
2450	8 5 6 4
2451	8 7 4 6
2452	1 8 6 3
2453	5 1 2 4
2454	6 7 2 1
2455	5 1 3 7
2456	5 8 4 6
2457	5 3 8 2
2458	4 8 5 6
2459	6 2 3 8
2460	3 7 6 5
2461	5 7 3 6
2462	8 3 6 5
2463	2 4 8 1
2464	8 1 3 2
2465	7 4 1 3
2466	6 5 7 1
2467	2 1 8 5
2468	5 3 2 4
2469	2 7 5 8
2470	3 6 1 4
2471	4 7 8 3
2472	7 2 4 3
2473	4 5 2 6
2474	5 1 3 7
2475	2 7 3 5
2476	8 2 5 6
2477	7 3 8 6
2478	2 7 6 5
2479	3 7 6 8
2480	1 6 2 3
2481	2 6 7 5
2482	1 6 5 2
2483	1 3 4 7
2484	4 1 6 8
2485	3 6 7 5
2486	7 5 2 4
2487	1 3 8 7
2488	8 6 4 5
2489	5 7 1 3
2490	4 1 2 3
2491	5 8 1 4
2492	6 8 1 3
2493	6 1 5 8
2494	3 5 1 6
2495	3 1 4 5
2496	7 8 5 4
2497	2 6 5 8
2498	4 8 3 1
2499	5 6 1 7
2500	2 6 4 8
2501	3 1 6 7
2502	7 3 6 5
2503	8 2 6 7
2504	6 4 2 5
2505	5 1 3 7
2506	7 6 2 8
2507	5 8 3 6
2508	4 1 2 5
2509	5 2 3 7
2510	3 6 1 5
2511	5 7 6 4
2512	7 2 5 6
2513	7 4 5 8
2514	5 8 2 1
2515	3 8 5 2
2516	4 8 6 1
2517	1 5 8 3
2518	2 1 6 3
2519	7 4 6 5
2520	7 4 8 1
2521	6 5 3 8
2522	5 3 6 1
2523	6 4 8 3
2524	4 5 3 2
2525	1 7 3 2
2526	3 6 2 7
2527	4 7 1 6
2528	7 5 4 2
2529	3 2 1 8
2530	3 5 8 7
2531	1 8 4 3
2532	4 6 8 2
2533	4 3 7 1
2534	2 1 3 8
2535	5 6 1 8
2536	3 4 8 7
2537	3 7 8 4
2538	7 1 8 3
2539	5 6 8 7
2540	5 3 2 7
2541	4 6 1 7
2542	1 4 2 5
2543	4 7 2 8
2544	6 5 8 2
2545	1 7 5 2
2546	5 1 4 8
2547	1 3 7 2
2548	1 8 7 4
2549	4 3 6 5
2550	7 3 2 6
2551	7 4 5 1
2552	7 5 1 8
2553	1 6 5 8
2554	3 4 8 5
2555	3 7 8 6
2556	5 4 7 2
2557	5 4 1 7
2558	6 2 1 8
2559	8 3 7 4
2560	6 4 8 7
2561	8 7 3 4
2562	5 3 1 8
2563	5 2 6 4
2564	5 4 1 2
2565	5 7 4 8
2566	5 1 2 8
2567	8 6 3 5
2568	1 2 5 7
2569	4 8 7 5
2570	6 3 1 5
2571	3 4 2 7
2572	7 1 4 6
2573	6 4 2 7
2574	6 8 2 5
2575	2 3 4 1
2576	2 5 3 6
2577	7 4 3 2
2578	8 5 6 1
2579	2 7 1 4
2580	5 2 7 6
2581	5 8 4 2
2582	7 8 4 5
2583	4 8 1 3
2584	1 7 3 6
2585	6 5 7 2
2586	1 5 4 7
2587	7 1 4 8
2588	3 8 5 1
2589	1 4 3 7
2590	3 6 1 4
2591	8 2 1 3
2592	2 6 3 8
2593	1 3 5 4
2594	4 7 2 3
2595	6 1 8 3
2596	5 4 6 8
2597	8 4 7 2
2598	5 7 3 6
2599	1 7 8 2
2600	8 2 7 3
2601	4 3 5 7
2602	8 6 1 7
2603	3 6 2 8
2604	1 4 8 3
2605	2 3 4 6
2606	2 1 5 7
2607	4 2 7 1
2608	6 5 3 2
2609	6 1 8 3
2610	5 2 1 3
2611	6 5 3 7
2612	1 3 2 7
2613	7 8 4 2
2614	5 4 1 6
2615	4 7 1 8
2616	4 5 3 2
2617	5 4 2 6
2618	6 1 2 4
2619	4 8 2 5
2620	7 5 8 2
2621	8 7 4 2
2622	7 5 8 2
2623	8 5 3 6
2624	7 5 4 2
2625	8 7 3 2
2626	5 3 2 7
2627	2 8 1 4
2628	8 4 6 2
2629	4 6 2 8
2630	2 8 4 6
2631	7 1 4 6
2632	2 6 3 5
2633	8 2 4 5
2634	8 3 5 1
2635	6 4 3 5
2636	4 3 8 2
2637	8 1 4 2
2638	6 5 4 7
2639	5 8 4 2
2640	3 2 1 6
2641	8 3 1 5
2642	1 2 4 6
2643	4 5 8 3
2644	7 8 3 5
2645	5 6 3 1
2646	7 3 2 5
2647	8 5 7 2
2648	4 1 8 2
2649	6 5 7 4
2650	2 8 1 7
2651	1 8 3 4
2652	5 6 2 8
2653	3 4 8 5
2654	1 3 6 5
2655	7 6 5 8
2656	5 3 4 6
2657	1 2 4 5
2658	6 2 4 7
2659	4 1 6 3
2660	8 3 5 2
2661	5 4 1 7
2662	1 2 6 7
2663	7 2 8 6
2664	7 6 3 2
2665	8 1 2 6
2666	7 8 5 3
2667	4 6 2 1
2668	8 7 6 5
2669	2 7 1 8
2670	2 7 4 6
2671	3 1 4 7
2672	3 6 4 8
2673	3 6 8 2
2674	8 5 7 3
2675	8 2 3 7
2676	4 5 2 8
2677	3 8 7 4
2678	4 6 8 1
2679	3 4 7 1
2680	3 4 8 7
2681	2 8 3 4
2682	7 6 8 1
2683	2 4 3 5
2684	5 6 8 7
2685	1 5 2 3
2686	8 5 7 2
2687	6 7 5 8
2688	6 7 4 3
2689	4 1 3 5
2690	6 1 7 2
2691	4 2 6 3
2692	1 7 2 4
2693	3 8 7 4
2694	4 6 3 7
2695	6 8 2 4
2696	8 6 4 1
2697	1 3 6 7
2698	7 1 8 5
2699	2 7 3 6
2700	3 4 6 8
2701	1 2 7 3
2702	5 7 8 2
2703	8 4 6 3
2704	7 5 4 1
2705	5 4 3 7
2706	1 4 5 8
2707	8 1 2 6
2708	1 8 2 3
2709	5 4 3 8
2710	5 2 6 8
2711	8 7 2 6
2712	1 5 7 2
2713	6 7 3 5
2714	2 6 4 7
2715	8 4 3 5
2716	7 1 2 4
2717	3 7 2 6
2718	8 6 2 7
2719	7 6 1 8
2720	5 7 6 3
2721	1 3 4 5
2722	4 1 6 8
2723	2 7 6 5
2724	3 2 7 8
2725	4 8 7 6
2726	2 3 4 6
2727	1 4 5 3
2728	2 5 7 3
2729	3 4 8 7
2730	6 3 8 5
2731	8 4 2 6
2732	8 2 4 5
2733	7 8 2 1
2734	1 4 8 3
2735	2 4 5 1
2736	8 4 1 2
2737	5 3 8 7
2738	3 8 4 7
2739	3 1 2 6
2740	3 1 5 8
2741	2 5 6 4
2742	3 4 5 7
2743	5 2 6 3
2744	2 4 8 6
2745	4 7 2 1
2746	5 8 1 7
2747	8 3 2 1
2748	5 4 7 1
2749	8 2 5 1
2750	5 8 3 4
2751	8 3 1 6
2752	5 2 6 7
2753	3 4 1 5
2754	2 6 8 7
2755	7 6 8 1
2756	3 1 8 6
2757	1 8 2 4
2758	7 2 5 6
2759	1 7 6 5
2760	8 7 2 6
2761	2 4 3 7
2762	5 7 2 4
2763	1 2 8 7
2764	6 4 8 2
2765	4 1 6 3
2766	3 8 1 5
2767	5 2 4 8
2768	2 6 7 3
2769	3 2 6 7
2770	5 8 6 4
2771	6 4 2 5
2772	8 7 1 6
2773	5 2 3 6
2774	8 4 7 6
2775	1 3 5 8
2776	6 4 8 1
2777	5 6 1 2
2778	8 3 2 7
2779	3 2 5 1
2780	4 3 7 6
2781	6 5 7 2
2782	7 5 8 4
2783	4 8 1 6
2784	5 2 3 6
2785	8 2 6 7
2786	3 6 2 7
2787	1 5 6 3
2788	7 2 5 1
2789	1 8 7 5
2790	5 1 4 6
2791	8 6 7 3
2792	5 6 4 7
2793	3 1 6 5
2794	2 4 5 1
2795	4 5 1 2
2796	1 6 4 3
2797	4 8 7 6
2798	3 2 5 1
2799	4 2 7 8
2800	7 4 3 6
2801	5 7 4 2
2802	7 8 1 5
2803	1 4 8 6
2804	3 4 2 7
2805	7 5 2 6
2806	6 2 5 4
2807	5 3 2 8
2808	5 8 4 1
2809	2 8 5 6
2810	8 7 2 4
2811	2 3 1 4
2812	5 2 8 6
2813	3 7 2 8
2814	3 1 5 8
2815	7 4 2 6
2816	4 1 7 3
2817	2 1 6 5
2818	2 6 4 3
2819	3 2 5 4
2820	4 6 2 5
2821	8 5 2 6
2822	3 7 6 1
2823	7 3 4 1
2824	5 2 1 3
2825	8 4 7 1
2826	1 3 7 4
2827	7 5 6 2
2828	4 1 3 2
2829	7 4 5 3
2830	2 7 8 5
2831	4 7 8 3
2832	1 7 5 6
2833	8 4 5 6
2834	5 3 1 2
2835	4 6 1 3
2836	7 5 3 1
2837	2 6 8 5
2838	7 2 5 8
2839	2 8 7 4
2840	1 3 8 6
2841	1 7 5 4
2842	2 1 8 5
2843	3 1 4 5
2844	7 8 3 1
2845	5 6 7 3
2846	8 4 5 7
2847	1 4 6 2
2848	4 1 3 7
2849	3 6 8 5
2850	4 8 7 2
2851	2 4 5 8
2852	3 4 2 7
2853	7 1 2 3
2854	8 2 3 6
2855	6 5 4 1
2856	7 4 2 6
2857	7 5 3 6
2858	7 6 8 1
2859	6 4 2 7
2860	7 6 4 1
2861	7 8 4 6
2862	1 6 8 2
2863	7 2 1 8
2864	8 3 7 2
2865	6 2 3 7
2866	3 4 5 8
2867	4 3 5 7
2868	6 2 4 5
2869	5 2 8 7
2870	8 2 6 3
2871	2 6 7 1
2872	8 5 1 7
2873	6 1 3 5
2874	6 8 7 4
2875	5 2 6 4
2876	5 1 3 6
2877	8 4 6 5
2878	3 6 2 1
2879	5 6 4 8
2880	7 4 5 1
2881	8 1 7 3
2882	2 1 6 8
2883	3 4 5 2
2884	1 5 3 2
2885	6 8 1 4
2886	2 1 4 3
2887	5 8 7 6
2888	3 5 4 1
2889	1 2 3 7
2890	2 4 6 7
2891	7 3 2 5
2892	2 5 7 3
2893	5 6 2 7
2894	5 3 8 2
2895	3 2 4 7
2896	6 2 3 1
2897	3 6 2 1
2898	5 3 7 6
2899	7 4 1 8
2900	2 3 6 1
2901	8 1 4 5
2902	1 2 4 8
2903	6 3 1 2
2904	8 1 5 3
2905	3 7 5 8
2906	5 7 1 2
2907	1 3 5 6
2908	6 7 2 3
2909	3 1 5 8
2910	6 5 1 7
2911	8 2 3 5
2912	4 2 6 3
2913	7 5 4 6
2914	5 1 6 8
2915	1 3 6 4
2916	2 3 8 5
2917	7 6 8 5
2918	1 7 2 4
2919	6 3 1 4
2920	5 4 6 8
2921	5 4 7 3
2922	7 2 4 5
2923	5 8 2 1
2924	2 4 3 5
2925	7 8 1 6
2926	8 3 2 6
2927	3 4 2 5
2928	1 4 7 8
2929	4 6 8 5
2930	8 6 1 3
2931	3 2 5 1
2932	5 4 8 7
2933	3 2 8 6
2934	2 8 7 5
2935	1 3 6 5
2936	3 2 8 7
2937	6 4 2 3
2938	2 4 6 3
2939	6 3 8 2
2940	1 3 6 4
2941	2 1 4 8
2942	3 6 7 4
2943	4 7 5 8
2944	6 2 3 1
2945	8 5 6 1
2946	3 2 5 4
2947	5 4 2 7
2948	6 2 1 5
2949	4 2 8 3
2950	4 6 1 2
2951	8 1 3 5
2952	8 6 5 3
2953	6 1 3 7
2954	1 6 5 8
2955	4 1 7 2
2956	2 3 8 5
2957	1 8 7 5
2958	3 5 6 1
2959	8 4 7 1
2960	6 2 3 5
2961	4 2 7 6
2962	4 7 5 8
2963	6 2 7 4
2964	4 3 5 1
2965	2 3 6 5
2966	4 5 7 8
2967	2 4 1 5
2968	4 5 2 3
2969	1 6 8 7
2970	8 5 3 4
2971	4 1 5 3
2972	4 8 3 7
2973	6 5 7 3
2974	1 7 5 3
2975	7 8 5 4
2976	4 7 5 2
2977	3 8 6 5
2978	5 8 2 4
2979	7 1 2 8
2980	2 8 5 4
2981	4 6 3 2
2982	5 8 1 6
2983	5 3 4 8
2984	3 1 2 6
2985	1 6 5 3
2986	1 4 8 2
2987	6 7 3 5
2988	3 1 4 5
2989	5 8 3 2
2990	7 8 4 6
2991	7 5 6 8
2992	6 7 3 8
2993	2 7 4 3
2994	1 6 3 8
2995	5 4 1 3
2996	1 3 5 8
2997	3 7 1 4
2998	4 8 7 2
2999	1 7 2 4
3000	2 4 3 6
