Students	4000
1	7 5 1 3
2	4 7 5 6
3	5 1 7 3
4	7 1 2 8
5	1 7 2 4
6	7 5 1 6
7	8 4 2 3
8	3 2 8 5
9	8 6 7 4
10	3 7 1 6
11	7 3 4 1
12	6 7 1 3
13	4 5 8 2
14	3 6 7 4
15	4 8 6 3
16	7 1 3 8
17	6 1 3 8
18	2 4 7 5
19	5 2 8 6
20	7 5 1 4
21	8 1 7 3
22	3 6 8 7
23	6 4 7 1
24	8 6 3 4
25	4 7 5 6
26	7 6 3 5
27	4 6 7 5
28	8 5 3 2
29	5 6 8 2
30	3 1 4 2
31	1 8 4 7
32	8 2 1 7
33	1 5 3 4
34	7 4 1 5
35	8 4 1 7
36	3 5 1 4
37	2 7 3 4
38	3 1 8 6
39	2 1 5 6
40	8 7 4 6
41	8 5 2 7
42	4 5 2 8
43	1 4 5 7
44	7 1 3 4
45	6 7 5 2
46	6 3 8 4
47	2 8 6 5
48	6 4 1 5
49	3 6 8 7
50	1 8 4 2
51	6 8 5 2
52	4 8 1 3
53	6 3 4 1
54	2 3 4 1
55	7 3 6 5
56	4 1 7 5
57	5 6 7 4
58	6 4 3 1
59	8 1 6 2
60	8 2 3 4
61	2 5 3 6
62	8 3 2 6
63	6 8 1 7
64	8 7 1 3
65	2 6 3 7
66	8 7 6 2
67	7 3 2 8
68	7 4 1 2
69	4 3 8 7
70	2 1 3 6
71	4 2 3 8
72	8 1 5 6
73	5 8 7 1
74	2 4 7 3
75	6 1 7 3
76	1 8 6 3
77	4 2 8 5
78	6 1 2 8
79	1 5 2 8
80	8 3 1 2
81	5 3 2 1
82	7 4 6 3
83	6 8 5 2
84	6 2 1 4
85	1 8 3 6
86	2 3 4 6
87	2 8 6 5
88	6 5 4 7
89	2 5 3 6
90	7 8 4 1
91	6 3 5 7
92	4 7 2 1
93	2 6 1 5
94	3 1 5 6
95	6 3 2 1
96	7 5 3 1
97	8 3 7 2
98	5 4 6 3
99	8 2 3 1
100	2 5 1 6
101	4 1 8 7
102	3 6 8 1
103	8 2 5 4
104	6 2 5 4
105	3 7 4 1
106	7 5 6 4
107	4 2 7 5
108	4 7 5 6
109	2 5 3 1
110	4 5 7 8
111	2 8 7 1
112	3 6 1 8
113	2 6 5 7
114	4 6 2 8
115	3 1 4 8
116	1 6 3 8
117	7 8 3 4
118	6 3 1 4
119	2 4 6 7
120	6 3 2 8
121	1 2 6 4
122	8 5 1 2
123	5 2 8 4
124	6 2 3 7
125	7 5 6 4
126	3 1 2 8
127	1 8 4 7
128	1 8 4 6
129	5 1 4 7
130	6 8 3 4
131	8 6 5 1
132	8 5 1 3
133	4 1 6 3
134	6 4 8 2
135	2 5 7 4
136	2 8 4 7
137	4 2 1 5
138	7 4 3 5
139	6 7 4 2
140	8 6 4 7
141	3 6 2 8
142	1 7 8 6
143	7 3 8 2
144	1 2 6 8
145	1 6 2 7
146	2 4 6 8
147	3 1 6 7
148	3 2 1 8
149	7 5 6 3
150	7 5 3 2
151	6 7 1 4
152	5 4 2 7
153	3 7 1 8
154	7 5 3 2
155	4 6 8 1
156	7 8 4 6
157	1 3 8 2
158	7 6 1 5
159	7 1 2 5
160	1 3 7 4
161	2 6 5 8
162	6 8 7 4
163	7 4 8 6
164	5 7 3 1
165	4 6 1 7
166	7 4 1 3
167	5 6 1 3
168	1 2 6 3
169	3 4 2 6
170	7 1 5 3
171	1 8 3 6
172	6 7 1 5
173	3 6 7 5
174	1 2 7 8
175	4 7 6 3
176	1 3 7 4
177	5 7 8 6
178	7 3 4 2
179	8 7 4 3
180	2 5 8 7
181	1 6 8 5
182	6 8 4 1
183	7 8 6 5
184	6 4 1 7
185	6 7 5 8
186	6 2 4 3
187	8 3 7 2
188	7 3 5 8
189	6 2 5 8
190	5 6 8 4
191	5 4 8 6
192	3 2 7 1
193	7 6 8 1
194	3 6 8 1
195	5 8 1 3
196	2 5 1 4
197	5 7 1 3
198	2 8 4 5
199	7 8 5 6
200	3 2 8 4
201	4 1 7 5
202	8 3 7 1
203	7 3 2 1
204	1 7 5 3
205	5 8 2 4
206	2 7 3 8
207	1 6 2 7
208	6 4 8 5
209	4 2 5 6
210	7 5 8 3
211	6 5 7 2
212	5 1 2 7
213	6 1 3 5
214	5 1 4 2
215	7 6 4 8
216	8 1 5 4
217	1 8 5 6
218	2 3 6 7
219	6 7 2 5
220	2 5 4 7
221	5 6 8 1
222	3 8 6 2
223	4 1 6 8
224	1 4 6 2
225	8 7 1 6
226	8 1 6 3
227	8 3 1 4
228	7 8 5 3
229	6 1 4 8
230	6 3 7 5
231	6 4 7 2
232	2 7 8 6
233	5 7 6 8
234	6 5 4 2
235	7 6 2 8
236	8 5 4 2
237	6 4 1 3
238	7 8 3 1
239	8 5 4 2
240	5 1 4 2
241	6 5 3 8
242	6 2 4 7
243	6 1 8 2
244	2 7 1 5
245	5 7 4 6
246	1 5 2 6
247	8 7 2 6
248	2 6 5 1
249	8 4 5 2
250	2 3 6 5
251	4 6 8 1
252	1 2 3 8
253	2 8 6 5
254	4 8 5 3
255	6 4 7 2
256	5 1 2 8
257	3 7 2 6
258	8 4 3 5
259	2 5 3 1
260	4 2 7 5
261	2 7 3 8
262	3 2 7 1
263	5 2 6 7
264	7 6 8 2
265	5 7 4 1
266	7 1 4 8
267	3 8 5 7
268	8 1 5 3
269	7 5 2 1
270	2 7 4 8
271	8 3 2 1
272	1 8 3 6
273	6 4 3 7
274	1 5 4 8
275	6 1 5 8
276	6 2 4 3
277	8 1 6 4
278	7 2 3 8
279	4 2 3 1
280	1 8 4 3
281	2 6 1 8
282	3 1 7 4
283	1 3 7 4
284	4 1 2 7
285	5 4 2 7
286	2 4 7 3
287	5 2 3 6
288	5 3 1 7
289	5 2 7 3
290	8 4 5 2
291	4 3 7 6
292	2 5 1 3
293	2 1 6 8
294	7 6 5 4
295	2 5 7 6
296	8 4 5 1
297	7 2 8 3
298	4 6 3 8
299	5 1 2 7
300	6 5 1 3
301	8 2 1 7
302	3 6 5 2
303	4 1 3 8
304	7 4 6 3
305	6 2 7 5
306	2 5 3 6
307	8 7 1 5
308	3 4 7 1
309	1 5 3 2
310	5 7 2 1
311	6 8 1 3
312	1 6 5 4
313	8 5 3 6
314	8 4 5 3
315	1 5 8 7
316	5 6 1 2
317	1 4 2 3
318	2 3 6 1
319	5 4 2 1
320	4 2 5 1
321	6 2 5 3
322	7 2 5 8
323	4 5 1 8
324	1 8 2 5
325	5 1 8 2
326	1 6 4 2
327	2 3 4 7
328	8 1 3 4
329	1 6 8 5
330	6 3 8 1
331	2 6 1 8
332	5 8 1 4
333	5 2 8 7
334	6 7 8 3
335	1 2 8 5
336	5 2 3 1
337	4 2 7 5
338	2 5 6 4
339	5 3 2 8
340	7 5 2 6
341	7 1 8 6
342	1 7 8 5
343	8 5 2 3
344	1 6 7 4
345	6 4 8 7
346	6 2 3 7
347	7 2 5 3
348	4 8 5 2
349	4 7 5 2
350	1 8 5 2
351	5 1 6 7
352	2 6 5 3
353	8 2 7 5
354	4 6 1 7
355	5 2 3 4
356	4 6 8 1
357	1 5 4 2
358	3 7 6 5
359	2 1 4 6
360	5 4 7 3
361	5 3 8 6
362	2 3 1 4
363	7 1 5 6
364	6 7 3 8
365	3 5 2 1
366	5 3 4 7
367	5 3 2 1
368	3 2 7 1
369	7 8 5 2
370	4 6 1 3
371	5 4 6 2
372	2 7 3 4
373	2 8 3 4
374	6 1 5 4
375	4 7 5 2
376	3 4 1 5
377	7 3 2 5
378	4 3 5 8
379	5 4 1 6
380	2 4 1 8
381	5 3 6 4
382	3 5 4 1
383	2 8 6 7
384	6 5 2 7
385	7 6 2 5
386	8 1 4 7
387	6 5 1 2
388	4 8 6 3
389	2 1 5 4
390	1 5 4 3
391	1 7 3 2
392	5 1 8 4
393	5 6 4 7
394	7 8 5 1
395	2 8 7 6
396	5 8 6 3
397	5 6 1 3
398	6 2 5 3
399	4 6 5 2
400	8 5 2 6
401	8 7 4 6
402	6 2 7 3
403	3 6 2 7
404	4 6 3 8
405	4 7 8 3
406	5 3 4 8
407	7 6 4 3
408	3 4 8 1
409	1 7 8 4
410	7 1 2 8
411	8 4 1 3
412	7 5 3 1
413	8 6 7 3
414	3 5 4 2
415	2 4 8 1
416	3 4 1 2
417	1 2 4 6
418	7 3 8 4
419	6 8 4 5
420	5 1 3 2
421	4 1 3 7
422	4 3 6 7
423	3 6 2 4
424	5 4 6 8
425	7 3 1 6
426	8 5 4 1
427	3 5 7 2
428	2 1 5 6
429	2 7 3 6
430	2 3 5 8
431	1 2 5 3
432	1 7 4 6
433	4 1 5 3
434	3 8 7 5
435	4 6 1 5
436	7 5 6 8
437	2 8 6 1
438	5 4 2 6
439	8 4 3 2
440	4 6 5 2
441	5 3 4 7
442	1 8 5 3
443	8 5 1 7
444	6 7 2 4
445	6 4 7 2
446	4 3 2 1
447	4 5 6 3
448	2 5 7 3
449	3 6 7 5
450	8 2 1 3
451	4 8 6 1
452	1 3 2 8
453	2 7 8 5
454	4 8 1 6
455	7 6 3 2
456	2 1 4 5
457	4 2 7 1
458	1 7 3 6
459	4 8 2 1
460	8 6 3 2
461	8 2 7 5
462	4 1 6 2
463	5 8 7 3
464	7 5 8 4
465	7 4 6 8
466	6 8 2 3
467	5 3 4 1
468	4 8 1 7
469	5 7 8 2
470	2 8 7 6
471	6 3 1 2
472	8 1 2 3
473	3 7 8 6
474	3 4 2 8
475	5 7 3 1
476	3 8 7 4
477	5 2 8 3
478	6 2 7 4
479	7 6 5 2
480	5 8 4 1
481	6 1 3 8
482	8 4 1 3
483	5 7 8 3
484	5 6 8 2
485	1 4 6 3
486	7 5 8 1
487	1 6 4 2
488	3 6 1 8
489	4 2 3 5
490	1 2 5 7
491	4 2 7 6
492	3 5 6 7
493	4 6 5 2
494	2 6 1 3
495	6 8 1 3
496	1 7 3 8
497	8 1 2 6
498	1 6 7 2
499	6 3 7 4
500	2 3 5 6
501	2 4 1 3
502	4 8 7 5
503	8 7 6 2
504	3 5 8 7
505	2 4 7 5
506	8 1 7 2
507	8 1 7 2
508	6 1 3 4
509	7 4 3 5
510	7 3 8 1
511	8 5 4 7
512	3 7 5 8
513	6 1 4 5
514	4 3 8 6
515	4 2 3 1
516	8 1 3 5
517	6 4 5 1
518	4 8 7 3
519	7 4 3 6
520	8 5 7 4
521	4 7 6 3
522	6 7 1 5
523	6 8 7 3
524	8 4 7 5
525	8 5 4 6
526	8 7 2 1
527	6 3 7 5
528	8 7 2 1
529	7 5 2 3
530	1 7 6 4
531	3 6 8 4
532	7 6 3 4
533	7 4 5 8
534	4 8 1 5
535	8 5 2 4
536	3 4 5 2
537	6 4 8 2
538	3 6 7 1
539	6 4 2 7
540	8 4 7 2
541	2 7 6 5
542	4 7 3 5
543	6 5 7 3
544	1 5 6 7
545	5 7 3 2
546	2 6 5 7
547	8 3 2 6
548	6 5 2 4
549	2 3 8 6
550	5 4 8 3
551	7 6 2 4
552	7 8 5 1
553	4 6 1 3
554	3 8 2 1
555	3 1 4 8
556	8 7 5 3
557	5 2 4 3
558	7 6 5 3
559	4 3 7 2
560	3 8 2 5
561	8 5 7 3
562	8 3 4 1
563	6 5 3 1
564	2 8 5 6
565	5 8 4 2
566	8 3 2 1
567	3 8 5 2
568	5 6 7 2
569	5 7 2 3
570	3 2 4 7
571	8 3 5 1
572	3 6 8 2
573	4 7 2 5
574	8 2 4 6
575	8 4 6 3
576	2 3 6 8
577	3 8 6 5
578	2 7 8 6
579	1 4 6 5
580	6 2 8 3
581	7 3 5 8
582	3 1 2 4
583	7 3 1 5
584	4 2 3 7
585	4 6 7 3
586	2 3 6 1
587	5 1 7 6
588	1 7 4 6
589	2 1 7 4
590	2 3 7 4
591	8 5 7 6
592	3 7 5 2
593	7 5 3 8
594	7 3 2 6
595	3 4 2 1
596	6 7 5 1
597	6 1 4 7
598	5 3 1 8
599	3 5 2 7
600	3 8 5 2
601	1 6 4 5
602	6 7 4 2
603	5 3 1 6
604	3 5 8 2
605	6 2 7 1
606	7 1 3 8
607	1 8 4 2
608	4 6 7 5
609	6 3 7 4
610	1 4 2 7
611	1 2 8 3
612	4 6 7 5
613	1 8 3 6
614	7 8 1 6
615	3 7 2 8
616	1 2 7 8
617	3 5 6 8
618	5 6 8 2
619	2 3 4 1
620	2 1 4 3
621	7 4 3 6
622	5 1 7 2
623	4 8 1 2
624	4 3 8 1
625	7 4 8 3
626	1 5 8 6
627	4 1 6 7
628	8 2 7 1
629	1 3 2 7
630	5 7 1 3
631	8 5 7 3
632	5 6 4 2
633	7 8 5 2
634	2 8 7 3
635	5 4 8 3
636	3 2 8 5
637	4 3 8 5
638	1 7 2 5
639	8 4 1 7
640	2 4 6 3
641	6 5 3 8
642	7 2 5 6
643	1 7 2 3
644	1 5 2 3
645	3 8 4 1
646	8 4 7 5
647	1 3 8 2
648	8 7 3 1
649	3 2 8 1
650	8 3 5 2
651	3 7 5 1
652	4 6 7 2
653	8 6 1 5
654	3 7 4 1
655	2 4 5 6
656	6 2 4 7
657	5 3 7 2
658	1 8 4 2
659	8 1 3 6
660	4 3 2 8
661	7 4 3 2
662	1 6 2 8
663	5 1 6 4
664	2 4 8 6
665	3 5 2 7
666	5 1 8 6
667	2 8 3 4
668	7 8 5 3
669	2 6 1 3
670	4 2 8 1
671	3 1 7 2
672	3 4 6 2
673	6 5 4 8
674	4 3 1 7
675	8 1 4 6
676	2 6 8 1
677	6 5 7 4
678	7 6 2 4
679	5 8 1 7
680	3 2 8 1
681	8 6 3 5
682	3 7 2 8
683	7 6 5 3
684	8 5 6 2
685	3 2 8 4
686	8 5 4 3
687	8 5 3 6
688	4 5 7 2
689	6 8 4 5
690	8 3 2 1
691	6 7 2 3
692	5 6 7 1
693	1 8 6 5
694	3 2 4 7
695	2 8 4 3
696	8 4 5 7
697	6 5 1 8
698	1 8 5 3
699	5 2 4 6
700	1 5 8 2
701	4 6 5 2
702	3 6 8 7
703	5 2 8 1
704	4 8 1 6
705	1 6 4 7
706	1 6 7 3
707	6 5 1 4
708	5 1 8 7
709	5 1 2 4
710	1 3 2 5
711	7 5 6 1
712	4 1 2 8
713	1 4 8 7
714	5 7 8 3
715	1 6 2 8
716	5 2 3 4
717	6 1 3 4
718	5 2 3 7
719	3 1 6 8
720	7 4 1 5
721	7 4 3 1
722	7 4 8 5
723	3 7 6 1
724	7 2 3 1
725	4 5 3 8
726	1 6 7 4
727	3 2 4 6
728	8 5 4 7
729	8 4 3 5
730	5 3 8 6
731	4 7 1 8
732	3 5 1 7
733	5 6 1 8
734	8 4 2 7
735	4 1 7 5
736	2 4 1 8
737	7 3 6 2
738	1 7 4 3
739	6 8 4 1
740	3 1 4 8
741	3 7 6 1
742	1 5 3 4
743	5 8 3 2
744	1 4 7 6
745	1 4 3 7
746	4 2 1 6
747	3 5 4 7
748	7 6 4 1
749	5 6 8 3
750	7 1 6 3
751	2 8 1 7
752	4 7 5 3
753	7 3 4 2
754	3 8 1 2
755	6 7 1 5
756	5 6 3 1
757	5 3 7 2
758	8 1 6 2
759	4 6 5 8
760	3 5 2 7
761	2 8 3 5
762	4 5 8 6
763	7 4 6 1
764	2 6 7 5
765	7 5 1 6
766	1 7 3 8
767	3 2 4 5
768	7 6 8 5
769	5 4 7 1
770	2 6 1 5
771	7 4 3 5
772	7 1 8 2
773	4 8 3 5
774	5 4 6 8
775	4 8 3 7
776	8 3 2 1
777	3 7 5 4
778	6 4 3 5
779	6 2 5 3
780	4 8 3 7
781	6 8 4 2
782	7 1 5 6
783	2 5 8 7
784	2 3 7 1
785	5 8 4 6
786	5 1 2 4
787	1 7 5 4
788	3 8 1 5
789	7 6 5 2
790	1 7 4 6
791	7 6 8 1
792	6 8 3 7
793	5 2 6 3
794	8 6 3 4
795	6 5 1 2
796	8 3 2 7
797	2 6 1 4
798	8 3 6 4
799	4 7 6 2
800	8 6 1 3
801	3 4 7 6
802	6 5 8 4
803	6 2 8 7
804	1 8 4 2
805	8 1 3 5
806	3 5 7 8
807	5 6 4 7
808	7 8 2 6
809	5 3 4 2
810	3 6 7 1
811	8 1 5 6
812	7 2 1 4
813	6 8 1 5
814	4 1 5 7
815	6 2 3 8
816	8 7 6 2
817	4 3 6 8
818	1 5 8 3
819	2 3 7 1
820	5 3 1 4
821	7 6 2 4
822	7 6 8 2
823	7 3 1 2
824	3 4 5 6
825	1 4 6 8
826	5 8 4 7
827	4 5 7 8
828	4 2 8 5
829	2 5 1 6
830	3 2 8 6
831	6 7 5 2
832	6 7 5 3
833	3 5 6 7
834	2 1 8 7
835	1 3 5 7
836	1 5 3 6
837	4 3 6 2
838	8 7 1 2
839	7 1 6 4
840	6 1 5 3
841	7 6 2 3
842	6 3 7 1
843	8 4 1 6
844	7 5 2 6
845	4 5 3 6
846	2 4 1 8
847	4 5 7 6
848	3 6 7 5
849	3 6 1 4
850	7 8 2 1
851	6 4 1 7
852	1 8 2 4
853	3 6 2 1
854	8 1 4 3
855	5 7 8 4
856	5 3 2 1
857	4 6 2 5
858	8 2 3 1
859	6 7 5 1
860	7 1 8 5
861	8 3 6 5
862	1 6 8 3
863	4 6 2 1
864	6 2 1 8
865	3 8 5 7
866	2 1 6 4
867	8 5 7 1
868	5 4 2 6
869	5 8 1 6
870	1 5 6 4
871	6 5 4 7
872	7 8 1 5
873	7 2 6 4
874	7 2 6 8
875	1 2 3 5
876	3 2 1 6
877	8 3 1 5
878	8 7 4 2
879	4 3 8 2
880	1 6 4 5
881	8 6 2 7
882	3 7 1 5
883	1 6 4 2
884	4 6 1 2
885	6 8 4 1
886	7 4 5 3
887	8 4 3 5
888	3 6 5 7
889	7 5 4 8
890	2 4 1 8
891	3 4 5 7
892	1 3 5 8
893	7 5 3 6
894	4 5 6 7
895	8 7 2 1
896	1 8 3 4
897	6 5 8 7
898	8 7 6 4
899	4 6 5 3
900	4 7 2 1
901	2 7 8 4
902	5 6 4 3
903	6 3 1 7
904	5 4 3 7
905	1 5 3 6
906	2 6 7 1
907	2 8 7 4
908	5 8 3 4
909	7 4 2 6
910	4 6 5 7
911	3 8 6 1
912	7 1 6 3
913	2 5 7 6
914	6 7 4 5
915	2 7 4 8
916	1 6 7 3
917	4 5 8 3
918	1 3 5 7
919	6 4 5 1
920	1 2 5 4
921	1 6 3 2
922	1 3 2 8
923	8 2 4 6
924	1 8 2 7
925	4 6 7 5
926	2 7 1 4
927	3 7 1 2
928	3 5 6 7
929	5 7 1 3
930	4 7 8 1
931	6 7 3 2
932	3 8 5 7
933	3 4 5 6
934	2 8 6 5
935	6 2 1 3
936	6 3 2 4
937	5 4 7 8
938	7 4 5 1
939	5 6 2 8
940	8 4 6 1
941	6 8 2 1
942	5 8 7 4
943	5 3 4 1
944	1 2 6 3
945	6 1 5 8
946	6 8 4 3
947	6 4 3 2
948	6 3 2 1
949	2 8 4 1
950	2 6 8 7
951	1 8 6 4
952	5 7 8 3
953	8 6 7 1
954	8 2 7 4
955	6 4 8 3
956	6 3 1 2
957	7 8 1 2
958	4 8 5 3
959	6 7 2 4
960	8 2 3 5
961	8 3 5 2
962	4 3 6 5
963	1 5 4 6
964	5 2 6 3
965	5 3 1 8
966	4 8 5 6
967	1 6 4 7
968	1 4 6 7
969	1 3 5 4
970	7 2 1 6
971	6 5 1 4
972	7 4 8 3
973	6 1 8 5
974	5 4 6 1
975	7 1 2 6
976	6 3 5 8
977	4 8 3 6
978	2 1 4 6
979	6 7 1 5
980	4 6 7 8
981	7 6 2 8
982	3 8 7 2
983	2 3 5 8
984	2 1 7 8
985	3 6 1 5
986	1 6 5 2
987	4 6 1 8
988	7 3 5 8
989	7 2 6 1
990	1 4 3 7
991	5 7 2 4
992	2 4 7 8
993	2 3 5 4
994	3 7 8 2
995	2 5 6 7
996	5 6 3 7
997	8 6 4 7
998	3 7 1 5
999	1 6 8 3
1000	1 7 3 2
1001	4 8 3 5
1002	1 8 3 2
1003	3 1 2 6
1004	8 2 3 1
1005	4 5 1 3
1006	5 2 8 6
1007	6 3 7 5
1008	8 4 1 5
1009	7 6 3 2
1010	6 4 5 7
1011	3 6 1 2
1012	3 4 6 5
1013	4 7 8 2
1014	5 6 3 4
1015	7 4 8 5
1016	7 6 3 2
1017	6 8 2 4
1018	1 7 6 8
1019	7 1 2 4
1020	7 6 2 1
1021	5 8 6 7
1022	4 6 1 5
1023	6 8 7 2
1024	1 5 4 2
1025	1 2 6 3
1026	6 8 5 3
1027	6 1 4 8
1028	3 6 8 7
1029	5 8 1 7
1030	2 4 8 3
1031	1 6 4 2
1032	6 7 2 5
1033	5 3 1 8
1034	6 3 7 8
1035	2 1 5 8
1036	4 1 3 7
1037	5 4 2 7
1038	3 6 8 2
1039	3 1 7 6
1040	5 3 7 6
1041	2 5 7 6
1042	7 1 8 5
1043	3 6 8 7
1044	6 3 1 2
1045	2 6 1 3
1046	7 3 6 2
1047	3 8 2 6
1048	5 7 4 1
1049	8 2 7 1
1050	7 1 2 5
1051	8 6 2 5
1052	7 8 4 5
1053	5 7 6 3
1054	6 5 2 3
1055	2 1 8 5
1056	3 2 5 6
1057	3 2 7 1
1058	4 8 3 2
1059	5 6 2 8
1060	5 2 1 4
1061	8 2 3 4
1062	6 8 5 3
1063	8 2 3 4
1064	8 3 2 1
1065	5 1 8 6
1066	5 8 1 6
1067	8 3 1 5
1068	5 4 3 1
1069	1 3 6 4
1070	1 8 7 5
1071	2 8 4 3
1072	1 3 8 2
1073	1 7 4 3
1074	3 4 7 8
1075	8 6 1 5
1076	1 3 6 7
1077	7 8 3 2
1078	3 6 4 7
1079	6 7 2 4
1080	7 5 6 8
1081	7 1 6 2
1082	3 2 1 6
1083	2 7 4 8
1084	1 7 8 5
1085	8 3 6 5
1086	2 6 7 3
1087	3 1 2 8
1088	6 2 7 3
1089	8 4 6 3
1090	1 7 3 5
1091	5 3 6 4
1092	1 6 5 4
1093	7 2 3 4
1094	6 5 3 7
1095	6 4 8 7
1096	1 4 2 3
1097	8 3 2 7
1098	2 8 4 1
1099	8 4 3 7
1100	1 5 6 7
1101	8 5 1 7
1102	6 3 5 1
1103	4 8 3 1
1104	2 6 8 7
1105	5 1 6 2
1106	6 8 7 4
1107	8 4 6 2
1108	3 1 6 2
1109	5 7 8 3
1110	5 3 2 1
1111	6 7 5 8
1112	7 6 8 5
1113	2 3 6 8
1114	5 7 3 6
1115	6 8 2 3
1116	6 2 5 8
1117	7 5 1 6
1118	6 3 4 2
1119	5 4 2 1
1120	1 8 5 4
1121	4 7 3 5
1122	5 8 1 6
1123	4 2 3 7
1124	3 8 7 1
1125	7 3 2 4
1126	4 1 3 6
1127	6 3 1 8
1128	1 5 7 3
1129	2 6 4 5
1130	5 8 2 1
1131	2 4 3 8
1132	4 3 2 1
1133	6 3 4 1
1134	8 7 5 6
1135	6 1 8 2
1136	1 7 2 4
1137	2 5 1 4
1138	8 6 3 7
1139	8 5 2 6
1140	7 1 5 2
1141	1 8 7 6
1142	7 1 5 2
1143	8 3 6 4
1144	8 5 7 6
1145	1 3 2 8
1146	8 6 2 7
1147	2 5 6 8
1148	7 4 6 8
1149	8 5 3 6
1150	1 5 4 6
1151	5 3 7 1
1152	5 3 2 4
1153	4 3 8 6
1154	2 6 8 3
1155	8 4 1 2
1156	6 3 7 4
1157	8 5 7 3
1158	6 4 8 3
1159	8 3 5 6
1160	2 3 4 6
1161	3 7 1 4
1162	1 7 4 8
1163	8 1 7 5
1164	4 6 3 7
1165	8 3 4 7
1166	7 2 4 8
1167	3 2 5 8
1168	6 5 7 4
1169	7 1 2 3
1170	3 6 2 1
1171	7 5 6 4
1172	2 3 7 4
1173	5 7 3 2
1174	1 8 7 2
1175	7 5 3 4
1176	4 8 7 5
1177	6 7 8 5
1178	4 8 5 2
1179	6 5 7 4
1180	5 1 6 8
1181	7 2 8 1
1182	1 4 6 5
1183	6 2 8 7
1184	4 6 7 1
1185	7 4 8 3
1186	6 2 7 4
1187	2 3 4 1
1188	4 1 2 3
1189	8 5 4 1
1190	1 8 7 2
1191	6 7 5 8
1192	1 5 3 8
1193	6 4 2 5
1194	3 6 1 2
1195	5 2 7 4
1196	1 8 5 2
1197	4 3 1 7
1198	5 2 4 7
1199	3 2 1 7
1200	8 4 6 2
1201	2 3 8 5
1202	3 5 8 1
1203	7 5 1 3
1204	1 5 4 2
1205	4 1 2 8
1206	7 4 1 5
1207	7 8 2 1
1208	7 1 6 3
1209	3 7 8 1
1210	4 8 7 1
1211	1 6 3 2
1212	6 1 3 2
1213	1 3 7 2
1214	8 4 7 6
1215	5 4 6 7
1216	4 3 6 2
1217	8 7 2 5
1218	7 8 1 4
1219	5 7 6 1
1220	3 2 5 8
1221	4 1 7 8
1222	1 2 8 4
1223	7 3 1 6
1224	5 7 4 3
1225	4 7 2 3
1226	6 7 4 5
1227	3 7 6 8
1228	5 6 1 2
1229	7 4 1 3
1230	6 1 2 8
1231	4 5 6 1
1232	2 4 3 7
1233	7 8 3 2
1234	6 3 8 7
1235	3 1 2 7
1236	4 3 8 2
1237	4 6 1 3
1238	5 7 1 8
1239	1 8 5 3
1240	2 1 3 7
1241	1 6 4 8
1242	4 3 1 8
1243	5 4 6 3
1244	5 6 1 2
1245	5 6 1 7
1246	8 3 5 1
1247	5 2 4 3
1248	3 2 5 1
1249	8 6 4 1
1250	6 1 2 3
1251	1 7 6 8
1252	6 2 7 5
1253	7 3 5 6
1254	3 1 6 4
1255	8 2 1 6
1256	2 3 7 8
1257	8 4 7 3
1258	1 3 8 7
1259	1 4 8 6
1260	2 4 6 1
1261	6 3 2 4
1262	5 1 8 4
1263	3 1 5 8
1264	4 3 1 5
1265	6 2 7 1
1266	4 2 5 1
1267	1 8 6 3
1268	7 6 5 2
1269	3 7 6 4
1270	1 6 3 4
1271	8 4 6 7
1272	3 6 7 4
1273	6 8 1 5
1274	7 3 6 1
1275	3 4 1 5
1276	2 8 4 3
1277	2 8 1 3
1278	4 2 6 8
1279	6 3 8 5
1280	3 7 5 8
1281	7 2 4 3
1282	6 8 5 7
1283	2 1 6 5
1284	6 1 5 8
1285	1 7 5 8
1286	8 1 3 4
1287	1 5 3 4
1288	4 1 2 3
1289	4 3 2 6
1290	6 3 5 1
1291	3 2 1 7
1292	4 7 2 3
1293	1 5 6 7
1294	2 6 1 4
1295	7 5 8 1
1296	8 2 6 7
1297	6 7 1 5
1298	2 3 7 4
1299	6 4 8 2
1300	3 7 8 4
1301	1 3 2 6
1302	4 1 2 6
1303	4 2 8 6
1304	3 6 1 5
1305	3 5 2 6
1306	5 8 3 7
1307	5 7 6 4
1308	7 8 2 3
1309	5 4 7 3
1310	7 6 1 4
1311	3 6 5 1
1312	5 6 2 8
1313	2 4 1 8
1314	1 3 6 5
1315	1 6 2 8
1316	7 3 5 1
1317	3 6 2 8
1318	1 7 6 2
1319	8 4 1 7
1320	4 2 8 1
1321	1 2 7 3
1322	1 2 3 6
1323	6 5 7 1
1324	4 1 7 2
1325	7 8 3 5
1326	4 2 7 8
1327	3 6 2 4
1328	2 3 8 6
1329	5 7 6 2
1330	3 4 1 5
1331	4 7 2 8
1332	5 2 7 1
1333	4 1 3 7
1334	3 6 4 5
1335	8 5 2 1
1336	5 7 8 2
1337	7 5 1 2
1338	4 1 3 2
1339	7 5 2 4
1340	4 5 3 7
1341	4 1 3 7
1342	3 4 2 5
1343	6 3 4 1
1344	5 6 1 2
1345	1 4 3 2
1346	6 2 5 3
1347	2 6 7 4
1348	3 8 5 6
1349	8 2 4 6
1350	6 3 1 5
1351	6 4 8 5
1352	7 2 4 8
1353	3 2 7 5
1354	8 4 6 1
1355	8 4 1 7
1356	8 4 6 7
1357	6 8 3 4
1358	5 7 4 8
1359	3 2 1 7
1360	5 1 6 4
1361	4 3 8 1
1362	4 2 5 6
1363	4 6 3 2
1364	6 7 5 4
1365	8 3 7 5
1366	1 8 2 5
1367	7 3 4 2
1368	8 7 6 4
1369	7 8 2 1
1370	4 7 8 2
1371	5 2 7 3
1372	4 6 5 2
1373	3 2 6 4
1374	3 1 2 6
1375	3 2 8 6
1376	6 2 4 8
1377	7 1 5 6
1378	7 1 4 6
1379	5 1 3 7
1380	8 7 1 6
1381	3 7 5 4
1382	1 7 5 8
1383	1 5 7 2
1384	4 5 7 1
1385	6 5 8 1
1386	2 7 1 4
1387	8 1 3 2
1388	6 1 8 3
1389	5 2 7 4
1390	1 7 3 6
1391	2 6 8 4
1392	8 6 7 2
1393	8 1 4 7
1394	5 6 4 1
1395	7 2 8 4
1396	7 2 1 8
1397	1 2 8 3
1398	2 5 1 4
1399	4 1 3 2
1400	7 4 5 8
1401	7 3 2 8
1402	5 6 7 3
1403	8 3 1 7
1404	6 5 8 2
1405	3 5 2 6
1406	7 5 4 8
1407	3 4 2 6
1408	2 5 7 3
1409	5 7 1 2
1410	7 4 1 5
1411	4 3 7 6
1412	4 3 1 5
1413	6 7 8 3
1414	4 6 8 5
1415	4 1 2 6
1416	3 4 1 2
1417	4 5 7 2
1418	4 2 6 1
1419	2 8 3 6
1420	7 3 8 2
1421	6 8 2 7
1422	7 4 2 3
1423	7 3 4 2
1424	2 4 1 7
1425	8 7 3 4
1426	7 6 2 3
1427	3 5 1 8
1428	1 3 4 8
1429	4 7 1 2
1430	2 1 5 7
1431	3 6 7 1
1432	4 8 3 2
1433	5 2 3 1
1434	3 5 7 2
1435	2 4 3 6
1436	1 2 4 6
1437	1 8 3 4
1438	2 8 5 1
1439	4 8 5 7
1440	5 8 3 6
1441	4 3 1 5
1442	4 7 6 1
1443	4 6 1 2
1444	5 1 4 6
1445	5 2 7 1
1446	6 5 7 2
1447	8 1 5 6
1448	5 7 3 2
1449	7 8 4 1
1450	4 3 2 6
1451	3 4 2 7
1452	1 4 6 3
1453	3 4 2 8
1454	2 8 1 4
1455	5 1 6 4
1456	8 2 7 3
1457	2 6 3 5
1458	3 6 7 2
1459	7 6 1 8
1460	2 5 4 1
1461	4 7 5 3
1462	4 5 2 8
1463	2 8 4 3
1464	7 3 5 6
1465	2 5 1 6
1466	6 5 8 1
1467	6 3 8 2
1468	6 5 8 4
1469	1 8 5 2
1470	2 6 8 3
1471	3 4 1 2
1472	6 2 3 4
1473	1 3 8 4
1474	3 5 2 8
1475	3 8 1 2
1476	2 5 1 8
1477	3 7 4 5
1478	6 2 7 4
1479	6 1 7 5
1480	7 2 4 3
1481	3 2 1 6
1482	3 1 5 4
1483	3 8 7 1
1484	8 2 1 7
1485	1 5 8 4
1486	3 8 5 6
1487	7 1 5 8
1488	3 5 1 2
1489	5 6 1 3
1490	2 7 8 3
1491	8 5 2 6
1492	1 5 7 2
1493	6 2 1 3
1494	7 4 5 3
1495	3 7 1 8
1496	4 8 5 3
1497	2 5 4 7
1498	8 3 6 2
1499	3 2 6 5
1500	6 8 3 5
1501	8 1 7 4
1502	8 1 6 7
1503	5 2 1 7
1504	1 4 5 6
1505	2 5 1 4
1506	5 1 3 8
1507	8 3 4 6
1508	8 2 3 1
1509	6 7 3 8
1510	3 2 5 4
1511	8 5 6 7
1512	3 7 6 8
1513	8 3 4 5
1514	8 6 4 2
1515	6 8 1 2
1516	3 4 6 2
1517	3 2 7 4
1518	3 1 2 4
1519	4 3 8 5
1520	7 6 2 1
1521	7 1 3 4
1522	5 8 3 6
1523	8 4 3 1
1524	1 7 2 6
1525	5 4 2 8
1526	2 8 6 7
1527	1 2 7 3
1528	6 2 5 8
1529	2 1 5 7
1530	2 5 1 8
1531	2 5 3 4
1532	8 6 7 2
1533	3 2 6 4
1534	2 4 5 3
1535	1 2 5 6
1536	6 5 3 7
1537	5 2 8 7
1538	8 3 5 1
1539	3 2 8 1
1540	1 8 2 7
1541	7 6 3 4
1542	5 2 7 4
1543	2 6 1 3
1544	4 7 2 6
1545	3 4 5 1
1546	5 8 4 3
1547	3 5 8 1
1548	1 2 5 8
1549	4 8 6 7
1550	2 5 4 6
1551	8 4 6 5
1552	8 6 5 3
1553	7 4 6 2
1554	4 8 3 7
1555	1 3 7 2
1556	5 2 6 4
1557	1 8 6 5
1558	7 2 8 6
1559	4 1 6 2
1560	7 6 4 2
1561	8 1 7 2
1562	3 8 1 5
1563	3 7 5 4
1564	8 4 6 2
1565	3 2 5 1
1566	5 4 7 6
1567	2 1 6 3
1568	6 4 5 3
1569	2 7 1 6
1570	7 4 6 1
1571	6 2 8 4
1572	2 1 7 5
1573	5 1 4 2
1574	7 5 2 3
1575	4 2 3 8
1576	2 6 4 5
1577	8 3 4 5
1578	5 2 7 3
1579	4 2 5 8
1580	4 1 5 7
1581	2 1 4 5
1582	8 2 4 5
1583	5 3 8 1
1584	5 7 3 8
1585	2 5 6 7
1586	6 7 1 4
1587	5 3 7 2
1588	3 4 1 7
1589	2 5 3 1
1590	5 6 8 4
1591	8 5 6 7
1592	4 6 2 8
1593	3 5 2 1
1594	5 6 2 8
1595	1 6 7 5
1596	3 4 5 7
1597	5 7 3 1
1598	1 3 4 2
1599	6 2 1 8
1600	5 3 7 4
1601	3 8 2 4
1602	1 4 8 7
1603	1 7 3 2
1604	2 7 6 3
1605	4 7 1 2
1606	1 2 7 6
1607	1 6 5 2
1608	5 7 8 4
1609	2 1 8 3
1610	4 2 7 6
1611	4 8 1 5
1612	7 3 5 1
1613	8 1 5 4
1614	7 5 2 3
1615	7 1 8 4
1616	8 7 1 5
1617	7 8 2 1
1618	6 1 7 8
1619	3 7 4 6
1620	1 3 4 6
1621	6 2 3 5
1622	4 1 5 8
1623	4 2 8 5
1624	5 7 4 6
1625	2 8 7 6
1626	7 8 5 6
1627	2 8 4 6
1628	8 6 7 1
1629	8 5 7 3
1630	8 3 5 4
1631	4 6 8 7
1632	3 5 1 7
1633	3 5 1 6
1634	7 4 6 3
1635	2 7 1 3
1636	7 2 8 3
1637	3 5 4 2
1638	8 1 2 3
1639	1 6 2 4
1640	5 4 2 1
1641	8 5 4 7
1642	1 4 7 5
1643	5 2 4 1
1644	4 8 6 5
1645	6 4 8 5
1646	2 1 7 8
1647	7 1 6 8
1648	3 4 2 7
1649	7 4 3 1
1650	5 6 4 2
1651	8 3 5 2
1652	2 4 6 7
1653	1 7 8 3
1654	1 2 3 4
1655	7 5 4 1
1656	6 8 1 7
1657	2 8 7 6
1658	7 6 3 5
1659	7 8 4 1
1660	8 2 5 1
1661	2 8 6 4
1662	8 5 1 7
1663	4 5 3 2
1664	6 1 7 4
1665	5 7 3 1
1666	5 8 7 4
1667	7 4 8 2
1668	6 7 4 2
1669	4 6 1 3
1670	3 6 4 2
1671	8 7 6 5
1672	2 5 3 6
1673	3 1 7 2
1674	5 2 7 8
1675	3 6 5 8
1676	5 6 3 8
1677	7 2 5 6
1678	6 2 5 4
1679	1 6 7 2
1680	2 4 7 6
1681	2 8 4 7
1682	2 4 5 1
1683	1 7 5 3
1684	2 5 3 4
1685	8 3 4 2
1686	1 5 7 3
1687	6 1 5 4
1688	5 8 7 2
1689	6 4 1 5
1690	6 8 2 5
1691	4 2 3 5
1692	3 1 4 8
1693	1 3 4 2
1694	2 1 7 5
1695	3 2 8 4
1696	7 1 6 8
1697	6 1 8 2
1698	7 1 6 8
1699	2 7 3 5
1700	5 6 1 3
1701	4 3 5 1
1702	5 4 3 2
1703	5 3 6 1
1704	3 5 7 1
1705	5 6 1 4
1706	4 1 6 7
1707	3 4 5 6
1708	3 6 2 5
1709	5 3 7 2
1710	7 3 8 6
1711	5 7 3 4
1712	2 6 7 4
1713	5 8 7 4
1714	3 6 5 4
1715	3 4 8 6
1716	8 2 6 3
1717	1 3 8 6
1718	3 8 6 4
1719	8 2 5 7
1720	7 6 3 4
1721	8 4 2 7
1722	7 2 1 6
1723	7 5 2 3
1724	8 6 5 3
1725	1 5 7 2
1726	8 6 2 1
1727	5 3 1 2
1728	2 3 8 6
1729	7 6 1 8
1730	3 1 2 5
1731	2 7 8 4
1732	6 8 7 2
1733	5 3 6 1
1734	1 7 2 8
1735	1 6 7 8
1736	4 5 6 7
1737	4 6 3 7
1738	3 4 8 5
1739	5 3 8 6
1740	1 2 7 6
1741	7 3 5 4
1742	3 4 2 8
1743	1 8 2 4
1744	5 8 6 4
1745	7 3 2 1
1746	4 5 6 1
1747	7 3 1 5
1748	7 8 2 5
1749	1 5 7 8
1750	8 4 1 5
1751	7 1 3 8
1752	3 4 1 2
1753	6 7 2 3
1754	2 6 8 4
1755	2 4 8 3
1756	7 1 6 5
1757	5 3 6 8
1758	2 6 8 4
1759	3 7 6 5
1760	1 8 7 4
1761	5 3 1 8
1762	2 3 8 4
1763	6 3 1 5
1764	8 1 4 7
1765	8 6 7 5
1766	5 2 8 6
1767	1 6 4 8
1768	7 6 1 4
1769	4 5 6 2
1770	4 2 5 6
1771	1 2 8 7
1772	7 4 3 8
1773	4 8 1 2
1774	6 5 8 2
1775	1 5 6 8
1776	5 7 4 1
1777	3 6 5 4
1778	3 4 6 1
1779	8 5 1 2
1780	7 3 5 1
1781	4 6 7 5
1782	6 8 7 5
1783	8 6 7 5
1784	7 4 2 3
1785	1 4 5 3
1786	4 5 8 2
1787	3 2 4 8
1788	7 4 1 3
1789	6 5 4 2
1790	5 4 8 2
1791	4 1 2 7
1792	3 1 2 7
1793	6 7 4 2
1794	4 2 6 3
1795	2 6 5 7
1796	8 4 3 1
1797	6 8 5 7
1798	6 4 7 8
1799	2 3 5 7
1800	3 5 6 4
1801	2 1 3 6
1802	7 6 2 5
1803	6 2 7 1
1804	4 6 1 7
1805	6 8 3 5
1806	4 3 1 2
1807	3 5 8 1
1808	3 2 4 1
1809	1 8 4 3
1810	1 8 5 2
1811	5 8 4 2
1812	6 4 2 3
1813	7 8 6 4
1814	3 6 8 4
1815	7 6 1 8
1816	8 6 4 3
1817	4 3 1 7
1818	1 7 2 5
1819	3 1 2 7
1820	2 1 8 6
1821	7 1 2 5
1822	8 4 6 1
1823	3 8 5 4
1824	6 1 4 8
1825	5 7 8 3
1826	6 1 3 2
1827	1 2 5 8
1828	3 4 2 5
1829	3 6 1 8
1830	4 7 2 6
1831	5 7 8 4
1832	5 3 6 1
1833	5 6 1 8
1834	8 5 6 1
1835	4 7 1 5
1836	8 4 2 7
1837	5 6 1 8
1838	2 7 1 8
1839	1 3 8 4
1840	6 1 8 5
1841	8 2 1 3
1842	3 6 8 2
1843	8 4 6 7
1844	7 5 6 4
1845	5 8 3 1
1846	7 8 5 3
1847	4 2 8 1
1848	6 2 7 3
1849	2 1 6 8
1850	7 3 5 6
1851	1 5 8 7
1852	7 2 8 3
1853	7 3 2 6
1854	8 3 1 6
1855	1 6 4 7
1856	6 8 1 5
1857	6 2 4 7
1858	5 1 3 4
1859	2 3 7 5
1860	6 5 3 8
1861	5 1 4 8
1862	6 2 3 7
1863	3 5 4 2
1864	6 4 3 7
1865	5 7 4 8
1866	6 4 1 3
1867	3 6 2 8
1868	1 3 8 5
1869	4 2 8 7
1870	2 4 5 1
1871	5 3 7 2
1872	8 7 4 3
1873	3 6 4 7
1874	3 4 2 7
1875	7 2 6 4
1876	1 5 7 8
1877	5 4 6 8
1878	6 1 2 8
1879	4 5 1 7
1880	4 8 2 5
1881	1 6 7 2
1882	2 8 1 7
1883	2 5 7 8
1884	6 3 4 5
1885	3 7 1 8
1886	3 8 4 1
1887	5 1 4 2
1888	8 6 1 4
1889	6 4 1 3
1890	5 6 7 1
1891	3 2 6 4
1892	8 6 1 5
1893	2 3 5 8
1894	6 2 5 4
1895	3 6 8 2
1896	3 8 5 6
1897	6 4 2 5
1898	6 7 2 5
1899	7 8 4 1
1900	3 1 6 2
1901	8 3 5 1
1902	6 7 3 2
1903	6 4 3 7
1904	1 3 5 8
1905	1 3 5 4
1906	1 4 2 7
1907	2 6 8 1
1908	2 1 8 5
1909	5 2 1 6
1910	5 7 2 3
1911	7 3 4 8
1912	8 6 3 1
1913	2 7 4 6
1914	1 8 3 6
1915	5 8 6 3
1916	6 2 1 8
1917	3 1 7 5
1918	2 8 1 6
1919	2 8 6 5
1920	8 3 4 1
1921	1 4 8 3
1922	8 2 7 3
1923	1 7 6 8
1924	3 4 6 8
1925	8 3 2 6
1926	4 6 2 1
1927	4 8 1 6
1928	3 5 8 6
1929	6 3 7 8
1930	5 3 4 7
1931	6 4 5 3
1932	6 5 8 4
1933	8 4 7 6
1934	2 8 4 6
1935	1 4 3 8
1936	5 3 7 2
1937	5 1 3 4
1938	4 2 8 1
1939	2 1 3 4
1940	6 2 8 4
1941	3 8 7 1
1942	1 7 8 4
1943	7 8 6 5
1944	4 2 7 8
1945	5 4 2 1
1946	2 8 7 6
1947	7 5 2 3
1948	1 2 6 4
1949	4 5 3 1
1950	4 6 3 8
1951	6 5 4 2
1952	4 8 5 7
1953	2 3 8 4
1954	8 7 6 2
1955	5 1 8 3
1956	6 4 1 7
1957	2 3 5 1
1958	1 6 7 5
1959	5 4 1 3
1960	3 5 8 1
1961	8 6 3 7
1962	1 4 8 3
1963	8 1 2 7
1964	7 6 1 4
1965	2 4 5 3
1966	6 8 7 3
1967	8 4 2 1
1968	1 2 3 4
1969	6 8 2 7
1970	5 7 6 1
1971	4 7 8 1
1972	1 8 7 2
1973	6 5 8 7
1974	5 3 6 4
1975	3 6 1 4
1976	7 5 1 4
1977	8 7 4 6
1978	3 5 6 7
1979	4 3 2 6
1980	2 4 1 3
1981	3 8 5 7
1982	3 6 1 5
1983	5 7 8 3
1984	1 7 5 2
1985	5 3 4 7
1986	3 7 6 2
1987	8 6 7 4
1988	7 3 5 6
1989	8 7 3 6
1990	2 6 1 5
1991	5 8 7 4
1992	6 8 5 2
1993	1 7 6 3
1994	7 3 1 2
1995	2 8 3 1
1996	7 3 5 8
1997	4 3 5 6
1998	8 3 2 7
1999	7 1 3 2
2000	6 1 7 3
2001	4 5 6 8
2002	6 5 8 2
2003	1 5 6 3
2004	2 6 5 3
2005	4 2 6 1
2006	8 5 6 7
2007	1 8 2 3
2008	6 3 4 2
2009	1 2 8 6
2010	1 7 2 5
2011	1 8 2 7
2012	4 2 8 7
2013	7 3 6 8
2014	2 4 1 6
2015	8 1 4 2
2016	6 3 8 2
2017	5 1 8 6
2018	6 5 2 7
2019	1 2 5 4
2020	2 8 1 3
2021	6 7 3 1
2022	7 4 6 3
2023	1 5 2 3
2024	6 3 2 1
2025	6 7 4 2
2026	6 5 1 7
2027	1 6 2 7
2028	8 5 2 7
2029	1 5 2 8
2030	6 8 5 3
2031	3 5 4 1
2032	3 5 1 2
2033	1 8 5 4
2034	8 3 1 6
2035	3 8 7 6
2036	8 4 5 7
2037	8 7 5 4
2038	1 8 3 7
2039	1 2 7 3
2040	2 4 1 6
2041	4 2 5 3
2042	4 2 3 8
2043	1 3 6 2
2044	2 3 4 5
2045	7 3 5 8
2046	2 6 4 7
2047	6 5 4 3
2048	4 6 5 1
2049	7 3 1 2
2050	8 4 2 6
2051	8 3 2 1
2052	7 8 3 4
2053	6 2 3 7
2054	5 8 2 6
2055	1 3 8 4
2056	2 8 5 3
2057	6 7 3 4
2058	2 3 4 6
2059	8 3 5 1
2060	8 5 6 1
2061	2 4 7 3
2062	3 5 4 2
2063	4 3 1 5
2064	2 6 8 4
2065	8 7 5 3
2066	4 7 1 2
2067	3 6 8 7
2068	1 2 4 6
2069	5 7 4 1
2070	4 8 6 7
2071	5 3 1 4
2072	4 3 6 5
2073	7 6 3 1
2074	4 5 1 6
2075	4 6 5 7
2076	8 3 6 1
2077	1 3 5 8
2078	1 6 8 2
2079	4 1 7 2
2080	3 4 5 1
2081	1 4 6 7
2082	2 5 7 3
2083	8 4 7 5
2084	3 6 7 8
2085	3 2 6 5
2086	7 8 5 4
2087	8 2 3 7
2088	7 1 3 8
2089	6 1 7 5
2090	4 2 5 3
2091	3 2 5 8
2092	6 1 4 2
2093	3 6 8 2
2094	7 3 2 4
2095	5 2 1 3
2096	1 6 4 5
2097	2 1 4 3
2098	4 7 2 8
2099	2 5 7 3
2100	2 4 6 7
2101	3 6 1 7
2102	4 5 6 1
2103	2 7 1 6
2104	8 4 5 6
2105	7 6 5 8
2106	3 5 7 4
2107	7 8 4 5
2108	7 2 5 4
2109	6 7 1 3
2110	4 3 2 5
2111	2 3 6 4
2112	8 5 4 7
2113	7 6 4 8
2114	2 8 1 6
2115	2 4 3 7
2116	2 1 7 5
2117	2 6 1 7
2118	2 3 1 7
2119	1 2 6 3
2120	6 3 1 4
2121	5 1 2 3
2122	6 7 2 8
2123	5 7 6 4
2124	4 5 1 7
2125	7 5 1 2
2126	1 6 7 2
2127	5 1 7 4
2128	6 4 7 3
2129	6 8 3 7
2130	5 7 3 8
2131	7 5 6 3
2132	3 8 4 1
2133	2 3 5 4
2134	4 6 8 5
2135	6 1 8 5
2136	6 8 5 3
2137	6 5 1 4
2138	1 5 2 6
2139	8 2 1 3
2140	7 3 6 8
2141	2 4 8 3
2142	4 2 5 6
2143	1 3 8 2
2144	3 8 6 7
2145	1 6 3 4
2146	1 7 5 8
2147	6 7 2 8
2148	2 3 6 4
2149	4 8 5 2
2150	2 3 1 4
2151	6 1 3 5
2152	8 2 3 4
2153	3 4 7 1
2154	8 2 6 3
2155	5 7 2 4
2156	3 2 4 8
2157	5 6 8 1
2158	5 7 3 4
2159	4 5 7 1
2160	4 7 2 8
2161	1 4 6 7
2162	5 7 1 3
2163	1 5 2 7
2164	5 2 6 1
2165	7 1 8 2
2166	1 4 2 8
2167	6 3 5 1
2168	2 3 8 7
2169	4 3 2 5
2170	2 1 5 8
2171	8 7 6 4
2172	2 3 6 5
2173	2 4 1 3
2174	7 6 5 1
2175	4 3 6 1
2176	7 3 4 6
2177	4 1 6 8
2178	8 5 4 6
2179	7 4 6 5
2180	3 8 7 1
2181	3 2 5 7
2182	8 2 5 7
2183	2 1 4 6
2184	3 6 7 2
2185	3 8 5 7
2186	3 7 4 2
2187	5 8 6 4
2188	7 5 2 6
2189	6 7 3 4
2190	4 2 6 7
2191	8 3 1 4
2192	1 7 4 3
2193	2 3 8 1
2194	4 8 1 3
2195	6 8 3 4
2196	2 7 4 5
2197	2 4 7 8
2198	3 7 5 8
2199	3 8 5 7
2200	8 3 5 6
2201	2 7 1 8
2202	4 2 7 6
2203	3 2 8 7
2204	3 1 6 5
2205	3 1 5 4
2206	3 6 1 8
2207	7 6 2 1
2208	7 2 4 3
2209	1 3 6 4
2210	8 5 7 6
2211	6 2 7 8
2212	7 4 3 6
2213	6 3 5 1
2214	4 3 2 5
2215	2 1 6 8
2216	4 2 5 8
2217	6 4 1 8
2218	4 2 1 7
2219	7 8 2 4
2220	3 6 1 7
2221	2 1 3 8
2222	6 1 8 3
2223	5 8 4 1
2224	2 5 1 6
2225	8 1 5 4
2226	8 7 2 6
2227	2 5 4 7
2228	4 7 1 3
2229	6 4 1 7
2230	1 5 8 4
2231	6 5 3 7
2232	8 4 1 6
2233	7 5 8 3
2234	8 4 6 5
2235	3 8 7 6
2236	6 3 2 1
2237	1 3 4 5
2238	5 7 1 2
2239	7 4 1 8
2240	2 8 4 6
2241	5 1 6 8
2242	3 7 1 8
2243	3 2 7 8
2244	8 2 3 7
2245	6 7 8 4
2246	1 4 3 6
2247	8 2 6 3
2248	1 5 8 2
2249	7 1 4 5
2250	3 6 4 5
2251	3 7 4 2
2252	7 8 1 5
2253	4 3 1 7
2254	3 8 5 4
2255	3 4 1 8
2256	2 1 4 3
2257	7 3 2 4
2258	2 5 1 4
2259	8 5 1 3
2260	4 5 6 7
2261	5 4 8 2
2262	4 1 7 5
2263	8 3 5 7
2264	8 3 2 6
2265	7 4 5 8
2266	5 4 6 8
2267	7 6 5 3
2268	7 6 3 4
2269	1 2 8 6
2270	6 7 5 1
2271	6 4 1 2
2272	7 6 8 2
2273	1 6 5 2
2274	8 6 7 2
2275	2 6 4 1
2276	1 8 5 4
2277	8 5 1 4
2278	3 1 7 6
2279	3 7 5 8
2280	6 5 7 8
2281	4 5 1 7
2282	4 3 8 5
2283	4 5 1 8
2284	1 3 6 7
2285	6 4 1 5
2286	7 8 6 2
2287	1 4 2 8
2288	6 8 4 2
2289	1 7 3 6
2290	6 5 3 8
2291	3 2 7 4
2292	2 1 4 6
2293	8 4 1 3
2294	6 4 1 5
2295	3 2 8 7
2296	3 6 1 4
2297	8 7 3 6
2298	1 4 3 6
2299	2 7 4 8
2300	2 3 8 5
2301	1 4 2 5
2302	2 8 5 6
2303	5 3 6 7
2304	5 7 6 3
2305	2 6 3 4
2306	1 4 3 2
2307	1 3 4 6
2308	5 2 3 8
2309	3 6 8 5
2310	7 3 8 2
2311	4 1 8 6
2312	3 4 6 2
2313	5 6 2 7
2314	5 1 8 2
2315	2 7 8 4
2316	6 8 1 3
2317	7 6 1 3
2318	8 2 4 1
2319	8 6 7 3
2320	5 1 6 7
2321	3 8 4 6
2322	3 4 8 1
2323	2 5 8 1
2324	5 6 8 2
2325	1 7 3 2
2326	8 2 6 5
2327	8 4 6 1
2328	4 7 2 1
2329	6 1 5 2
2330	6 3 5 4
2331	8 7 5 1
2332	3 5 6 4
2333	1 4 3 8
2334	2 6 7 4
2335	6 5 7 2
2336	3 1 8 2
2337	1 8 7 4
2338	4 3 8 7
2339	5 2 8 1
2340	5 2 6 3
2341	1 8 5 7
2342	7 2 6 5
2343	3 1 5 2
2344	3 1 8 6
2345	3 2 1 8
2346	1 4 2 5
2347	1 4 7 3
2348	4 8 7 5
2349	3 6 2 1
2350	8 2 6 5
2351	8 4 3 1
2352	4 6 2 5
2353	6 5 4 8
2354	1 5 2 4
2355	1 5 3 7
2356	3 4 7 1
2357	5 6 3 1
2358	6 2 4 1
2359	1 4 8 6
2360	2 4 7 6
2361	7 6 1 8
2362	7 4 6 8
2363	8 6 1 3
2364	7 5 6 2
2365	5 1 6 4
2366	6 1 3 4
2367	1 4 2 5
2368	3 6 7 8
2369	1 7 4 3
2370	5 3 8 6
2371	1 5 6 4
2372	7 2 6 5
2373	2 3 6 8
2374	5 3 8 7
2375	1 3 5 7
2376	7 3 2 1
2377	7 5 1 3
2378	2 8 7 3
2379	4 2 8 5
2380	7 3 4 5
2381	4 1 7 8
2382	1 8 7 4
2383	5 8 3 4
2384	3 5 1 4
2385	1 3 4 5
2386	8 5 4 1
2387	4 1 8 7
2388	3 6 5 7
2389	1 5 2 8
2390	4 2 6 3
2391	7 2 8 1
2392	5 2 4 1
2393	5 7 1 3
2394	6 1 2 5
2395	7 4 2 5
2396	8 6 3 5
2397	3 6 7 8
2398	7 4 8 1
2399	8 1 7 5
2400	7 2 1 3
2401	2 7 1 5
2402	2 6 3 7
2403	6 1 3 5
2404	7 4 8 2
2405	7 8 6 1
2406	6 2 7 3
2407	7 6 4 3
2408	7 6 2 8
2409	1 8 3 7
2410	8 1 6 3
2411	3 4 7 5
2412	7 4 3 8
2413	8 3 6 4
2414	6 2 7 1
2415	1 7 6 2
2416	7 4 5 6
2417	3 1 5 7
2418	4 3 5 8
2419	2 3 7 4
2420	5 6 1 8
2421	1 6 4 2
2422	3 5 8 2
2423	3 1 6 4
2424	1 8 6 3
2425	5 7 8 2
2426	7 5 8 2
2427	6 5 3 8
2428	2 3 6 4
2429	7 8 6 2
2430	6 8 4 2
2431	7 4 3 8
2432	3 4 6 1
2433	2 6 4 7
2434	2 6 4 5
2435	6 2 4 5
2436	8 5 6 2
2437	8 2 4 7
2438	4 7 8 3
2439	7 4 2 5
2440	7 3 1 4
2441	7 4 5 3
2442	4 1 6 8
2443	8 2 3 6
2444	5 6 4 3
2445	6 7 3 5
2446	6 3 4 2
2447	6 4 3 8
2448	1 2 7 6
2449	3 7 8 2
2450	6 7 5 8
2451	3 1 7 2
2452	2 7 4 8
2453	7 1 8 5
2454	5 3 8 4
2455	1 5 6 7
2456	3 1 4 6
2457	3 5 6 4
2458	2 8 1 5
2459	6 7 3 2
2460	1 5 3 8
2461	1 4 7 2
2462	3 4 5 7
2463	3 5 2 7
2464	8 7 6 5
2465	6 8 3 2
2466	4 8 1 5
2467	4 5 8 6
2468	5 1 4 3
2469	7 2 6 3
2470	6 5 7 2
2471	3 4 7 6
2472	8 6 5 3
2473	2 4 3 8
2474	1 6 5 4
2475	7 8 4 1
2476	6 2 7 1
2477	4 7 6 8
2478	3 6 2 8
2479	6 8 3 7
2480	2 4 7 6
2481	1 5 4 2
2482	2 5 6 3
2483	6 5 4 8
2484	1 5 4 3
2485	5 3 4 6
2486	6 2 3 8
2487	8 2 4 3
2488	5 4 3 2
2489	8 6 4 1
2490	8 2 7 5
2491	5 4 6 3
2492	5 2 6 3
2493	8 6 7 3
2494	4 5 8 2
2495	1 8 5 2
2496	8 4 6 1
2497	5 3 8 1
2498	3 7 1 6
2499	8 3 7 5
2500	8 1 6 7
2501	5 7 3 4
2502	3 7 6 1
2503	5 6 7 1
2504	6 1 2 4
2505	6 3 5 4
2506	7 2 4 3
2507	2 4 7 8
2508	3 1 4 7
2509	2 6 3 8
2510	7 4 8 6
2511	3 2 8 6
2512	2 4 7 5
2513	7 3 6 1
2514	7 3 1 5
2515	3 4 7 6
2516	6 2 8 4
2517	4 6 3 2
2518	7 4 8 1
2519	5 8 1 4
2520	1 8 7 3
2521	6 7 1 3
2522	3 6 1 5
2523	3 8 7 1
2524	5 8 3 1
2525	7 6 1 2
2526	6 1 8 2
2527	8 3 2 6
2528	5 1 3 2
2529	7 5 2 6
2530	4 8 5 7
2531	2 1 5 8
2532	1 5 3 8
2533	7 2 5 6
2534	2 1 7 5
2535	3 5 6 8
2536	2 3 5 8
2537	8 4 3 6
2538	2 3 8 6
2539	7 5 6 8
2540	2 6 7 4
2541	7 8 6 1
2542	7 2 8 5
2543	6 7 5 4
2544	8 3 2 7
2545	6 7 1 3
2546	3 5 6 2
2547	8 3 5 6
2548	6 4 7 2
2549	6 4 5 2
2550	3 2 4 8
2551	6 2 8 7
2552	7 6 4 2
2553	2 7 3 8
2554	6 3 1 4
2555	1 2 5 3
2556	1 6 3 8
2557	8 3 6 2
2558	8 3 5 1
2559	8 1 2 4
2560	8 4 6 5
2561	6 7 3 1
2562	6 7 3 5
2563	7 5 2 6
2564	2 4 6 1
2565	4 2 8 6
2566	4 1 5 8
2567	1 6 8 4
2568	8 3 4 2
2569	8 1 4 5
2570	1 7 4 5
2571	5 4 7 1
2572	4 2 1 7
2573	5 1 7 2
2574	2 6 5 4
2575	1 3 8 2
2576	7 2 3 6
2577	8 7 1 5
2578	4 5 8 2
2579	6 5 8 3
2580	4 2 1 8
2581	5 3 4 8
2582	3 6 4 2
2583	6 8 3 5
2584	7 3 6 2
2585	5 6 3 7
2586	2 1 3 4
2587	5 3 4 2
2588	4 7 2 5
2589	8 6 3 4
2590	3 4 5 6
2591	3 4 8 2
2592	3 8 5 6
2593	3 8 1 7
2594	4 8 6 5
2595	1 3 8 6
2596	6 7 4 8
2597	5 3 4 8
2598	4 2 5 7
2599	8 6 3 7
2600	2 1 7 3
2601	2 4 6 5
2602	7 3 5 8
2603	8 1 4 7
2604	2 8 5 1
2605	7 5 6 4
2606	5 7 3 8
2607	7 6 4 2
2608	8 2 3 5
2609	7 1 4 3
2610	6 8 4 7
2611	4 7 1 5
2612	5 8 3 6
2613	3 7 8 5
2614	2 6 3 5
2615	2 5 1 4
2616	7 4 6 1
2617	4 5 7 1
2618	7 2 5 1
2619	8 4 3 2
2620	5 2 7 8
2621	6 8 3 4
2622	2 4 3 1
2623	5 6 4 8
2624	2 1 4 5
2625	7 6 1 3
2626	7 8 3 4
2627	7 5 4 2
2628	2 5 4 7
2629	1 7 6 2
2630	7 4 2 5
2631	4 8 5 6
2632	2 6 8 7
2633	7 2 8 6
2634	7 5 3 2
2635	8 6 1 2
2636	5 8 1 6
2637	6 3 2 7
2638	5 1 3 7
2639	6 7 3 2
2640	6 4 5 8
2641	5 3 7 2
2642	2 3 1 6
2643	5 6 1 2
2644	7 4 3 1
2645	7 8 4 6
2646	3 8 5 1
2647	4 5 2 6
2648	2 8 7 1
2649	2 4 3 5
2650	8 6 4 2
2651	5 2 8 6
2652	2 5 3 1
2653	4 6 1 8
2654	2 8 1 3
2655	2 3 8 6
2656	7 8 1 5
2657	8 2 6 4
2658	2 4 1 7
2659	3 7 8 5
2660	7 8 4 5
2661	4 8 6 7
2662	8 6 5 4
2663	2 4 3 7
2664	1 8 6 4
2665	8 7 6 1
2666	4 3 7 1
2667	8 4 6 5
2668	8 4 3 7
2669	7 5 1 6
2670	1 3 8 7
2671	3 8 4 7
2672	6 5 8 4
2673	1 3 7 2
2674	4 2 8 1
2675	2 6 7 3
2676	4 7 8 3
2677	1 2 3 8
2678	3 4 1 6
2679	2 4 6 8
2680	5 6 4 1
2681	6 1 4 5
2682	6 2 3 7
2683	4 3 1 2
2684	6 7 2 5
2685	5 1 7 4
2686	5 6 3 1
2687	7 1 2 8
2688	7 3 4 5
2689	7 5 3 6
2690	1 6 8 3
2691	3 1 6 4
2692	4 3 2 1
2693	4 3 1 7
2694	6 4 8 3
2695	6 1 3 8
2696	2 6 1 3
2697	8 7 3 5
2698	3 1 6 5
2699	3 1 4 7
2700	7 1 6 5
2701	8 2 1 3
2702	3 7 4 1
2703	3 1 8 6
2704	3 4 8 2
2705	3 7 8 4
2706	3 7 6 5
2707	7 5 4 6
2708	7 2 8 6
2709	4 2 1 6
2710	6 4 2 8
2711	3 7 4 2
2712	7 1 8 4
2713	1 8 7 2
2714	7 6 5 1
2715	1 6 2 8
2716	8 7 2 1
2717	2 5 6 8
2718	3 4 7 5
2719	1 7 3 6
2720	3 1 5 8
2721	7 1 4 8
2722	2 4 6 1
2723	6 5 1 7
2724	7 6 1 5
2725	5 3 4 7
2726	4 2 7 6
2727	5 8 1 6
2728	5 8 4 1
2729	5 2 1 8
2730	6 5 2 4
2731	2 7 6 5
2732	3 5 2 7
2733	8 7 3 4
2734	4 7 2 8
2735	5 2 6 7
2736	1 8 3 4
2737	7 2 6 3
2738	5 8 7 1
2739	6 2 8 7
2740	5 3 7 4
2741	4 1 8 7
2742	5 3 1 7
2743	1 2 5 4
2744	7 4 8 5
2745	7 2 1 8
2746	7 3 2 4
2747	2 3 7 5
2748	4 5 7 6
2749	3 1 7 2
2750	7 1 3 5
2751	5 2 3 7
2752	1 7 3 8
2753	2 8 3 5
2754	2 6 5 8
2755	4 3 7 8
2756	6 3 2 7
2757	8 1 3 2
2758	3 6 5 2
2759	5 3 7 8
2760	1 6 4 2
2761	8 4 2 1
2762	2 1 3 8
2763	8 2 6 1
2764	5 8 4 3
2765	7 5 4 3
2766	7 3 8 5
2767	2 5 1 6
2768	2 6 4 1
2769	6 7 1 2
2770	6 4 1 3
2771	8 2 4 3
2772	5 1 7 2
2773	1 6 2 5
2774	5 7 2 6
2775	1 2 3 5
2776	1 3 7 2
2777	3 5 1 6
2778	3 7 2 6
2779	2 7 4 5
2780	6 1 8 4
2781	7 3 6 8
2782	7 4 3 2
2783	2 5 7 8
2784	4 8 7 3
2785	8 2 3 1
2786	4 1 3 5
2787	3 6 5 2
2788	5 7 6 1
2789	3 6 4 1
2790	7 8 5 1
2791	1 6 7 5
2792	6 8 5 4
2793	4 6 5 8
2794	3 7 5 2
2795	5 7 6 1
2796	8 6 1 4
2797	1 7 8 3
2798	3 5 2 4
2799	4 3 8 5
2800	5 2 1 8
2801	2 8 6 4
2802	6 7 8 2
2803	5 3 7 4
2804	8 6 3 7
2805	6 1 3 5
2806	6 4 8 2
2807	6 1 3 4
2808	3 4 8 7
2809	4 2 3 7
2810	7 4 6 1
2811	8 1 4 5
2812	2 1 7 3
2813	3 7 1 8
2814	5 8 3 7
2815	6 3 8 5
2816	8 1 3 6
2817	5 4 3 1
2818	7 3 1 8
2819	4 1 7 6
2820	1 6 7 4
2821	1 8 7 6
2822	3 5 4 1
2823	5 2 1 6
2824	5 4 7 1
2825	5 8 3 2
2826	1 8 7 5
2827	5 1 3 6
2828	3 7 5 2
2829	2 1 3 6
2830	4 6 7 1
2831	7 8 6 3
2832	3 4 5 2
2833	5 3 4 1
2834	7 5 2 8
2835	4 7 2 8
2836	6 2 4 1
2837	1 5 4 3
2838	5 1 7 6
2839	7 6 3 8
2840	3 4 5 8
2841	2 8 4 3
2842	2 1 7 5
2843	2 6 3 7
2844	3 7 4 1
2845	3 6 4 2
2846	4 6 3 8
2847	6 8 7 4
2848	6 3 1 5
2849	2 1 3 7
2850	5 1 4 2
2851	4 2 6 7
2852	2 5 8 4
2853	2 4 7 8
2854	1 3 5 4
2855	7 1 4 5
2856	3 6 7 1
2857	7 1 2 5
2858	6 3 1 4
2859	1 6 2 8
2860	8 4 6 3
2861	4 2 5 6
2862	5 2 3 7
2863	5 4 1 2
2864	8 3 7 5
2865	5 6 7 3
2866	1 6 2 8
2867	7 5 6 8
2868	8 6 5 7
2869	8 3 2 7
2870	5 7 1 6
2871	8 3 7 1
2872	2 3 7 6
2873	8 3 5 1
2874	2 1 8 6
2875	7 6 2 4
2876	4 8 7 1
2877	7 8 5 4
2878	7 4 3 1
2879	7 8 6 3
2880	4 2 1 8
2881	8 4 3 6
2882	2 7 4 6
2883	3 7 1 4
2884	2 8 5 6
2885	2 4 5 7
2886	1 3 6 5
2887	8 3 2 1
2888	3 4 5 8
2889	8 7 6 4
2890	7 5 8 4
2891	6 2 8 3
2892	3 8 5 1
2893	8 7 6 4
2894	5 7 2 4
2895	8 1 4 5
2896	7 3 2 4
2897	4 1 7 6
2898	2 5 7 6
2899	7 2 6 8
2900	3 8 7 1
2901	2 1 8 3
2902	6 7 2 8
2903	3 4 7 1
2904	8 5 3 7
2905	2 1 6 8
2906	2 1 5 8
2907	8 7 4 3
2908	1 6 4 5
2909	3 2 7 8
2910	8 1 5 7
2911	2 1 5 6
2912	1 8 2 7
2913	7 3 1 6
2914	5 3 1 6
2915	4 3 1 8
2916	1 3 5 2
2917	7 1 4 6
2918	5 7 3 1
2919	1 7 3 8
2920	8 2 1 4
2921	8 5 1 6
2922	7 8 4 1
2923	7 5 8 4
2924	6 3 5 7
2925	4 7 8 1
2926	2 8 3 1
2927	6 8 2 3
2928	6 3 7 5
2929	8 3 5 6
2930	8 5 3 7
2931	2 7 4 5
2932	2 3 4 6
2933	6 7 1 8
2934	8 5 1 7
2935	3 1 2 6
2936	2 5 7 8
2937	1 4 2 8
2938	5 8 7 4
2939	7 4 1 3
2940	6 4 2 8
2941	5 4 2 8
2942	8 7 6 3
2943	8 7 3 5
2944	7 1 2 4
2945	4 3 2 5
2946	6 7 5 4
2947	7 3 5 8
2948	3 5 1 4
2949	6 1 3 8
2950	2 1 5 6
2951	7 3 8 2
2952	4 7 6 1
2953	6 8 3 5
2954	7 3 6 5
2955	6 7 2 8
2956	2 1 3 6
2957	5 7 4 3
2958	2 1 3 5
2959	2 5 1 6
2960	8 6 7 1
2961	7 1 4 2
2962	5 6 2 8
2963	3 5 8 2
2964	7 2 1 6
2965	3 1 5 7
2966	1 7 2 4
2967	2 6 5 7
2968	3 1 8 4
2969	8 4 1 6
2970	5 8 1 7
2971	5 4 3 8
2972	8 7 3 4
2973	1 4 3 5
2974	2 8 1 6
2975	3 6 5 2
2976	3 6 8 4
2977	8 4 1 2
2978	7 3 5 8
2979	4 7 5 1
2980	4 5 7 6
2981	6 4 5 8
2982	1 8 7 3
2983	2 5 8 3
2984	7 1 6 8
2985	7 2 4 8
2986	6 5 1 8
2987	2 5 8 4
2988	6 1 3 8
2989	5 3 2 1
2990	6 2 1 4
2991	5 4 7 3
2992	5 1 7 2
2993	3 5 6 8
2994	1 8 4 5
2995	2 3 4 6
2996	2 7 3 1
2997	1 4 8 3
2998	4 7 8 2
2999	8 4 6 1
3000	2 6 3 1
3001	6 4 7 3
3002	3 2 8 6
3003	8 3 5 4
3004	6 4 2 1
3005	1 7 8 4
3006	3 1 8 2
3007	8 5 2 7
3008	2 7 8 3
3009	5 8 1 7
3010	8 4 3 5
3011	2 8 1 5
3012	5 8 7 2
3013	5 4 1 2
3014	4 8 2 6
3015	8 7 2 6
3016	4 7 5 6
3017	6 5 8 3
3018	2 7 1 8
3019	3 5 1 6
3020	7 8 2 6
3021	7 5 3 8
3022	5 1 2 7
3023	2 6 5 1
3024	8 6 3 1
3025	4 6 8 3
3026	7 4 2 6
3027	1 3 4 6
3028	5 2 4 6
3029	2 5 1 3
3030	4 6 5 7
3031	7 3 2 6
3032	1 3 2 5
3033	4 8 7 2
3034	4 2 1 3
3035	1 4 8 7
3036	7 4 8 5
3037	4 6 8 1
3038	4 1 7 3
3039	7 6 1 5
3040	6 7 4 3
3041	6 3 7 4
3042	6 3 1 5
3043	7 6 2 8
3044	3 2 8 6
3045	2 4 8 1
3046	1 8 4 3
3047	6 1 4 8
3048	8 6 1 3
3049	3 4 7 6
3050	7 1 8 6
3051	2 1 7 3
3052	1 4 3 6
3053	6 5 2 8
3054	7 1 3 4
3055	6 4 7 1
3056	1 3 8 5
3057	3 6 4 7
3058	4 3 5 6
3059	4 2 5 1
3060	5 6 3 4
3061	1 7 3 5
3062	8 3 1 6
3063	3 1 5 8
3064	2 1 4 7
3065	8 3 4 5
3066	8 6 3 1
3067	2 5 1 6
3068	3 2 8 7
3069	8 7 1 3
3070	2 4 3 5
3071	2 3 4 8
3072	6 1 2 4
3073	1 8 5 3
3074	6 7 3 1
3075	7 4 6 2
3076	2 5 7 4
3077	1 4 2 7
3078	5 8 6 4
3079	7 5 4 8
3080	6 2 7 3
3081	5 7 1 3
3082	3 7 1 4
3083	6 4 5 1
3084	3 1 7 8
3085	5 6 4 3
3086	5 8 3 1
3087	3 6 1 8
3088	5 1 4 8
3089	4 7 5 8
3090	5 2 3 4
3091	8 1 7 4
3092	2 6 4 3
3093	8 3 1 6
3094	6 4 8 1
3095	3 5 6 7
3096	4 1 6 2
3097	3 6 4 1
3098	2 3 7 5
3099	5 2 8 7
3100	4 7 3 6
3101	8 5 1 6
3102	6 3 8 2
3103	1 4 3 2
3104	6 8 4 3
3105	3 5 1 4
3106	6 1 4 2
3107	7 8 3 2
3108	2 8 5 6
3109	4 8 1 3
3110	7 8 4 6
3111	4 3 1 2
3112	8 7 6 5
3113	8 1 6 2
3114	4 2 8 3
3115	7 6 5 2
3116	5 1 3 7
3117	8 4 3 2
3118	5 3 8 1
3119	6 4 1 2
3120	4 5 7 8
3121	7 3 5 2
3122	6 8 3 4
3123	8 6 5 4
3124	2 7 5 3
3125	7 8 3 2
3126	5 8 3 6
3127	1 4 6 2
3128	8 5 6 1
3129	7 1 8 6
3130	2 1 3 4
3131	6 1 4 8
3132	6 2 5 4
3133	5 2 6 1
3134	6 1 8 7
3135	8 4 6 7
3136	6 7 8 4
3137	3 8 7 6
3138	5 6 8 1
3139	3 2 7 1
3140	5 4 3 7
3141	2 3 6 7
3142	8 3 1 4
3143	7 3 2 8
3144	1 7 5 3
3145	3 2 7 4
3146	7 5 1 8
3147	1 2 8 6
3148	4 8 2 7
3149	2 4 5 6
3150	8 7 4 2
3151	6 7 2 5
3152	3 5 6 8
3153	2 5 7 8
3154	4 1 7 3
3155	7 3 4 2
3156	4 5 1 3
3157	6 3 1 2
3158	8 4 1 5
3159	1 2 7 3
3160	1 6 4 2
3161	4 5 3 1
3162	4 1 2 3
3163	2 8 4 3
3164	2 4 7 6
3165	5 3 7 4
3166	4 8 7 2
3167	6 4 7 3
3168	7 8 1 5
3169	7 4 3 1
3170	2 8 6 1
3171	8 6 5 3
3172	3 5 1 4
3173	6 1 8 4
3174	5 8 3 1
3175	5 6 2 3
3176	8 5 1 2
3177	6 2 3 7
3178	2 7 5 4
3179	2 1 4 5
3180	8 1 2 6
3181	3 2 5 7
3182	6 5 1 7
3183	6 4 5 2
3184	5 7 2 3
3185	7 6 2 3
3186	1 6 3 7
3187	2 7 5 6
3188	5 2 8 6
3189	7 4 1 3
3190	6 3 5 8
3191	6 3 7 5
3192	5 7 3 6
3193	2 8 5 6
3194	2 3 7 6
3195	8 2 7 5
3196	8 2 1 5
3197	5 4 8 7
3198	3 4 1 7
3199	8 7 4 2
3200	7 1 5 3
3201	1 6 2 5
3202	7 1 8 4
3203	8 7 2 5
3204	1 5 8 7
3205	5 4 8 1
3206	6 4 7 3
3207	1 5 7 3
3208	3 7 8 4
3209	1 6 8 3
3210	6 8 3 2
3211	7 4 3 6
3212	4 5 7 8
3213	2 7 8 3
3214	1 2 3 7
3215	8 1 2 3
3216	5 1 7 8
3217	7 8 4 5
3218	2 3 8 7
3219	6 7 4 8
3220	7 8 3 5
3221	6 7 3 8
3222	2 7 8 5
3223	7 2 1 8
3224	4 5 7 8
3225	8 1 5 3
3226	7 6 8 2
3227	6 8 4 1
3228	8 5 4 6
3229	5 4 3 6
3230	1 4 5 7
3231	6 2 5 7
3232	4 7 3 2
3233	4 2 8 5
3234	3 1 4 6
3235	5 4 6 3
3236	7 6 4 1
3237	8 4 5 1
3238	7 1 8 5
3239	4 7 1 3
3240	1 8 6 3
3241	7 6 3 1
3242	5 6 7 8
3243	5 7 2 6
3244	2 5 4 1
3245	6 7 5 1
3246	2 3 6 7
3247	3 6 1 7
3248	7 5 8 2
3249	5 6 4 3
3250	4 6 2 3
3251	7 1 6 5
3252	2 6 8 4
3253	1 4 6 7
3254	4 6 1 2
3255	5 4 8 3
3256	2 1 5 7
3257	3 7 5 2
3258	4 3 8 5
3259	2 6 1 4
3260	3 1 2 5
3261	8 4 5 7
3262	6 1 7 5
3263	8 4 2 6
3264	8 6 7 5
3265	8 4 7 2
3266	1 2 6 3
3267	8 7 2 6
3268	3 7 8 1
3269	4 8 2 5
3270	4 1 2 6
3271	3 8 4 5
3272	1 6 4 3
3273	5 2 8 7
3274	1 3 6 5
3275	8 7 1 5
3276	6 1 8 5
3277	8 1 6 2
3278	4 1 8 6
3279	8 2 3 5
3280	8 5 6 7
3281	6 1 7 3
3282	6 7 3 1
3283	2 6 4 5
3284	7 6 2 8
3285	8 4 7 5
3286	4 2 3 8
3287	3 5 4 8
3288	4 8 1 7
3289	3 1 7 2
3290	8 2 6 4
3291	3 1 5 8
3292	1 2 4 6
3293	2 5 7 6
3294	1 5 8 3
3295	4 8 2 6
3296	1 4 3 7
3297	7 5 3 6
3298	5 7 4 6
3299	7 5 6 8
3300	3 1 5 8
3301	2 8 5 1
3302	8 1 6 5
3303	4 7 6 2
3304	1 8 6 7
3305	4 5 3 7
3306	5 1 6 3
3307	6 8 4 3
3308	6 3 4 8
3309	7 5 2 8
3310	2 7 5 1
3311	5 2 7 4
3312	5 8 4 1
3313	6 5 7 2
3314	1 2 3 5
3315	5 1 7 2
3316	7 5 8 4
3317	4 8 1 3
3318	4 7 5 2
3319	8 3 2 7
3320	5 7 2 3
3321	3 1 5 2
3322	6 1 5 4
3323	3 4 6 1
3324	3 5 2 7
3325	6 5 4 7
3326	7 4 2 5
3327	1 5 6 8
3328	6 2 1 8
3329	2 3 1 8
3330	4 1 2 6
3331	4 8 2 6
3332	8 1 5 2
3333	7 5 1 8
3334	7 5 6 8
3335	6 7 4 1
3336	2 6 3 4
3337	4 7 5 3
3338	7 1 5 3
3339	1 6 2 5
3340	4 3 1 6
3341	2 6 1 3
3342	7 6 3 1
3343	6 3 4 1
3344	5 6 4 8
3345	5 6 8 7
3346	7 5 3 1
3347	7 2 5 4
3348	8 2 4 5
3349	8 2 3 1
3350	2 7 4 6
3351	7 6 8 3
3352	3 7 8 1
3353	5 1 3 6
3354	3 2 5 4
3355	6 7 3 4
3356	4 2 3 8
3357	2 3 8 7
3358	3 5 2 6
3359	4 6 5 7
3360	7 3 6 8
3361	1 5 4 6
3362	2 3 5 4
3363	6 2 4 5
3364	2 3 5 6
3365	8 3 4 2
3366	6 7 2 1
3367	8 7 3 4
3368	1 4 2 7
3369	6 8 3 4
3370	2 5 7 4
3371	1 2 8 6
3372	4 8 3 2
3373	7 6 5 8
3374	2 6 4 7
3375	5 7 8 2
3376	2 4 5 1
3377	4 1 5 2
3378	4 2 7 8
3379	5 7 4 1
3380	8 7 6 5
3381	3 4 7 8
3382	7 4 1 2
3383	2 7 5 4
3384	1 4 5 8
3385	4 2 7 5
3386	6 8 2 7
3387	2 1 8 6
3388	3 4 7 5
3389	4 2 5 1
3390	3 4 1 5
3391	3 5 6 7
3392	7 3 1 8
3393	1 7 5 2
3394	5 7 3 8
3395	8 4 1 7
3396	1 4 3 6
3397	6 3 7 5
3398	6 7 8 4
3399	5 1 7 3
3400	3 5 7 6
3401	4 7 6 2
3402	4 2 7 1
3403	2 6 1 5
3404	5 1 8 7
3405	1 4 2 5
3406	8 1 7 5
3407	6 3 4 7
3408	2 3 5 7
3409	1 5 2 8
3410	5 8 3 2
3411	1 5 4 2
3412	6 4 7 8
3413	6 2 3 8
3414	5 3 4 8
3415	4 8 5 7
3416	2 8 4 7
3417	2 4 5 6
3418	8 1 6 7
3419	2 3 7 6
3420	5 8 4 2
3421	6 3 1 2
3422	5 4 6 1
3423	4 1 2 5
3424	6 5 4 2
3425	3 6 8 2
3426	6 5 8 7
3427	5 2 6 3
3428	3 7 8 2
3429	1 2 8 3
3430	6 5 4 3
3431	3 8 4 1
3432	1 3 4 8
3433	7 5 8 4
3434	6 8 5 4
3435	8 5 7 6
3436	6 8 4 7
3437	5 2 7 6
3438	1 4 2 3
3439	2 4 7 3
3440	3 2 8 5
3441	4 7 3 8
3442	2 7 1 6
3443	8 3 4 2
3444	1 7 2 3
3445	1 4 3 5
3446	6 2 8 1
3447	5 2 3 7
3448	4 8 1 5
3449	2 4 3 1
3450	3 8 5 7
3451	8 4 6 5
3452	7 1 6 5
3453	7 6 3 5
3454	3 5 8 1
3455	1 4 7 8
3456	8 4 7 5
3457	6 4 5 3
3458	2 8 6 3
3459	2 7 1 4
3460	4 7 8 2
3461	8 6 2 3
3462	1 7 4 5
3463	3 6 8 4
3464	5 6 4 8
3465	7 4 8 5
3466	4 5 1 3
3467	8 3 6 4
3468	1 2 4 3
3469	2 6 3 1
3470	6 8 1 4
3471	3 4 5 6
3472	5 8 3 2
3473	6 7 3 4
3474	2 1 5 4
3475	3 2 6 5
3476	8 1 3 4
3477	1 5 6 4
3478	1 8 6 5
3479	2 1 8 6
3480	6 5 7 1
3481	5 7 2 4
3482	5 7 6 1
3483	7 8 2 5
3484	5 1 6 8
3485	6 1 4 8
3486	7 4 1 2
3487	2 4 6 7
3488	5 6 3 7
3489	8 5 4 7
3490	7 8 2 4
3491	7 4 6 5
3492	7 5 8 2
3493	3 7 8 4
3494	2 6 3 1
3495	3 7 4 2
3496	6 7 8 3
3497	8 7 6 2
3498	3 4 8 6
3499	6 4 1 2
3500	4 8 3 1
3501	8 3 6 5
3502	5 1 7 2
3503	1 2 8 5
3504	1 7 3 5
3505	1 3 8 6
3506	1 3 2 8
3507	7 1 3 8
3508	1 4 7 3
3509	1 4 8 5
3510	2 5 7 8
3511	8 6 1 2
3512	3 1 6 7
3513	6 2 8 7
3514	7 6 3 2
3515	3 5 6 7
3516	7 3 6 2
3517	2 1 6 8
3518	6 7 8 5
3519	8 7 6 2
3520	6 7 2 4
3521	7 2 5 1
3522	6 1 7 3
3523	2 5 1 6
3524	6 8 5 1
3525	4 3 1 2
3526	6 1 7 3
3527	6 5 8 3
3528	2 4 5 6
3529	1 8 6 3
3530	2 5 6 7
3531	6 8 4 1
3532	3 7 2 1
3533	6 2 4 5
3534	6 4 7 8
3535	3 2 8 6
3536	1 3 8 2
3537	1 3 4 6
3538	2 6 3 4
3539	4 7 8 1
3540	2 5 1 6
3541	8 1 6 5
3542	6 7 4 2
3543	3 8 7 1
3544	5 3 7 8
3545	8 2 5 1
3546	8 5 2 3
3547	8 1 7 2
3548	5 2 7 6
3549	4 3 8 1
3550	6 2 1 8
3551	4 2 6 5
3552	3 4 8 5
3553	6 5 1 7
3554	2 3 7 8
3555	1 5 2 4
3556	2 7 8 1
3557	7 1 5 8
3558	1 3 6 5
3559	2 5 3 7
3560	5 2 1 6
3561	3 8 5 6
3562	7 5 3 8
3563	6 4 8 3
3564	2 7 8 5
3565	1 2 6 8
3566	4 3 5 8
3567	6 8 7 1
3568	8 6 7 4
3569	4 5 6 1
3570	4 5 1 3
3571	4 8 3 2
3572	1 7 2 5
3573	6 3 4 1
3574	1 3 7 2
3575	2 8 4 1
3576	1 4 3 5
3577	6 7 2 8
3578	8 1 5 4
3579	5 7 1 2
3580	6 4 8 3
3581	2 8 4 6
3582	6 4 1 8
3583	8 3 7 6
3584	1 4 2 5
3585	8 3 6 2
3586	7 8 5 3
3587	5 7 1 3
3588	6 3 1 4
3589	8 4 2 6
3590	1 2 7 3
3591	1 4 5 2
3592	1 6 8 2
3593	2 8 6 1
3594	5 3 7 4
3595	4 3 2 8
3596	6 1 3 2
3597	3 2 5 7
3598	6 1 5 8
3599	2 3 1 7
3600	3 8 4 7
3601	3 4 7 1
3602	4 2 6 8
3603	4 6 1 5
3604	3 1 4 8
3605	8 6 5 1
3606	5 7 6 1
3607	1 3 2 7
3608	1 4 3 6
3609	3 5 7 1
3610	2 5 8 1
3611	2 3 6 8
3612	2 7 1 3
3613	3 5 8 7
3614	2 3 8 1
3615	5 3 8 2
3616	6 2 1 5
3617	1 7 2 3
3618	7 1 4 6
3619	2 7 6 1
3620	8 4 5 3
3621	5 2 4 7
3622	6 1 2 8
3623	8 2 3 5
3624	5 3 7 2
3625	4 6 3 2
3626	8 1 7 4
3627	2 1 7 4
3628	3 7 1 2
3629	4 8 6 3
3630	3 1 2 8
3631	3 7 6 4
3632	8 6 7 3
3633	5 8 3 7
3634	7 4 2 3
3635	4 2 7 1
3636	2 1 3 8
3637	8 3 7 6
3638	8 6 7 1
3639	8 3 7 4
3640	6 4 5 3
3641	2 6 7 5
3642	6 5 3 2
3643	7 5 8 4
3644	4 6 8 5
3645	5 6 8 7
3646	8 6 4 3
3647	6 3 7 1
3648	3 4 1 8
3649	8 6 7 5
3650	7 8 5 1
3651	5 6 2 4
3652	1 4 7 5
3653	4 7 6 1
3654	6 3 2 1
3655	4 1 5 3
3656	8 1 5 6
3657	5 8 2 7
3658	7 5 8 3
3659	2 3 4 6
3660	8 1 5 4
3661	3 7 2 5
3662	4 8 3 5
3663	8 5 3 6
3664	8 6 4 2
3665	2 3 1 5
3666	3 5 7 2
3667	1 3 6 8
3668	8 3 7 6
3669	3 4 2 1
3670	5 1 3 7
3671	7 4 6 2
3672	7 4 8 2
3673	6 4 3 1
3674	7 2 1 8
3675	8 4 7 2
3676	5 4 2 3
3677	5 2 8 6
3678	6 7 3 5
3679	1 7 8 6
3680	4 3 1 7
3681	6 8 3 5
3682	8 7 4 5
3683	6 7 3 4
3684	7 6 4 2
3685	6 7 4 1
3686	4 8 6 5
3687	6 5 8 1
3688	7 8 3 6
3689	7 6 3 4
3690	7 3 8 5
3691	6 4 2 3
3692	1 2 3 5
3693	2 4 7 5
3694	7 5 1 6
3695	7 3 1 4
3696	3 7 6 5
3697	1 7 4 3
3698	3 1 7 2
3699	3 5 7 6
3700	4 7 6 2
3701	1 7 4 2
3702	4 6 5 3
3703	3 7 2 4
3704	2 4 5 1
3705	1 3 7 5
3706	2 8 7 5
3707	3 6 4 5
3708	2 6 8 3
3709	5 4 8 3
3710	6 5 4 3
3711	8 5 6 4
3712	7 6 3 8
3713	8 7 2 1
3714	4 3 5 8
3715	2 6 8 1
3716	7 1 2 5
3717	2 7 1 6
3718	6 7 3 4
3719	5 3 4 7
3720	2 6 8 5
3721	3 4 7 2
3722	1 2 5 8
3723	3 8 1 4
3724	1 4 8 3
3725	6 5 2 8
3726	7 3 1 6
3727	2 5 1 4
3728	8 5 4 2
3729	4 3 5 8
3730	8 3 5 1
3731	5 2 3 6
3732	5 8 7 4
3733	8 6 7 1
3734	1 3 2 6
3735	4 1 3 7
3736	7 4 1 3
3737	4 6 5 8
3738	2 6 8 3
3739	2 8 4 1
3740	3 2 8 1
3741	1 3 8 7
3742	6 7 4 5
3743	4 1 5 3
3744	3 8 5 1
3745	5 1 3 7
3746	2 3 1 5
3747	2 5 3 4
3748	8 6 7 3
3749	8 3 5 2
3750	4 5 2 3
3751	5 3 4 8
3752	8 1 4 3
3753	8 2 5 3
3754	8 4 6 5
3755	7 2 3 5
3756	4 8 5 7
3757	2 3 8 6
3758	1 5 2 6
3759	4 6 7 1
3760	4 5 2 3
3761	6 7 4 5
3762	7 2 3 5
3763	2 7 5 6
3764	4 8 7 3
3765	7 6 5 3
3766	8 6 3 2
3767	5 7 4 1
3768	5 8 3 1
3769	1 7 8 3
3770	3 6 7 8
3771	6 7 2 8
3772	7 6 8 2
3773	1 3 5 7
3774	7 1 2 3
3775	7 2 5 8
3776	4 5 1 8
3777	5 4 3 1
3778	8 4 7 5
3779	6 2 8 1
3780	8 3 4 6
3781	7 6 5 4
3782	6 1 8 4
3783	7 5 2 6
3784	7 4 2 8
3785	6 2 3 5
3786	2 1 3 4
3787	7 3 6 8
3788	5 6 1 3
3789	2 7 4 5
3790	8 7 4 5
3791	6 5 4 7
3792	5 8 3 4
3793	2 1 4 8
3794	2 1 3 7
3795	6 8 5 3
3796	6 7 4 8
3797	6 5 2 7
3798	1 4 7 3
3799	6 2 8 1
3800	8 1 5 2
3801	6 4 5 8
3802	2 4 7 1
3803	7 4 2 8
3804	6 5 2 1
3805	2 6 5 3
3806	6 8 4 7
3807	6 4 8 2
3808	2 7 6 5
3809	6 1 3 8
3810	2 3 7 1
3811	4 1 5 7
3812	1 4 2 8
3813	7 1 6 5
3814	2 4 7 8
3815	3 4 6 5
3816	5 6 7 2
3817	2 6 4 5
3818	5 2 8 7
3819	6 5 2 8
3820	7 3 1 2
3821	7 4 8 6
3822	5 4 6 8
3823	5 7 3 1
3824	2 7 8 1
3825	2 6 3 5
3826	6 7 3 5
3827	1 4 2 7
3828	7 1 4 3
3829	7 8 1 6
3830	5 3 7 4
3831	8 2 7 3
3832	3 2 6 7
3833	1 5 2 4
3834	7 8 3 6
3835	6 1 5 4
3836	1 2 6 7
3837	5 2 8 4
3838	4 2 5 7
3839	5 3 4 1
3840	8 3 7 6
3841	2 3 5 6
3842	1 2 7 8
3843	2 6 3 8
3844	4 7 3 1
3845	5 4 6 7
3846	7 8 2 1
3847	8 7 3 6
3848	3 8 2 5
3849	2 3 4 8
3850	8 4 5 7
3851	6 1 2 4
3852	5 6 2 3
3853	4 8 1 6
3854	7 8 5 3
3855	3 4 8 6
3856	3 2 4 1
3857	6 2 3 8
3858	3 2 5 1
3859	8 3 4 7
3860	3 7 5 4
3861	8 1 7 2
3862	4 3 7 5
3863	1 6 5 4
3864	3 8 7 5
3865	8 4 6 3
3866	4 7 3 2
3867	1 6 5 2
3868	3 1 8 2
3869	3 2 5 1
3870	4 5 6 7
3871	2 3 4 7
3872	4 5 3 2
3873	7 1 2 3
3874	1 7 3 4
3875	8 5 7 4
3876	3 6 5 2
3877	1 2 4 3
3878	6 5 3 2
3879	4 5 7 2
3880	4 2 8 5
3881	4 7 2 1
3882	2 3 6 4
3883	1 2 6 4
3884	6 4 5 3
3885	5 4 1 2
3886	6 7 1 8
3887	4 6 7 5
3888	7 3 4 5
3889	6 4 7 5
3890	2 8 4 1
3891	7 5 8 6
3892	8 7 6 5
3893	2 3 7 1
3894	1 5 8 3
3895	6 5 8 3
3896	1 3 4 7
3897	6 3 8 5
3898	3 4 6 5
3899	6 2 5 7
3900	4 6 8 3
3901	4 8 6 5
3902	5 2 1 8
3903	3 6 2 5
3904	3 6 8 4
3905	5 2 8 1
3906	5 8 2 3
3907	3 6 1 8
3908	8 2 1 5
3909	5 6 4 7
3910	5 3 6 4
3911	1 8 4 7
3912	3 6 4 1
3913	6 5 3 7
3914	3 7 1 8
3915	8 2 7 4
3916	6 7 1 8
3917	7 8 1 5
3918	7 5 4 8
3919	2 4 6 1
3920	1 5 7 2
3921	5 2 3 4
3922	2 1 7 4
3923	6 4 5 1
3924	6 7 4 1
3925	8 1 7 5
3926	2 4 8 1
3927	4 2 5 1
3928	8 7 2 3
3929	8 4 1 6
3930	8 7 4 3
3931	3 2 4 6
3932	6 8 5 7
3933	5 2 1 8
3934	2 5 1 3
3935	1 2 4 7
3936	6 1 3 5
3937	5 8 7 3
3938	2 6 3 4
3939	1 2 8 3
3940	8 4 2 3
3941	1 8 4 6
3942	6 2 8 4
3943	1 7 5 8
3944	2 8 4 3
3945	5 4 7 1
3946	8 7 3 6
3947	4 8 6 5
3948	4 2 6 1
3949	7 1 3 4
3950	8 3 2 6
3951	8 5 3 6
3952	4 2 7 3
3953	8 2 5 4
3954	8 1 3 5
3955	6 8 3 7
3956	5 3 4 8
3957	8 1 4 7
3958	3 4 6 1
3959	7 4 2 3
3960	1 2 4 8
3961	3 5 6 8
3962	3 5 1 8
3963	7 6 8 5
3964	8 3 7 1
3965	7 6 8 4
3966	2 4 8 1
3967	3 8 5 7
3968	6 1 5 4
3969	4 5 6 8
3970	4 8 5 7
3971	2 8 7 5
3972	6 7 2 3
3973	8 1 5 3
3974	1 7 5 3
3975	7 3 4 2
3976	5 1 6 8
3977	4 3 1 7
3978	6 1 4 8
3979	7 8 3 2
3980	1 3 7 4
3981	5 4 2 1
3982	6 2 5 1
3983	5 7 4 3
3984	6 7 1 4
3985	7 3 1 8
3986	2 7 3 6
3987	5 1 4 3
3988	2 5 1 7
3989	6 2 4 1
3990	2 1 5 3
3991	7 5 3 1
3992	1 4 6 3
3993	4 6 5 3
3994	7 1 8 6
3995	5 3 8 4
3996	2 4 6 5
3997	3 6 5 8
3998	7 4 3 5
3999	5 4 2 7
4000	1 2 8 6
