Students	5000
1	2 8 6 5
2	7 8 5 2
3	8 6 7 3
4	2 8 6 3
5	4 2 1 7
6	6 4 5 1
7	8 2 4 1
8	6 7 3 1
9	7 3 8 5
10	8 7 5 1
11	4 2 7 3
12	3 4 1 5
13	3 8 5 7
14	6 3 8 4
15	6 4 5 8
16	6 1 7 3
17	3 7 6 8
18	2 3 7 1
19	7 8 2 3
20	8 2 3 1
21	7 5 3 8
22	5 7 4 1
23	2 1 3 4
24	1 2 5 4
25	8 5 6 2
26	4 3 5 6
27	8 3 2 7
28	7 5 4 6
29	8 6 7 5
30	1 5 4 7
31	4 8 2 6
32	3 4 1 2
33	7 1 3 2
34	8 5 2 6
35	3 6 4 2
36	3 4 7 2
37	2 1 6 5
38	1 6 8 2
39	6 8 7 2
40	8 2 4 6
41	7 3 1 2
42	6 1 2 4
43	3 7 5 4
44	8 6 2 5
45	1 3 2 6
46	8 7 4 6
47	7 2 4 6
48	1 8 4 7
49	1 2 6 4
50	1 7 6 8
51	6 1 7 3
52	5 6 1 7
53	5 4 8 7
54	2 4 3 6
55	2 8 3 6
56	3 2 1 5
57	1 4 6 8
58	8 1 2 7
59	2 6 7 1
60	7 3 6 1
61	3 4 6 5
62	4 5 2 6
63	6 2 5 4
64	5 6 8 2
65	3 8 4 5
66	1 2 3 6
67	8 4 1 5
68	7 5 1 2
69	5 8 3 4
70	5 4 6 7
71	8 6 2 3
72	8 2 6 1
73	5 4 1 2
74	5 8 2 6
75	8 7 6 3
76	1 6 7 5
77	3 2 5 1
78	1 3 5 4
79	2 3 8 1
80	8 7 6 3
81	8 6 5 3
82	4 1 8 7
83	5 2 8 1
84	6 7 5 4
85	4 2 8 7
86	3 5 1 7
87	3 1 8 4
88	8 6 4 2
89	5 7 1 4
90	5 4 6 2
91	3 2 6 5
92	5 1 2 6
93	2 5 4 7
94	3 4 5 2
95	7 4 6 1
96	4 3 2 8
97	6 8 5 3
98	4 6 3 2
99	2 7 3 5
100	1 7 5 4
101	5 8 4 7
102	1 6 7 2
103	1 2 3 4
104	3 2 5 4
105	7 6 1 4
106	4 5 7 6
107	1 6 7 3
108	5 4 6 2
109	1 2 4 6
110	5 2 8 7
111	4 3 7 6
112	3 8 5 2
113	1 2 8 7
114	8 5 4 6
115	4 2 7 8
116	6 1 3 5
117	8 5 7 4
118	3 8 1 4
119	8 5 3 2
120	3 1 8 4
121	3 8 4 2
122	2 6 1 5
123	5 1 4 7
124	2 3 6 5
125	1 7 2 8
126	2 1 8 5
127	8 6 4 2
128	7 6 8 4
129	1 6 2 5
130	4 6 8 7
131	1 8 2 5
132	8 4 5 7
133	7 3 8 6
134	7 8 5 2
135	7 1 5 2
136	4 1 5 3
137	4 8 2 3
138	1 5 2 7
139	7 6 4 8
140	2 3 6 5
141	6 7 3 4
142	1 7 2 3
143	6 7 4 3
144	1 4 6 3
145	4 7 2 3
146	3 4 7 5
147	4 3 2 5
148	8 4 1 2
149	1 7 6 3
150	6 4 5 7
151	5 7 1 6
152	5 4 8 6
153	6 2 8 7
154	6 4 1 3
155	6 5 7 4
156	3 7 4 8
157	4 5 3 8
158	1 3 7 8
159	7 1 6 5
160	2 5 3 6
161	4 2 7 3
162	5 4 1 8
163	8 7 2 6
164	3 6 5 1
165	2 3 6 7
166	5 2 8 4
167	5 1 7 8
168	4 2 6 5
169	5 1 6 7
170	1 5 4 8
171	7 4 5 8
172	7 6 8 1
173	7 8 6 1
174	7 3 5 8
175	2 4 7 3
176	1 8 6 5
177	4 7 1 2
178	7 3 2 1
179	4 6 8 7
180	3 6 7 1
181	3 2 6 1
182	7 5 1 4
183	4 5 7 8
184	2 6 1 3
185	7 6 5 3
186	5 3 6 1
187	5 1 8 2
188	2 5 1 8
189	1 2 3 5
190	3 2 4 8
191	7 2 3 4
192	4 7 6 8
193	3 5 7 4
194	2 3 1 8
195	5 4 1 2
196	4 7 3 6
197	7 8 6 3
198	1 2 3 4
199	3 5 8 2
200	5 2 7 3
201	5 7 4 1
202	8 6 4 3
203	2 7 4 1
204	7 2 8 5
205	3 7 5 1
206	7 5 1 6
207	4 6 7 5
208	5 1 8 4
209	3 2 8 1
210	1 5 6 4
211	2 6 4 5
212	4 8 1 6
213	7 2 5 8
214	7 5 8 2
215	6 2 7 1
216	6 8 4 5
217	5 6 2 3
218	2 6 4 1
219	3 2 6 4
220	6 5 8 2
221	4 8 1 6
222	3 2 8 7
223	4 8 1 7
224	8 5 2 3
225	7 6 3 8
226	5 7 1 3
227	2 1 4 3
228	2 7 1 8
229	4 5 7 6
230	3 2 4 7
231	7 2 8 4
232	2 1 3 7
233	5 8 6 2
234	6 3 5 7
235	1 8 6 7
236	1 6 8 4
237	7 4 2 3
238	7 1 5 8
239	2 8 5 7
240	2 5 7 6
241	1 4 8 6
242	4 6 8 5
243	3 6 8 5
244	6 3 1 5
245	4 3 1 8
246	1 6 3 4
247	1 5 2 4
248	6 3 7 5
249	5 2 4 1
250	3 4 8 1
251	3 6 7 4
252	1 3 2 8
253	2 3 5 4
254	8 2 4 3
255	8 5 4 3
256	7 2 8 5
257	6 4 8 7
258	4 8 3 7
259	8 4 3 1
260	7 6 2 4
261	2 6 5 1
262	8 2 5 7
263	4 8 5 1
264	6 4 2 5
265	6 3 1 4
266	1 2 4 5
267	7 3 4 2
268	7 5 2 3
269	4 8 7 6
270	6 5 1 3
271	6 2 5 8
272	4 3 7 8
273	6 7 2 8
274	3 7 1 2
275	8 4 6 3
276	1 8 3 2
277	6 1 8 4
278	5 6 1 2
279	8 6 2 3
280	1 4 2 8
281	5 3 1 8
282	2 6 1 3
283	8 6 7 1
284	4 6 2 7
285	4 7 1 5
286	8 3 5 4
287	7 8 2 5
288	2 7 1 4
289	8 3 5 2
290	3 7 5 2
291	4 8 7 6
292	4 1 3 6
293	2 4 8 6
294	2 5 8 3
295	6 8 2 3
296	5 3 6 4
297	8 7 1 2
298	3 7 5 1
299	7 3 8 5
300	4 6 8 5
301	2 5 1 8
302	5 7 4 3
303	8 7 1 3
304	5 4 2 3
305	8 3 1 7
306	5 3 6 1
307	7 3 2 4
308	8 7 3 5
309	3 7 5 8
310	8 1 3 6
311	6 1 5 7
312	2 5 1 3
313	5 2 8 6
314	1 8 2 6
315	1 8 3 7
316	3 8 1 5
317	3 8 1 5
318	7 2 4 1
319	8 7 4 1
320	4 6 1 2
321	5 2 1 8
322	1 8 7 3
323	8 3 7 1
324	1 2 8 5
325	4 7 6 8
326	3 6 1 2
327	3 5 8 4
328	2 4 5 7
329	4 1 2 5
330	7 4 5 1
331	2 4 8 5
332	7 5 3 6
333	2 6 8 1
334	4 5 7 8
335	5 4 1 3
336	5 7 6 1
337	6 2 3 8
338	6 7 1 4
339	2 4 8 6
340	6 2 3 1
341	8 4 2 5
342	2 1 7 6
343	8 1 6 5
344	3 8 1 7
345	1 7 4 5
346	5 7 2 8
347	2 4 6 1
348	6 1 2 5
349	4 6 8 5
350	2 3 6 1
351	4 7 8 2
352	1 4 6 2
353	8 3 7 5
354	7 6 5 3
355	3 2 1 7
356	1 3 2 4
357	7 8 6 1
358	1 5 2 7
359	5 7 3 1
360	5 1 8 3
361	7 4 8 3
362	1 8 2 6
363	8 4 5 3
364	2 8 4 5
365	8 4 3 2
366	5 4 1 3
367	3 4 7 6
368	3 1 8 5
369	6 2 5 4
370	8 5 1 3
371	7 1 8 3
372	2 1 4 6
373	7 6 4 8
374	3 1 4 8
375	2 1 6 5
376	4 8 6 1
377	5 3 4 6
378	7 4 3 5
379	8 5 3 2
380	3 2 1 8
381	4 6 2 7
382	7 5 4 8
383	3 5 6 8
384	2 1 7 8
385	4 6 3 2
386	8 7 6 4
387	5 3 4 7
388	6 5 2 4
389	1 6 3 5
390	6 1 8 3
391	5 3 1 6
392	8 3 1 5
393	2 5 1 7
394	4 3 1 7
395	7 1 5 6
396	4 7 2 3
397	5 8 3 1
398	5 4 2 8
399	1 2 8 7
400	8 5 7 2
401	2 7 1 4
402	7 8 6 3
403	2 5 3 4
404	4 1 8 3
405	5 8 1 6
406	2 6 8 1
407	6 5 1 4
408	1 2 7 8
409	3 2 1 6
410	6 4 3 5
411	8 3 5 6
412	4 1 6 3
413	4 2 8 6
414	6 5 7 1
415	1 4 2 6
416	2 1 3 6
417	6 5 2 4
418	6 5 3 2
419	3 7 2 8
420	2 5 4 1
421	2 5 7 3
422	2 4 3 8
423	1 4 5 6
424	7 5 6 8
425	3 5 2 4
426	4 7 5 1
427	6 4 8 3
428	1 2 7 3
429	1 4 7 5
430	2 3 4 5
431	1 2 8 4
432	1 4 7 8
433	2 3 5 8
434	4 2 3 6
435	6 2 8 3
436	5 4 1 8
437	8 5 1 6
438	5 4 3 6
439	3 1 6 5
440	5 2 7 1
441	7 5 2 3
442	3 7 1 6
443	1 8 3 2
444	6 1 3 5
445	5 3 4 2
446	3 5 2 4
447	6 2 7 8
448	3 1 6 5
449	1 7 6 8
450	8 5 4 3
451	1 4 8 5
452	3 7 6 2
453	3 8 7 2
454	3 8 2 6
455	8 7 4 1
456	7 2 3 6
457	2 6 3 5
458	6 8 1 7
459	3 4 6 2
460	1 7 6 8
461	1 7 2 6
462	2 1 5 4
463	2 4 6 8
464	6 1 3 2
465	8 5 1 6
466	5 2 6 7
467	8 6 7 2
468	5 8 3 7
469	5 4 7 2
470	5 2 4 1
471	2 6 1 3
472	1 4 8 7
473	3 5 1 8
474	7 2 4 6
475	4 1 7 3
476	2 7 1 5
477	6 8 7 3
478	8 6 4 3
479	7 5 3 1
480	7 8 2 6
481	8 1 2 7
482	2 7 6 3
483	8 3 5 1
484	1 3 8 7
485	2 1 3 8
486	4 6 3 8
487	5 1 8 3
488	3 6 7 5
489	7 6 8 4
490	6 4 3 5
491	4 3 1 7
492	6 4 2 5
493	4 5 6 3
494	7 2 3 1
495	1 2 7 4
496	4 6 8 1
497	5 1 2 8
498	3 5 8 2
499	3 4 7 6
500	1 2 4 8
501	5 4 3 2
502	2 7 1 8
503	6 7 4 1
504	6 1 7 5
505	4 7 2 8
506	1 5 6 4
507	5 4 7 3
508	1 4 3 5
509	2 3 7 4
510	2 4 1 5
511	4 2 1 8
512	1 6 8 3
513	3 5 6 1
514	4 7 8 5
515	6 8 3 2
516	6 3 7 1
517	5 1 3 7
518	2 4 1 5
519	4 8 5 7
520	4 8 5 7
521	4 2 6 8
522	8 2 7 6
523	3 6 5 8
524	6 5 8 7
525	2 7 6 4
526	3 2 1 6
527	6 1 3 5
528	4 6 8 2
529	1 5 2 6
530	3 4 5 1
531	8 1 6 7
532	2 7 8 6
533	6 8 7 3
534	6 8 1 3
535	2 3 6 5
536	2 4 1 6
537	1 6 4 8
538	6 2 1 4
539	8 1 2 6
540	4 8 7 1
541	7 5 1 8
542	6 4 7 3
543	6 1 8 7
544	5 2 7 4
545	4 7 3 5
546	7 5 3 2
547	4 8 2 3
548	1 6 7 2
549	1 2 6 7
550	7 4 1 6
551	7 3 2 5
552	1 3 5 4
553	1 5 4 8
554	6 1 5 7
555	7 8 3 2
556	4 5 6 3
557	2 3 1 4
558	5 8 7 1
559	3 1 8 5
560	1 7 4 8
561	7 5 1 4
562	5 7 1 4
563	6 2 4 5
564	6 1 5 2
565	5 1 7 8
566	4 5 1 7
567	7 5 6 4
568	6 4 5 7
569	1 3 6 2
570	8 4 1 3
571	8 4 5 2
572	3 7 1 8
573	1 2 7 5
574	2 3 4 7
575	5 6 3 7
576	7 1 3 2
577	7 5 3 4
578	6 2 3 4
579	5 6 4 3
580	1 4 2 7
581	1 6 8 5
582	1 3 8 4
583	6 3 4 8
584	6 4 5 1
585	7 1 6 3
586	2 3 4 5
587	8 4 3 5
588	1 5 7 8
589	4 1 5 7
590	5 8 6 3
591	6 3 1 8
592	5 8 1 4
593	6 2 7 3
594	7 2 8 6
595	2 8 4 6
596	8 1 6 5
597	4 5 8 3
598	7 1 2 3
599	7 4 2 5
600	6 5 4 2
601	8 2 3 6
602	2 8 3 5
603	5 8 7 6
604	3 8 4 7
605	6 4 8 3
606	4 8 2 1
607	1 6 3 2
608	3 2 1 7
609	6 8 3 4
610	7 6 3 5
611	7 6 4 3
612	1 4 8 3
613	5 8 4 1
614	6 2 1 7
615	2 1 7 4
616	6 2 1 3
617	3 2 8 5
618	3 2 1 7
619	5 8 7 4
620	8 7 6 1
621	6 2 8 3
622	4 8 2 6
623	6 2 7 4
624	8 4 6 2
625	1 8 7 3
626	6 3 8 1
627	2 4 6 3
628	1 5 3 6
629	3 2 4 5
630	6 7 8 4
631	5 4 6 1
632	2 5 6 4
633	1 6 5 7
634	8 4 2 7
635	7 4 1 3
636	6 8 1 5
637	4 6 3 1
638	5 1 6 4
639	4 3 1 2
640	7 4 8 1
641	2 6 1 4
642	6 1 7 8
643	2 4 5 6
644	2 8 1 3
645	8 7 5 3
646	8 4 1 7
647	3 8 5 2
648	6 1 3 4
649	2 8 6 1
650	3 4 7 5
651	5 7 4 6
652	8 5 3 4
653	2 4 8 5
654	5 2 7 1
655	7 6 2 1
656	6 2 5 4
657	2 3 7 8
658	3 1 7 8
659	4 8 5 1
660	2 1 8 5
661	1 3 2 6
662	3 7 2 1
663	4 8 6 5
664	6 3 4 5
665	7 1 5 4
666	1 5 7 3
667	7 8 6 2
668	4 7 8 1
669	6 3 2 4
670	4 8 2 6
671	7 2 5 3
672	7 2 4 8
673	6 2 8 5
674	8 7 1 6
675	7 3 1 8
676	6 4 8 1
677	6 2 3 1
678	7 2 8 4
679	4 6 1 7
680	4 3 5 2
681	6 5 1 8
682	3 1 8 2
683	1 4 5 3
684	5 8 3 1
685	8 6 3 2
686	4 5 6 7
687	1 4 8 6
688	5 2 7 3
689	8 1 5 6
690	8 1 2 4
691	1 5 8 2
692	7 6 4 5
693	1 2 7 8
694	1 4 7 5
695	1 3 2 5
696	7 6 2 1
697	6 5 3 2
698	6 1 5 3
699	6 4 2 5
700	1 8 7 4
701	8 3 6 1
702	6 4 7 5
703	1 8 4 7
704	6 4 5 1
705	3 7 8 1
706	8 4 6 3
707	7 3 6 5
708	7 6 5 4
709	8 2 1 6
710	5 6 8 7
711	2 3 4 1
712	8 3 6 4
713	4 3 6 5
714	8 2 7 3
715	8 5 2 7
716	2 1 5 7
717	3 6 5 4
718	8 3 4 2
719	4 1 7 5
720	4 5 3 1
721	5 7 3 4
722	6 4 3 8
723	6 3 2 7
724	2 1 4 8
725	1 5 4 7
726	6 4 8 3
727	1 8 3 4
728	5 7 3 1
729	2 3 8 6
730	3 6 4 8
731	8 5 4 7
732	5 8 4 6
733	8 6 5 7
734	8 3 6 5
735	2 6 5 7
736	6 8 4 3
737	7 4 6 1
738	6 1 8 7
739	6 1 2 8
740	5 8 6 1
741	2 5 3 7
742	6 1 4 8
743	2 1 3 4
744	8 4 3 1
745	5 1 6 8
746	3 6 4 5
747	5 4 6 1
748	2 7 6 5
749	7 6 2 1
750	3 7 5 6
751	5 1 4 7
752	1 4 3 7
753	2 3 4 1
754	7 8 6 5
755	3 1 6 7
756	5 8 3 2
757	2 1 6 8
758	7 4 2 6
759	1 3 5 4
760	2 7 1 3
761	1 6 4 2
762	8 3 5 4
763	4 2 1 3
764	6 2 4 1
765	6 2 5 8
766	2 8 3 6
767	5 3 7 4
768	8 3 1 2
769	6 4 5 2
770	3 4 2 6
771	4 3 7 8
772	5 1 3 2
773	4 8 6 7
774	5 7 3 6
775	2 7 8 3
776	2 1 7 5
777	7 5 4 8
778	8 7 6 4
779	2 1 4 7
780	2 6 1 7
781	1 2 5 6
782	2 7 1 8
783	4 5 1 3
784	7 5 6 3
785	3 4 7 1
786	8 3 6 2
787	6 3 5 4
788	1 8 7 3
789	5 1 6 7
790	6 4 5 3
791	6 4 1 8
792	5 1 3 8
793	8 7 3 5
794	8 6 4 2
795	2 5 8 1
796	8 6 3 1
797	5 3 7 1
798	2 5 3 6
799	2 4 3 8
800	3 4 6 1
801	5 3 8 6
802	1 7 4 2
803	3 6 4 2
804	2 7 1 4
805	2 5 3 8
806	1 3 8 5
807	2 5 8 7
808	4 2 5 3
809	3 5 8 7
810	6 3 5 1
811	1 2 8 6
812	6 8 2 4
813	1 6 2 5
814	1 3 8 4
815	3 4 7 6
816	4 5 2 3
817	2 7 8 3
818	4 8 7 6
819	5 4 6 8
820	1 6 4 2
821	3 1 8 2
822	6 8 5 4
823	3 2 6 4
824	6 3 8 5
825	6 1 3 7
826	7 3 5 6
827	1 2 8 3
828	6 7 3 1
829	5 4 1 6
830	8 7 3 2
831	1 5 8 7
832	4 3 6 1
833	2 3 8 6
834	5 6 8 4
835	1 2 3 7
836	4 5 2 1
837	6 4 1 8
838	7 3 4 2
839	6 5 3 8
840	2 3 4 6
841	4 6 5 2
842	7 8 6 2
843	8 3 5 2
844	8 5 7 6
845	5 7 6 1
846	2 1 7 5
847	7 4 6 1
848	4 8 5 2
849	7 8 3 1
850	7 3 5 8
851	7 2 1 6
852	1 6 3 5
853	5 4 2 6
854	8 3 5 6
855	1 8 4 7
856	7 4 2 6
857	5 4 7 1
858	8 5 1 3
859	3 5 2 6
860	1 2 4 7
861	4 5 2 1
862	8 7 5 6
863	8 7 6 2
864	1 3 2 5
865	8 5 7 2
866	2 1 7 5
867	6 8 5 4
868	3 7 5 2
869	7 1 8 2
870	7 5 4 1
871	8 3 7 1
872	2 7 3 5
873	1 3 5 6
874	5 8 1 6
875	4 5 1 7
876	5 6 1 2
877	7 4 5 8
878	3 8 4 2
879	5 1 3 7
880	7 6 5 8
881	1 4 5 2
882	5 3 4 7
883	2 4 3 8
884	3 7 2 1
885	1 6 2 5
886	1 3 8 7
887	1 3 5 2
888	4 8 1 6
889	8 2 6 3
890	8 3 2 1
891	4 6 5 3
892	7 6 2 4
893	6 2 4 5
894	3 8 6 4
895	1 2 6 7
896	2 3 1 4
897	6 8 3 1
898	1 3 6 2
899	6 1 8 2
900	5 3 6 7
901	1 4 3 5
902	3 8 4 2
903	2 7 5 1
904	8 7 4 6
905	7 8 6 2
906	4 1 8 3
907	2 8 3 5
908	4 6 5 7
909	5 1 3 4
910	2 7 8 3
911	6 7 1 8
912	2 5 4 1
913	1 6 4 2
914	3 7 8 2
915	6 1 4 8
916	6 1 3 4
917	2 8 6 5
918	7 4 1 8
919	6 3 4 8
920	1 5 8 3
921	2 8 6 5
922	4 2 5 6
923	5 2 4 8
924	2 3 8 7
925	1 6 7 8
926	1 5 3 2
927	1 3 8 5
928	4 1 5 6
929	5 8 7 2
930	5 2 7 8
931	7 6 4 2
932	7 6 2 3
933	3 5 4 6
934	1 8 3 4
935	8 5 2 4
936	2 7 8 6
937	6 3 2 4
938	2 8 1 3
939	2 5 6 7
940	4 2 7 3
941	2 6 3 4
942	6 4 7 1
943	7 3 6 1
944	3 8 7 2
945	1 6 2 8
946	6 4 2 8
947	1 2 5 7
948	6 8 4 3
949	6 4 3 1
950	6 7 5 1
951	1 2 7 5
952	3 5 6 2
953	3 5 8 4
954	6 1 7 2
955	3 5 2 8
956	8 2 5 1
957	3 7 1 8
958	8 3 4 1
959	7 6 5 8
960	2 1 8 3
961	5 8 2 1
962	6 3 1 4
963	3 6 2 5
964	8 1 2 4
965	5 8 6 2
966	7 6 3 5
967	3 5 8 6
968	1 3 6 2
969	7 1 3 4
970	7 3 6 8
971	6 5 4 8
972	6 5 8 4
973	5 6 3 1
974	3 5 7 2
975	8 4 1 6
976	3 6 4 1
977	1 6 4 5
978	3 2 5 1
979	7 8 4 3
980	3 1 8 4
981	4 6 5 1
982	8 3 6 2
983	4 3 7 2
984	7 1 3 2
985	8 4 1 5
986	2 3 8 1
987	5 1 8 7
988	7 5 3 8
989	3 7 6 4
990	1 4 6 5
991	4 8 1 5
992	6 5 2 3
993	2 8 5 1
994	6 1 2 7
995	3 5 4 6
996	8 4 2 6
997	7 2 1 8
998	1 7 8 4
999	4 8 2 6
1000	7 8 4 1
1001	3 6 1 5
1002	6 3 5 8
1003	3 6 7 1
1004	6 5 4 1
1005	8 4 2 6
1006	5 6 8 4
1007	4 1 3 2
1008	7 8 3 1
1009	8 5 4 1
1010	7 3 5 8
1011	2 4 5 1
1012	4 5 6 8
1013	5 6 7 3
1014	3 5 4 2
1015	1 5 3 7
1016	3 6 8 1
1017	2 6 4 8
1018	6 1 4 2
1019	3 1 4 7
1020	4 2 8 7
1021	3 8 4 5
1022	4 1 7 2
1023	1 4 2 8
1024	1 8 7 3
1025	8 4 3 7
1026	1 7 2 4
1027	7 3 4 5
1028	5 2 7 4
1029	7 2 5 3
1030	8 1 2 5
1031	3 6 4 8
1032	3 2 6 5
1033	4 2 3 7
1034	8 7 4 2
1035	8 4 5 6
1036	5 2 4 6
1037	4 2 6 5
1038	5 6 1 8
1039	5 2 8 7
1040	4 8 3 2
1041	5 1 6 7
1042	1 7 6 4
1043	2 5 6 8
1044	1 4 2 3
1045	4 3 8 7
1046	4 1 3 8
1047	1 7 6 8
1048	1 2 5 3
1049	1 8 5 2
1050	7 6 8 5
1051	1 8 7 2
1052	6 1 5 8
1053	1 4 6 8
1054	8 1 3 5
1055	2 7 8 3
1056	4 2 3 6
1057	7 4 2 5
1058	3 2 8 4
1059	2 8 7 4
1060	6 5 3 2
1061	2 7 8 1
1062	8 3 1 6
1063	2 5 7 1
1064	3 4 8 6
1065	6 4 7 8
1066	4 8 3 2
1067	4 6 7 3
1068	3 2 7 4
1069	6 7 3 2
1070	2 8 4 1
1071	4 2 7 8
1072	7 8 2 1
1073	7 2 3 6
1074	8 1 6 3
1075	1 5 6 8
1076	5 7 4 6
1077	7 4 3 2
1078	7 5 8 2
1079	7 5 2 1
1080	2 1 7 5
1081	2 1 4 3
1082	1 3 8 2
1083	6 5 8 4
1084	8 1 4 7
1085	8 7 5 1
1086	5 4 2 7
1087	6 3 4 7
1088	4 2 3 1
1089	6 4 2 8
1090	5 3 1 7
1091	8 4 3 1
1092	7 6 2 8
1093	1 5 8 3
1094	2 1 7 4
1095	4 5 3 6
1096	4 2 8 7
1097	6 4 3 7
1098	8 7 3 1
1099	5 8 4 6
1100	3 4 6 2
1101	4 6 2 1
1102	5 3 8 6
1103	8 2 4 7
1104	5 3 1 7
1105	5 7 3 4
1106	7 3 8 5
1107	2 6 1 4
1108	3 6 2 4
1109	4 2 1 5
1110	7 5 1 8
1111	6 2 4 5
1112	7 8 6 5
1113	8 2 7 3
1114	4 7 1 2
1115	4 3 1 8
1116	6 1 7 3
1117	1 7 5 3
1118	5 3 8 6
1119	3 1 5 2
1120	3 1 2 6
1121	2 4 8 5
1122	4 2 6 7
1123	4 3 5 7
1124	7 2 4 1
1125	3 7 4 5
1126	4 6 1 5
1127	5 8 4 2
1128	1 6 5 8
1129	1 8 2 4
1130	2 4 5 1
1131	2 3 6 7
1132	8 4 3 2
1133	4 8 2 1
1134	7 3 4 1
1135	7 5 3 2
1136	3 8 6 7
1137	7 2 3 6
1138	7 2 4 3
1139	1 4 5 8
1140	5 6 2 7
1141	7 8 3 6
1142	3 8 5 2
1143	3 1 7 4
1144	1 6 5 7
1145	6 4 7 3
1146	4 8 3 2
1147	6 8 2 7
1148	1 2 7 3
1149	5 4 1 6
1150	8 5 6 3
1151	8 2 7 4
1152	1 6 8 3
1153	7 6 2 8
1154	5 2 3 1
1155	6 4 1 2
1156	7 5 2 6
1157	8 1 7 6
1158	7 4 3 2
1159	1 5 4 3
1160	2 1 5 8
1161	8 3 7 1
1162	1 6 4 7
1163	2 6 7 8
1164	1 6 4 2
1165	5 8 2 3
1166	7 8 4 2
1167	4 7 8 3
1168	8 5 2 3
1169	1 5 8 6
1170	8 7 5 4
1171	7 2 8 1
1172	5 4 3 6
1173	6 2 4 1
1174	5 2 8 4
1175	8 1 5 4
1176	4 5 7 1
1177	7 8 5 4
1178	3 2 1 4
1179	2 6 7 4
1180	8 2 4 3
1181	8 1 3 6
1182	4 2 1 7
1183	6 3 2 1
1184	3 4 8 5
1185	4 1 6 7
1186	5 6 4 8
1187	5 1 4 3
1188	7 5 6 3
1189	6 3 2 7
1190	5 1 6 8
1191	6 5 4 1
1192	1 8 4 3
1193	6 7 1 8
1194	3 8 5 1
1195	8 7 5 3
1196	4 8 5 6
1197	4 1 6 3
1198	3 5 7 2
1199	5 7 3 1
1200	3 1 8 4
1201	5 4 8 1
1202	6 5 7 1
1203	3 1 7 2
1204	5 8 4 7
1205	4 5 6 2
1206	2 3 4 7
1207	3 2 6 5
1208	5 3 7 1
1209	1 3 2 4
1210	7 8 5 3
1211	5 3 2 8
1212	7 3 2 5
1213	8 1 3 6
1214	8 4 5 3
1215	5 4 7 8
1216	3 5 1 2
1217	3 5 7 2
1218	4 8 5 3
1219	5 7 3 6
1220	4 7 6 5
1221	3 6 4 5
1222	4 1 2 7
1223	4 3 2 5
1224	7 1 3 2
1225	2 4 1 7
1226	7 4 1 3
1227	1 4 7 8
1228	2 6 1 4
1229	5 6 7 8
1230	7 8 1 3
1231	5 2 8 6
1232	2 5 6 7
1233	4 8 6 7
1234	8 6 5 2
1235	8 7 2 3
1236	8 6 5 7
1237	3 7 5 4
1238	6 8 5 1
1239	1 7 8 2
1240	3 4 5 2
1241	6 4 3 8
1242	3 5 8 4
1243	6 5 2 7
1244	6 3 1 8
1245	8 4 7 5
1246	6 1 5 8
1247	2 4 7 6
1248	7 3 4 1
1249	2 1 5 7
1250	3 1 5 2
1251	7 4 8 6
1252	5 7 8 4
1253	3 1 2 4
1254	5 7 4 6
1255	1 6 3 5
1256	3 7 8 6
1257	1 4 7 3
1258	2 3 7 4
1259	7 6 5 1
1260	4 6 3 5
1261	8 2 7 5
1262	4 8 6 1
1263	3 1 5 8
1264	3 8 7 1
1265	8 6 5 2
1266	8 3 2 4
1267	7 6 5 8
1268	4 8 5 6
1269	4 8 6 7
1270	8 5 7 1
1271	8 6 5 3
1272	2 6 4 3
1273	5 3 7 8
1274	4 2 1 6
1275	4 1 2 7
1276	8 5 1 6
1277	8 5 2 3
1278	8 5 7 6
1279	6 2 1 8
1280	2 6 3 1
1281	1 2 8 5
1282	1 8 3 2
1283	4 2 1 7
1284	4 1 5 8
1285	8 3 1 2
1286	6 5 2 8
1287	2 7 4 5
1288	6 5 3 8
1289	4 3 2 1
1290	5 1 4 2
1291	4 7 5 2
1292	6 1 5 4
1293	7 6 1 5
1294	1 3 6 8
1295	8 7 5 2
1296	8 2 3 6
1297	6 5 1 7
1298	8 3 7 1
1299	2 1 4 5
1300	2 8 4 7
1301	8 2 4 7
1302	1 6 3 2
1303	6 7 5 2
1304	5 8 2 3
1305	1 4 6 2
1306	5 7 1 8
1307	5 2 7 4
1308	4 1 3 6
1309	3 6 8 4
1310	5 2 1 6
1311	8 5 4 1
1312	1 2 7 4
1313	7 4 3 2
1314	5 3 1 2
1315	3 6 1 4
1316	3 4 2 8
1317	5 2 6 8
1318	7 3 8 4
1319	6 7 4 5
1320	3 2 1 6
1321	6 2 1 8
1322	7 2 3 1
1323	5 7 2 3
1324	2 3 7 5
1325	8 6 3 5
1326	8 6 2 4
1327	3 2 4 1
1328	5 8 2 3
1329	1 5 7 8
1330	6 3 4 7
1331	2 1 4 6
1332	2 8 6 1
1333	7 5 1 2
1334	4 6 5 7
1335	3 8 6 5
1336	5 8 3 6
1337	5 6 8 2
1338	2 1 8 7
1339	3 6 4 8
1340	4 7 6 3
1341	5 7 1 2
1342	2 3 1 4
1343	7 5 2 3
1344	3 1 7 2
1345	4 2 8 1
1346	7 5 8 2
1347	2 5 6 1
1348	7 1 4 5
1349	7 2 4 5
1350	1 6 5 7
1351	2 5 3 6
1352	8 4 1 5
1353	1 2 5 8
1354	6 5 2 4
1355	7 1 6 8
1356	4 3 8 5
1357	3 1 2 4
1358	3 5 2 4
1359	2 7 1 5
1360	4 8 7 6
1361	4 1 2 5
1362	2 5 3 6
1363	2 5 6 7
1364	2 6 8 1
1365	3 7 2 1
1366	6 3 4 2
1367	1 5 6 8
1368	5 2 6 1
1369	4 6 3 1
1370	2 4 5 6
1371	6 1 2 3
1372	1 7 3 5
1373	3 7 1 5
1374	8 5 7 1
1375	5 2 6 4
1376	4 7 1 2
1377	5 1 2 8
1378	1 4 7 8
1379	8 6 3 1
1380	8 4 2 6
1381	6 4 3 1
1382	4 7 2 3
1383	6 3 8 2
1384	1 6 7 5
1385	6 7 5 8
1386	1 7 5 2
1387	6 3 5 4
1388	1 6 5 4
1389	5 3 1 6
1390	8 5 6 3
1391	6 2 4 3
1392	5 4 2 8
1393	1 3 5 2
1394	8 5 3 2
1395	7 1 8 3
1396	8 2 4 7
1397	4 7 8 6
1398	4 6 5 2
1399	8 2 6 1
1400	4 6 5 3
1401	6 8 7 5
1402	2 4 8 5
1403	6 3 7 8
1404	2 6 8 1
1405	6 1 3 5
1406	4 1 8 3
1407	4 6 2 7
1408	7 6 5 4
1409	5 8 6 4
1410	3 1 6 8
1411	8 4 6 7
1412	3 6 7 5
1413	2 3 6 7
1414	8 2 5 6
1415	7 3 2 6
1416	4 1 6 3
1417	2 7 1 4
1418	7 8 3 2
1419	6 8 4 7
1420	6 1 2 4
1421	5 3 7 6
1422	2 8 1 4
1423	1 4 6 8
1424	4 5 8 7
1425	7 5 1 8
1426	4 8 1 6
1427	2 6 1 4
1428	3 1 2 4
1429	7 1 3 8
1430	5 7 4 1
1431	3 1 7 2
1432	4 2 8 7
1433	2 3 8 1
1434	5 3 6 4
1435	4 7 3 8
1436	8 3 7 1
1437	1 2 3 8
1438	1 2 6 4
1439	6 7 8 5
1440	7 2 4 5
1441	8 2 6 3
1442	1 8 5 4
1443	7 1 8 4
1444	7 3 5 2
1445	7 8 1 4
1446	5 3 6 4
1447	2 6 8 1
1448	6 8 1 7
1449	7 1 3 8
1450	7 4 1 3
1451	2 6 3 4
1452	7 8 6 1
1453	6 5 7 3
1454	3 2 8 6
1455	6 1 4 8
1456	5 1 3 7
1457	2 5 7 4
1458	1 4 7 5
1459	5 6 3 8
1460	5 8 6 4
1461	2 4 3 6
1462	7 2 8 4
1463	1 4 8 5
1464	8 3 1 5
1465	8 2 7 5
1466	3 5 7 4
1467	3 8 2 7
1468	4 3 6 1
1469	6 3 4 5
1470	5 4 3 8
1471	7 6 1 5
1472	5 3 1 2
1473	1 3 4 5
1474	5 2 8 1
1475	3 8 6 2
1476	1 7 6 4
1477	3 4 6 1
1478	8 2 1 4
1479	5 8 6 7
1480	7 4 6 2
1481	1 6 3 4
1482	3 1 6 4
1483	8 3 4 6
1484	8 3 7 1
1485	2 8 4 6
1486	3 7 6 1
1487	5 8 6 3
1488	4 8 1 2
1489	6 8 4 3
1490	5 6 1 8
1491	5 7 1 8
1492	4 2 3 1
1493	1 3 5 7
1494	4 5 1 7
1495	6 8 5 7
1496	5 1 2 6
1497	3 4 8 5
1498	4 8 6 5
1499	2 8 7 4
1500	1 3 6 7
1501	5 3 1 8
1502	4 8 1 3
1503	8 7 4 3
1504	6 4 5 7
1505	8 2 7 1
1506	1 6 7 2
1507	5 1 7 3
1508	1 6 2 5
1509	8 7 1 4
1510	4 2 6 3
1511	2 3 4 8
1512	4 8 7 6
1513	3 4 6 7
1514	4 7 8 3
1515	4 6 2 8
1516	4 3 1 2
1517	1 8 6 2
1518	4 7 1 3
1519	5 6 2 7
1520	8 3 2 5
1521	1 2 3 5
1522	6 7 2 5
1523	2 7 6 4
1524	2 5 3 6
1525	6 8 5 2
1526	3 4 2 7
1527	7 1 6 2
1528	8 7 2 4
1529	7 2 1 8
1530	5 3 6 1
1531	7 8 2 5
1532	3 2 1 8
1533	5 6 2 8
1534	4 3 1 8
1535	4 5 6 3
1536	7 5 4 2
1537	5 3 6 1
1538	8 4 1 6
1539	7 2 1 5
1540	3 2 5 7
1541	6 4 2 5
1542	6 4 8 3
1543	7 6 8 4
1544	4 7 8 3
1545	7 3 5 4
1546	4 7 5 2
1547	6 8 2 1
1548	7 3 4 2
1549	3 8 5 7
1550	6 1 8 5
1551	2 3 4 6
1552	6 8 7 2
1553	8 2 5 3
1554	3 7 8 4
1555	6 3 8 1
1556	2 3 8 1
1557	1 3 7 5
1558	1 3 6 5
1559	5 8 2 7
1560	6 5 7 8
1561	1 5 4 8
1562	7 8 4 6
1563	6 1 3 2
1564	7 6 8 1
1565	2 4 1 6
1566	1 4 5 3
1567	5 1 8 4
1568	1 6 2 8
1569	8 6 2 5
1570	4 5 1 3
1571	5 8 6 1
1572	2 6 5 7
1573	6 8 1 7
1574	5 4 3 8
1575	5 7 4 2
1576	2 8 5 3
1577	1 8 7 3
1578	8 5 3 6
1579	3 5 4 2
1580	5 6 3 4
1581	4 5 7 6
1582	6 4 2 8
1583	1 6 8 3
1584	7 5 8 1
1585	7 4 1 6
1586	2 7 3 6
1587	6 3 7 8
1588	6 5 3 7
1589	5 4 6 3
1590	5 6 7 4
1591	1 7 2 8
1592	8 3 5 6
1593	1 7 8 5
1594	2 7 5 6
1595	5 1 3 7
1596	6 1 8 7
1597	2 4 6 7
1598	7 1 5 4
1599	3 6 5 7
1600	2 6 5 8
1601	7 1 4 2
1602	5 8 4 2
1603	1 2 8 5
1604	5 4 6 8
1605	8 6 4 7
1606	1 5 7 6
1607	3 6 1 5
1608	7 4 6 2
1609	2 1 4 8
1610	6 8 2 7
1611	8 3 4 6
1612	3 8 7 1
1613	1 8 4 3
1614	8 7 6 5
1615	3 6 2 4
1616	4 1 7 2
1617	5 8 4 3
1618	6 2 1 3
1619	1 2 6 3
1620	3 4 2 5
1621	6 7 3 4
1622	2 6 5 3
1623	3 6 2 8
1624	2 3 4 6
1625	6 2 4 3
1626	6 4 5 3
1627	2 8 6 3
1628	4 8 6 2
1629	2 6 1 4
1630	4 1 2 3
1631	1 4 8 7
1632	4 1 8 7
1633	3 8 5 1
1634	5 1 6 7
1635	2 3 7 1
1636	5 3 1 8
1637	3 4 5 6
1638	8 5 4 2
1639	3 7 4 5
1640	3 8 4 2
1641	4 2 6 8
1642	4 5 8 2
1643	6 8 4 2
1644	7 6 4 5
1645	3 6 2 1
1646	3 7 4 5
1647	3 8 7 1
1648	4 6 8 2
1649	2 7 4 8
1650	2 7 6 1
1651	8 4 5 2
1652	7 6 3 1
1653	3 2 6 8
1654	7 2 5 6
1655	6 3 5 4
1656	2 4 1 7
1657	6 8 5 1
1658	7 8 6 4
1659	8 7 2 1
1660	1 2 3 4
1661	8 3 4 2
1662	3 6 2 4
1663	5 2 3 6
1664	4 8 2 5
1665	2 5 1 6
1666	3 1 5 7
1667	5 2 1 4
1668	1 4 5 8
1669	5 3 8 4
1670	5 1 8 2
1671	6 8 3 5
1672	2 1 3 6
1673	2 1 6 8
1674	4 8 2 1
1675	2 6 5 3
1676	2 8 5 7
1677	2 6 3 5
1678	1 2 7 4
1679	4 7 1 3
1680	6 7 2 1
1681	3 8 2 7
1682	7 8 4 2
1683	8 3 1 5
1684	6 5 7 1
1685	3 5 8 4
1686	3 6 4 7
1687	8 7 3 2
1688	7 2 5 6
1689	6 4 8 2
1690	7 4 3 1
1691	6 8 1 2
1692	1 4 8 6
1693	4 5 1 8
1694	8 4 1 6
1695	4 8 3 5
1696	5 4 2 8
1697	8 7 3 4
1698	3 2 5 6
1699	2 5 7 4
1700	5 3 6 2
1701	1 4 7 3
1702	6 2 8 5
1703	8 4 7 3
1704	4 2 6 1
1705	4 7 2 1
1706	7 5 1 8
1707	4 5 7 2
1708	3 7 6 1
1709	7 4 8 5
1710	5 1 4 2
1711	6 3 2 7
1712	4 2 5 6
1713	1 3 5 4
1714	3 6 7 4
1715	8 4 3 2
1716	8 6 5 3
1717	4 5 2 1
1718	3 8 1 6
1719	5 2 8 4
1720	2 5 1 4
1721	5 7 1 6
1722	7 2 3 6
1723	6 1 2 3
1724	4 6 3 8
1725	7 6 1 4
1726	1 7 8 3
1727	2 1 7 5
1728	5 7 1 8
1729	4 6 8 5
1730	4 3 2 7
1731	5 2 1 7
1732	7 5 8 1
1733	8 3 6 2
1734	1 2 5 6
1735	5 1 6 8
1736	5 6 7 8
1737	3 1 4 6
1738	2 5 1 3
1739	6 1 8 5
1740	5 1 8 2
1741	3 8 2 6
1742	1 5 6 3
1743	6 2 4 5
1744	8 3 7 6
1745	6 3 7 5
1746	7 4 6 5
1747	4 5 1 8
1748	6 4 5 1
1749	8 3 6 7
1750	1 6 2 4
1751	4 2 6 7
1752	4 7 5 1
1753	4 5 2 1
1754	6 7 4 8
1755	5 7 6 4
1756	3 7 5 2
1757	4 8 2 1
1758	1 7 5 2
1759	3 6 4 7
1760	3 7 5 1
1761	2 7 1 6
1762	4 1 3 2
1763	5 4 6 3
1764	4 5 1 3
1765	4 1 7 6
1766	8 7 4 5
1767	2 7 6 5
1768	3 7 4 5
1769	5 1 8 3
1770	4 1 8 3
1771	2 8 7 5
1772	2 1 5 8
1773	5 3 1 2
1774	5 2 1 6
1775	6 8 1 5
1776	6 4 3 8
1777	5 7 6 4
1778	2 8 6 5
1779	4 1 7 8
1780	8 1 2 3
1781	7 1 4 5
1782	6 1 2 3
1783	2 3 1 4
1784	4 2 7 3
1785	3 7 8 1
1786	7 4 8 6
1787	4 6 2 8
1788	3 4 1 8
1789	2 1 7 8
1790	4 8 1 3
1791	8 4 5 3
1792	4 3 5 6
1793	4 1 8 2
1794	4 1 6 5
1795	5 1 3 7
1796	2 4 6 3
1797	8 3 5 6
1798	3 7 1 5
1799	5 7 6 4
1800	1 8 3 5
1801	1 5 7 8
1802	7 5 4 8
1803	5 2 3 1
1804	8 6 3 7
1805	8 6 2 1
1806	1 2 5 8
1807	1 4 7 3
1808	3 4 1 8
1809	2 3 4 8
1810	8 2 5 1
1811	7 5 8 3
1812	5 4 1 3
1813	4 3 6 8
1814	1 7 3 5
1815	6 7 5 2
1816	4 5 6 8
1817	5 3 6 4
1818	5 1 3 4
1819	5 3 6 8
1820	8 3 4 5
1821	6 7 8 2
1822	6 3 8 4
1823	4 7 6 5
1824	6 3 5 7
1825	1 6 8 5
1826	3 1 5 2
1827	7 1 5 4
1828	5 7 4 3
1829	5 6 8 1
1830	3 7 4 8
1831	7 5 8 1
1832	8 2 6 3
1833	3 2 8 1
1834	3 4 8 1
1835	6 1 8 2
1836	6 2 5 7
1837	1 2 5 7
1838	3 2 8 1
1839	5 1 3 2
1840	3 7 4 1
1841	7 2 5 8
1842	1 6 3 2
1843	7 5 6 8
1844	4 7 5 2
1845	3 7 5 4
1846	4 2 5 1
1847	5 4 2 8
1848	3 5 1 6
1849	5 6 4 1
1850	4 3 8 2
1851	8 2 4 6
1852	6 3 1 5
1853	5 1 3 4
1854	8 6 3 2
1855	3 4 5 6
1856	5 8 2 1
1857	7 4 3 5
1858	2 1 4 8
1859	1 7 3 5
1860	6 2 7 5
1861	3 4 1 5
1862	6 4 1 8
1863	8 6 1 2
1864	6 4 2 5
1865	3 8 2 6
1866	8 4 3 1
1867	8 2 3 1
1868	5 2 8 6
1869	1 8 6 2
1870	5 8 2 3
1871	6 7 2 8
1872	8 3 6 7
1873	6 4 2 1
1874	5 4 1 7
1875	6 5 3 2
1876	4 6 1 3
1877	4 8 1 5
1878	7 4 2 1
1879	1 5 7 2
1880	2 5 6 1
1881	7 3 5 8
1882	1 5 2 6
1883	2 7 4 6
1884	4 7 8 1
1885	3 7 2 6
1886	8 1 2 7
1887	1 5 3 8
1888	6 5 7 2
1889	6 7 4 3
1890	6 2 5 4
1891	7 4 5 1
1892	8 7 5 6
1893	6 7 5 8
1894	7 2 6 5
1895	7 8 5 4
1896	3 1 8 2
1897	2 3 4 7
1898	5 3 7 6
1899	3 6 4 2
1900	3 4 7 2
1901	8 5 1 6
1902	6 7 1 5
1903	6 7 3 5
1904	3 4 8 6
1905	5 6 3 4
1906	8 6 4 5
1907	2 6 7 3
1908	4 7 6 8
1909	6 8 4 1
1910	8 2 6 7
1911	3 2 5 6
1912	8 1 3 5
1913	8 2 6 7
1914	5 6 2 7
1915	2 8 5 4
1916	8 7 6 2
1917	6 8 5 2
1918	6 2 7 3
1919	3 1 7 2
1920	2 4 1 8
1921	5 1 6 2
1922	8 6 1 3
1923	2 1 3 6
1924	8 2 7 5
1925	1 6 3 7
1926	7 1 3 4
1927	7 6 4 2
1928	5 7 8 2
1929	3 8 2 4
1930	1 6 3 8
1931	2 3 6 8
1932	1 3 5 7
1933	7 3 4 1
1934	1 5 6 3
1935	3 6 7 5
1936	4 3 5 6
1937	7 4 2 3
1938	5 6 4 1
1939	7 1 2 5
1940	6 8 2 7
1941	5 1 4 2
1942	3 8 6 4
1943	7 4 1 2
1944	8 7 2 1
1945	7 4 1 6
1946	1 8 3 4
1947	1 4 2 6
1948	1 7 4 8
1949	7 1 2 8
1950	6 2 5 4
1951	2 5 8 6
1952	1 6 4 5
1953	8 6 7 1
1954	3 8 6 1
1955	1 7 5 4
1956	6 7 4 8
1957	2 7 4 3
1958	5 2 8 7
1959	5 8 6 3
1960	5 1 6 8
1961	7 4 5 1
1962	6 3 2 4
1963	3 6 4 8
1964	1 5 8 6
1965	2 5 1 4
1966	1 7 5 4
1967	1 4 3 8
1968	7 1 8 6
1969	5 7 3 4
1970	3 4 2 5
1971	5 3 1 6
1972	1 2 5 7
1973	4 1 5 3
1974	5 7 3 4
1975	1 5 3 6
1976	3 7 5 6
1977	5 8 4 3
1978	4 5 8 3
1979	4 8 1 5
1980	8 7 3 5
1981	7 3 8 5
1982	3 7 1 5
1983	3 5 1 2
1984	4 8 7 1
1985	4 8 6 1
1986	7 5 4 1
1987	1 4 3 2
1988	1 2 3 5
1989	5 1 2 3
1990	3 4 8 2
1991	5 3 1 7
1992	5 1 2 4
1993	2 7 6 5
1994	7 6 3 2
1995	3 4 7 1
1996	8 2 4 7
1997	3 5 4 2
1998	5 3 7 4
1999	5 4 7 8
2000	5 1 8 3
2001	5 7 4 2
2002	6 5 4 8
2003	3 5 7 1
2004	2 8 5 4
2005	7 2 1 6
2006	5 8 4 3
2007	3 6 2 8
2008	2 8 7 6
2009	2 8 3 5
2010	4 3 2 6
2011	3 5 4 1
2012	2 1 3 8
2013	1 3 5 6
2014	8 7 1 3
2015	2 6 5 3
2016	7 4 6 5
2017	3 2 8 1
2018	6 8 4 1
2019	6 3 5 4
2020	4 5 7 6
2021	2 4 5 3
2022	3 1 8 4
2023	6 2 5 8
2024	5 6 7 2
2025	5 1 8 2
2026	6 8 1 2
2027	1 7 4 5
2028	3 5 6 8
2029	5 6 4 2
2030	4 2 5 3
2031	2 4 8 1
2032	8 2 5 3
2033	2 1 6 5
2034	5 3 4 1
2035	8 6 2 1
2036	6 5 3 2
2037	2 5 4 3
2038	2 8 4 5
2039	5 8 7 4
2040	1 5 2 6
2041	5 8 3 4
2042	7 6 1 8
2043	3 5 4 7
2044	1 5 6 4
2045	3 5 1 6
2046	5 6 2 3
2047	3 6 5 1
2048	5 1 3 8
2049	1 2 8 3
2050	1 7 8 4
2051	1 8 3 7
2052	4 2 7 1
2053	1 3 4 6
2054	7 4 5 2
2055	1 8 7 6
2056	3 5 7 1
2057	3 7 8 6
2058	7 3 5 4
2059	3 1 7 2
2060	8 4 3 7
2061	4 2 6 8
2062	5 6 3 7
2063	7 5 6 4
2064	5 7 2 3
2065	3 7 6 2
2066	8 5 2 4
2067	1 6 5 8
2068	5 3 7 1
2069	1 3 2 6
2070	7 4 1 8
2071	3 2 1 7
2072	4 1 3 2
2073	7 1 5 8
2074	1 5 8 7
2075	6 1 8 2
2076	1 3 5 2
2077	8 3 7 1
2078	1 6 2 8
2079	1 6 3 4
2080	7 2 4 8
2081	8 7 1 6
2082	6 2 3 8
2083	2 5 4 3
2084	6 2 7 5
2085	4 3 5 1
2086	6 4 7 5
2087	1 3 6 4
2088	6 1 2 3
2089	8 1 2 4
2090	5 2 1 6
2091	7 2 6 4
2092	3 2 1 7
2093	8 5 2 3
2094	3 8 2 1
2095	3 8 2 1
2096	4 8 2 1
2097	5 6 8 3
2098	3 6 1 7
2099	4 1 6 5
2100	5 7 6 3
2101	1 2 8 6
2102	3 1 8 5
2103	6 2 5 3
2104	2 7 5 3
2105	8 4 2 6
2106	2 1 7 4
2107	4 7 1 8
2108	6 8 2 1
2109	1 2 3 4
2110	8 6 2 1
2111	1 6 7 4
2112	3 1 5 8
2113	6 2 5 7
2114	6 7 5 4
2115	4 1 8 5
2116	1 6 2 3
2117	2 8 4 7
2118	3 6 4 7
2119	5 2 6 1
2120	2 3 5 4
2121	6 8 4 2
2122	8 2 1 3
2123	2 5 1 8
2124	6 4 8 7
2125	3 4 6 1
2126	1 4 5 7
2127	3 7 6 8
2128	4 6 1 5
2129	1 2 5 7
2130	3 2 5 1
2131	4 8 3 5
2132	5 1 4 6
2133	3 2 6 4
2134	2 4 7 1
2135	5 1 6 4
2136	1 7 5 8
2137	2 6 4 1
2138	8 2 3 6
2139	8 4 1 5
2140	8 1 4 6
2141	4 1 6 8
2142	4 8 2 7
2143	2 7 1 8
2144	7 5 4 6
2145	8 5 7 2
2146	8 2 5 1
2147	3 7 8 2
2148	1 3 4 5
2149	5 8 3 6
2150	7 8 5 1
2151	7 6 5 4
2152	1 5 4 6
2153	5 4 7 3
2154	8 7 1 4
2155	2 1 6 3
2156	6 4 3 2
2157	3 4 5 7
2158	3 2 4 8
2159	3 4 5 2
2160	6 1 3 2
2161	6 8 3 5
2162	4 7 6 2
2163	6 3 7 1
2164	5 7 3 6
2165	3 1 2 6
2166	6 3 5 2
2167	5 7 1 2
2168	4 7 1 2
2169	7 8 4 2
2170	1 7 3 8
2171	2 7 5 6
2172	6 1 3 4
2173	2 7 1 5
2174	1 5 7 8
2175	1 2 4 8
2176	1 3 6 4
2177	7 3 6 2
2178	5 7 1 3
2179	1 2 5 7
2180	8 2 7 5
2181	6 1 7 4
2182	8 4 5 6
2183	1 3 7 8
2184	6 2 1 7
2185	7 2 5 6
2186	1 3 8 4
2187	6 7 5 8
2188	4 1 5 3
2189	3 1 6 5
2190	6 5 8 4
2191	4 8 3 1
2192	7 5 4 3
2193	4 2 8 1
2194	1 2 4 7
2195	3 1 7 5
2196	1 4 6 8
2197	2 5 6 1
2198	4 7 1 3
2199	3 8 4 1
2200	6 4 5 2
2201	2 4 1 3
2202	1 3 2 4
2203	8 4 5 6
2204	4 8 5 7
2205	5 4 6 3
2206	5 2 1 3
2207	5 7 4 3
2208	2 1 3 4
2209	6 3 2 4
2210	8 1 4 3
2211	5 4 6 8
2212	8 6 3 1
2213	8 4 2 1
2214	8 3 1 4
2215	1 2 3 8
2216	3 4 7 2
2217	2 6 4 8
2218	3 7 6 1
2219	2 1 5 7
2220	4 3 8 2
2221	4 7 8 1
2222	4 3 1 5
2223	2 3 5 6
2224	8 5 3 1
2225	5 1 6 2
2226	1 8 4 5
2227	1 5 4 8
2228	6 4 8 7
2229	4 3 2 7
2230	1 5 2 7
2231	4 8 2 1
2232	4 6 3 5
2233	2 5 7 8
2234	4 6 1 3
2235	5 8 4 2
2236	2 1 5 8
2237	4 7 3 6
2238	4 1 5 7
2239	7 3 5 4
2240	5 8 3 7
2241	4 3 6 5
2242	7 3 6 4
2243	7 8 6 4
2244	1 8 2 6
2245	7 1 8 4
2246	6 8 4 5
2247	5 7 4 6
2248	5 4 8 3
2249	7 6 8 3
2250	1 3 6 7
2251	2 1 6 4
2252	5 8 6 2
2253	5 8 1 4
2254	6 1 7 8
2255	7 8 3 1
2256	8 1 3 4
2257	7 3 6 8
2258	6 1 7 4
2259	1 5 7 4
2260	7 1 3 2
2261	5 1 3 4
2262	8 7 6 2
2263	3 1 6 5
2264	7 4 8 5
2265	5 6 1 8
2266	4 2 7 5
2267	3 8 1 7
2268	5 2 3 8
2269	4 7 1 8
2270	1 4 8 3
2271	1 8 2 3
2272	3 7 4 6
2273	7 5 6 4
2274	5 2 8 6
2275	5 2 6 8
2276	8 4 6 5
2277	2 5 1 6
2278	1 3 2 8
2279	3 1 7 2
2280	1 3 4 7
2281	4 7 1 8
2282	2 8 7 1
2283	5 2 1 7
2284	2 3 4 6
2285	3 6 8 5
2286	2 3 1 7
2287	3 6 7 5
2288	2 7 3 1
2289	4 3 7 1
2290	2 3 8 6
2291	7 8 1 6
2292	6 7 8 2
2293	8 2 1 5
2294	4 2 3 1
2295	1 6 7 4
2296	7 3 2 8
2297	3 1 8 2
2298	1 5 6 3
2299	8 7 1 3
2300	1 7 4 3
2301	6 5 8 7
2302	5 1 4 2
2303	3 8 7 2
2304	2 8 3 1
2305	7 6 3 1
2306	2 5 3 8
2307	7 8 3 1
2308	2 4 5 6
2309	1 5 6 4
2310	7 8 5 6
2311	1 4 3 5
2312	1 2 4 8
2313	1 4 2 6
2314	6 4 1 2
2315	3 2 8 5
2316	2 6 4 7
2317	2 6 5 7
2318	8 1 4 6
2319	2 8 1 6
2320	8 6 4 7
2321	5 1 8 3
2322	6 4 3 1
2323	2 4 3 6
2324	7 5 3 2
2325	8 5 2 4
2326	7 4 6 3
2327	2 3 6 1
2328	2 5 7 8
2329	4 7 5 3
2330	6 2 3 4
2331	6 4 5 2
2332	6 7 1 5
2333	7 8 5 6
2334	1 5 7 6
2335	5 2 7 8
2336	1 7 4 3
2337	6 3 1 2
2338	6 8 1 7
2339	6 2 5 3
2340	1 4 2 6
2341	6 5 3 1
2342	4 5 2 7
2343	4 5 2 8
2344	5 3 1 6
2345	8 1 6 2
2346	2 1 4 8
2347	8 4 5 6
2348	1 2 8 5
2349	1 8 6 5
2350	1 3 8 4
2351	3 8 2 7
2352	4 5 6 3
2353	8 7 6 4
2354	7 5 8 1
2355	5 7 6 1
2356	1 3 5 6
2357	6 4 5 1
2358	1 6 5 4
2359	5 1 2 3
2360	6 2 4 7
2361	2 5 3 6
2362	4 5 2 6
2363	8 7 2 5
2364	1 8 5 3
2365	2 3 8 5
2366	6 2 5 3
2367	2 4 3 7
2368	8 1 2 3
2369	3 6 5 7
2370	6 3 4 8
2371	8 7 5 1
2372	8 6 2 1
2373	2 6 3 8
2374	6 8 2 4
2375	7 6 4 3
2376	4 1 3 8
2377	5 3 1 2
2378	7 6 8 3
2379	5 3 2 7
2380	3 8 2 4
2381	7 2 6 8
2382	5 6 8 2
2383	6 8 2 3
2384	4 2 7 6
2385	5 7 1 4
2386	6 1 5 7
2387	7 3 6 1
2388	5 2 3 1
2389	4 6 2 3
2390	7 5 4 3
2391	8 2 7 4
2392	8 7 4 1
2393	3 4 7 2
2394	7 1 6 2
2395	8 6 7 4
2396	3 7 2 8
2397	2 6 3 7
2398	8 2 5 3
2399	3 2 4 7
2400	7 2 8 6
2401	2 1 6 8
2402	4 1 6 3
2403	4 8 1 3
2404	7 8 6 5
2405	6 5 4 8
2406	2 4 5 1
2407	6 3 2 5
2408	4 6 5 3
2409	7 8 4 2
2410	7 6 4 5
2411	3 5 8 2
2412	4 7 6 8
2413	3 7 6 2
2414	4 6 8 1
2415	2 8 4 6
2416	6 1 2 5
2417	2 8 6 4
2418	4 5 2 8
2419	5 3 2 6
2420	7 5 8 3
2421	1 8 5 7
2422	7 4 6 2
2423	5 4 3 8
2424	3 2 7 4
2425	1 5 2 3
2426	7 4 3 2
2427	5 7 1 2
2428	8 6 3 1
2429	7 4 6 8
2430	8 7 5 3
2431	2 6 1 8
2432	3 1 6 7
2433	7 3 6 8
2434	6 1 3 7
2435	6 5 4 7
2436	2 4 7 5
2437	3 4 1 8
2438	4 1 3 2
2439	2 3 4 6
2440	4 6 8 1
2441	4 6 2 1
2442	3 4 8 2
2443	4 7 1 6
2444	7 3 1 5
2445	7 4 2 1
2446	3 4 5 2
2447	6 1 2 5
2448	3 8 7 2
2449	3 5 1 8
2450	4 7 5 6
2451	5 4 1 2
2452	8 1 7 4
2453	2 4 3 8
2454	8 3 7 6
2455	8 7 5 2
2456	7 8 2 1
2457	5 4 3 8
2458	7 6 8 2
2459	2 8 3 1
2460	7 8 2 3
2461	2 6 7 1
2462	8 7 2 6
2463	7 5 8 6
2464	7 3 2 6
2465	2 5 4 6
2466	8 3 7 6
2467	4 5 3 6
2468	7 6 4 1
2469	8 5 3 6
2470	1 3 6 5
2471	4 8 6 1
2472	6 5 8 2
2473	6 2 4 3
2474	7 3 4 1
2475	7 5 8 6
2476	4 1 6 3
2477	8 6 1 5
2478	4 2 7 6
2479	4 2 7 6
2480	2 4 8 6
2481	4 5 8 2
2482	6 7 3 1
2483	1 8 4 5
2484	1 3 8 5
2485	7 6 1 3
2486	8 6 3 4
2487	3 8 6 4
2488	3 5 2 1
2489	7 8 2 5
2490	7 6 5 2
2491	2 8 6 4
2492	2 1 8 7
2493	1 6 8 5
2494	1 7 6 8
2495	2 7 8 5
2496	3 2 6 5
2497	7 3 2 1
2498	6 5 8 7
2499	5 3 4 2
2500	4 3 8 6
2501	6 5 4 3
2502	3 5 1 4
2503	2 8 1 3
2504	5 1 2 6
2505	3 8 2 7
2506	6 7 1 3
2507	6 7 3 2
2508	3 1 5 6
2509	7 8 1 3
2510	7 1 5 6
2511	3 7 4 8
2512	6 2 5 3
2513	3 2 4 7
2514	1 8 3 5
2515	5 1 2 3
2516	6 3 5 7
2517	5 6 8 1
2518	3 5 4 2
2519	1 4 8 6
2520	5 8 1 2
2521	8 2 1 6
2522	2 5 3 4
2523	6 7 5 8
2524	7 3 8 6
2525	3 1 7 2
2526	1 3 6 2
2527	3 8 1 6
2528	1 7 5 2
2529	2 6 1 3
2530	7 3 6 2
2531	1 2 6 3
2532	6 4 2 3
2533	6 1 2 8
2534	1 4 8 3
2535	5 4 2 8
2536	8 6 5 3
2537	3 6 2 8
2538	7 5 4 6
2539	2 7 5 3
2540	8 7 1 5
2541	7 6 8 2
2542	7 5 6 2
2543	3 8 4 2
2544	2 1 6 5
2545	4 3 1 5
2546	3 2 5 1
2547	8 6 1 2
2548	3 1 4 8
2549	5 3 4 8
2550	5 8 3 1
2551	1 4 5 3
2552	3 8 5 2
2553	4 8 1 2
2554	6 5 4 2
2555	8 6 7 2
2556	2 3 4 6
2557	1 5 3 4
2558	7 8 3 4
2559	4 3 5 7
2560	8 5 3 6
2561	5 2 6 3
2562	3 5 4 6
2563	3 4 2 5
2564	6 7 3 4
2565	4 5 8 3
2566	5 3 8 4
2567	2 4 6 7
2568	8 3 2 5
2569	1 5 6 4
2570	1 8 5 3
2571	4 8 5 6
2572	6 3 1 2
2573	5 3 4 1
2574	5 6 7 8
2575	4 7 6 3
2576	5 7 6 4
2577	5 6 3 7
2578	2 7 5 6
2579	1 3 5 8
2580	8 3 4 7
2581	4 6 1 8
2582	2 1 3 5
2583	6 4 2 1
2584	1 8 4 7
2585	1 5 7 6
2586	5 2 8 6
2587	6 5 8 4
2588	5 4 8 3
2589	6 7 5 8
2590	5 1 6 2
2591	3 6 1 5
2592	3 7 6 8
2593	6 8 5 4
2594	3 2 7 8
2595	2 1 6 7
2596	1 3 8 7
2597	1 2 7 4
2598	3 7 8 4
2599	6 3 7 8
2600	1 5 8 2
2601	5 7 1 2
2602	6 7 1 5
2603	5 2 7 4
2604	6 3 4 7
2605	3 8 1 5
2606	4 7 6 5
2607	4 1 2 7
2608	4 5 1 6
2609	5 4 1 7
2610	4 3 8 7
2611	2 3 5 1
2612	7 2 3 1
2613	8 2 1 5
2614	1 6 7 4
2615	1 3 6 8
2616	3 4 8 6
2617	5 4 7 2
2618	6 5 1 2
2619	6 2 5 8
2620	5 7 2 6
2621	8 4 5 7
2622	3 2 1 5
2623	3 4 7 5
2624	1 8 7 4
2625	2 5 7 6
2626	1 7 4 6
2627	1 7 8 4
2628	6 3 2 1
2629	2 8 1 5
2630	6 3 8 2
2631	1 8 2 7
2632	2 8 7 3
2633	4 8 5 7
2634	7 2 1 4
2635	8 3 4 6
2636	8 7 4 2
2637	6 7 3 4
2638	3 8 5 2
2639	7 2 4 8
2640	8 1 3 2
2641	3 8 5 7
2642	3 1 6 7
2643	6 3 2 1
2644	3 6 4 2
2645	5 6 8 1
2646	4 3 1 6
2647	5 1 2 3
2648	1 5 3 4
2649	4 5 3 6
2650	3 5 4 8
2651	6 2 7 3
2652	6 8 7 2
2653	6 7 1 8
2654	3 8 5 2
2655	6 3 4 8
2656	8 7 3 1
2657	6 1 2 3
2658	3 5 1 8
2659	7 5 3 6
2660	4 1 3 7
2661	2 7 1 5
2662	7 5 3 4
2663	2 5 4 6
2664	5 4 8 3
2665	4 6 2 5
2666	5 1 3 6
2667	4 2 7 8
2668	7 1 8 6
2669	3 1 7 6
2670	8 4 7 5
2671	2 7 1 6
2672	6 1 8 2
2673	2 8 5 7
2674	2 7 4 8
2675	8 5 4 6
2676	4 8 6 7
2677	7 1 4 5
2678	8 2 5 3
2679	3 7 2 4
2680	4 1 3 2
2681	2 5 3 6
2682	5 3 2 8
2683	2 3 1 6
2684	4 7 2 8
2685	3 7 1 4
2686	4 8 6 3
2687	8 1 4 5
2688	4 5 2 8
2689	5 8 6 1
2690	5 7 3 2
2691	8 1 6 2
2692	5 2 6 8
2693	3 8 4 7
2694	3 4 8 2
2695	7 3 2 8
2696	3 7 1 5
2697	8 7 1 5
2698	6 7 5 3
2699	8 5 6 7
2700	4 7 2 3
2701	7 1 5 8
2702	6 4 3 8
2703	7 5 2 1
2704	7 6 3 4
2705	3 7 4 8
2706	5 3 8 7
2707	5 8 6 2
2708	8 3 4 5
2709	1 4 7 6
2710	4 8 3 7
2711	5 4 3 1
2712	6 2 7 5
2713	1 8 3 2
2714	7 5 1 8
2715	2 4 3 7
2716	2 8 6 4
2717	1 3 7 5
2718	8 3 4 1
2719	5 8 3 6
2720	2 1 8 6
2721	1 5 4 6
2722	2 8 6 5
2723	4 6 2 5
2724	8 2 3 5
2725	4 6 3 1
2726	5 8 1 2
2727	4 5 3 1
2728	8 1 2 4
2729	7 3 2 1
2730	5 3 2 6
2731	7 4 2 1
2732	6 7 2 8
2733	3 1 7 6
2734	2 7 1 3
2735	2 3 5 4
2736	2 4 5 1
2737	6 8 1 4
2738	6 8 4 3
2739	7 8 5 3
2740	3 7 5 8
2741	1 7 2 4
2742	3 8 6 5
2743	8 5 2 3
2744	6 1 2 5
2745	6 2 8 1
2746	2 7 1 4
2747	7 1 5 6
2748	7 3 2 1
2749	8 7 3 6
2750	6 3 7 5
2751	1 4 5 8
2752	3 5 8 1
2753	3 1 2 5
2754	3 5 4 1
2755	1 3 4 8
2756	2 7 4 5
2757	4 3 1 8
2758	6 8 7 3
2759	1 4 7 8
2760	8 7 1 5
2761	7 1 4 6
2762	6 7 2 3
2763	6 3 5 1
2764	1 4 5 6
2765	8 5 6 4
2766	8 5 7 1
2767	1 4 2 6
2768	8 1 6 3
2769	1 7 6 3
2770	8 3 2 5
2771	3 5 6 2
2772	7 8 2 5
2773	4 7 6 1
2774	2 1 4 8
2775	5 7 3 8
2776	1 8 3 7
2777	6 4 8 2
2778	1 7 3 8
2779	4 7 5 1
2780	6 4 2 1
2781	6 7 8 5
2782	1 6 8 5
2783	7 3 2 5
2784	4 2 5 8
2785	1 3 8 7
2786	3 5 1 4
2787	4 2 6 5
2788	7 4 2 1
2789	8 2 4 1
2790	1 7 3 4
2791	1 4 6 7
2792	7 8 4 5
2793	8 7 4 1
2794	8 1 6 5
2795	4 6 5 8
2796	6 3 2 8
2797	3 5 1 6
2798	1 4 2 5
2799	7 5 8 3
2800	6 7 5 2
2801	2 8 1 6
2802	2 4 6 8
2803	8 2 1 3
2804	5 1 6 7
2805	4 3 2 7
2806	6 7 5 1
2807	3 5 7 1
2808	4 6 5 1
2809	8 2 3 1
2810	4 3 8 2
2811	2 3 7 8
2812	4 8 2 7
2813	8 7 3 1
2814	6 4 5 3
2815	8 4 2 5
2816	1 7 5 2
2817	6 2 8 1
2818	7 1 6 3
2819	2 3 5 1
2820	1 5 7 4
2821	1 3 6 7
2822	3 6 5 4
2823	1 3 8 4
2824	2 6 1 5
2825	6 8 5 4
2826	3 7 1 2
2827	8 3 2 1
2828	3 7 4 8
2829	7 6 2 3
2830	7 2 8 4
2831	2 4 8 1
2832	7 8 6 2
2833	1 4 7 3
2834	7 3 8 2
2835	2 4 8 1
2836	8 1 5 7
2837	1 6 5 8
2838	4 2 7 3
2839	3 7 5 2
2840	6 5 4 8
2841	7 5 2 4
2842	2 3 7 4
2843	6 3 7 4
2844	7 8 4 6
2845	6 7 8 3
2846	6 2 5 1
2847	8 6 7 5
2848	1 5 6 7
2849	3 4 7 2
2850	8 4 1 2
2851	1 5 3 6
2852	7 8 1 6
2853	7 4 1 5
2854	5 4 3 7
2855	4 8 1 2
2856	6 1 8 7
2857	1 8 4 2
2858	6 1 5 2
2859	8 2 7 6
2860	1 2 7 8
2861	6 3 7 4
2862	6 1 8 3
2863	6 2 7 4
2864	5 4 7 6
2865	4 7 8 6
2866	7 1 4 2
2867	4 7 6 3
2868	7 1 3 2
2869	3 5 2 7
2870	3 6 1 2
2871	1 7 4 8
2872	6 1 5 3
2873	1 7 8 6
2874	8 2 1 3
2875	7 8 2 5
2876	1 7 8 6
2877	2 3 4 1
2878	6 5 2 7
2879	4 2 6 3
2880	1 2 8 5
2881	7 5 1 4
2882	3 4 6 2
2883	5 3 1 2
2884	7 4 2 1
2885	3 6 1 2
2886	6 7 8 3
2887	7 3 2 4
2888	4 7 6 3
2889	5 1 6 3
2890	7 5 6 4
2891	7 8 3 1
2892	3 4 6 1
2893	7 1 5 3
2894	2 4 1 3
2895	1 8 6 4
2896	8 4 3 7
2897	4 3 7 5
2898	4 8 6 1
2899	7 2 1 3
2900	3 5 8 4
2901	1 6 4 2
2902	2 5 3 8
2903	1 7 3 6
2904	1 4 3 5
2905	4 3 7 1
2906	2 8 1 3
2907	1 4 8 3
2908	8 5 4 3
2909	1 4 5 7
2910	4 8 6 3
2911	1 3 4 2
2912	1 8 4 3
2913	4 5 2 6
2914	2 7 5 6
2915	5 6 2 4
2916	7 6 2 4
2917	8 6 1 3
2918	6 7 2 8
2919	2 5 4 1
2920	5 4 2 3
2921	6 8 1 2
2922	7 2 5 6
2923	1 6 4 5
2924	1 3 7 4
2925	1 2 6 7
2926	4 6 8 7
2927	6 7 3 1
2928	7 1 2 5
2929	5 7 3 8
2930	4 1 8 7
2931	7 5 3 8
2932	2 1 5 7
2933	8 6 5 1
2934	7 5 8 3
2935	7 5 2 6
2936	1 7 2 8
2937	7 1 3 2
2938	4 3 2 5
2939	5 1 6 3
2940	5 4 3 6
2941	8 6 3 2
2942	1 3 7 4
2943	1 7 8 4
2944	1 8 2 7
2945	3 6 4 2
2946	6 7 5 1
2947	4 5 7 3
2948	7 4 2 1
2949	3 7 2 4
2950	8 2 5 6
2951	3 2 7 8
2952	2 1 3 6
2953	4 6 3 1
2954	6 7 3 1
2955	1 3 2 7
2956	7 5 3 1
2957	1 4 3 2
2958	4 8 1 2
2959	6 4 5 8
2960	4 2 5 6
2961	1 2 7 8
2962	8 6 5 3
2963	2 7 8 5
2964	5 4 7 6
2965	5 2 3 1
2966	6 1 7 4
2967	5 7 4 3
2968	2 6 1 5
2969	6 1 4 2
2970	6 3 1 4
2971	3 5 2 8
2972	4 2 5 8
2973	3 4 1 7
2974	6 4 7 1
2975	6 8 7 3
2976	5 1 2 3
2977	1 6 7 2
2978	6 1 7 8
2979	1 3 6 7
2980	6 7 3 2
2981	5 2 8 4
2982	7 8 4 6
2983	8 4 2 1
2984	5 1 3 2
2985	6 7 4 1
2986	4 5 1 8
2987	1 5 8 4
2988	6 8 1 7
2989	5 4 2 3
2990	4 7 5 8
2991	4 2 8 6
2992	3 2 4 5
2993	1 2 7 3
2994	2 6 5 7
2995	1 3 2 8
2996	4 1 5 7
2997	5 7 4 8
2998	1 4 3 8
2999	3 2 6 7
3000	5 6 3 7
3001	1 4 6 5
3002	2 5 3 7
3003	2 8 6 4
3004	4 6 8 3
3005	7 5 2 1
3006	1 4 6 3
3007	1 6 8 3
3008	4 8 7 5
3009	7 4 8 3
3010	8 2 4 3
3011	6 2 8 4
3012	5 4 6 7
3013	6 2 5 8
3014	5 7 3 4
3015	6 7 2 8
3016	4 3 8 1
3017	4 8 2 3
3018	6 1 7 3
3019	5 1 3 6
3020	8 3 2 1
3021	6 8 2 7
3022	3 7 5 1
3023	3 8 6 2
3024	1 7 6 4
3025	5 6 3 2
3026	3 1 2 7
3027	3 4 7 1
3028	3 7 2 8
3029	2 7 5 6
3030	6 5 7 1
3031	8 6 5 1
3032	3 1 8 2
3033	2 8 6 4
3034	5 2 7 3
3035	5 6 1 4
3036	7 6 2 1
3037	7 5 2 8
3038	8 7 3 5
3039	4 2 7 8
3040	8 3 1 7
3041	2 8 1 4
3042	8 2 4 6
3043	4 1 5 8
3044	2 5 6 4
3045	7 4 8 1
3046	5 1 8 2
3047	7 5 2 6
3048	1 2 3 7
3049	1 6 2 8
3050	3 7 5 6
3051	4 2 8 1
3052	7 5 3 4
3053	5 3 1 4
3054	4 6 8 3
3055	8 4 1 5
3056	7 3 4 8
3057	6 4 5 7
3058	2 5 7 3
3059	7 5 1 4
3060	8 4 3 6
3061	1 8 4 3
3062	8 4 3 7
3063	4 3 8 7
3064	4 5 1 8
3065	4 7 8 1
3066	1 7 6 4
3067	3 4 5 6
3068	7 1 5 8
3069	4 3 8 7
3070	1 8 5 4
3071	2 8 4 7
3072	4 3 5 1
3073	3 1 5 7
3074	6 7 2 1
3075	2 1 6 3
3076	6 1 3 5
3077	7 5 6 8
3078	2 7 8 1
3079	1 5 4 2
3080	3 5 7 4
3081	3 2 6 7
3082	7 8 2 4
3083	4 2 7 3
3084	7 3 2 5
3085	4 6 7 5
3086	5 1 8 2
3087	5 7 4 8
3088	5 2 6 1
3089	3 8 2 7
3090	2 3 6 4
3091	1 2 6 5
3092	8 2 6 4
3093	2 5 1 8
3094	3 6 4 8
3095	7 3 5 6
3096	2 1 5 3
3097	2 7 4 8
3098	7 3 4 1
3099	6 3 8 2
3100	2 3 8 5
3101	7 1 4 3
3102	4 2 5 6
3103	7 3 8 5
3104	7 5 6 3
3105	6 3 7 2
3106	4 8 3 5
3107	7 4 1 3
3108	2 1 6 8
3109	2 4 7 3
3110	8 6 5 2
3111	8 7 5 1
3112	4 8 6 7
3113	8 5 4 1
3114	2 1 6 4
3115	6 2 7 4
3116	8 1 4 5
3117	4 7 6 5
3118	5 1 6 2
3119	2 6 3 8
3120	8 4 2 1
3121	4 5 3 7
3122	2 7 3 1
3123	6 5 8 2
3124	5 8 1 3
3125	6 2 1 7
3126	8 2 7 4
3127	7 1 4 3
3128	8 3 1 6
3129	8 2 3 7
3130	8 3 6 2
3131	7 2 6 8
3132	6 1 2 8
3133	8 7 2 6
3134	8 5 1 7
3135	5 1 3 2
3136	8 6 4 1
3137	5 1 8 2
3138	1 6 5 7
3139	2 5 4 7
3140	7 8 6 1
3141	6 5 3 8
3142	7 8 2 6
3143	1 6 4 5
3144	3 8 7 2
3145	2 7 1 8
3146	3 4 6 2
3147	3 7 2 8
3148	1 5 8 2
3149	5 6 4 3
3150	2 5 1 4
3151	6 4 2 1
3152	6 5 2 7
3153	2 7 1 5
3154	4 7 6 5
3155	1 6 5 8
3156	1 6 8 4
3157	6 2 5 1
3158	2 5 3 6
3159	5 2 6 7
3160	1 6 8 3
3161	7 1 2 6
3162	5 8 7 1
3163	1 8 6 7
3164	2 3 4 6
3165	4 3 2 8
3166	2 8 5 4
3167	8 5 1 6
3168	7 3 1 6
3169	7 3 6 2
3170	2 6 4 3
3171	6 7 4 1
3172	8 1 3 7
3173	1 6 4 7
3174	4 8 3 5
3175	8 2 7 5
3176	4 2 1 3
3177	6 3 2 1
3178	3 7 5 4
3179	2 6 8 4
3180	7 6 8 3
3181	7 1 4 6
3182	4 8 6 1
3183	6 4 8 5
3184	1 3 8 2
3185	8 1 2 4
3186	7 4 6 2
3187	6 4 7 1
3188	6 4 1 3
3189	7 5 8 4
3190	8 7 5 6
3191	3 5 6 7
3192	8 2 3 7
3193	6 2 3 5
3194	4 7 2 6
3195	2 5 3 6
3196	4 1 7 8
3197	1 7 8 5
3198	8 2 5 4
3199	1 5 8 6
3200	6 3 2 5
3201	8 4 3 2
3202	3 1 4 7
3203	1 8 7 5
3204	6 8 1 7
3205	5 8 3 6
3206	5 6 1 2
3207	8 6 3 4
3208	5 3 4 2
3209	1 6 5 8
3210	1 6 8 2
3211	1 4 3 5
3212	6 2 4 5
3213	6 7 4 8
3214	7 1 3 2
3215	6 8 4 1
3216	6 8 4 3
3217	4 3 6 5
3218	2 4 3 8
3219	1 5 2 6
3220	6 3 7 5
3221	6 8 4 7
3222	8 5 4 6
3223	1 4 7 6
3224	7 6 1 5
3225	2 7 1 4
3226	2 5 1 3
3227	8 3 2 7
3228	6 5 4 8
3229	8 1 4 2
3230	1 3 4 6
3231	4 3 2 6
3232	1 2 4 8
3233	4 6 1 5
3234	3 1 7 4
3235	3 7 5 6
3236	7 6 8 5
3237	7 2 1 6
3238	6 4 8 3
3239	7 2 6 4
3240	3 2 5 1
3241	7 5 4 2
3242	3 5 8 6
3243	6 8 2 4
3244	5 2 3 4
3245	8 6 7 4
3246	1 3 7 4
3247	6 2 7 5
3248	7 5 1 4
3249	1 4 3 8
3250	4 3 1 8
3251	6 4 2 8
3252	8 2 3 4
3253	8 4 3 6
3254	5 8 1 4
3255	2 1 5 7
3256	6 3 1 2
3257	6 4 3 2
3258	3 5 8 6
3259	5 4 8 2
3260	6 4 3 5
3261	2 8 7 6
3262	4 1 7 3
3263	3 2 7 4
3264	7 6 2 3
3265	4 8 1 2
3266	4 8 7 6
3267	7 1 2 3
3268	3 1 4 2
3269	4 6 7 5
3270	6 2 5 7
3271	6 3 1 7
3272	1 5 8 4
3273	7 2 6 1
3274	5 7 2 8
3275	1 4 3 6
3276	7 1 4 3
3277	7 8 4 1
3278	4 6 2 7
3279	4 6 3 8
3280	3 5 7 2
3281	2 5 6 3
3282	7 8 4 5
3283	4 1 2 3
3284	7 8 5 1
3285	4 3 5 2
3286	5 1 8 2
3287	6 7 5 8
3288	7 8 5 1
3289	2 3 8 5
3290	5 3 8 7
3291	5 8 4 2
3292	4 8 7 1
3293	6 4 5 1
3294	7 2 6 4
3295	2 4 7 8
3296	5 1 2 8
3297	1 8 5 2
3298	3 1 4 7
3299	2 4 1 5
3300	1 2 6 3
3301	6 4 1 7
3302	3 2 5 8
3303	2 4 6 7
3304	3 2 4 5
3305	5 7 2 6
3306	3 1 8 4
3307	6 3 1 2
3308	1 7 5 4
3309	7 8 6 4
3310	2 1 8 4
3311	7 4 2 5
3312	6 2 4 8
3313	6 4 2 7
3314	8 6 4 7
3315	6 2 1 3
3316	3 7 1 4
3317	6 5 3 2
3318	8 3 4 5
3319	3 4 2 8
3320	4 1 2 3
3321	2 6 3 4
3322	8 1 4 3
3323	6 2 8 5
3324	2 6 3 7
3325	2 5 8 7
3326	4 2 8 3
3327	3 5 2 7
3328	2 6 8 5
3329	5 7 2 6
3330	7 8 2 3
3331	3 8 1 2
3332	4 8 2 1
3333	8 5 3 4
3334	2 7 1 4
3335	7 3 1 5
3336	3 2 1 7
3337	2 8 1 4
3338	4 8 3 6
3339	4 3 8 2
3340	4 1 5 6
3341	5 2 6 3
3342	4 7 3 5
3343	5 3 6 4
3344	6 5 8 1
3345	4 6 8 3
3346	7 8 5 3
3347	4 3 5 8
3348	3 4 8 7
3349	1 4 7 6
3350	8 5 1 2
3351	3 2 7 1
3352	6 5 4 7
3353	6 3 5 4
3354	1 7 2 4
3355	8 2 5 6
3356	6 8 7 1
3357	4 8 7 6
3358	5 6 3 7
3359	4 6 5 3
3360	8 5 3 7
3361	6 3 7 4
3362	1 8 6 5
3363	5 8 2 7
3364	5 3 7 4
3365	1 3 2 7
3366	7 6 3 5
3367	5 2 3 6
3368	5 4 6 2
3369	7 5 2 1
3370	3 1 5 6
3371	7 1 3 2
3372	3 7 6 2
3373	6 3 7 4
3374	8 3 5 6
3375	7 8 2 3
3376	1 7 2 8
3377	1 6 7 2
3378	5 3 6 1
3379	6 5 4 1
3380	5 4 1 2
3381	7 5 8 4
3382	1 7 2 5
3383	5 3 8 6
3384	4 2 3 5
3385	7 4 6 8
3386	2 3 7 4
3387	4 1 3 5
3388	6 4 8 2
3389	4 6 3 8
3390	5 8 2 4
3391	1 3 4 7
3392	6 2 8 3
3393	3 2 7 6
3394	8 5 2 6
3395	6 2 5 7
3396	1 6 3 2
3397	5 7 2 3
3398	2 6 5 4
3399	4 6 3 2
3400	4 7 8 2
3401	3 6 1 8
3402	5 8 3 1
3403	6 4 1 7
3404	5 4 2 8
3405	7 1 4 5
3406	1 4 7 6
3407	2 6 5 3
3408	2 3 5 7
3409	6 5 7 4
3410	2 6 1 3
3411	7 8 5 3
3412	6 3 1 2
3413	4 3 7 8
3414	1 3 8 4
3415	5 4 8 6
3416	7 4 5 6
3417	2 7 5 6
3418	6 5 4 2
3419	5 3 6 1
3420	4 6 5 1
3421	3 1 6 8
3422	1 5 7 2
3423	4 5 1 6
3424	3 7 6 4
3425	7 5 1 6
3426	8 7 4 1
3427	5 7 8 6
3428	1 5 6 4
3429	1 8 4 2
3430	2 8 6 3
3431	6 7 1 2
3432	1 8 3 5
3433	6 4 8 3
3434	2 8 5 1
3435	8 2 4 3
3436	3 4 1 7
3437	3 5 2 8
3438	1 8 2 4
3439	5 6 7 8
3440	3 1 7 5
3441	3 7 1 4
3442	5 3 6 2
3443	6 5 7 2
3444	5 4 8 1
3445	5 8 7 6
3446	2 7 5 4
3447	8 3 1 7
3448	5 8 1 2
3449	8 2 7 5
3450	2 5 8 7
3451	6 3 7 5
3452	5 3 2 4
3453	6 5 3 4
3454	3 7 2 5
3455	3 6 4 8
3456	8 2 3 5
3457	3 8 6 4
3458	6 8 7 5
3459	1 3 2 7
3460	5 6 3 4
3461	7 8 6 2
3462	7 2 5 6
3463	2 3 1 5
3464	6 2 3 8
3465	8 1 6 2
3466	3 5 8 6
3467	2 5 6 1
3468	8 7 1 4
3469	8 1 5 6
3470	1 3 5 4
3471	8 1 3 5
3472	5 7 1 3
3473	4 2 5 6
3474	4 5 7 1
3475	8 5 3 2
3476	8 1 2 3
3477	6 4 5 1
3478	7 2 4 5
3479	3 7 5 4
3480	4 5 7 2
3481	4 6 7 1
3482	2 4 3 1
3483	3 4 7 6
3484	1 8 3 6
3485	8 6 7 3
3486	5 3 4 7
3487	6 7 3 1
3488	6 7 5 2
3489	8 4 5 2
3490	3 6 7 1
3491	6 3 7 8
3492	2 8 6 3
3493	6 7 5 3
3494	4 7 2 8
3495	6 5 3 8
3496	1 5 6 3
3497	7 3 6 5
3498	3 1 7 2
3499	2 1 3 7
3500	3 4 2 7
3501	5 8 3 6
3502	7 2 4 6
3503	2 6 3 7
3504	8 5 6 3
3505	1 2 7 5
3506	8 1 5 3
3507	1 7 5 4
3508	4 5 1 8
3509	7 4 8 2
3510	6 5 3 8
3511	6 1 4 8
3512	4 8 7 2
3513	7 3 8 5
3514	8 1 4 2
3515	3 8 4 5
3516	2 8 4 3
3517	2 6 5 1
3518	7 8 4 5
3519	5 7 4 1
3520	2 5 3 7
3521	3 5 8 7
3522	2 5 8 7
3523	1 3 4 8
3524	5 3 2 8
3525	5 8 4 6
3526	5 8 7 4
3527	4 3 2 8
3528	8 1 6 7
3529	1 6 4 3
3530	6 1 8 7
3531	1 4 8 5
3532	6 3 7 8
3533	4 2 8 1
3534	8 1 5 2
3535	3 4 2 1
3536	7 1 8 4
3537	3 6 5 8
3538	3 6 7 5
3539	5 2 4 1
3540	7 1 3 2
3541	3 1 5 2
3542	1 4 7 2
3543	4 6 8 7
3544	6 5 1 7
3545	2 1 3 5
3546	4 8 5 7
3547	6 2 5 3
3548	2 4 1 5
3549	4 8 6 1
3550	1 7 2 5
3551	4 1 2 3
3552	8 1 7 2
3553	6 5 8 1
3554	5 3 1 6
3555	3 8 4 6
3556	2 6 1 8
3557	5 3 8 2
3558	1 6 7 5
3559	6 2 1 5
3560	5 7 3 2
3561	5 7 8 6
3562	4 5 3 7
3563	8 7 4 1
3564	8 7 5 2
3565	1 6 5 7
3566	5 8 6 2
3567	1 8 5 2
3568	4 8 3 6
3569	8 1 5 4
3570	5 3 1 7
3571	4 7 3 5
3572	6 1 2 5
3573	6 3 4 1
3574	1 8 4 5
3575	4 6 2 5
3576	1 4 6 2
3577	6 2 4 1
3578	7 3 6 4
3579	5 2 6 3
3580	6 3 1 5
3581	1 3 2 5
3582	4 1 8 2
3583	6 5 1 4
3584	1 2 3 6
3585	4 1 3 5
3586	4 2 1 7
3587	8 7 3 4
3588	2 1 4 6
3589	7 5 3 4
3590	7 1 2 3
3591	1 6 4 8
3592	5 6 1 8
3593	7 5 1 8
3594	4 2 8 1
3595	1 6 8 3
3596	1 4 5 8
3597	3 2 4 6
3598	2 5 6 4
3599	6 3 7 2
3600	6 1 4 8
3601	4 8 3 5
3602	2 8 5 3
3603	7 6 1 4
3604	1 8 2 5
3605	4 7 6 8
3606	8 2 7 1
3607	4 7 8 6
3608	5 1 6 8
3609	7 8 5 6
3610	1 4 2 5
3611	4 6 8 1
3612	6 4 2 1
3613	2 1 5 7
3614	2 6 5 8
3615	4 1 2 6
3616	6 7 8 1
3617	5 2 4 6
3618	1 8 7 4
3619	3 2 7 5
3620	8 7 4 3
3621	2 8 1 7
3622	3 6 1 5
3623	5 4 2 1
3624	1 8 2 5
3625	6 7 4 5
3626	4 6 3 7
3627	8 7 4 1
3628	8 3 6 5
3629	4 8 1 2
3630	6 3 7 5
3631	1 4 7 6
3632	8 3 5 6
3633	5 3 4 1
3634	6 3 1 7
3635	3 2 6 8
3636	4 7 6 1
3637	4 5 1 6
3638	5 4 7 8
3639	5 1 7 2
3640	1 6 8 2
3641	3 6 2 7
3642	8 4 1 5
3643	2 4 6 8
3644	3 8 4 7
3645	3 4 2 6
3646	2 3 5 6
3647	8 6 1 5
3648	4 1 7 5
3649	2 4 7 5
3650	7 6 2 4
3651	5 1 8 4
3652	6 8 7 2
3653	7 6 1 2
3654	1 7 4 8
3655	8 3 6 2
3656	2 7 4 5
3657	3 4 1 6
3658	5 2 8 7
3659	5 2 7 6
3660	2 3 5 8
3661	6 3 2 5
3662	1 7 5 8
3663	5 3 2 7
3664	1 5 4 8
3665	2 3 7 4
3666	7 4 3 8
3667	1 8 2 4
3668	5 2 1 7
3669	4 6 7 8
3670	3 5 1 6
3671	4 8 1 7
3672	2 1 4 3
3673	5 7 3 2
3674	8 3 2 4
3675	4 3 5 1
3676	2 6 7 3
3677	5 7 1 6
3678	8 5 4 3
3679	7 3 6 5
3680	1 2 6 7
3681	5 4 3 7
3682	8 4 2 7
3683	8 6 3 7
3684	4 8 6 3
3685	1 2 7 8
3686	1 5 6 7
3687	3 6 1 7
3688	4 7 3 6
3689	1 5 3 6
3690	8 4 3 6
3691	1 7 6 5
3692	1 4 6 2
3693	4 1 2 3
3694	2 1 7 4
3695	5 1 2 4
3696	3 4 5 1
3697	2 8 7 1
3698	5 2 4 3
3699	5 7 1 4
3700	1 8 7 2
3701	7 3 1 2
3702	4 5 3 7
3703	1 3 6 5
3704	4 1 7 8
3705	6 7 5 1
3706	8 5 3 4
3707	2 1 6 8
3708	8 6 5 7
3709	1 6 3 2
3710	3 5 8 7
3711	4 3 7 6
3712	4 7 3 5
3713	5 1 6 3
3714	7 2 4 5
3715	8 5 6 2
3716	1 2 6 5
3717	8 2 3 7
3718	3 7 6 8
3719	5 7 4 2
3720	5 6 4 8
3721	2 1 7 8
3722	1 6 7 2
3723	3 5 8 7
3724	7 2 3 8
3725	3 7 6 8
3726	4 8 2 7
3727	2 5 4 6
3728	2 8 1 6
3729	2 3 8 1
3730	3 7 6 2
3731	1 3 2 6
3732	6 5 2 7
3733	3 4 1 6
3734	4 7 6 3
3735	5 7 6 1
3736	6 2 7 4
3737	3 1 8 4
3738	1 6 5 8
3739	4 8 1 2
3740	7 1 6 4
3741	1 5 2 6
3742	3 7 2 4
3743	3 8 5 1
3744	8 6 1 3
3745	6 7 5 2
3746	2 5 4 7
3747	4 7 3 6
3748	7 8 4 1
3749	3 2 8 7
3750	6 3 1 7
3751	3 4 5 6
3752	2 1 4 8
3753	8 1 7 6
3754	4 3 7 2
3755	2 1 3 7
3756	6 7 3 8
3757	8 2 1 5
3758	6 7 5 3
3759	3 1 6 5
3760	5 2 6 4
3761	3 5 4 1
3762	1 8 2 6
3763	3 6 5 8
3764	5 4 7 3
3765	2 1 6 8
3766	4 5 1 6
3767	5 7 4 1
3768	8 2 6 4
3769	6 7 2 3
3770	5 1 2 7
3771	3 6 4 1
3772	2 5 1 4
3773	7 8 4 2
3774	1 5 2 3
3775	7 3 6 1
3776	2 7 3 4
3777	2 8 7 5
3778	2 8 5 3
3779	6 8 4 7
3780	1 7 5 3
3781	6 5 4 2
3782	4 8 7 3
3783	5 8 1 3
3784	1 5 6 2
3785	3 4 7 2
3786	6 2 8 5
3787	3 1 7 5
3788	7 1 5 3
3789	3 6 8 7
3790	7 4 3 5
3791	7 4 8 2
3792	1 8 5 7
3793	6 3 8 7
3794	3 8 6 5
3795	3 5 2 6
3796	3 6 4 7
3797	5 1 4 7
3798	6 3 7 8
3799	5 1 8 4
3800	3 7 2 6
3801	8 5 7 2
3802	8 1 3 4
3803	6 5 4 1
3804	5 8 4 6
3805	2 3 4 8
3806	7 3 2 8
3807	8 3 7 4
3808	7 2 1 3
3809	7 2 4 3
3810	6 4 5 1
3811	5 3 2 4
3812	2 5 4 6
3813	8 7 2 1
3814	1 5 6 4
3815	1 8 7 4
3816	7 8 6 4
3817	4 5 6 2
3818	6 4 5 3
3819	1 5 7 8
3820	2 1 8 5
3821	4 2 8 7
3822	6 5 1 7
3823	8 7 3 4
3824	8 7 6 1
3825	4 6 8 7
3826	7 3 5 2
3827	7 2 3 4
3828	8 7 5 2
3829	5 3 1 4
3830	4 8 6 1
3831	8 3 6 2
3832	2 1 7 6
3833	7 4 6 5
3834	4 2 8 1
3835	4 6 8 2
3836	6 8 3 1
3837	2 3 8 5
3838	4 6 5 7
3839	2 4 1 6
3840	7 8 3 5
3841	1 4 6 5
3842	2 5 8 6
3843	1 7 3 2
3844	7 5 4 6
3845	5 3 4 2
3846	7 8 4 3
3847	4 6 1 2
3848	4 5 8 6
3849	1 6 4 7
3850	8 5 2 1
3851	5 2 1 3
3852	5 4 1 2
3853	6 3 4 5
3854	5 4 1 3
3855	2 6 1 8
3856	8 7 6 1
3857	6 8 7 5
3858	5 7 4 2
3859	4 1 3 2
3860	3 6 1 2
3861	4 2 7 8
3862	6 4 2 8
3863	6 3 8 1
3864	1 7 5 3
3865	3 1 7 6
3866	4 2 6 8
3867	2 1 7 3
3868	6 8 2 4
3869	8 5 2 4
3870	4 1 7 2
3871	2 5 3 4
3872	6 1 8 2
3873	5 3 1 8
3874	8 1 7 3
3875	4 7 5 1
3876	8 6 7 4
3877	6 4 7 5
3878	1 4 8 7
3879	3 2 8 7
3880	2 8 6 4
3881	8 1 6 7
3882	5 2 7 1
3883	8 2 3 5
3884	7 3 2 6
3885	7 6 5 4
3886	8 7 4 6
3887	7 8 3 5
3888	6 4 8 1
3889	1 2 4 7
3890	1 5 4 7
3891	8 5 7 6
3892	3 6 8 2
3893	3 7 6 1
3894	2 8 7 5
3895	6 5 4 7
3896	3 5 8 6
3897	3 7 4 2
3898	7 1 3 5
3899	1 4 7 8
3900	2 7 5 4
3901	7 4 1 5
3902	8 4 7 1
3903	2 7 4 6
3904	3 2 6 7
3905	1 6 3 7
3906	5 8 4 6
3907	6 3 7 8
3908	1 8 7 6
3909	6 3 5 4
3910	1 6 8 2
3911	6 1 5 3
3912	5 3 1 7
3913	6 7 1 3
3914	6 2 4 8
3915	1 2 8 7
3916	7 6 1 5
3917	7 3 1 2
3918	8 1 7 3
3919	2 8 4 3
3920	1 6 7 4
3921	2 7 8 1
3922	2 1 3 5
3923	6 1 7 8
3924	4 3 1 5
3925	3 2 8 1
3926	7 1 3 2
3927	1 7 6 8
3928	4 1 5 3
3929	1 7 4 8
3930	5 2 7 1
3931	5 6 3 2
3932	8 3 4 5
3933	8 4 6 3
3934	3 2 5 1
3935	6 2 7 1
3936	6 7 2 3
3937	4 8 7 1
3938	8 4 6 3
3939	4 5 1 7
3940	2 8 5 3
3941	2 5 8 7
3942	8 5 3 1
3943	3 5 4 1
3944	6 4 1 2
3945	7 3 1 4
3946	7 1 5 4
3947	7 3 6 1
3948	4 1 7 6
3949	6 1 3 8
3950	5 3 4 1
3951	7 6 4 5
3952	3 1 6 2
3953	7 4 5 2
3954	5 6 8 3
3955	4 8 6 3
3956	2 3 4 5
3957	3 2 6 4
3958	5 8 1 3
3959	4 1 6 7
3960	7 4 2 1
3961	3 5 4 2
3962	7 3 1 6
3963	7 8 6 4
3964	4 3 2 1
3965	2 5 7 6
3966	2 5 8 4
3967	6 1 4 3
3968	1 5 7 8
3969	3 7 4 1
3970	8 6 7 4
3971	6 2 5 8
3972	1 4 8 6
3973	1 3 4 6
3974	2 1 4 3
3975	6 8 4 3
3976	1 2 6 7
3977	7 3 6 1
3978	5 7 6 4
3979	8 4 6 2
3980	4 8 7 5
3981	8 7 6 4
3982	8 2 4 6
3983	1 7 3 6
3984	3 2 1 5
3985	5 1 4 8
3986	6 5 3 7
3987	8 4 2 5
3988	2 8 3 6
3989	8 1 4 6
3990	6 7 1 4
3991	1 2 8 7
3992	4 3 2 7
3993	8 1 2 5
3994	1 4 8 2
3995	3 8 5 1
3996	2 7 6 8
3997	1 3 4 7
3998	5 4 7 2
3999	2 5 7 8
4000	1 7 5 8
4001	7 1 2 5
4002	2 3 4 7
4003	2 6 1 5
4004	8 7 4 2
4005	4 1 7 6
4006	6 1 2 5
4007	5 3 6 2
4008	6 8 4 2
4009	4 7 8 1
4010	2 1 6 8
4011	2 5 8 1
4012	7 3 4 8
4013	2 8 7 4
4014	5 7 4 2
4015	5 6 7 8
4016	7 8 6 4
4017	4 3 7 1
4018	1 3 7 6
4019	2 7 1 4
4020	8 6 1 5
4021	2 6 4 8
4022	6 4 2 5
4023	3 8 6 7
4024	4 7 6 2
4025	7 1 3 5
4026	8 3 5 2
4027	4 1 8 5
4028	7 3 8 5
4029	8 6 3 2
4030	7 6 1 4
4031	4 3 8 5
4032	4 5 1 7
4033	4 6 2 5
4034	4 5 6 8
4035	8 7 5 6
4036	3 2 4 1
4037	8 6 5 1
4038	7 5 2 6
4039	8 2 5 6
4040	5 1 6 8
4041	2 7 6 8
4042	4 3 5 1
4043	1 7 5 8
4044	3 8 1 5
4045	6 5 7 1
4046	8 3 4 7
4047	8 2 7 3
4048	4 1 6 5
4049	7 1 4 2
4050	4 2 1 3
4051	7 6 4 1
4052	8 3 1 2
4053	4 3 2 6
4054	1 4 8 7
4055	7 5 2 1
4056	3 5 8 7
4057	2 4 1 7
4058	8 3 4 2
4059	4 1 6 7
4060	4 5 7 8
4061	3 7 6 1
4062	2 4 8 5
4063	8 4 5 7
4064	7 5 3 4
4065	1 7 2 4
4066	7 3 4 2
4067	2 5 1 6
4068	2 4 3 1
4069	5 8 2 1
4070	6 1 7 8
4071	1 6 7 8
4072	1 6 3 5
4073	6 1 7 4
4074	2 7 1 8
4075	3 4 2 6
4076	1 3 2 7
4077	4 7 3 8
4078	7 3 6 1
4079	1 4 8 5
4080	3 2 1 4
4081	1 8 2 6
4082	4 2 5 1
4083	6 1 8 2
4084	1 3 2 7
4085	2 6 3 4
4086	5 4 7 6
4087	8 3 2 5
4088	4 8 7 5
4089	1 5 8 7
4090	7 8 4 5
4091	6 2 7 4
4092	6 3 7 2
4093	3 7 6 4
4094	3 2 4 5
4095	7 4 5 8
4096	4 3 2 5
4097	4 6 1 3
4098	4 2 1 7
4099	5 7 3 6
4100	8 6 1 7
4101	8 2 3 6
4102	8 6 1 3
4103	8 5 7 1
4104	8 5 1 4
4105	2 1 5 7
4106	3 8 6 4
4107	2 6 8 7
4108	6 1 7 4
4109	8 4 2 5
4110	4 1 3 2
4111	2 8 1 7
4112	4 3 1 8
4113	7 8 5 4
4114	3 6 2 4
4115	8 5 6 3
4116	8 2 3 7
4117	2 1 6 7
4118	3 1 7 2
4119	5 7 4 1
4120	6 1 7 2
4121	8 2 4 1
4122	5 8 3 6
4123	2 3 7 4
4124	4 7 5 6
4125	6 5 1 8
4126	3 5 1 7
4127	2 6 1 7
4128	5 7 8 1
4129	1 3 4 8
4130	2 3 7 4
4131	5 6 4 2
4132	8 4 6 5
4133	2 6 4 1
4134	6 5 4 2
4135	7 1 4 3
4136	3 6 7 4
4137	2 5 7 3
4138	3 2 7 6
4139	4 8 3 2
4140	1 7 8 4
4141	2 8 6 4
4142	4 7 6 1
4143	2 7 1 6
4144	5 2 8 6
4145	4 1 5 8
4146	3 1 6 5
4147	4 6 2 7
4148	8 2 7 6
4149	1 2 3 8
4150	6 2 5 4
4151	4 5 6 2
4152	5 8 3 7
4153	1 6 4 3
4154	7 2 5 1
4155	3 7 4 5
4156	5 7 2 4
4157	4 2 8 5
4158	5 6 4 7
4159	3 5 6 2
4160	2 7 6 8
4161	3 1 2 7
4162	8 6 1 2
4163	4 2 6 5
4164	5 1 3 4
4165	3 2 6 8
4166	4 6 5 3
4167	3 1 8 2
4168	4 5 8 6
4169	8 2 3 1
4170	1 5 6 8
4171	7 4 5 8
4172	6 1 8 2
4173	5 2 3 7
4174	7 5 3 8
4175	7 6 3 1
4176	2 5 3 7
4177	6 3 1 2
4178	3 6 1 8
4179	6 1 8 2
4180	3 2 7 6
4181	1 7 6 2
4182	8 5 3 4
4183	2 3 5 7
4184	4 1 2 5
4185	7 1 6 5
4186	4 5 7 3
4187	6 3 5 4
4188	8 1 7 4
4189	6 8 2 5
4190	5 1 7 2
4191	1 3 8 7
4192	7 1 4 8
4193	1 5 7 4
4194	4 7 3 5
4195	5 1 3 6
4196	2 1 4 8
4197	2 5 7 6
4198	7 5 3 6
4199	8 6 2 4
4200	1 7 2 3
4201	2 5 6 1
4202	6 5 7 8
4203	4 5 8 6
4204	3 2 4 1
4205	3 8 4 7
4206	7 2 6 5
4207	4 8 2 3
4208	7 6 1 4
4209	5 1 4 3
4210	7 5 2 6
4211	1 8 2 4
4212	8 6 4 1
4213	5 4 2 8
4214	5 2 1 8
4215	6 4 3 8
4216	4 8 5 6
4217	5 6 1 4
4218	1 6 2 3
4219	3 4 6 8
4220	4 2 3 7
4221	1 2 3 7
4222	1 5 7 4
4223	5 8 2 6
4224	5 4 3 1
4225	2 8 7 3
4226	8 6 3 7
4227	8 1 7 5
4228	6 5 8 2
4229	8 2 5 3
4230	7 3 2 8
4231	3 2 6 8
4232	1 5 6 3
4233	8 1 6 3
4234	2 7 5 8
4235	6 1 7 2
4236	5 4 8 1
4237	8 2 6 1
4238	2 6 4 8
4239	6 4 5 3
4240	5 7 1 3
4241	3 8 5 6
4242	6 3 2 4
4243	1 5 2 3
4244	5 2 8 4
4245	4 1 2 5
4246	7 3 6 5
4247	3 5 6 8
4248	8 5 6 1
4249	7 1 3 4
4250	5 4 8 2
4251	6 1 3 4
4252	7 2 6 5
4253	3 2 5 1
4254	2 8 5 6
4255	2 4 7 5
4256	6 8 4 1
4257	2 1 6 8
4258	7 6 1 4
4259	2 4 1 5
4260	5 6 8 4
4261	1 4 8 3
4262	5 3 4 2
4263	2 6 7 5
4264	3 8 2 1
4265	3 5 2 1
4266	3 2 7 4
4267	3 7 5 2
4268	8 4 7 3
4269	6 8 2 7
4270	3 5 7 8
4271	6 7 2 4
4272	7 3 4 8
4273	1 4 3 8
4274	3 7 8 1
4275	2 3 6 5
4276	1 2 3 7
4277	7 6 5 4
4278	3 8 5 7
4279	3 7 8 1
4280	8 3 4 1
4281	2 3 6 1
4282	6 2 8 1
4283	2 3 1 5
4284	2 3 4 5
4285	2 4 5 3
4286	1 6 8 3
4287	5 7 4 8
4288	8 5 6 4
4289	8 5 4 2
4290	1 3 4 2
4291	3 5 1 2
4292	4 8 5 7
4293	8 1 6 7
4294	8 2 1 3
4295	8 2 1 7
4296	7 6 3 8
4297	5 6 2 8
4298	8 3 5 4
4299	4 2 5 1
4300	2 3 7 1
4301	3 2 1 5
4302	2 1 6 3
4303	8 2 5 1
4304	7 1 3 6
4305	3 1 2 8
4306	2 8 5 6
4307	2 7 5 3
4308	6 7 3 8
4309	8 2 4 7
4310	5 1 3 7
4311	5 1 8 2
4312	5 7 1 3
4313	7 5 8 6
4314	1 4 7 8
4315	2 7 4 1
4316	6 4 1 2
4317	4 2 6 8
4318	6 1 2 8
4319	8 2 4 6
4320	8 6 1 5
4321	4 2 5 1
4322	1 5 4 8
4323	5 7 6 4
4324	5 3 7 2
4325	5 3 6 4
4326	2 8 1 3
4327	2 3 6 1
4328	8 5 6 2
4329	7 6 4 5
4330	6 7 1 4
4331	8 7 4 5
4332	1 2 4 6
4333	4 5 1 2
4334	4 1 7 5
4335	6 3 8 1
4336	5 4 8 3
4337	8 7 2 4
4338	3 7 2 5
4339	3 8 6 4
4340	4 1 2 7
4341	5 7 3 8
4342	6 3 4 2
4343	6 8 7 2
4344	7 6 4 5
4345	7 2 3 8
4346	7 2 8 5
4347	4 8 6 1
4348	8 4 5 2
4349	6 2 8 4
4350	1 7 3 2
4351	4 8 5 2
4352	5 4 8 6
4353	3 8 1 7
4354	7 4 5 1
4355	8 6 3 4
4356	8 2 1 7
4357	7 2 8 5
4358	8 1 4 6
4359	1 6 2 7
4360	7 8 6 4
4361	8 2 6 1
4362	8 5 1 7
4363	1 2 4 5
4364	5 3 6 2
4365	3 2 4 6
4366	6 2 5 4
4367	6 1 3 5
4368	7 1 8 3
4369	8 1 7 4
4370	2 5 4 7
4371	7 3 1 2
4372	2 7 3 4
4373	3 6 2 1
4374	6 1 8 4
4375	5 2 7 3
4376	7 1 4 3
4377	7 5 3 6
4378	6 3 2 1
4379	1 6 8 7
4380	3 6 7 4
4381	1 4 8 5
4382	8 3 2 1
4383	2 5 8 1
4384	3 5 1 2
4385	7 5 1 6
4386	1 4 2 3
4387	1 6 3 4
4388	4 6 1 3
4389	6 3 4 2
4390	7 6 5 1
4391	5 1 4 3
4392	1 5 2 4
4393	2 3 6 7
4394	5 8 1 4
4395	7 2 6 1
4396	3 8 6 5
4397	2 7 4 3
4398	6 3 1 2
4399	8 5 3 4
4400	5 3 7 6
4401	4 8 3 7
4402	7 4 6 3
4403	7 3 2 1
4404	1 3 4 5
4405	5 3 2 6
4406	5 2 7 6
4407	7 5 2 3
4408	6 8 7 1
4409	4 3 7 5
4410	7 1 2 5
4411	8 2 4 6
4412	3 4 8 1
4413	8 2 5 7
4414	8 7 3 1
4415	2 1 4 3
4416	5 6 8 7
4417	5 3 6 4
4418	5 6 8 1
4419	4 7 5 3
4420	4 6 3 5
4421	3 7 2 4
4422	7 5 3 2
4423	3 7 5 8
4424	2 4 3 7
4425	7 8 2 4
4426	4 2 6 8
4427	1 5 3 8
4428	8 7 5 1
4429	3 2 7 8
4430	8 6 3 1
4431	1 3 2 7
4432	8 4 1 6
4433	8 4 2 3
4434	7 8 5 3
4435	8 1 4 5
4436	5 2 7 1
4437	5 2 3 8
4438	7 3 6 8
4439	6 1 7 2
4440	3 6 1 2
4441	2 1 5 6
4442	6 3 5 2
4443	1 4 6 5
4444	1 8 2 7
4445	6 4 2 1
4446	1 6 5 2
4447	3 4 6 1
4448	7 3 1 5
4449	8 2 7 3
4450	8 4 5 3
4451	7 3 1 4
4452	2 6 7 3
4453	8 2 6 5
4454	3 2 7 5
4455	6 8 7 3
4456	3 2 6 4
4457	3 8 7 6
4458	6 4 3 8
4459	4 6 2 3
4460	5 4 8 2
4461	3 7 6 8
4462	3 6 5 1
4463	1 4 2 8
4464	4 7 1 5
4465	3 4 6 2
4466	7 5 6 4
4467	4 2 1 3
4468	8 4 5 1
4469	2 8 6 4
4470	6 5 3 1
4471	1 5 3 7
4472	2 4 8 7
4473	7 5 1 8
4474	6 1 3 2
4475	6 8 2 4
4476	3 2 5 7
4477	7 8 1 4
4478	6 1 4 7
4479	7 2 4 3
4480	2 8 4 1
4481	5 3 1 4
4482	2 6 4 7
4483	3 8 2 1
4484	4 7 6 5
4485	5 6 2 7
4486	2 3 7 4
4487	3 4 2 6
4488	3 2 1 5
4489	6 4 7 2
4490	6 7 3 1
4491	4 2 8 1
4492	6 2 3 4
4493	5 7 1 6
4494	3 1 6 5
4495	2 7 3 1
4496	3 8 6 2
4497	7 3 4 2
4498	6 3 8 4
4499	1 8 4 5
4500	1 3 5 4
4501	4 2 5 7
4502	5 2 1 4
4503	5 6 7 4
4504	7 6 1 8
4505	4 5 3 1
4506	8 4 5 1
4507	5 1 6 2
4508	4 7 2 3
4509	4 5 3 8
4510	4 7 5 8
4511	3 4 2 6
4512	6 4 5 7
4513	8 7 3 5
4514	6 2 1 7
4515	8 1 6 5
4516	3 6 1 2
4517	3 4 7 1
4518	4 5 6 1
4519	4 1 6 2
4520	4 5 7 8
4521	5 7 2 3
4522	7 2 5 3
4523	8 4 6 7
4524	6 2 1 3
4525	8 7 2 4
4526	6 8 4 5
4527	8 4 1 3
4528	1 6 5 4
4529	6 5 4 2
4530	1 3 4 7
4531	3 1 7 2
4532	8 1 6 3
4533	1 6 2 8
4534	4 7 5 2
4535	2 3 6 5
4536	6 7 3 2
4537	4 1 7 8
4538	1 6 2 7
4539	6 8 7 2
4540	6 7 1 5
4541	6 2 1 7
4542	6 3 8 4
4543	4 1 7 3
4544	2 8 6 7
4545	6 3 8 1
4546	7 2 3 8
4547	4 3 6 5
4548	8 7 6 1
4549	4 1 5 2
4550	8 5 2 3
4551	3 5 6 7
4552	1 2 3 8
4553	2 5 8 1
4554	2 6 1 8
4555	5 8 2 4
4556	4 1 8 2
4557	2 1 5 8
4558	5 1 4 2
4559	6 2 4 1
4560	1 5 8 4
4561	3 4 2 8
4562	6 7 5 4
4563	8 6 5 1
4564	7 3 8 2
4565	8 4 7 2
4566	1 5 7 3
4567	7 2 3 8
4568	1 6 5 7
4569	3 4 6 5
4570	3 8 5 4
4571	6 3 7 2
4572	3 7 5 6
4573	3 1 4 7
4574	8 2 1 3
4575	2 7 8 1
4576	1 8 5 2
4577	8 7 4 6
4578	3 8 7 6
4579	5 8 1 3
4580	1 2 5 4
4581	8 3 7 6
4582	7 3 4 1
4583	5 8 4 6
4584	3 2 4 7
4585	1 6 4 8
4586	3 5 1 8
4587	7 2 5 8
4588	1 3 8 7
4589	3 7 1 6
4590	7 5 1 8
4591	8 1 6 3
4592	2 5 8 6
4593	2 4 8 3
4594	3 1 2 7
4595	5 2 7 6
4596	4 1 5 8
4597	6 7 3 1
4598	2 5 3 6
4599	1 8 6 4
4600	7 4 3 2
4601	8 5 6 7
4602	4 3 8 7
4603	3 4 5 2
4604	7 2 6 3
4605	7 3 6 5
4606	4 7 1 3
4607	6 7 3 2
4608	4 3 5 8
4609	2 6 4 1
4610	1 3 5 6
4611	3 4 2 5
4612	5 1 3 7
4613	2 5 4 7
4614	8 3 5 6
4615	1 5 8 6
4616	8 3 2 6
4617	8 3 4 1
4618	8 5 6 7
4619	7 5 8 3
4620	3 6 8 1
4621	5 6 4 2
4622	7 8 6 3
4623	7 4 3 1
4624	2 1 6 8
4625	7 6 3 5
4626	7 3 2 6
4627	2 7 1 8
4628	7 3 4 1
4629	6 1 4 3
4630	4 5 3 1
4631	4 1 3 8
4632	5 4 8 7
4633	4 2 6 8
4634	8 4 1 3
4635	5 7 4 8
4636	5 4 3 8
4637	4 1 3 6
4638	3 4 5 7
4639	7 2 5 8
4640	1 6 7 4
4641	3 4 6 1
4642	7 8 5 4
4643	4 6 5 7
4644	8 7 5 1
4645	5 8 4 1
4646	4 2 8 1
4647	2 7 8 1
4648	7 2 8 3
4649	8 7 1 4
4650	7 3 1 5
4651	3 4 5 7
4652	4 3 6 2
4653	5 3 2 6
4654	3 2 5 1
4655	8 7 5 4
4656	6 2 7 5
4657	8 5 6 1
4658	2 8 7 5
4659	5 3 8 2
4660	8 4 6 5
4661	8 7 1 4
4662	1 2 7 5
4663	4 8 6 3
4664	6 4 5 8
4665	6 3 2 4
4666	5 8 2 7
4667	6 7 8 1
4668	2 3 6 7
4669	6 1 4 7
4670	6 3 2 5
4671	3 5 1 7
4672	8 7 5 4
4673	8 3 1 7
4674	2 4 3 6
4675	7 1 4 6
4676	5 6 3 7
4677	5 2 3 4
4678	1 3 5 8
4679	8 1 6 7
4680	3 7 1 6
4681	8 5 4 3
4682	7 8 2 4
4683	2 3 5 6
4684	4 2 1 3
4685	3 2 7 1
4686	7 2 8 5
4687	6 8 4 7
4688	7 3 6 8
4689	5 2 4 6
4690	5 8 1 7
4691	8 1 7 5
4692	3 7 6 4
4693	7 8 4 6
4694	2 1 5 4
4695	1 2 7 6
4696	4 1 3 6
4697	7 2 8 3
4698	4 5 1 6
4699	6 1 8 7
4700	4 8 2 5
4701	1 5 4 6
4702	5 2 4 3
4703	5 6 2 1
4704	4 7 5 1
4705	7 3 5 2
4706	4 1 3 8
4707	4 7 6 8
4708	7 5 4 2
4709	3 5 7 4
4710	8 6 2 1
4711	7 2 8 3
4712	6 7 3 2
4713	5 8 7 1
4714	8 4 7 1
4715	1 2 3 7
4716	1 3 7 6
4717	7 4 3 5
4718	1 7 3 8
4719	3 6 5 8
4720	3 2 7 8
4721	6 3 1 4
4722	6 2 1 8
4723	5 2 3 1
4724	3 2 7 6
4725	2 7 6 3
4726	5 1 7 2
4727	3 4 7 1
4728	4 2 6 3
4729	7 5 6 4
4730	1 4 3 7
4731	7 3 2 4
4732	4 6 5 2
4733	4 6 5 7
4734	8 6 1 4
4735	3 7 1 4
4736	5 1 2 6
4737	2 5 8 1
4738	4 1 6 3
4739	3 8 5 1
4740	2 4 3 1
4741	3 1 2 8
4742	8 4 6 5
4743	8 7 2 3
4744	1 6 4 7
4745	6 4 8 5
4746	8 5 3 4
4747	3 5 7 2
4748	3 4 6 8
4749	7 3 8 6
4750	4 7 5 2
4751	1 7 2 5
4752	2 8 1 6
4753	3 5 2 7
4754	5 3 4 7
4755	2 3 7 6
4756	2 5 6 1
4757	3 8 5 2
4758	6 3 7 2
4759	2 7 3 8
4760	2 8 6 7
4761	2 7 8 1
4762	5 4 8 2
4763	1 7 2 5
4764	6 1 4 3
4765	2 7 1 6
4766	5 1 8 7
4767	6 7 1 2
4768	3 5 6 2
4769	7 2 4 6
4770	1 4 3 2
4771	4 2 3 8
4772	7 5 6 8
4773	3 2 6 8
4774	8 4 6 1
4775	8 3 2 4
4776	6 1 3 8
4777	4 7 2 5
4778	4 7 8 1
4779	5 8 7 4
4780	3 1 5 4
4781	4 5 3 2
4782	4 3 6 1
4783	1 3 8 2
4784	6 2 7 5
4785	6 8 7 5
4786	2 4 5 7
4787	8 3 2 6
4788	2 1 4 8
4789	8 7 1 3
4790	6 1 8 3
4791	8 6 5 2
4792	4 8 6 7
4793	4 3 1 5
4794	1 3 8 6
4795	2 4 3 5
4796	1 2 6 7
4797	6 8 2 3
4798	5 8 1 4
4799	1 5 4 6
4800	7 5 4 8
4801	8 6 1 7
4802	6 1 5 8
4803	8 7 2 1
4804	7 2 6 5
4805	2 7 1 8
4806	6 5 7 3
4807	4 6 2 3
4808	7 5 6 1
4809	5 8 4 2
4810	4 8 7 5
4811	1 5 8 4
4812	8 2 4 6
4813	7 8 2 1
4814	7 4 6 3
4815	6 7 5 2
4816	7 1 2 6
4817	8 4 2 7
4818	5 7 1 8
4819	7 3 6 5
4820	2 7 3 5
4821	7 5 6 4
4822	7 4 2 5
4823	3 1 7 4
4824	8 7 5 3
4825	1 3 7 2
4826	2 7 6 4
4827	7 5 6 1
4828	7 1 3 4
4829	8 1 6 3
4830	2 4 1 6
4831	5 7 2 6
4832	8 5 7 2
4833	1 2 5 6
4834	8 7 5 3
4835	4 6 7 1
4836	5 6 4 1
4837	4 2 5 8
4838	5 8 2 1
4839	4 5 2 8
4840	7 1 8 5
4841	6 5 3 7
4842	1 6 8 5
4843	8 4 5 7
4844	8 1 3 7
4845	4 3 2 6
4846	6 4 7 8
4847	1 6 8 3
4848	1 2 5 8
4849	8 1 6 5
4850	8 2 4 7
4851	3 4 5 2
4852	6 8 2 5
4853	7 2 8 6
4854	7 8 6 4
4855	7 6 2 5
4856	6 2 1 7
4857	2 1 5 8
4858	3 2 1 8
4859	1 3 8 6
4860	1 7 5 3
4861	5 2 1 6
4862	4 6 1 2
4863	4 3 1 5
4864	8 5 6 7
4865	2 4 6 5
4866	6 3 7 5
4867	4 5 7 1
4868	2 5 7 8
4869	7 6 1 4
4870	4 3 7 8
4871	3 6 4 1
4872	7 5 2 3
4873	7 5 6 3
4874	8 2 7 5
4875	2 7 1 8
4876	2 4 1 3
4877	4 5 6 2
4878	6 7 3 4
4879	5 7 2 1
4880	4 1 2 3
4881	2 3 5 4
4882	2 6 5 3
4883	7 2 4 8
4884	1 8 4 6
4885	3 2 8 4
4886	3 8 5 2
4887	8 4 7 2
4888	8 2 3 5
4889	5 8 7 2
4890	5 2 1 3
4891	8 2 7 3
4892	1 8 5 3
4893	5 7 3 8
4894	2 6 8 3
4895	3 8 1 2
4896	1 5 2 4
4897	1 2 5 4
4898	7 5 8 4
4899	7 2 8 4
4900	2 6 3 7
4901	7 6 1 5
4902	3 1 2 4
4903	3 2 1 6
4904	1 4 5 7
4905	6 3 5 8
4906	6 1 7 5
4907	6 8 4 7
4908	1 3 6 4
4909	7 4 1 3
4910	5 6 7 2
4911	1 3 2 8
4912	4 8 6 7
4913	4 5 1 2
4914	4 5 1 8
4915	7 5 6 3
4916	1 3 5 7
4917	8 5 2 1
4918	6 4 8 2
4919	6 5 2 4
4920	5 3 7 6
4921	3 7 8 5
4922	2 6 1 8
4923	1 6 5 8
4924	1 6 8 5
4925	8 3 2 5
4926	7 1 8 2
4927	6 8 4 3
4928	7 4 6 3
4929	2 1 8 6
4930	7 2 5 4
4931	7 6 2 5
4932	7 8 6 5
4933	7 3 6 5
4934	7 8 5 1
4935	2 4 7 1
4936	6 2 4 7
4937	8 6 2 1
4938	4 1 7 2
4939	3 1 4 2
4940	7 8 6 3
4941	3 4 1 2
4942	3 8 1 7
4943	5 6 4 1
4944	1 2 8 7
4945	4 3 8 7
4946	3 1 8 4
4947	3 4 1 7
4948	6 3 1 4
4949	3 4 6 5
4950	4 2 6 1
4951	7 4 3 6
4952	4 6 3 8
4953	3 8 2 5
4954	6 4 2 1
4955	4 2 5 1
4956	2 8 4 5
4957	1 3 5 4
4958	6 4 2 5
4959	5 1 3 4
4960	3 7 6 5
4961	8 6 1 7
4962	8 2 6 4
4963	5 3 1 8
4964	8 5 1 6
4965	3 4 6 2
4966	7 5 3 4
4967	7 3 1 2
4968	1 6 5 7
4969	8 4 3 2
4970	1 3 2 6
4971	5 6 7 2
4972	1 8 4 3
4973	4 8 3 2
4974	8 1 5 2
4975	6 7 5 3
4976	4 3 6 1
4977	4 8 3 7
4978	1 6 5 2
4979	6 5 3 7
4980	7 4 8 1
4981	2 3 6 5
4982	7 3 1 5
4983	5 4 7 2
4984	6 8 7 5
4985	8 1 2 7
4986	7 2 6 4
4987	8 4 2 6
4988	7 5 8 2
4989	8 1 6 5
4990	4 7 6 5
4991	3 6 8 1
4992	2 8 4 7
4993	5 7 4 6
4994	1 8 6 5
4995	6 8 7 1
4996	3 4 1 8
4997	8 5 6 4
4998	1 7 3 4
4999	2 5 7 8
5000	4 1 7 5
