Students	6000
1	6 1 4 2
2	6 4 2 8
3	1 6 5 2
4	4 7 8 1
5	8 2 4 3
6	4 3 1 5
7	3 5 7 2
8	1 4 8 5
9	1 8 4 2
10	2 8 1 3
11	7 8 5 4
12	6 1 4 2
13	5 8 6 3
14	6 3 1 4
15	2 8 4 7
16	1 7 2 4
17	6 4 7 5
18	4 1 8 7
19	6 2 4 7
20	3 6 7 1
21	4 5 3 6
22	4 5 1 7
23	8 4 6 1
24	8 7 6 2
25	1 4 2 6
26	6 7 8 1
27	6 1 3 4
28	2 6 4 5
29	1 4 5 2
30	4 7 8 1
31	1 2 4 3
32	5 7 1 8
33	6 8 7 3
34	6 7 5 2
35	6 4 1 8
36	3 4 5 8
37	2 3 8 4
38	8 5 7 1
39	5 2 1 4
40	4 6 5 2
41	4 5 3 7
42	1 6 3 2
43	7 4 8 6
44	3 1 7 8
45	3 6 1 7
46	8 4 3 6
47	4 1 8 3
48	3 5 4 6
49	8 3 5 7
50	7 6 8 5
51	8 6 7 3
52	5 6 7 2
53	7 1 4 8
54	5 1 3 6
55	4 8 6 2
56	7 8 1 5
57	7 3 4 8
58	8 3 7 4
59	7 4 3 6
60	4 2 7 1
61	5 1 6 2
62	3 1 8 4
63	2 4 8 5
64	8 5 1 4
65	2 7 6 8
66	6 3 2 5
67	6 4 2 1
68	2 3 5 7
69	3 5 7 4
70	5 1 2 4
71	8 3 5 7
72	4 1 3 6
73	6 7 4 1
74	7 5 2 4
75	2 7 8 6
76	5 3 6 7
77	8 4 2 7
78	8 4 5 3
79	8 4 1 7
80	1 5 3 8
81	5 7 6 8
82	6 4 7 2
83	2 5 3 6
84	8 2 5 7
85	8 5 4 7
86	5 1 2 6
87	2 7 8 5
88	2 8 7 5
89	8 1 2 5
90	2 3 5 8
91	3 6 2 7
92	1 7 4 5
93	3 7 6 5
94	5 1 4 7
95	2 3 7 1
96	1 2 6 8
97	1 8 7 6
98	5 4 7 8
99	2 3 8 5
100	2 6 1 8
101	4 5 2 8
102	6 3 4 1
103	1 4 8 6
104	6 3 8 2
105	5 2 3 6
106	5 8 2 6
107	5 6 8 7
108	3 4 2 1
109	8 5 1 2
110	5 2 7 4
111	8 3 6 2
112	7 8 3 4
113	3 7 5 2
114	6 1 2 8
115	8 4 7 1
116	1 4 7 2
117	4 7 6 8
118	2 7 8 4
119	3 5 8 6
120	6 7 2 3
121	6 8 5 1
122	6 7 8 1
123	7 5 4 2
124	8 2 3 1
125	7 2 3 5
126	6 8 7 3
127	1 4 8 2
128	3 1 8 5
129	7 5 6 8
130	1 3 7 4
131	2 7 8 3
132	1 5 6 8
133	8 7 3 4
134	3 8 5 7
135	3 1 7 8
136	5 8 7 3
137	6 1 4 8
138	8 6 7 4
139	5 3 4 6
140	6 3 8 1
141	5 2 7 6
142	3 6 5 7
143	1 4 7 5
144	4 3 6 5
145	5 6 8 4
146	6 3 5 1
147	2 6 1 7
148	4 5 8 3
149	2 8 3 6
150	5 1 4 8
151	1 2 5 8
152	8 2 7 5
153	4 8 7 2
154	1 5 8 3
155	4 3 8 6
156	3 8 4 6
157	3 4 7 2
158	6 8 1 5
159	6 8 1 2
160	3 6 2 1
161	3 1 4 6
162	2 8 7 5
163	5 3 2 6
164	7 2 6 4
165	8 4 1 6
166	7 2 6 5
167	3 8 4 1
168	5 4 6 7
169	2 3 1 6
170	1 5 8 7
171	8 7 4 6
172	6 3 5 8
173	6 8 2 1
174	5 7 4 1
175	2 1 5 7
176	1 6 4 5
177	6 8 1 4
178	5 3 1 6
179	3 5 6 1
180	6 3 4 7
181	7 1 3 4
182	5 8 4 3
183	2 4 7 1
184	4 6 1 8
185	7 4 2 8
186	5 1 6 3
187	2 5 6 4
188	8 5 1 6
189	4 7 8 3
190	8 2 7 3
191	4 1 6 8
192	5 8 1 2
193	3 4 8 2
194	7 5 8 2
195	4 3 2 6
196	4 2 6 7
197	1 8 4 5
198	7 8 5 2
199	8 5 1 4
200	6 1 3 8
201	1 7 4 6
202	7 3 1 2
203	7 3 4 8
204	5 8 6 4
205	7 1 5 8
206	1 6 4 8
207	4 1 6 7
208	2 4 1 7
209	8 4 1 2
210	8 4 1 6
211	3 6 1 5
212	1 8 7 3
213	7 5 1 6
214	4 3 2 6
215	1 3 5 6
216	5 6 7 1
217	8 1 6 3
218	5 8 7 2
219	1 6 8 7
220	2 1 3 4
221	1 7 6 8
222	4 6 5 8
223	8 2 6 3
224	2 7 6 8
225	4 8 3 2
226	1 7 2 3
227	7 2 8 6
228	5 1 8 7
229	2 3 4 7
230	3 6 1 4
231	8 5 7 3
232	5 1 7 6
233	4 1 7 2
234	1 4 8 6
235	3 8 5 4
236	1 3 2 8
237	6 5 7 1
238	7 8 1 5
239	3 1 6 8
240	1 6 4 8
241	7 1 8 6
242	6 7 4 1
243	3 6 5 8
244	8 1 7 4
245	1 7 5 8
246	3 2 5 8
247	4 5 2 7
248	8 5 6 3
249	2 1 3 6
250	5 4 1 8
251	3 1 2 6
252	2 3 6 8
253	4 2 7 1
254	3 6 1 5
255	1 5 6 8
256	8 1 7 5
257	8 5 3 6
258	4 3 8 1
259	4 8 5 2
260	2 5 8 6
261	5 2 4 3
262	7 8 2 4
263	7 3 1 5
264	2 1 4 5
265	8 3 6 2
266	6 1 7 2
267	3 8 1 4
268	4 3 6 1
269	6 3 8 4
270	8 7 6 4
271	2 5 1 3
272	7 3 4 1
273	1 6 2 5
274	1 5 3 8
275	7 6 4 1
276	1 8 6 4
277	3 8 1 4
278	2 3 5 8
279	8 5 1 2
280	5 8 2 1
281	1 6 5 2
282	6 1 5 4
283	7 6 8 2
284	4 3 6 8
285	1 4 2 3
286	6 8 3 2
287	2 7 5 3
288	8 3 5 2
289	4 8 1 6
290	4 6 8 3
291	4 3 2 5
292	7 1 6 5
293	1 2 5 7
294	2 3 1 8
295	3 4 5 1
296	2 5 7 1
297	6 8 7 1
298	8 6 5 2
299	6 7 1 5
300	7 6 5 4
301	5 8 6 7
302	3 4 6 1
303	2 7 4 3
304	8 2 5 7
305	3 2 1 7
306	4 8 2 3
307	2 6 4 8
308	2 3 5 7
309	3 6 7 2
310	8 7 4 5
311	4 7 2 8
312	2 3 1 7
313	1 6 8 5
314	7 2 5 3
315	8 4 1 6
316	6 3 7 4
317	5 1 2 8
318	7 5 4 8
319	1 3 4 2
320	1 4 2 5
321	3 2 1 8
322	8 5 1 3
323	6 5 8 1
324	1 6 2 5
325	5 3 4 7
326	3 5 1 2
327	7 5 8 1
328	6 3 1 5
329	4 3 8 6
330	7 1 2 6
331	6 2 5 7
332	6 3 4 1
333	6 3 1 8
334	5 3 1 7
335	3 4 5 8
336	6 8 1 4
337	3 5 2 1
338	1 3 5 7
339	1 2 5 8
340	1 3 8 6
341	7 5 8 6
342	1 7 4 6
343	2 1 8 7
344	6 5 3 4
345	8 3 5 4
346	3 6 4 8
347	6 8 3 1
348	2 1 5 3
349	5 3 4 7
350	6 7 8 5
351	3 8 4 6
352	1 5 7 8
353	6 5 4 7
354	6 1 3 8
355	5 1 2 7
356	7 4 2 3
357	2 5 3 7
358	5 3 8 7
359	6 7 1 2
360	5 8 2 3
361	5 8 4 2
362	4 2 8 5
363	2 4 8 5
364	3 7 8 5
365	2 6 4 1
366	2 7 1 5
367	1 3 2 5
368	3 2 6 4
369	7 8 6 1
370	5 4 6 1
371	1 3 7 2
372	5 2 1 4
373	3 2 5 8
374	3 1 5 7
375	4 5 7 2
376	2 4 8 1
377	5 6 7 8
378	7 1 2 5
379	5 2 1 6
380	7 5 8 6
381	1 6 4 3
382	4 1 3 5
383	3 2 4 6
384	6 5 7 8
385	4 1 8 7
386	7 2 5 1
387	7 1 3 5
388	6 3 1 8
389	2 4 5 7
390	4 8 5 3
391	1 8 5 3
392	3 7 5 2
393	4 5 6 3
394	6 7 4 2
395	6 4 2 8
396	6 8 7 5
397	6 5 3 7
398	4 2 5 3
399	5 2 6 1
400	4 5 6 2
401	2 7 5 4
402	6 7 8 2
403	8 6 5 3
404	7 1 4 2
405	3 2 1 6
406	3 8 2 4
407	8 3 4 7
408	6 4 3 7
409	1 5 2 8
410	1 4 5 8
411	1 3 8 5
412	2 4 7 6
413	3 1 5 2
414	5 6 3 7
415	7 2 4 6
416	2 7 6 1
417	3 7 8 4
418	7 5 1 4
419	2 3 6 7
420	7 6 8 2
421	4 2 7 6
422	2 4 3 1
423	7 5 6 1
424	3 4 5 2
425	8 2 5 4
426	2 6 5 3
427	5 4 6 8
428	6 3 7 2
429	5 1 2 4
430	4 7 2 3
431	6 1 7 4
432	7 1 2 6
433	1 4 6 8
434	4 7 2 5
435	5 2 3 7
436	1 2 5 3
437	4 7 5 1
438	3 1 7 2
439	5 3 7 2
440	6 2 7 5
441	4 1 2 5
442	1 3 2 4
443	7 4 3 1
444	3 5 6 8
445	3 6 5 1
446	6 4 2 3
447	8 2 5 7
448	7 1 4 3
449	8 6 1 4
450	1 8 7 3
451	2 8 1 6
452	4 3 2 5
453	4 6 8 2
454	1 6 2 4
455	2 4 6 7
456	7 5 2 3
457	6 5 2 3
458	3 1 6 2
459	7 5 1 4
460	7 2 1 3
461	4 2 5 6
462	6 7 2 8
463	4 5 7 1
464	8 4 3 7
465	2 3 1 8
466	2 1 7 8
467	6 8 5 3
468	4 7 3 8
469	5 8 7 1
470	1 5 2 6
471	7 8 1 4
472	4 2 1 7
473	8 1 5 3
474	8 5 4 1
475	8 4 2 6
476	7 3 6 4
477	2 6 1 5
478	6 1 4 2
479	2 6 7 8
480	3 4 6 7
481	2 1 3 6
482	5 2 8 6
483	1 7 3 4
484	7 1 6 4
485	3 4 6 1
486	4 8 5 1
487	3 4 7 6
488	4 2 8 6
489	6 1 4 2
490	5 8 2 1
491	3 5 2 7
492	1 8 5 4
493	1 8 6 5
494	1 7 6 4
495	3 4 5 6
496	2 8 5 6
497	8 5 7 4
498	3 4 6 2
499	1 3 7 2
500	8 2 7 1
501	5 1 8 7
502	8 4 6 5
503	2 6 1 4
504	4 8 6 2
505	2 8 6 7
506	1 4 3 2
507	2 3 4 5
508	3 8 6 5
509	2 1 6 7
510	7 1 8 4
511	6 7 8 2
512	5 3 8 6
513	7 1 5 6
514	8 4 5 3
515	7 4 6 5
516	7 8 2 6
517	3 4 5 2
518	3 4 1 2
519	7 6 5 3
520	4 1 2 3
521	3 2 4 6
522	1 4 8 5
523	4 6 8 5
524	7 2 3 6
525	1 3 4 8
526	1 7 6 2
527	6 2 3 5
528	3 8 4 7
529	6 2 7 4
530	5 6 7 8
531	6 1 7 3
532	3 5 2 1
533	6 3 4 1
534	7 2 6 8
535	2 5 8 6
536	3 1 7 8
537	7 8 6 4
538	2 7 6 3
539	8 2 7 3
540	7 3 8 4
541	7 1 4 8
542	3 2 7 5
543	5 3 4 8
544	1 7 3 5
545	5 6 8 7
546	4 1 6 7
547	3 8 5 7
548	7 8 5 3
549	5 4 3 1
550	3 4 6 5
551	6 7 1 8
552	5 3 2 4
553	8 5 6 1
554	3 5 6 1
555	7 6 1 8
556	3 6 5 7
557	6 8 7 2
558	6 7 2 8
559	7 3 8 6
560	8 6 3 1
561	7 1 3 2
562	8 6 1 3
563	2 3 5 4
564	1 7 2 8
565	5 2 1 3
566	1 6 5 4
567	1 4 6 3
568	2 4 5 8
569	1 8 7 5
570	3 5 2 8
571	7 2 3 6
572	6 4 7 2
573	3 6 2 1
574	3 2 8 6
575	1 2 6 4
576	8 7 4 5
577	3 5 1 8
578	6 1 3 2
579	1 5 3 6
580	8 6 4 7
581	4 7 1 8
582	3 7 2 4
583	8 1 2 7
584	7 2 8 5
585	5 2 6 4
586	6 1 4 8
587	2 6 7 1
588	2 5 8 1
589	3 7 8 6
590	3 1 5 8
591	7 3 1 4
592	6 2 8 7
593	5 4 8 6
594	8 1 5 7
595	7 4 2 5
596	1 8 6 2
597	1 4 5 8
598	5 2 1 4
599	4 1 2 6
600	3 8 4 7
601	3 6 8 5
602	8 4 6 3
603	2 4 3 8
604	8 6 1 5
605	1 5 6 3
606	6 1 3 5
607	2 6 8 5
608	4 3 5 8
609	6 5 4 3
610	5 7 3 8
611	4 6 1 8
612	1 2 4 5
613	2 6 7 5
614	6 7 1 8
615	4 3 2 8
616	8 4 6 5
617	7 8 6 3
618	4 8 7 3
619	3 4 2 6
620	4 2 1 7
621	4 7 1 5
622	3 5 7 8
623	4 8 3 1
624	4 5 1 2
625	7 2 1 8
626	2 5 4 7
627	2 7 4 5
628	4 6 7 8
629	8 2 5 4
630	2 6 5 8
631	5 7 6 1
632	1 6 8 5
633	1 5 3 7
634	4 6 8 1
635	6 5 3 4
636	7 8 4 6
637	8 7 3 1
638	2 7 5 1
639	8 3 2 5
640	7 6 3 5
641	1 3 6 5
642	1 8 4 5
643	6 7 2 5
644	4 7 3 5
645	5 1 4 6
646	8 1 5 4
647	4 8 2 3
648	2 7 5 6
649	7 5 4 8
650	2 8 7 6
651	7 6 2 1
652	1 7 4 5
653	2 7 3 6
654	1 2 8 6
655	3 1 7 6
656	7 2 4 8
657	2 6 7 3
658	1 7 3 4
659	7 2 5 4
660	5 1 7 6
661	8 1 7 5
662	1 8 5 3
663	1 4 5 7
664	2 3 1 5
665	6 7 8 1
666	4 3 1 8
667	5 2 3 6
668	8 3 2 6
669	6 4 1 3
670	6 3 4 2
671	8 1 2 5
672	4 2 6 3
673	7 3 2 4
674	7 4 6 5
675	5 3 4 2
676	3 8 5 6
677	2 7 5 4
678	8 6 5 7
679	4 1 7 6
680	5 8 7 1
681	1 3 4 8
682	8 3 5 1
683	1 4 2 7
684	2 6 3 1
685	7 5 6 8
686	1 5 8 4
687	8 3 5 6
688	6 4 1 2
689	8 7 6 4
690	2 1 7 8
691	2 8 7 3
692	7 4 3 6
693	7 3 6 8
694	3 8 4 6
695	2 7 8 4
696	6 8 4 1
697	6 4 8 3
698	1 5 6 2
699	6 2 4 7
700	1 5 8 2
701	8 5 4 2
702	5 1 7 4
703	5 8 4 6
704	1 3 2 8
705	4 1 5 6
706	3 4 2 8
707	5 7 1 4
708	5 3 1 2
709	7 1 5 6
710	6 8 2 1
711	7 4 6 2
712	7 5 3 1
713	5 4 3 1
714	7 6 5 3
715	6 3 7 5
716	4 1 5 6
717	2 5 8 1
718	7 1 4 6
719	8 7 5 3
720	6 4 3 8
721	7 4 1 8
722	3 8 4 6
723	3 7 5 1
724	8 3 1 2
725	2 8 4 6
726	8 1 5 6
727	1 6 4 5
728	2 3 1 5
729	6 2 7 1
730	1 3 5 6
731	5 2 4 1
732	6 2 7 4
733	2 8 5 3
734	8 2 1 5
735	6 8 2 1
736	4 2 7 1
737	7 3 5 4
738	8 1 7 5
739	7 6 1 8
740	3 8 7 5
741	8 1 3 6
742	4 8 6 1
743	4 1 7 5
744	2 8 7 6
745	1 7 6 2
746	8 6 1 5
747	7 5 8 4
748	8 5 4 1
749	6 1 2 7
750	7 5 4 2
751	4 8 2 7
752	5 3 1 4
753	8 4 1 5
754	4 5 2 3
755	1 2 8 3
756	3 1 8 2
757	1 8 5 6
758	8 5 7 4
759	4 6 7 2
760	1 7 2 8
761	4 6 2 3
762	8 1 2 4
763	5 7 4 3
764	6 1 5 8
765	2 6 3 7
766	7 8 1 3
767	7 8 2 3
768	5 6 7 4
769	4 5 1 3
770	4 5 1 6
771	3 2 6 7
772	7 6 1 8
773	7 4 3 5
774	4 5 6 3
775	3 4 6 1
776	5 4 6 2
777	5 3 2 4
778	6 2 5 3
779	4 6 8 7
780	2 7 1 4
781	8 7 4 6
782	8 1 5 4
783	1 8 3 5
784	1 7 3 2
785	7 8 5 6
786	4 6 1 8
787	1 4 3 5
788	7 2 6 8
789	5 8 7 3
790	3 7 4 1
791	5 3 2 6
792	4 2 8 5
793	2 4 6 5
794	1 7 5 6
795	4 6 2 1
796	6 8 2 3
797	1 2 8 3
798	1 6 5 7
799	3 4 7 1
800	1 2 8 3
801	5 1 6 2
802	3 7 1 6
803	2 3 6 8
804	2 4 8 3
805	3 2 5 6
806	8 6 5 2
807	4 5 2 1
808	6 1 4 5
809	2 3 5 1
810	2 7 8 6
811	7 2 3 8
812	6 8 7 5
813	6 8 4 7
814	8 6 3 5
815	5 6 1 8
816	7 3 5 4
817	5 8 7 3
818	4 2 5 3
819	3 2 5 7
820	7 4 1 2
821	1 7 4 2
822	7 4 3 1
823	6 8 5 2
824	4 3 2 1
825	3 5 1 8
826	7 3 5 1
827	7 6 4 5
828	6 3 5 8
829	8 4 1 6
830	1 6 7 2
831	1 8 2 6
832	4 5 8 6
833	3 2 7 8
834	2 1 7 4
835	1 4 3 5
836	7 1 8 5
837	8 7 6 4
838	1 6 5 3
839	5 7 1 4
840	6 4 8 3
841	3 4 7 5
842	1 8 3 7
843	5 4 1 2
844	4 6 7 2
845	6 5 8 3
846	7 3 8 5
847	6 8 7 5
848	5 2 1 7
849	6 7 8 2
850	7 8 6 5
851	1 4 7 5
852	1 6 3 4
853	7 6 5 4
854	2 4 1 3
855	5 6 3 1
856	1 5 3 8
857	4 5 6 2
858	8 7 2 1
859	1 3 7 8
860	4 8 7 6
861	2 1 7 3
862	2 5 6 3
863	2 4 5 1
864	2 3 7 4
865	3 7 4 5
866	7 2 6 4
867	3 6 5 2
868	4 7 8 5
869	3 5 6 8
870	8 4 7 2
871	7 6 3 2
872	7 6 4 5
873	4 3 7 1
874	8 4 6 2
875	6 2 7 5
876	4 3 1 5
877	7 2 1 4
878	2 8 4 3
879	2 7 1 8
880	6 3 7 2
881	5 4 3 7
882	7 1 5 4
883	8 1 7 5
884	1 2 4 5
885	7 2 6 4
886	5 1 8 6
887	4 2 3 1
888	5 1 6 7
889	1 8 4 7
890	6 8 4 1
891	1 4 2 3
892	6 3 7 5
893	1 6 8 7
894	5 3 6 7
895	6 2 1 7
896	8 2 5 6
897	7 5 8 6
898	8 5 4 6
899	7 1 3 4
900	1 3 5 4
901	4 6 7 2
902	5 3 2 8
903	6 7 2 4
904	2 7 1 6
905	1 7 2 4
906	1 2 6 8
907	4 3 2 7
908	3 6 8 4
909	1 2 7 4
910	3 8 2 7
911	7 4 3 8
912	4 3 5 6
913	5 8 6 7
914	5 8 4 7
915	2 7 1 5
916	8 7 1 3
917	7 4 2 1
918	5 4 7 3
919	3 4 1 6
920	3 7 5 8
921	8 6 1 4
922	2 4 1 7
923	7 8 4 1
924	8 7 6 2
925	5 2 8 7
926	3 2 6 7
927	7 4 8 5
928	6 8 2 4
929	8 6 3 5
930	8 5 6 7
931	4 1 5 3
932	1 3 7 2
933	1 7 8 2
934	6 1 7 4
935	5 6 1 8
936	8 3 1 6
937	8 5 1 6
938	5 6 2 4
939	7 1 8 6
940	7 8 2 3
941	5 4 7 8
942	8 7 2 5
943	1 2 5 6
944	4 2 8 5
945	1 4 2 3
946	8 5 3 6
947	4 3 7 8
948	2 1 3 8
949	2 7 6 4
950	6 7 5 8
951	6 7 2 1
952	8 4 1 2
953	8 3 5 2
954	5 8 4 2
955	7 1 3 4
956	8 2 6 3
957	2 7 6 4
958	2 4 6 7
959	2 8 6 3
960	1 4 6 5
961	2 8 4 5
962	1 4 2 3
963	1 4 5 7
964	8 1 3 5
965	8 3 1 2
966	7 4 5 8
967	7 4 6 3
968	2 7 1 3
969	3 8 1 5
970	5 3 8 4
971	6 3 8 4
972	7 2 1 5
973	1 4 6 3
974	5 3 7 6
975	7 2 5 1
976	6 8 3 7
977	3 6 1 5
978	6 2 8 3
979	5 8 1 2
980	3 1 6 2
981	3 6 1 8
982	4 1 8 5
983	2 3 6 4
984	1 7 4 6
985	6 7 5 2
986	7 5 8 4
987	2 3 8 1
988	3 2 6 8
989	2 6 5 7
990	4 7 6 1
991	4 5 2 6
992	8 4 7 1
993	6 5 8 7
994	3 8 7 2
995	3 4 5 1
996	5 3 7 2
997	3 2 4 5
998	5 8 2 7
999	4 1 2 3
1000	8 4 2 5
1001	4 5 7 6
1002	2 8 6 4
1003	2 1 4 6
1004	2 3 1 5
1005	4 2 7 3
1006	7 6 5 3
1007	3 2 6 4
1008	1 5 6 4
1009	1 2 6 5
1010	1 5 3 7
1011	5 3 8 1
1012	4 1 5 3
1013	4 8 3 7
1014	7 8 2 6
1015	8 1 5 4
1016	5 2 8 6
1017	4 8 6 2
1018	8 4 1 2
1019	2 8 5 3
1020	3 8 7 1
1021	6 3 8 1
1022	2 7 4 3
1023	8 5 6 7
1024	8 6 5 7
1025	7 3 8 4
1026	8 5 1 6
1027	2 1 3 7
1028	6 2 7 3
1029	6 3 4 1
1030	8 2 7 1
1031	2 1 5 3
1032	2 8 6 4
1033	2 6 7 4
1034	1 7 2 5
1035	8 6 4 3
1036	2 3 1 4
1037	5 8 1 7
1038	4 5 2 8
1039	8 4 6 5
1040	3 2 8 5
1041	1 6 3 5
1042	5 4 1 8
1043	6 1 5 8
1044	3 8 7 1
1045	5 7 6 2
1046	5 6 8 7
1047	5 7 8 6
1048	7 4 3 2
1049	4 5 2 1
1050	4 1 6 2
1051	4 7 5 1
1052	6 2 4 7
1053	8 6 4 2
1054	6 3 8 7
1055	5 2 3 1
1056	6 5 7 2
1057	6 8 1 3
1058	3 8 2 6
1059	5 8 1 2
1060	5 3 7 6
1061	5 7 4 8
1062	7 2 5 1
1063	2 8 6 4
1064	3 4 5 7
1065	4 8 7 6
1066	7 5 1 3
1067	8 2 4 3
1068	1 2 5 4
1069	2 1 5 7
1070	2 7 4 3
1071	7 5 3 2
1072	6 4 8 3
1073	1 4 6 2
1074	1 4 2 6
1075	1 7 8 5
1076	6 8 5 3
1077	8 1 6 3
1078	2 4 7 3
1079	2 8 6 5
1080	2 6 1 5
1081	1 7 8 4
1082	2 5 6 3
1083	7 6 2 4
1084	5 6 3 2
1085	2 3 8 5
1086	8 6 1 5
1087	8 5 4 6
1088	7 8 2 3
1089	1 3 2 7
1090	1 5 8 4
1091	5 1 7 8
1092	4 8 2 5
1093	5 1 7 8
1094	2 5 7 1
1095	3 8 2 4
1096	5 3 7 4
1097	8 1 7 4
1098	6 4 3 8
1099	7 2 8 3
1100	8 5 3 4
1101	7 1 4 8
1102	5 7 8 2
1103	2 1 5 4
1104	5 4 2 3
1105	4 6 8 5
1106	3 7 4 2
1107	2 6 4 5
1108	6 8 5 4
1109	5 3 4 7
1110	6 4 2 8
1111	6 2 4 3
1112	7 4 2 3
1113	8 7 1 5
1114	3 1 7 4
1115	2 4 5 1
1116	6 1 4 8
1117	1 4 8 7
1118	1 3 2 4
1119	3 4 1 2
1120	4 8 5 6
1121	7 5 4 3
1122	1 2 6 4
1123	5 8 2 6
1124	2 5 4 3
1125	4 5 6 1
1126	5 7 1 2
1127	8 3 2 7
1128	6 3 8 5
1129	8 4 3 2
1130	3 4 6 1
1131	3 2 6 5
1132	6 7 2 3
1133	7 6 3 8
1134	8 4 6 7
1135	7 4 6 2
1136	4 2 8 1
1137	2 3 1 8
1138	4 2 6 1
1139	1 7 4 3
1140	8 1 4 6
1141	5 8 6 4
1142	7 1 5 4
1143	6 3 4 7
1144	2 7 8 6
1145	1 4 3 8
1146	2 4 1 6
1147	4 7 5 6
1148	2 5 3 4
1149	7 2 5 1
1150	4 2 1 8
1151	8 3 6 7
1152	7 2 5 6
1153	6 3 4 5
1154	8 2 6 1
1155	5 1 2 8
1156	5 7 3 8
1157	2 8 7 3
1158	8 7 1 4
1159	4 2 8 3
1160	7 3 5 8
1161	1 4 8 6
1162	3 7 6 2
1163	7 4 3 6
1164	7 1 5 6
1165	7 5 8 2
1166	5 6 3 8
1167	2 8 5 7
1168	4 2 8 5
1169	2 8 7 5
1170	6 5 2 4
1171	2 8 1 5
1172	2 6 1 3
1173	5 1 8 3
1174	3 8 2 6
1175	7 1 5 2
1176	8 5 3 2
1177	2 4 8 6
1178	7 1 4 5
1179	6 8 4 2
1180	5 3 4 6
1181	3 1 8 6
1182	8 4 7 5
1183	7 1 8 5
1184	6 4 1 2
1185	7 6 1 8
1186	8 7 4 6
1187	4 8 6 1
1188	8 2 5 7
1189	6 4 3 5
1190	3 5 7 1
1191	4 3 2 6
1192	5 2 4 6
1193	7 5 4 6
1194	3 1 2 6
1195	7 2 6 8
1196	5 7 4 3
1197	5 6 1 7
1198	5 8 7 6
1199	1 5 6 2
1200	7 3 4 2
1201	1 2 7 8
1202	2 7 1 8
1203	5 2 8 7
1204	5 6 2 3
1205	3 8 4 6
1206	6 3 7 5
1207	7 1 8 2
1208	8 4 2 7
1209	7 4 6 5
1210	5 2 6 7
1211	2 7 1 6
1212	5 1 4 3
1213	7 8 1 6
1214	3 4 6 7
1215	8 2 3 1
1216	7 6 1 2
1217	5 1 8 4
1218	8 1 2 6
1219	8 2 3 1
1220	2 6 4 8
1221	8 2 7 4
1222	3 4 5 2
1223	5 7 8 3
1224	4 7 6 1
1225	5 4 7 8
1226	3 4 2 1
1227	4 1 8 3
1228	6 5 3 7
1229	4 7 1 2
1230	1 5 2 4
1231	7 3 5 1
1232	1 3 2 6
1233	1 3 8 5
1234	8 6 1 3
1235	2 5 8 3
1236	1 5 2 6
1237	3 4 5 7
1238	1 7 5 4
1239	5 7 4 2
1240	7 8 3 5
1241	1 5 3 7
1242	5 3 6 7
1243	8 4 6 7
1244	1 6 7 5
1245	7 1 6 8
1246	7 2 8 4
1247	8 2 5 1
1248	8 6 1 7
1249	2 6 4 1
1250	4 5 6 2
1251	1 2 6 5
1252	8 5 3 1
1253	1 2 8 7
1254	2 5 1 3
1255	1 2 8 3
1256	6 2 5 7
1257	5 1 2 8
1258	7 2 4 3
1259	2 8 5 1
1260	1 3 5 8
1261	2 1 8 5
1262	3 5 1 4
1263	1 2 3 8
1264	5 6 1 3
1265	3 2 8 1
1266	8 3 1 7
1267	5 2 7 3
1268	7 4 8 6
1269	3 4 7 2
1270	5 7 2 4
1271	5 2 4 8
1272	7 8 6 4
1273	1 2 6 7
1274	5 3 2 1
1275	1 8 3 5
1276	5 6 1 4
1277	1 8 7 6
1278	8 2 5 3
1279	4 8 3 1
1280	4 6 5 2
1281	5 4 7 8
1282	4 5 8 1
1283	2 5 4 6
1284	2 4 8 5
1285	8 1 4 7
1286	1 7 6 2
1287	8 4 6 7
1288	8 5 2 7
1289	5 3 7 6
1290	5 7 4 6
1291	2 5 4 6
1292	5 8 6 4
1293	4 7 8 5
1294	7 2 3 6
1295	6 2 1 3
1296	8 1 3 7
1297	4 8 3 7
1298	3 6 8 7
1299	7 8 5 6
1300	3 6 5 2
1301	8 5 2 7
1302	8 1 2 6
1303	6 8 2 4
1304	7 2 1 4
1305	2 1 4 3
1306	3 1 5 4
1307	5 3 8 6
1308	6 2 3 7
1309	7 5 8 4
1310	4 6 2 7
1311	5 2 6 4
1312	3 8 6 5
1313	6 8 7 5
1314	1 5 3 7
1315	5 7 8 4
1316	4 8 2 3
1317	6 8 3 5
1318	5 1 2 3
1319	5 4 8 1
1320	1 5 6 3
1321	6 5 8 3
1322	8 7 1 2
1323	8 4 7 1
1324	4 3 5 7
1325	5 7 3 2
1326	7 3 4 1
1327	4 8 7 3
1328	2 1 5 7
1329	2 8 6 7
1330	2 8 3 4
1331	1 2 3 5
1332	3 2 5 8
1333	7 6 5 3
1334	6 8 7 4
1335	4 2 3 6
1336	6 5 3 7
1337	4 6 3 8
1338	7 1 3 2
1339	7 4 3 5
1340	3 2 7 5
1341	1 3 2 4
1342	2 3 5 4
1343	6 4 3 2
1344	3 7 1 4
1345	7 8 6 3
1346	8 7 5 2
1347	1 2 5 6
1348	1 4 5 7
1349	5 2 8 3
1350	7 8 1 5
1351	3 2 5 7
1352	8 4 2 7
1353	7 3 2 1
1354	7 6 1 3
1355	5 2 4 6
1356	4 8 7 5
1357	1 5 6 4
1358	5 6 3 7
1359	8 7 5 3
1360	2 4 5 3
1361	4 6 5 7
1362	7 1 5 3
1363	1 6 4 7
1364	2 8 3 4
1365	5 8 1 4
1366	5 3 2 8
1367	6 8 2 7
1368	3 4 7 5
1369	2 7 5 6
1370	1 5 4 6
1371	7 8 4 3
1372	6 2 4 5
1373	6 1 7 8
1374	3 8 6 7
1375	1 5 4 8
1376	8 4 6 5
1377	5 2 4 6
1378	1 8 2 3
1379	2 7 6 3
1380	4 8 2 3
1381	5 8 3 4
1382	7 8 4 1
1383	4 5 2 1
1384	6 7 1 5
1385	8 5 3 2
1386	7 1 2 6
1387	3 5 8 4
1388	2 6 3 4
1389	6 4 8 2
1390	8 1 7 2
1391	2 8 4 6
1392	7 6 4 2
1393	4 5 2 6
1394	8 4 1 2
1395	1 8 7 5
1396	3 5 7 4
1397	3 6 5 4
1398	5 1 2 7
1399	4 5 7 2
1400	4 3 2 6
1401	8 4 3 6
1402	1 7 5 4
1403	2 7 8 3
1404	7 6 5 2
1405	5 1 8 3
1406	7 3 4 2
1407	5 3 4 1
1408	8 6 7 5
1409	6 7 2 5
1410	4 6 1 3
1411	4 5 6 3
1412	3 2 5 7
1413	4 6 2 7
1414	2 1 3 8
1415	3 5 6 4
1416	8 5 3 6
1417	4 7 3 5
1418	7 1 5 4
1419	3 7 2 6
1420	6 4 7 2
1421	4 2 7 1
1422	3 6 2 4
1423	1 2 3 6
1424	1 5 8 4
1425	3 5 2 7
1426	3 1 7 2
1427	8 7 6 2
1428	3 6 4 2
1429	4 3 6 5
1430	7 1 8 3
1431	7 4 2 3
1432	5 8 4 7
1433	1 4 7 2
1434	5 1 8 6
1435	8 2 6 7
1436	1 6 4 7
1437	1 4 5 8
1438	4 5 7 3
1439	3 1 5 4
1440	1 2 3 5
1441	5 4 3 7
1442	7 2 4 1
1443	6 4 2 5
1444	2 7 3 1
1445	6 4 8 2
1446	3 1 4 2
1447	2 6 3 5
1448	7 2 3 4
1449	8 5 2 4
1450	1 4 2 7
1451	6 1 4 3
1452	2 3 4 1
1453	1 2 3 5
1454	7 5 6 2
1455	2 7 8 6
1456	8 2 6 4
1457	3 4 2 1
1458	5 4 3 2
1459	7 2 6 3
1460	2 5 1 4
1461	5 1 4 8
1462	7 2 1 6
1463	4 8 7 1
1464	3 2 7 5
1465	2 7 8 4
1466	4 1 5 2
1467	6 5 7 8
1468	8 4 7 5
1469	7 3 8 6
1470	1 7 3 8
1471	1 7 6 8
1472	4 2 5 7
1473	3 7 4 2
1474	4 1 5 3
1475	6 1 3 8
1476	3 5 1 4
1477	3 5 1 8
1478	7 5 2 3
1479	5 7 3 4
1480	6 3 1 2
1481	3 5 1 6
1482	1 3 8 4
1483	4 2 8 6
1484	6 3 7 8
1485	3 5 6 1
1486	5 7 1 8
1487	8 4 3 2
1488	6 8 4 2
1489	1 6 4 2
1490	1 5 8 2
1491	8 2 5 1
1492	2 7 5 3
1493	3 4 1 6
1494	5 3 1 8
1495	6 1 5 7
1496	5 1 6 2
1497	7 5 4 6
1498	4 1 8 7
1499	4 7 3 1
1500	5 4 1 8
1501	4 7 8 3
1502	7 6 5 2
1503	4 1 5 6
1504	7 8 6 4
1505	3 1 7 5
1506	4 8 1 7
1507	5 2 8 4
1508	7 3 2 4
1509	7 2 5 4
1510	1 5 3 6
1511	1 3 5 8
1512	1 8 4 2
1513	8 1 3 6
1514	4 2 3 1
1515	1 4 5 3
1516	4 6 2 7
1517	3 1 5 6
1518	7 3 6 2
1519	6 4 5 3
1520	5 3 1 4
1521	3 5 6 8
1522	7 3 6 4
1523	2 8 5 1
1524	1 6 3 5
1525	4 1 8 2
1526	4 8 1 3
1527	2 4 3 1
1528	6 4 2 1
1529	2 7 5 6
1530	1 8 2 5
1531	5 6 4 2
1532	2 7 5 6
1533	8 6 1 7
1534	2 1 6 8
1535	4 1 5 3
1536	6 2 3 1
1537	4 8 6 1
1538	1 4 5 3
1539	2 1 5 4
1540	3 2 4 8
1541	3 1 6 4
1542	7 3 1 5
1543	3 7 8 5
1544	5 3 8 2
1545	6 7 4 1
1546	7 5 4 6
1547	3 2 4 8
1548	2 8 3 5
1549	3 4 6 8
1550	6 1 7 8
1551	8 6 4 7
1552	1 2 6 3
1553	2 8 3 6
1554	1 2 4 6
1555	7 4 3 6
1556	8 5 7 2
1557	4 7 2 1
1558	6 7 8 2
1559	2 5 6 4
1560	5 6 8 4
1561	4 2 8 6
1562	1 4 8 5
1563	3 8 5 1
1564	5 7 6 8
1565	5 8 6 3
1566	6 1 4 5
1567	4 5 6 2
1568	6 3 2 7
1569	7 1 6 4
1570	3 1 7 5
1571	4 8 7 3
1572	1 2 8 6
1573	7 2 4 6
1574	8 2 3 4
1575	2 1 3 5
1576	8 6 1 2
1577	3 4 8 5
1578	2 1 5 3
1579	6 1 3 2
1580	4 6 7 5
1581	1 2 6 8
1582	6 3 5 1
1583	4 5 2 1
1584	6 2 4 7
1585	8 7 6 1
1586	3 5 2 1
1587	3 1 2 8
1588	8 2 4 5
1589	3 6 8 1
1590	3 2 5 1
1591	4 3 2 8
1592	4 1 5 2
1593	1 3 4 8
1594	5 3 7 4
1595	7 3 4 1
1596	3 8 5 4
1597	5 3 8 1
1598	1 3 2 7
1599	1 5 7 6
1600	8 4 3 7
1601	8 7 6 1
1602	8 2 1 6
1603	3 7 4 5
1604	1 4 5 3
1605	4 7 6 2
1606	7 3 4 2
1607	6 8 3 2
1608	4 1 7 3
1609	4 8 7 5
1610	2 8 7 4
1611	5 3 4 6
1612	8 1 4 5
1613	8 4 7 1
1614	6 2 8 4
1615	5 3 6 7
1616	1 7 5 8
1617	3 7 8 1
1618	7 2 8 1
1619	8 5 1 6
1620	2 5 3 8
1621	5 7 6 3
1622	5 4 2 3
1623	7 4 3 5
1624	2 1 7 4
1625	1 7 4 5
1626	3 2 8 5
1627	8 2 4 7
1628	5 2 4 3
1629	5 3 4 1
1630	6 5 1 3
1631	5 6 8 4
1632	4 8 1 6
1633	4 5 8 7
1634	2 1 4 8
1635	1 7 3 4
1636	7 5 3 4
1637	8 6 1 7
1638	5 3 7 1
1639	7 8 1 3
1640	1 8 5 7
1641	6 8 2 7
1642	6 5 7 2
1643	1 3 4 5
1644	5 8 3 2
1645	1 3 8 2
1646	8 1 3 5
1647	8 6 5 4
1648	7 1 4 3
1649	1 7 8 4
1650	2 7 4 3
1651	8 5 1 2
1652	3 2 1 5
1653	3 2 5 4
1654	7 6 2 4
1655	6 1 4 7
1656	4 8 7 1
1657	4 6 8 1
1658	7 3 2 5
1659	2 8 4 6
1660	1 7 2 6
1661	1 3 6 8
1662	5 1 2 8
1663	6 5 8 3
1664	4 1 5 7
1665	5 7 2 6
1666	8 3 4 2
1667	4 5 3 8
1668	6 2 7 8
1669	6 2 4 5
1670	7 4 6 3
1671	3 7 6 5
1672	3 1 6 4
1673	5 8 1 4
1674	2 5 1 8
1675	6 7 1 4
1676	6 3 1 7
1677	8 7 1 5
1678	1 8 3 4
1679	2 4 7 1
1680	1 8 6 4
1681	5 1 6 7
1682	1 4 7 6
1683	3 2 7 8
1684	4 8 2 3
1685	3 1 6 5
1686	6 2 5 8
1687	4 6 8 5
1688	8 1 6 2
1689	7 2 6 4
1690	5 7 1 8
1691	5 4 8 2
1692	6 8 3 2
1693	5 2 1 4
1694	2 8 5 1
1695	6 7 5 4
1696	6 7 2 3
1697	8 5 3 6
1698	2 3 1 6
1699	5 3 4 2
1700	4 2 1 7
1701	8 2 5 7
1702	8 5 7 2
1703	7 5 6 8
1704	7 2 3 5
1705	5 8 4 7
1706	8 5 1 7
1707	3 1 5 6
1708	7 1 2 8
1709	1 6 4 3
1710	2 8 1 6
1711	4 3 1 2
1712	7 6 8 1
1713	4 8 3 6
1714	8 6 3 7
1715	7 8 5 3
1716	5 2 1 7
1717	1 3 4 7
1718	5 4 3 1
1719	4 3 8 6
1720	1 7 5 2
1721	5 8 1 3
1722	7 2 1 4
1723	5 3 1 6
1724	6 8 4 2
1725	2 1 7 3
1726	1 8 7 3
1727	3 4 2 7
1728	4 1 3 6
1729	6 5 7 4
1730	2 3 8 6
1731	1 3 8 5
1732	8 7 2 5
1733	3 1 8 2
1734	3 4 5 6
1735	7 2 5 6
1736	3 7 1 2
1737	8 5 4 6
1738	2 7 4 1
1739	7 4 3 1
1740	7 8 6 5
1741	8 1 6 2
1742	7 4 2 5
1743	8 6 3 4
1744	3 4 8 6
1745	8 3 2 5
1746	2 1 4 3
1747	2 6 1 5
1748	4 6 7 8
1749	1 4 7 5
1750	7 8 4 2
1751	8 6 1 5
1752	7 3 8 6
1753	2 6 8 5
1754	7 8 4 6
1755	7 8 5 2
1756	1 6 4 2
1757	1 7 6 5
1758	5 4 6 2
1759	3 4 1 5
1760	4 6 8 3
1761	2 6 7 3
1762	8 1 6 4
1763	6 8 5 1
1764	8 7 1 2
1765	4 6 2 5
1766	4 8 3 2
1767	6 1 4 5
1768	2 4 5 3
1769	7 3 8 4
1770	3 8 7 4
1771	2 6 4 1
1772	6 7 1 2
1773	6 7 4 8
1774	8 7 5 6
1775	1 3 2 4
1776	1 4 6 7
1777	1 2 8 4
1778	3 6 1 8
1779	4 5 2 8
1780	6 5 3 8
1781	2 3 8 6
1782	5 6 1 7
1783	7 1 2 5
1784	8 5 6 3
1785	3 1 2 6
1786	1 7 5 2
1787	5 8 3 1
1788	1 7 8 3
1789	8 6 5 2
1790	4 8 3 2
1791	7 1 2 6
1792	1 7 8 4
1793	6 8 5 7
1794	4 2 5 7
1795	6 8 7 3
1796	2 7 4 8
1797	6 3 4 8
1798	8 7 5 4
1799	1 6 3 5
1800	7 8 6 1
1801	6 7 5 2
1802	5 2 1 3
1803	3 2 4 8
1804	4 2 3 1
1805	1 4 2 8
1806	3 1 6 8
1807	3 6 4 7
1808	8 7 5 3
1809	6 5 7 4
1810	3 1 2 5
1811	5 8 2 3
1812	7 5 1 6
1813	6 5 7 3
1814	6 7 1 5
1815	7 4 1 6
1816	3 5 4 2
1817	2 1 6 8
1818	2 7 8 1
1819	5 7 6 4
1820	4 7 8 6
1821	3 6 1 5
1822	1 6 5 3
1823	3 4 6 7
1824	7 2 4 6
1825	8 3 1 4
1826	4 7 5 6
1827	8 1 5 6
1828	1 3 2 8
1829	5 2 8 7
1830	4 1 7 5
1831	1 4 7 3
1832	8 6 1 5
1833	8 3 4 2
1834	2 4 8 6
1835	8 5 6 3
1836	6 8 7 1
1837	3 2 7 4
1838	6 1 5 2
1839	7 8 2 3
1840	4 3 6 8
1841	1 3 6 4
1842	7 8 4 6
1843	3 1 2 7
1844	8 2 5 6
1845	5 6 2 8
1846	7 8 6 3
1847	3 4 7 8
1848	3 1 4 5
1849	8 4 7 1
1850	3 5 8 2
1851	2 4 3 1
1852	6 3 5 2
1853	5 7 2 4
1854	7 3 4 2
1855	4 3 6 5
1856	8 4 1 7
1857	2 5 7 1
1858	6 5 7 1
1859	3 4 6 5
1860	7 1 3 5
1861	4 7 2 3
1862	5 2 1 8
1863	7 4 1 3
1864	7 5 4 1
1865	8 7 3 2
1866	7 3 8 4
1867	8 4 5 3
1868	4 3 6 1
1869	2 8 4 1
1870	1 3 6 7
1871	1 6 5 7
1872	1 6 5 8
1873	8 7 5 3
1874	2 4 3 1
1875	3 5 2 1
1876	6 7 5 3
1877	4 6 8 7
1878	2 8 1 5
1879	2 6 3 4
1880	5 6 2 3
1881	7 4 1 5
1882	3 5 2 7
1883	2 3 6 5
1884	3 2 4 6
1885	3 4 8 1
1886	8 4 5 1
1887	2 5 8 4
1888	6 1 5 3
1889	5 6 7 4
1890	1 2 6 7
1891	6 7 8 5
1892	5 4 8 2
1893	4 7 2 3
1894	1 6 5 7
1895	5 8 4 1
1896	4 8 2 5
1897	2 1 6 3
1898	4 8 6 2
1899	5 1 2 4
1900	8 2 7 4
1901	6 5 7 8
1902	4 2 5 6
1903	3 6 2 1
1904	4 5 2 3
1905	8 4 6 7
1906	3 6 5 7
1907	7 6 8 5
1908	5 2 4 8
1909	1 5 3 2
1910	3 8 2 6
1911	1 3 7 6
1912	1 6 8 3
1913	2 8 6 1
1914	4 7 1 2
1915	6 2 8 4
1916	7 5 8 3
1917	4 3 1 2
1918	8 6 4 7
1919	7 6 4 3
1920	5 1 7 3
1921	5 4 2 8
1922	3 7 4 5
1923	5 4 1 8
1924	8 1 2 3
1925	8 7 5 6
1926	4 5 8 2
1927	2 7 8 6
1928	3 2 7 6
1929	3 1 4 6
1930	3 6 5 2
1931	4 8 7 2
1932	4 2 7 3
1933	6 3 2 4
1934	3 4 8 6
1935	1 6 3 4
1936	1 3 8 5
1937	5 2 6 8
1938	1 5 6 3
1939	2 8 6 3
1940	4 8 2 1
1941	3 6 8 7
1942	1 7 4 3
1943	7 8 3 5
1944	6 4 1 2
1945	3 8 4 1
1946	4 3 8 7
1947	1 6 8 4
1948	3 7 6 1
1949	7 8 5 6
1950	4 6 2 7
1951	3 7 2 8
1952	4 1 8 5
1953	2 3 7 6
1954	8 2 7 3
1955	4 3 6 5
1956	4 8 2 7
1957	3 4 7 5
1958	3 6 2 7
1959	1 4 6 3
1960	2 3 5 4
1961	7 5 3 8
1962	1 8 5 3
1963	7 1 8 6
1964	7 3 8 4
1965	7 2 8 5
1966	2 5 1 3
1967	5 7 3 4
1968	4 8 3 7
1969	8 1 5 7
1970	7 6 4 8
1971	8 6 7 1
1972	2 6 7 8
1973	7 8 1 6
1974	8 6 3 5
1975	6 1 5 7
1976	5 7 1 8
1977	2 1 5 8
1978	2 1 4 6
1979	5 6 3 8
1980	4 6 7 1
1981	3 2 5 4
1982	3 8 7 6
1983	7 1 6 4
1984	1 4 5 2
1985	5 7 4 6
1986	5 1 3 6
1987	4 1 6 8
1988	6 3 8 2
1989	5 6 2 7
1990	2 6 4 7
1991	2 1 4 3
1992	7 4 8 2
1993	6 8 7 2
1994	6 4 3 7
1995	8 7 5 3
1996	6 4 5 7
1997	7 6 3 8
1998	1 8 7 3
1999	5 1 8 7
2000	3 7 2 1
2001	2 7 5 6
2002	7 5 1 3
2003	2 6 1 3
2004	1 8 2 3
2005	7 8 2 4
2006	1 6 8 2
2007	3 6 7 2
2008	2 7 6 4
2009	7 1 3 5
2010	2 1 4 5
2011	7 5 3 4
2012	8 4 2 1
2013	2 3 7 4
2014	7 8 5 4
2015	3 8 7 4
2016	1 2 3 4
2017	7 5 3 8
2018	4 7 8 5
2019	8 2 4 5
2020	2 5 6 3
2021	3 6 2 4
2022	6 1 2 8
2023	8 1 4 2
2024	4 3 7 1
2025	4 2 3 7
2026	5 1 3 4
2027	2 5 6 3
2028	7 4 3 5
2029	1 4 8 5
2030	7 4 5 1
2031	3 2 7 6
2032	7 4 8 3
2033	3 4 6 2
2034	4 1 7 5
2035	3 5 8 7
2036	3 6 1 5
2037	7 6 5 1
2038	3 4 8 6
2039	3 4 1 6
2040	8 2 6 1
2041	4 3 2 8
2042	3 8 2 6
2043	1 6 3 8
2044	2 3 6 7
2045	6 8 3 7
2046	4 1 7 6
2047	7 1 5 3
2048	1 5 6 7
2049	1 3 8 6
2050	3 8 2 7
2051	1 8 3 6
2052	4 6 7 2
2053	6 2 1 3
2054	5 6 8 3
2055	2 8 3 6
2056	4 8 2 3
2057	6 2 1 7
2058	5 2 1 3
2059	1 6 4 2
2060	7 6 8 1
2061	4 2 1 8
2062	7 1 8 5
2063	7 8 3 1
2064	3 5 7 6
2065	2 7 6 8
2066	1 8 6 2
2067	2 7 1 3
2068	5 1 6 4
2069	5 2 3 1
2070	4 5 2 6
2071	8 1 2 3
2072	6 7 1 3
2073	7 1 3 4
2074	3 5 8 6
2075	2 8 1 7
2076	4 6 2 3
2077	2 8 4 6
2078	1 2 6 4
2079	1 7 4 6
2080	7 6 8 2
2081	5 3 2 1
2082	6 3 5 2
2083	8 7 1 4
2084	6 8 1 4
2085	3 1 4 6
2086	7 2 5 3
2087	1 6 4 3
2088	2 7 8 5
2089	6 7 2 3
2090	4 1 2 5
2091	7 4 3 8
2092	3 4 6 1
2093	3 7 2 5
2094	7 2 5 3
2095	7 1 5 4
2096	7 3 2 5
2097	7 6 4 8
2098	6 7 8 1
2099	8 1 7 2
2100	4 1 2 7
2101	2 4 6 7
2102	1 2 8 3
2103	4 7 1 8
2104	6 7 2 8
2105	3 6 7 8
2106	3 5 6 7
2107	1 4 3 8
2108	6 5 1 2
2109	3 8 2 6
2110	7 5 6 4
2111	7 2 1 8
2112	5 2 7 1
2113	8 5 2 4
2114	6 1 3 7
2115	1 3 6 4
2116	2 7 1 5
2117	4 5 7 8
2118	3 7 2 1
2119	6 2 8 1
2120	4 5 1 6
2121	7 3 8 1
2122	3 1 8 4
2123	3 1 4 8
2124	1 6 7 3
2125	6 5 2 8
2126	4 3 2 1
2127	5 2 7 6
2128	2 1 4 5
2129	7 5 4 6
2130	4 5 8 1
2131	4 2 6 5
2132	7 8 3 2
2133	8 5 7 3
2134	4 8 2 3
2135	7 5 8 4
2136	7 3 4 2
2137	5 7 1 6
2138	5 4 7 2
2139	2 7 8 4
2140	8 3 5 2
2141	7 5 1 8
2142	2 1 8 4
2143	4 7 3 1
2144	4 7 3 5
2145	5 6 8 7
2146	8 6 3 7
2147	1 6 8 2
2148	7 3 4 6
2149	1 8 2 3
2150	4 8 7 1
2151	8 7 6 2
2152	4 1 6 8
2153	8 1 5 3
2154	3 1 6 7
2155	3 5 1 7
2156	5 2 1 8
2157	4 7 1 8
2158	4 3 2 5
2159	8 6 1 5
2160	5 1 4 8
2161	3 5 2 6
2162	4 6 2 7
2163	1 8 6 4
2164	5 3 8 2
2165	8 7 3 5
2166	8 7 5 2
2167	7 5 6 3
2168	7 8 6 5
2169	3 2 1 4
2170	7 5 4 8
2171	7 3 5 2
2172	8 6 2 7
2173	5 8 4 1
2174	5 3 1 7
2175	2 1 3 7
2176	7 4 8 6
2177	6 8 2 1
2178	1 5 4 8
2179	4 8 3 5
2180	8 4 3 2
2181	6 1 8 2
2182	4 6 1 3
2183	2 4 3 1
2184	5 8 7 4
2185	2 3 8 4
2186	6 4 5 8
2187	4 5 2 7
2188	8 2 4 1
2189	2 4 6 7
2190	6 7 4 8
2191	5 6 2 3
2192	4 2 7 5
2193	8 1 6 3
2194	6 7 5 3
2195	6 3 7 8
2196	7 5 6 2
2197	7 8 2 6
2198	5 7 3 8
2199	4 1 8 5
2200	7 8 1 2
2201	3 8 6 5
2202	2 1 7 4
2203	4 6 3 2
2204	5 6 3 7
2205	2 4 3 5
2206	7 3 1 8
2207	6 4 1 7
2208	2 7 8 5
2209	7 3 8 6
2210	7 8 6 1
2211	8 4 5 7
2212	5 8 2 3
2213	8 2 6 4
2214	4 8 2 6
2215	2 5 6 1
2216	4 5 1 2
2217	3 6 7 1
2218	6 3 7 1
2219	6 7 5 1
2220	3 1 6 8
2221	2 1 7 5
2222	8 6 2 4
2223	1 6 4 2
2224	1 8 7 2
2225	5 6 3 4
2226	2 1 6 8
2227	2 5 4 1
2228	7 1 8 4
2229	7 3 8 5
2230	7 6 1 5
2231	4 1 6 7
2232	2 3 1 4
2233	3 8 2 7
2234	6 8 1 2
2235	1 7 4 8
2236	8 5 7 6
2237	8 7 3 5
2238	2 6 4 1
2239	8 5 1 4
2240	1 7 6 3
2241	6 2 1 4
2242	6 4 2 5
2243	2 6 7 1
2244	7 2 5 6
2245	3 1 2 6
2246	6 4 2 1
2247	7 3 1 6
2248	2 8 6 4
2249	4 7 5 2
2250	7 2 1 5
2251	5 8 2 6
2252	7 8 4 5
2253	5 8 4 2
2254	3 7 8 6
2255	2 1 5 6
2256	3 8 5 7
2257	2 8 3 1
2258	1 5 3 6
2259	3 7 6 2
2260	6 7 1 8
2261	4 1 7 3
2262	6 3 5 4
2263	5 4 2 6
2264	6 7 3 8
2265	5 8 6 7
2266	6 7 1 8
2267	3 7 8 5
2268	1 3 8 6
2269	3 6 7 5
2270	5 4 6 1
2271	4 2 1 5
2272	4 1 8 2
2273	7 2 8 3
2274	7 2 3 1
2275	3 8 1 5
2276	5 8 6 3
2277	6 2 5 8
2278	2 3 6 4
2279	2 6 7 8
2280	2 4 7 5
2281	7 6 3 4
2282	1 4 5 2
2283	3 7 1 6
2284	8 6 7 2
2285	8 5 1 4
2286	1 5 3 2
2287	4 7 2 6
2288	6 2 7 8
2289	5 6 3 8
2290	7 5 4 8
2291	6 5 2 4
2292	3 2 6 8
2293	4 1 5 6
2294	5 2 6 8
2295	4 6 5 1
2296	7 3 6 4
2297	1 6 4 2
2298	5 2 1 6
2299	6 1 8 5
2300	6 8 3 1
2301	4 7 5 6
2302	7 4 8 3
2303	4 5 8 3
2304	3 2 6 4
2305	8 5 6 3
2306	5 2 8 3
2307	4 7 6 8
2308	8 4 7 6
2309	8 1 6 7
2310	3 4 8 5
2311	8 3 6 1
2312	1 5 8 2
2313	5 1 2 8
2314	5 7 3 4
2315	4 6 3 8
2316	6 4 8 3
2317	3 4 6 1
2318	6 4 8 3
2319	2 3 8 6
2320	6 3 1 5
2321	4 2 5 8
2322	2 7 5 4
2323	4 3 6 1
2324	7 4 2 8
2325	8 1 6 2
2326	2 8 6 1
2327	3 8 5 7
2328	5 4 1 3
2329	5 3 1 4
2330	2 5 3 1
2331	4 2 8 5
2332	7 3 1 2
2333	1 2 7 5
2334	1 4 5 8
2335	7 5 1 6
2336	2 4 3 6
2337	8 4 7 2
2338	4 8 1 6
2339	5 3 6 1
2340	2 8 3 5
2341	1 2 5 4
2342	4 2 5 7
2343	6 5 4 7
2344	2 4 1 3
2345	1 7 6 2
2346	3 7 1 6
2347	6 7 4 1
2348	6 7 4 1
2349	2 1 3 8
2350	5 4 8 3
2351	7 1 2 3
2352	5 2 4 6
2353	5 4 7 1
2354	5 7 6 4
2355	5 1 7 2
2356	6 5 4 2
2357	5 8 3 4
2358	8 3 2 1
2359	6 3 4 2
2360	1 8 7 3
2361	8 1 4 6
2362	8 2 4 6
2363	8 6 4 1
2364	6 8 7 2
2365	7 2 4 3
2366	1 6 7 3
2367	2 7 3 1
2368	5 7 4 3
2369	7 8 5 4
2370	3 4 2 8
2371	5 7 1 3
2372	6 1 7 5
2373	7 1 2 6
2374	6 8 7 4
2375	4 3 8 5
2376	6 7 8 5
2377	4 8 2 5
2378	5 6 1 2
2379	1 2 3 5
2380	1 3 6 5
2381	1 7 2 6
2382	1 2 6 8
2383	1 4 8 2
2384	2 5 6 7
2385	4 1 5 3
2386	3 2 7 8
2387	5 3 4 2
2388	6 3 2 8
2389	7 2 8 6
2390	7 2 6 1
2391	1 6 5 3
2392	2 5 6 3
2393	3 7 6 8
2394	4 5 8 3
2395	6 5 1 7
2396	4 8 7 2
2397	3 6 2 5
2398	7 5 6 3
2399	6 1 3 4
2400	1 2 5 4
2401	8 7 1 2
2402	7 6 3 8
2403	1 5 8 2
2404	8 3 2 7
2405	1 3 2 4
2406	3 7 6 4
2407	4 1 6 7
2408	4 3 2 1
2409	3 4 7 8
2410	3 5 2 6
2411	1 5 7 6
2412	8 5 1 3
2413	7 8 5 1
2414	8 5 3 1
2415	6 5 8 3
2416	4 3 7 1
2417	5 4 3 2
2418	3 1 7 6
2419	7 6 1 2
2420	8 5 6 3
2421	8 2 1 4
2422	5 6 2 3
2423	8 2 7 1
2424	4 2 3 1
2425	5 8 6 1
2426	1 8 3 4
2427	3 8 1 4
2428	6 4 1 8
2429	2 4 3 5
2430	1 2 3 7
2431	6 7 8 2
2432	8 1 5 6
2433	8 5 7 3
2434	7 4 1 3
2435	3 8 1 6
2436	2 6 1 5
2437	4 7 2 6
2438	5 7 3 2
2439	8 2 6 1
2440	8 2 1 6
2441	6 2 7 4
2442	5 2 3 8
2443	7 1 5 4
2444	3 5 6 2
2445	4 5 1 3
2446	4 2 7 1
2447	4 3 2 6
2448	4 6 2 5
2449	5 8 6 7
2450	1 8 4 5
2451	8 6 2 5
2452	4 8 2 5
2453	3 1 7 4
2454	7 1 8 6
2455	6 5 3 1
2456	7 2 3 1
2457	3 6 5 1
2458	5 3 8 7
2459	8 7 6 3
2460	6 2 8 7
2461	2 4 3 6
2462	6 3 2 1
2463	8 7 2 1
2464	1 8 6 4
2465	6 3 1 5
2466	2 6 5 4
2467	7 1 4 5
2468	4 3 7 1
2469	4 6 8 5
2470	2 7 8 4
2471	8 5 4 1
2472	7 8 2 3
2473	1 8 2 5
2474	7 1 4 3
2475	2 5 3 4
2476	4 5 6 1
2477	1 3 5 2
2478	6 5 4 7
2479	3 2 1 8
2480	8 6 4 1
2481	2 8 1 3
2482	7 1 8 2
2483	7 5 4 2
2484	8 6 4 5
2485	8 3 4 1
2486	7 2 4 3
2487	7 6 3 2
2488	6 5 2 8
2489	8 7 6 2
2490	4 1 3 8
2491	1 8 7 3
2492	6 7 1 3
2493	3 7 2 6
2494	8 3 1 7
2495	6 7 4 2
2496	6 1 5 8
2497	1 6 5 8
2498	1 7 2 5
2499	7 4 3 6
2500	6 3 1 5
2501	2 7 5 1
2502	4 5 1 8
2503	6 2 4 5
2504	8 1 3 6
2505	2 1 3 5
2506	7 4 6 1
2507	3 8 6 4
2508	2 1 4 6
2509	3 4 8 6
2510	1 8 6 5
2511	1 4 6 2
2512	1 4 5 7
2513	6 1 5 7
2514	8 7 6 5
2515	7 5 3 8
2516	3 7 8 4
2517	3 8 5 7
2518	4 1 8 5
2519	6 2 7 4
2520	1 5 7 4
2521	4 6 3 7
2522	8 3 1 5
2523	8 7 3 4
2524	8 6 2 3
2525	6 4 8 7
2526	3 5 8 6
2527	6 1 2 5
2528	7 1 5 2
2529	6 7 5 1
2530	7 3 4 1
2531	8 3 7 4
2532	7 4 1 8
2533	2 3 4 1
2534	8 5 2 4
2535	5 6 4 7
2536	7 5 1 4
2537	2 3 4 5
2538	7 6 1 4
2539	5 7 8 4
2540	1 7 6 4
2541	8 1 5 3
2542	3 6 5 1
2543	2 1 5 7
2544	7 5 2 4
2545	8 1 2 6
2546	8 5 6 3
2547	4 1 6 8
2548	2 7 8 1
2549	5 8 7 4
2550	3 6 1 4
2551	5 2 6 4
2552	7 3 8 5
2553	2 8 7 5
2554	7 5 6 3
2555	3 4 2 1
2556	5 6 8 2
2557	8 1 3 6
2558	8 5 6 3
2559	6 2 8 5
2560	3 4 7 6
2561	4 6 8 1
2562	3 1 8 7
2563	7 3 6 8
2564	8 6 1 3
2565	3 7 8 2
2566	1 3 8 4
2567	4 5 8 7
2568	7 3 5 1
2569	4 6 8 5
2570	2 5 4 6
2571	4 5 1 2
2572	7 1 3 4
2573	1 7 5 2
2574	5 2 8 7
2575	4 8 6 3
2576	2 6 5 4
2577	7 8 1 4
2578	5 7 4 8
2579	7 2 8 4
2580	5 7 6 3
2581	4 2 3 1
2582	7 2 8 3
2583	6 1 2 5
2584	2 1 5 7
2585	4 3 8 5
2586	4 2 3 7
2587	2 4 3 7
2588	1 4 2 6
2589	1 7 8 3
2590	1 2 4 3
2591	7 8 5 6
2592	5 8 1 2
2593	7 2 1 8
2594	2 7 6 3
2595	7 4 5 8
2596	5 3 4 1
2597	3 6 4 5
2598	3 7 2 1
2599	5 6 2 3
2600	6 2 5 7
2601	5 1 7 3
2602	5 7 1 4
2603	7 6 2 1
2604	5 8 3 6
2605	6 2 8 4
2606	8 7 1 4
2607	6 8 3 5
2608	8 3 5 4
2609	6 2 4 1
2610	4 8 1 3
2611	6 2 5 1
2612	8 4 1 7
2613	2 8 5 3
2614	1 3 8 5
2615	6 8 4 5
2616	3 2 8 7
2617	8 2 5 3
2618	7 1 4 2
2619	3 7 1 4
2620	8 2 4 6
2621	4 2 5 8
2622	7 8 5 4
2623	1 8 7 2
2624	7 8 1 2
2625	8 2 1 6
2626	3 5 1 4
2627	2 3 4 7
2628	2 7 5 3
2629	8 5 6 7
2630	6 3 7 2
2631	5 3 7 2
2632	8 6 5 3
2633	1 2 3 7
2634	6 2 1 3
2635	4 8 1 6
2636	1 5 6 3
2637	4 6 5 1
2638	3 1 8 6
2639	8 3 1 4
2640	8 6 4 7
2641	1 8 2 3
2642	8 1 2 4
2643	3 2 4 1
2644	4 2 8 1
2645	1 2 5 8
2646	5 6 1 2
2647	5 1 8 7
2648	3 7 4 2
2649	5 4 3 1
2650	2 6 3 8
2651	7 1 8 5
2652	1 8 4 3
2653	5 4 1 3
2654	5 1 8 6
2655	4 6 8 5
2656	2 1 7 3
2657	5 3 6 4
2658	5 2 6 3
2659	3 1 6 5
2660	2 3 8 1
2661	4 2 7 1
2662	1 7 8 3
2663	2 7 3 6
2664	2 4 1 3
2665	7 4 8 1
2666	4 5 7 8
2667	7 2 1 5
2668	4 5 6 7
2669	3 6 8 4
2670	6 7 1 2
2671	2 1 5 7
2672	1 7 4 8
2673	5 8 6 3
2674	6 7 5 8
2675	4 6 8 1
2676	5 6 2 7
2677	5 8 7 1
2678	4 7 6 3
2679	7 6 1 5
2680	2 8 4 3
2681	2 6 4 3
2682	4 2 3 5
2683	6 4 1 7
2684	4 2 7 5
2685	5 1 7 6
2686	2 4 7 1
2687	1 2 3 7
2688	7 2 5 8
2689	3 7 8 5
2690	8 5 3 1
2691	2 3 4 6
2692	3 4 1 8
2693	5 6 1 4
2694	3 6 5 1
2695	5 6 8 7
2696	6 8 2 7
2697	5 1 3 2
2698	5 3 4 7
2699	4 6 3 2
2700	5 6 1 8
2701	8 2 7 1
2702	7 4 6 2
2703	2 3 7 6
2704	8 2 3 5
2705	5 7 1 6
2706	8 2 3 7
2707	3 2 8 6
2708	5 3 2 1
2709	4 5 8 7
2710	5 1 6 3
2711	6 4 5 8
2712	4 8 1 5
2713	1 2 4 8
2714	6 3 5 1
2715	8 7 5 6
2716	3 6 2 5
2717	2 3 1 8
2718	6 4 1 2
2719	5 1 6 3
2720	6 7 8 5
2721	7 6 1 4
2722	5 4 2 8
2723	8 3 5 4
2724	6 5 4 7
2725	6 5 2 4
2726	3 7 8 5
2727	4 5 2 7
2728	3 5 1 4
2729	3 2 8 7
2730	6 3 4 1
2731	3 5 8 4
2732	2 7 6 8
2733	8 3 1 7
2734	8 4 3 7
2735	3 7 4 5
2736	7 6 3 1
2737	1 2 3 5
2738	4 1 8 2
2739	3 7 8 5
2740	5 8 2 1
2741	1 6 3 4
2742	1 8 6 5
2743	8 3 4 1
2744	6 1 3 7
2745	6 8 7 4
2746	4 2 5 6
2747	7 8 2 4
2748	4 8 1 2
2749	7 1 5 6
2750	3 4 2 1
2751	8 3 6 4
2752	8 1 6 7
2753	3 6 2 7
2754	7 4 2 8
2755	6 1 2 7
2756	8 4 1 5
2757	7 8 1 4
2758	2 1 3 8
2759	1 7 3 2
2760	6 5 4 1
2761	4 5 7 3
2762	3 8 2 6
2763	5 6 4 8
2764	6 5 7 8
2765	8 5 3 2
2766	2 7 6 1
2767	4 8 5 3
2768	8 5 4 7
2769	7 2 5 8
2770	5 6 2 8
2771	5 3 8 2
2772	6 1 7 8
2773	7 6 3 5
2774	3 6 8 1
2775	1 6 4 3
2776	5 3 1 8
2777	5 8 2 3
2778	8 7 6 2
2779	4 6 3 7
2780	1 7 5 3
2781	3 2 8 5
2782	4 5 3 1
2783	1 6 7 8
2784	3 6 4 7
2785	4 8 3 7
2786	8 2 7 4
2787	5 7 4 6
2788	4 3 2 5
2789	7 2 8 5
2790	2 5 3 6
2791	2 5 1 8
2792	3 1 8 6
2793	3 2 8 7
2794	7 2 4 3
2795	5 1 4 3
2796	5 4 2 6
2797	1 5 7 2
2798	1 3 4 2
2799	3 8 1 5
2800	2 6 3 8
2801	8 2 5 7
2802	5 4 8 2
2803	3 1 8 5
2804	6 8 3 7
2805	4 6 1 7
2806	7 4 6 5
2807	5 6 4 1
2808	5 1 2 4
2809	1 8 2 4
2810	1 8 3 2
2811	6 4 1 3
2812	6 5 7 4
2813	6 5 1 3
2814	6 4 5 3
2815	5 8 3 7
2816	1 2 5 6
2817	8 2 6 3
2818	8 6 5 2
2819	3 1 8 6
2820	3 4 1 8
2821	7 1 8 6
2822	7 4 6 2
2823	6 2 5 4
2824	7 4 1 3
2825	4 8 1 2
2826	8 2 6 3
2827	4 3 6 5
2828	8 7 5 3
2829	7 5 1 4
2830	4 8 5 3
2831	8 1 4 5
2832	4 7 3 8
2833	1 3 6 7
2834	7 3 4 8
2835	3 2 7 6
2836	4 3 8 1
2837	5 8 1 3
2838	8 1 6 2
2839	2 8 1 7
2840	2 7 3 4
2841	2 1 3 8
2842	2 3 7 4
2843	1 7 2 8
2844	3 5 4 6
2845	4 3 5 6
2846	5 6 8 7
2847	2 8 5 1
2848	3 5 1 2
2849	6 5 8 4
2850	2 5 7 4
2851	4 1 6 5
2852	1 8 7 6
2853	7 5 6 2
2854	8 6 4 3
2855	7 2 1 4
2856	8 7 1 6
2857	8 6 4 5
2858	4 2 8 7
2859	3 6 2 8
2860	3 7 1 6
2861	3 8 6 7
2862	4 1 3 2
2863	2 8 5 4
2864	4 5 6 8
2865	5 4 1 2
2866	3 5 4 6
2867	5 1 3 8
2868	8 4 3 1
2869	8 4 1 3
2870	2 7 4 3
2871	4 6 3 1
2872	6 1 2 5
2873	2 3 4 7
2874	4 1 8 2
2875	7 4 5 1
2876	1 8 5 4
2877	4 1 2 5
2878	4 6 1 7
2879	3 6 8 4
2880	5 4 2 3
2881	8 1 2 7
2882	8 3 4 1
2883	3 7 5 2
2884	5 1 4 2
2885	7 4 8 3
2886	2 5 3 4
2887	1 6 4 8
2888	3 8 5 2
2889	2 4 7 6
2890	2 1 6 8
2891	5 4 1 3
2892	5 7 1 4
2893	7 5 6 1
2894	1 4 6 5
2895	8 6 7 5
2896	5 7 2 8
2897	5 6 3 2
2898	7 4 2 8
2899	3 7 5 8
2900	5 3 7 1
2901	8 2 1 3
2902	7 5 6 3
2903	7 8 6 3
2904	6 2 7 1
2905	2 5 3 8
2906	6 7 3 4
2907	7 4 1 3
2908	1 6 7 8
2909	7 1 5 8
2910	3 1 4 6
2911	6 5 4 3
2912	4 7 1 2
2913	3 5 2 7
2914	6 3 8 5
2915	2 8 3 1
2916	8 2 7 5
2917	7 5 1 8
2918	3 8 7 6
2919	6 7 5 3
2920	7 1 6 3
2921	4 1 6 5
2922	8 7 4 6
2923	7 8 6 4
2924	5 1 7 8
2925	8 7 5 6
2926	8 2 1 5
2927	4 5 6 8
2928	4 5 7 8
2929	7 6 5 8
2930	2 8 6 5
2931	4 7 5 6
2932	1 5 2 4
2933	4 1 8 2
2934	5 8 7 4
2935	4 3 8 5
2936	7 6 2 3
2937	2 3 7 6
2938	7 4 3 6
2939	4 6 2 5
2940	5 4 7 8
2941	6 3 5 1
2942	5 7 8 6
2943	4 8 1 5
2944	2 4 8 5
2945	3 1 6 4
2946	6 2 8 3
2947	2 3 6 1
2948	4 2 8 5
2949	5 1 7 6
2950	8 2 3 5
2951	7 4 8 1
2952	1 7 5 8
2953	7 6 5 8
2954	2 5 7 1
2955	5 1 4 6
2956	5 6 1 3
2957	1 7 5 3
2958	3 7 4 2
2959	7 5 3 8
2960	4 8 2 7
2961	3 4 8 5
2962	4 7 2 8
2963	2 5 7 3
2964	6 8 3 7
2965	4 2 1 3
2966	4 2 7 1
2967	8 5 1 2
2968	6 5 8 2
2969	7 8 2 3
2970	3 1 4 6
2971	7 6 1 4
2972	6 1 5 2
2973	6 1 2 7
2974	1 5 6 4
2975	8 1 4 6
2976	1 5 3 4
2977	7 2 6 4
2978	2 5 3 4
2979	5 3 7 4
2980	4 3 8 7
2981	6 7 1 3
2982	6 4 3 1
2983	4 7 2 3
2984	4 6 8 3
2985	5 3 1 6
2986	4 3 6 2
2987	8 5 2 6
2988	6 7 4 3
2989	4 7 5 3
2990	8 4 5 1
2991	3 1 4 2
2992	8 7 4 1
2993	5 8 7 2
2994	8 6 3 5
2995	1 8 7 3
2996	8 3 2 4
2997	6 3 7 1
2998	3 2 8 1
2999	1 5 8 3
3000	8 4 1 3
3001	2 1 7 3
3002	1 3 7 6
3003	6 2 5 1
3004	5 4 6 1
3005	7 1 3 6
3006	4 6 7 8
3007	4 6 2 3
3008	2 7 8 3
3009	1 6 8 7
3010	7 2 6 3
3011	7 5 8 1
3012	5 2 8 4
3013	4 3 5 7
3014	8 7 6 3
3015	6 2 7 8
3016	4 2 1 5
3017	3 6 5 4
3018	3 6 4 2
3019	3 5 7 6
3020	4 8 1 2
3021	2 7 6 4
3022	8 4 6 2
3023	2 5 6 8
3024	4 2 1 5
3025	8 4 2 1
3026	6 5 7 8
3027	5 6 8 1
3028	2 3 1 5
3029	6 3 7 4
3030	2 4 8 5
3031	4 3 5 1
3032	7 5 6 2
3033	8 2 3 6
3034	7 8 3 4
3035	4 8 7 1
3036	3 2 7 6
3037	7 3 5 8
3038	7 6 8 1
3039	7 6 8 5
3040	5 7 4 2
3041	7 2 5 6
3042	8 5 6 4
3043	2 3 1 6
3044	3 1 7 8
3045	8 3 7 4
3046	7 5 4 6
3047	6 2 3 8
3048	8 6 3 2
3049	4 6 3 7
3050	5 7 2 4
3051	8 4 1 3
3052	1 7 4 3
3053	7 2 6 1
3054	8 6 7 2
3055	1 7 5 3
3056	8 4 1 7
3057	1 6 3 4
3058	5 8 4 2
3059	4 7 5 2
3060	5 7 2 6
3061	3 8 4 7
3062	6 1 4 8
3063	2 3 5 1
3064	5 3 7 6
3065	7 3 1 4
3066	3 5 6 7
3067	8 1 2 7
3068	2 7 1 5
3069	1 3 8 7
3070	7 1 8 2
3071	1 6 2 3
3072	8 3 2 6
3073	7 3 4 5
3074	6 8 7 2
3075	8 2 4 1
3076	2 7 1 3
3077	5 7 8 3
3078	7 3 2 5
3079	4 6 1 3
3080	4 1 5 3
3081	7 3 4 2
3082	4 1 5 2
3083	8 5 1 2
3084	1 4 5 8
3085	5 6 8 3
3086	5 8 3 6
3087	4 1 3 8
3088	2 7 8 1
3089	4 1 8 7
3090	1 6 4 7
3091	4 8 1 6
3092	7 2 4 3
3093	3 8 4 7
3094	4 3 6 5
3095	2 1 5 4
3096	3 2 5 8
3097	3 7 2 1
3098	2 7 1 6
3099	7 8 1 2
3100	4 2 8 6
3101	5 7 6 1
3102	6 1 7 3
3103	2 5 1 7
3104	8 7 1 6
3105	3 4 2 5
3106	1 2 6 8
3107	1 8 5 6
3108	1 4 3 7
3109	5 8 7 2
3110	2 6 3 1
3111	5 6 1 3
3112	1 4 6 5
3113	8 4 7 5
3114	5 3 8 7
3115	3 8 4 7
3116	5 4 8 6
3117	5 3 4 1
3118	6 2 1 5
3119	2 6 4 8
3120	6 5 2 1
3121	6 3 7 4
3122	6 5 2 7
3123	1 5 6 4
3124	4 2 6 1
3125	5 3 1 7
3126	5 3 6 4
3127	6 2 4 7
3128	6 8 2 1
3129	3 2 5 7
3130	2 6 5 7
3131	2 1 6 5
3132	2 5 3 6
3133	7 5 8 2
3134	7 3 4 2
3135	7 2 1 6
3136	4 3 8 2
3137	2 5 6 3
3138	2 7 5 6
3139	8 2 4 5
3140	2 3 8 1
3141	6 8 2 7
3142	4 3 8 7
3143	6 1 8 3
3144	8 1 6 3
3145	3 6 1 7
3146	2 7 6 8
3147	2 5 3 4
3148	5 6 4 1
3149	1 6 7 5
3150	2 5 6 4
3151	1 8 5 2
3152	6 2 5 4
3153	8 5 3 1
3154	2 8 7 4
3155	8 7 4 6
3156	4 2 5 7
3157	4 5 1 8
3158	8 5 6 4
3159	8 7 4 6
3160	6 8 1 3
3161	8 6 1 4
3162	7 2 8 6
3163	8 1 5 2
3164	4 5 3 2
3165	5 8 4 7
3166	1 3 8 2
3167	5 2 1 8
3168	1 4 2 3
3169	4 6 1 7
3170	8 3 5 7
3171	2 4 1 3
3172	5 7 8 6
3173	3 2 4 7
3174	3 7 4 2
3175	4 1 2 7
3176	3 6 7 1
3177	5 8 6 4
3178	5 2 1 8
3179	3 2 8 1
3180	3 5 2 4
3181	7 5 3 4
3182	5 1 8 3
3183	1 5 4 7
3184	4 5 8 7
3185	6 1 5 7
3186	6 5 7 8
3187	8 3 1 6
3188	6 4 8 3
3189	7 2 1 8
3190	4 5 1 8
3191	7 6 1 5
3192	7 3 2 8
3193	2 5 3 6
3194	3 6 4 2
3195	7 6 1 8
3196	8 5 2 6
3197	3 7 6 2
3198	8 3 2 5
3199	2 5 8 1
3200	7 8 2 5
3201	8 7 6 3
3202	3 6 8 4
3203	1 3 7 5
3204	1 3 7 8
3205	2 4 3 1
3206	1 5 3 2
3207	3 2 5 4
3208	2 4 5 3
3209	4 8 5 2
3210	6 7 3 1
3211	7 5 1 4
3212	7 2 8 6
3213	8 2 4 5
3214	2 5 1 8
3215	8 3 7 6
3216	8 4 3 7
3217	3 6 5 4
3218	7 4 1 3
3219	2 7 5 1
3220	3 1 5 7
3221	6 8 4 2
3222	3 6 7 2
3223	2 6 8 5
3224	1 3 4 2
3225	8 4 2 3
3226	6 5 4 7
3227	1 2 4 6
3228	8 6 4 1
3229	1 6 4 3
3230	8 1 2 3
3231	8 1 7 2
3232	8 7 4 5
3233	4 1 7 3
3234	4 1 6 5
3235	2 1 4 5
3236	5 8 4 7
3237	2 7 6 4
3238	3 8 7 6
3239	6 7 3 2
3240	8 2 1 4
3241	4 1 7 6
3242	4 7 2 8
3243	1 5 3 8
3244	2 7 3 8
3245	5 3 1 8
3246	4 6 1 8
3247	6 1 3 4
3248	7 5 8 1
3249	4 2 3 8
3250	6 8 3 7
3251	2 4 7 5
3252	7 5 2 8
3253	5 1 4 3
3254	7 8 3 1
3255	2 7 1 3
3256	8 4 5 2
3257	6 3 4 2
3258	4 2 6 7
3259	4 5 1 8
3260	1 3 2 5
3261	8 5 3 4
3262	2 1 5 8
3263	8 7 5 2
3264	8 2 5 7
3265	4 1 7 8
3266	5 1 6 3
3267	8 6 1 3
3268	3 5 4 1
3269	3 2 1 4
3270	6 8 7 2
3271	7 8 4 3
3272	6 7 1 2
3273	5 1 8 4
3274	6 2 4 3
3275	4 6 1 5
3276	6 4 1 5
3277	5 8 2 1
3278	8 5 1 3
3279	5 7 3 4
3280	1 6 4 5
3281	1 8 3 7
3282	5 8 7 1
3283	6 5 1 4
3284	5 4 2 7
3285	6 3 4 8
3286	5 2 8 1
3287	2 1 5 8
3288	6 2 7 5
3289	1 3 7 4
3290	5 2 8 1
3291	4 3 7 6
3292	7 5 2 8
3293	4 5 1 6
3294	6 8 5 2
3295	6 2 7 1
3296	8 1 5 2
3297	6 8 2 4
3298	2 8 5 4
3299	7 2 3 1
3300	1 2 7 4
3301	4 8 5 6
3302	5 7 3 8
3303	5 6 1 4
3304	2 5 6 3
3305	7 8 3 1
3306	1 2 4 7
3307	4 8 3 7
3308	3 2 4 1
3309	8 1 2 3
3310	3 6 5 1
3311	5 2 3 8
3312	1 7 4 3
3313	8 3 2 5
3314	8 6 5 7
3315	4 2 7 1
3316	6 3 8 4
3317	1 5 6 3
3318	6 3 2 4
3319	7 5 3 6
3320	6 8 3 4
3321	4 2 1 7
3322	4 3 6 2
3323	2 7 4 1
3324	6 4 2 3
3325	8 4 7 6
3326	7 4 8 2
3327	7 8 1 3
3328	8 2 7 3
3329	7 2 3 8
3330	8 1 4 2
3331	3 4 6 7
3332	3 2 4 5
3333	6 4 7 3
3334	1 2 3 8
3335	6 1 7 4
3336	5 8 3 4
3337	2 1 8 4
3338	1 5 2 6
3339	4 6 8 1
3340	6 7 3 8
3341	6 2 4 1
3342	1 3 7 2
3343	4 5 1 6
3344	7 4 3 2
3345	7 6 4 5
3346	3 6 1 8
3347	4 7 2 1
3348	8 6 7 3
3349	3 7 4 5
3350	3 2 4 6
3351	1 8 5 2
3352	2 5 7 6
3353	5 3 7 2
3354	8 2 4 7
3355	4 1 3 2
3356	4 1 6 5
3357	1 4 5 7
3358	1 6 8 4
3359	5 6 7 3
3360	5 3 1 4
3361	7 8 3 1
3362	6 3 1 7
3363	5 4 8 6
3364	7 1 8 2
3365	2 6 8 1
3366	5 3 1 8
3367	8 2 3 1
3368	8 4 7 2
3369	6 4 8 5
3370	3 6 7 1
3371	6 5 1 7
3372	8 3 4 5
3373	4 5 2 8
3374	6 8 2 5
3375	1 6 8 5
3376	6 5 7 8
3377	1 6 7 8
3378	2 3 4 8
3379	6 2 4 7
3380	6 8 5 1
3381	1 3 5 6
3382	8 1 5 7
3383	2 5 6 1
3384	8 1 3 7
3385	2 7 3 5
3386	1 2 4 6
3387	5 3 7 1
3388	5 3 4 7
3389	5 3 8 7
3390	5 8 3 7
3391	4 2 1 7
3392	5 3 1 2
3393	1 5 3 2
3394	7 4 2 3
3395	7 3 8 1
3396	1 3 7 4
3397	7 5 4 3
3398	7 6 5 2
3399	8 5 1 7
3400	6 3 4 7
3401	8 3 5 6
3402	1 8 7 4
3403	8 7 4 6
3404	6 2 3 4
3405	3 4 6 1
3406	5 7 6 8
3407	6 1 3 8
3408	3 5 8 4
3409	4 2 1 5
3410	2 1 7 8
3411	5 8 7 4
3412	6 5 8 4
3413	1 8 4 6
3414	7 5 3 8
3415	4 8 1 3
3416	4 3 2 1
3417	2 6 3 8
3418	8 6 2 3
3419	8 6 1 2
3420	1 3 7 5
3421	6 8 3 7
3422	6 8 2 7
3423	4 2 1 5
3424	3 1 6 7
3425	4 8 6 3
3426	7 4 5 8
3427	5 2 3 1
3428	5 2 6 8
3429	5 2 1 7
3430	5 7 8 2
3431	2 1 6 7
3432	1 8 7 2
3433	1 4 8 7
3434	8 7 4 1
3435	1 7 2 3
3436	7 6 2 3
3437	4 3 5 8
3438	1 5 4 8
3439	4 5 2 8
3440	5 2 3 4
3441	1 6 5 4
3442	3 7 1 4
3443	5 1 6 8
3444	5 1 7 8
3445	1 3 6 8
3446	5 6 2 8
3447	6 1 2 7
3448	7 4 8 3
3449	2 8 4 6
3450	5 2 6 4
3451	8 5 4 3
3452	8 7 5 2
3453	7 6 1 5
3454	7 2 5 8
3455	6 4 8 3
3456	1 4 6 3
3457	5 1 6 8
3458	7 1 5 3
3459	1 7 8 6
3460	8 7 2 5
3461	6 4 5 2
3462	2 8 5 4
3463	7 6 5 3
3464	8 2 6 3
3465	1 5 7 6
3466	5 7 8 4
3467	4 3 5 1
3468	1 6 5 3
3469	7 1 8 2
3470	8 4 5 2
3471	8 5 1 7
3472	2 4 7 3
3473	5 6 3 2
3474	6 4 7 5
3475	3 6 4 7
3476	4 5 3 7
3477	1 3 8 2
3478	8 4 5 6
3479	1 3 7 5
3480	6 1 4 2
3481	7 4 1 2
3482	6 8 7 2
3483	2 6 5 1
3484	2 7 8 4
3485	3 4 6 7
3486	5 7 4 8
3487	2 1 3 6
3488	6 1 2 8
3489	1 4 2 5
3490	1 3 7 8
3491	3 5 2 6
3492	7 3 5 2
3493	7 8 4 1
3494	8 3 7 6
3495	1 5 7 4
3496	8 4 6 3
3497	2 6 7 4
3498	6 4 1 8
3499	5 3 7 2
3500	6 7 1 3
3501	4 8 5 1
3502	1 2 3 8
3503	8 2 3 5
3504	2 6 1 7
3505	4 8 3 5
3506	3 5 6 1
3507	3 1 4 6
3508	8 5 6 4
3509	2 1 4 3
3510	1 2 3 8
3511	3 4 6 5
3512	6 5 3 7
3513	5 6 1 8
3514	3 6 2 5
3515	5 8 2 3
3516	5 3 1 2
3517	8 4 7 2
3518	7 6 3 4
3519	4 5 1 8
3520	3 8 1 5
3521	1 6 3 2
3522	7 2 5 4
3523	2 5 3 4
3524	8 5 1 3
3525	8 2 6 3
3526	6 2 8 5
3527	8 5 4 1
3528	4 1 7 5
3529	1 4 3 5
3530	6 3 1 5
3531	6 2 1 4
3532	8 1 2 7
3533	1 5 2 8
3534	6 2 1 8
3535	2 5 4 8
3536	6 2 4 3
3537	3 7 6 1
3538	4 6 7 5
3539	4 6 3 7
3540	8 2 5 6
3541	1 2 6 5
3542	7 1 5 6
3543	8 4 1 5
3544	4 1 2 5
3545	3 5 4 1
3546	3 6 2 5
3547	6 1 3 4
3548	3 1 4 2
3549	1 2 3 8
3550	6 7 1 2
3551	3 6 7 4
3552	3 6 8 2
3553	4 7 8 6
3554	6 2 8 3
3555	8 1 2 6
3556	8 6 5 3
3557	7 5 8 6
3558	8 1 3 5
3559	4 3 5 1
3560	3 7 5 1
3561	6 3 1 8
3562	8 7 4 1
3563	3 1 4 6
3564	8 3 2 1
3565	1 5 2 7
3566	7 1 3 4
3567	5 8 2 3
3568	6 7 5 2
3569	3 6 4 2
3570	6 5 3 7
3571	8 7 6 4
3572	1 7 8 6
3573	6 2 1 4
3574	5 6 2 1
3575	1 7 3 4
3576	3 8 6 4
3577	5 6 3 8
3578	1 2 5 6
3579	6 2 5 4
3580	5 2 4 7
3581	4 1 3 6
3582	2 1 8 6
3583	7 1 2 6
3584	4 7 1 2
3585	7 4 3 1
3586	8 7 2 1
3587	8 7 4 1
3588	7 6 3 1
3589	1 2 5 7
3590	2 3 6 7
3591	8 7 4 1
3592	2 4 8 5
3593	1 7 3 4
3594	7 4 3 5
3595	3 5 8 1
3596	6 2 5 8
3597	3 4 8 2
3598	2 8 1 7
3599	4 7 1 5
3600	1 4 6 8
3601	4 8 6 7
3602	2 4 8 5
3603	4 1 3 6
3604	3 7 4 5
3605	6 3 4 7
3606	7 8 6 4
3607	4 2 3 8
3608	5 8 6 7
3609	5 3 1 4
3610	2 4 1 7
3611	6 3 4 1
3612	4 8 7 5
3613	3 4 2 1
3614	1 3 6 4
3615	4 3 8 5
3616	8 3 1 4
3617	2 1 8 7
3618	3 2 8 7
3619	7 2 4 8
3620	4 2 1 8
3621	6 2 8 5
3622	5 4 7 3
3623	3 2 5 6
3624	5 1 2 4
3625	2 6 1 5
3626	6 2 8 3
3627	2 5 6 3
3628	6 2 4 5
3629	2 5 4 3
3630	1 4 8 3
3631	6 8 2 1
3632	6 2 3 8
3633	2 3 8 6
3634	5 7 1 8
3635	1 2 7 6
3636	5 8 2 4
3637	7 6 5 2
3638	3 8 1 2
3639	6 1 7 5
3640	6 8 1 2
3641	3 5 7 6
3642	6 4 1 5
3643	8 3 4 6
3644	6 1 3 4
3645	1 6 2 8
3646	1 7 8 2
3647	5 7 1 4
3648	7 3 8 5
3649	6 7 4 3
3650	8 6 3 7
3651	8 5 4 1
3652	8 6 3 5
3653	1 3 6 7
3654	5 2 1 4
3655	5 1 4 8
3656	7 5 1 6
3657	7 8 5 4
3658	2 7 5 3
3659	1 7 2 8
3660	3 6 4 1
3661	7 6 5 2
3662	1 8 7 3
3663	5 8 7 2
3664	1 4 2 6
3665	2 8 4 3
3666	5 7 1 4
3667	3 5 8 1
3668	3 6 8 2
3669	3 6 2 5
3670	7 3 4 6
3671	1 8 6 7
3672	2 4 1 6
3673	6 2 7 5
3674	5 2 1 4
3675	2 4 6 3
3676	3 6 1 5
3677	5 4 2 1
3678	3 6 2 4
3679	6 7 8 1
3680	4 2 8 1
3681	7 3 2 4
3682	2 1 7 6
3683	4 6 5 3
3684	3 7 1 5
3685	5 7 1 3
3686	5 1 4 6
3687	2 7 1 8
3688	5 4 3 7
3689	3 8 5 1
3690	3 5 1 7
3691	3 4 8 1
3692	5 8 2 7
3693	3 4 6 2
3694	4 5 8 7
3695	7 6 1 8
3696	3 2 4 8
3697	1 7 6 8
3698	5 2 4 1
3699	8 1 7 2
3700	7 2 1 3
3701	5 8 1 6
3702	1 4 5 7
3703	5 8 4 7
3704	2 3 6 5
3705	2 5 8 4
3706	1 3 7 6
3707	8 1 6 2
3708	5 6 4 3
3709	5 1 3 6
3710	8 1 5 7
3711	1 5 6 3
3712	2 7 4 3
3713	2 8 6 5
3714	3 4 2 7
3715	5 6 8 3
3716	5 1 4 8
3717	8 4 6 3
3718	5 4 6 3
3719	2 5 6 1
3720	2 8 4 7
3721	7 2 4 1
3722	6 1 5 3
3723	8 4 2 3
3724	1 3 7 5
3725	8 3 1 4
3726	2 3 1 8
3727	5 6 8 2
3728	2 7 5 6
3729	8 3 2 4
3730	8 2 1 5
3731	3 5 8 1
3732	7 3 2 8
3733	5 8 4 1
3734	5 8 7 3
3735	7 6 1 3
3736	6 5 1 4
3737	4 5 3 6
3738	3 7 2 8
3739	7 1 8 5
3740	3 7 8 4
3741	1 2 6 5
3742	2 1 4 6
3743	2 6 8 3
3744	5 1 8 6
3745	6 2 1 4
3746	2 3 7 6
3747	4 8 5 3
3748	3 7 5 6
3749	3 7 4 8
3750	8 1 2 4
3751	6 8 5 4
3752	6 1 2 5
3753	3 8 4 7
3754	3 7 4 1
3755	7 2 1 5
3756	6 2 7 8
3757	1 5 7 2
3758	8 7 6 3
3759	7 5 3 4
3760	3 4 7 8
3761	6 8 2 7
3762	4 5 2 8
3763	7 4 8 5
3764	5 6 4 2
3765	3 1 6 7
3766	1 7 4 6
3767	5 8 3 6
3768	3 2 4 5
3769	3 5 7 6
3770	8 7 5 3
3771	1 8 3 6
3772	4 8 6 2
3773	1 3 7 5
3774	6 1 2 3
3775	8 3 5 6
3776	8 6 5 3
3777	3 7 6 5
3778	7 1 2 4
3779	2 5 8 7
3780	2 5 8 7
3781	8 4 2 3
3782	8 6 7 3
3783	4 6 5 7
3784	2 6 5 3
3785	7 3 6 1
3786	4 8 6 7
3787	1 6 8 7
3788	4 6 5 1
3789	5 8 2 3
3790	7 1 5 2
3791	5 8 2 6
3792	1 4 7 5
3793	7 3 1 4
3794	1 3 5 6
3795	6 4 3 2
3796	4 3 7 8
3797	5 4 6 1
3798	1 7 6 2
3799	4 1 2 6
3800	7 6 8 2
3801	3 8 2 7
3802	7 8 6 3
3803	6 7 1 3
3804	6 4 3 8
3805	3 1 5 7
3806	5 6 2 3
3807	4 6 8 2
3808	8 2 6 4
3809	8 4 5 7
3810	4 7 3 6
3811	6 2 8 4
3812	3 1 5 6
3813	7 2 3 8
3814	7 2 6 4
3815	6 2 1 7
3816	4 2 5 6
3817	6 5 7 3
3818	3 1 4 7
3819	5 2 3 1
3820	6 7 8 1
3821	3 1 2 8
3822	8 4 6 2
3823	2 1 7 3
3824	7 4 6 8
3825	8 7 4 1
3826	5 4 6 3
3827	6 2 1 3
3828	8 6 5 4
3829	1 5 2 7
3830	2 8 7 4
3831	8 6 2 4
3832	7 2 8 1
3833	1 8 7 4
3834	1 2 8 3
3835	5 2 1 3
3836	4 5 6 8
3837	6 5 3 2
3838	6 3 7 8
3839	8 2 4 1
3840	4 2 8 3
3841	6 2 5 1
3842	1 6 4 5
3843	4 3 2 8
3844	5 7 4 2
3845	5 8 6 4
3846	6 5 8 2
3847	6 5 4 8
3848	8 5 3 1
3849	5 4 7 8
3850	4 6 5 1
3851	7 8 2 5
3852	1 7 6 8
3853	2 1 6 4
3854	7 6 5 8
3855	7 4 5 3
3856	6 2 7 5
3857	1 5 3 8
3858	4 2 6 8
3859	7 1 3 5
3860	8 2 7 3
3861	1 6 4 8
3862	6 4 8 3
3863	7 3 5 8
3864	2 7 8 1
3865	7 2 1 4
3866	8 7 2 4
3867	3 7 1 4
3868	3 6 2 5
3869	6 2 1 7
3870	8 1 7 5
3871	1 4 6 7
3872	7 2 1 6
3873	8 7 2 4
3874	6 5 8 3
3875	3 7 5 4
3876	8 6 1 2
3877	7 4 6 3
3878	2 3 7 5
3879	2 3 1 7
3880	8 2 4 5
3881	7 2 1 6
3882	5 4 1 7
3883	3 8 6 1
3884	1 8 3 7
3885	5 1 3 4
3886	4 3 5 1
3887	4 2 6 3
3888	2 3 1 4
3889	8 6 2 4
3890	7 8 2 6
3891	7 6 2 5
3892	6 3 7 1
3893	7 4 6 2
3894	7 1 2 4
3895	4 1 2 5
3896	7 5 1 4
3897	6 2 1 5
3898	8 1 6 4
3899	3 4 5 1
3900	8 7 5 6
3901	3 7 5 8
3902	1 2 3 4
3903	3 6 2 5
3904	1 6 5 7
3905	4 5 7 1
3906	8 7 2 4
3907	7 6 1 5
3908	1 7 2 5
3909	1 4 2 6
3910	8 2 7 5
3911	3 1 8 7
3912	4 8 1 6
3913	2 1 5 7
3914	8 1 5 7
3915	1 4 2 3
3916	1 3 4 8
3917	5 7 6 1
3918	5 7 4 6
3919	7 4 5 8
3920	4 7 1 2
3921	5 8 1 4
3922	1 3 4 5
3923	6 4 7 8
3924	6 4 8 7
3925	5 1 2 8
3926	2 7 8 6
3927	3 7 1 6
3928	5 7 1 3
3929	1 4 3 7
3930	8 2 6 1
3931	8 2 6 5
3932	1 5 6 4
3933	7 6 8 1
3934	4 2 8 6
3935	1 7 4 3
3936	6 5 2 3
3937	2 6 5 8
3938	8 6 7 1
3939	6 3 1 2
3940	7 8 5 6
3941	5 1 6 8
3942	1 5 2 3
3943	7 4 6 8
3944	2 4 5 7
3945	3 8 5 6
3946	3 8 4 2
3947	4 2 1 5
3948	6 8 5 1
3949	1 7 2 6
3950	2 3 1 5
3951	8 7 5 4
3952	6 7 5 2
3953	2 6 4 7
3954	5 2 7 8
3955	2 8 1 4
3956	8 6 2 3
3957	3 2 6 7
3958	7 6 1 5
3959	8 5 3 4
3960	1 2 3 5
3961	3 7 5 1
3962	1 6 5 4
3963	2 7 1 4
3964	8 4 7 1
3965	3 8 1 5
3966	3 4 7 6
3967	4 3 8 2
3968	5 3 2 1
3969	4 6 3 8
3970	3 5 4 2
3971	3 8 2 5
3972	2 4 1 5
3973	5 1 7 8
3974	6 2 5 1
3975	8 1 7 2
3976	5 7 1 2
3977	2 7 6 4
3978	4 8 6 7
3979	8 2 4 7
3980	2 5 1 4
3981	6 8 1 5
3982	2 1 5 6
3983	3 2 4 6
3984	4 5 6 1
3985	1 2 3 7
3986	5 1 6 7
3987	5 2 1 6
3988	8 7 3 6
3989	7 4 1 6
3990	7 5 1 8
3991	3 5 8 4
3992	1 3 2 5
3993	2 5 1 4
3994	1 7 6 8
3995	8 5 1 4
3996	3 4 6 1
3997	4 2 3 8
3998	8 5 6 3
3999	6 8 4 1
4000	3 8 1 7
4001	3 2 8 7
4002	3 8 1 6
4003	3 5 1 7
4004	3 4 2 7
4005	1 3 2 6
4006	8 3 2 4
4007	6 5 8 7
4008	8 3 2 5
4009	6 1 7 4
4010	6 2 1 8
4011	8 7 3 2
4012	7 8 2 5
4013	5 8 6 7
4014	4 8 6 5
4015	4 6 1 3
4016	3 6 4 7
4017	2 7 1 4
4018	1 7 4 8
4019	3 2 1 8
4020	3 8 4 6
4021	5 7 8 4
4022	1 3 2 6
4023	4 3 5 7
4024	1 3 8 6
4025	6 3 7 2
4026	8 7 6 3
4027	3 5 2 1
4028	4 1 3 2
4029	4 3 2 8
4030	5 3 1 8
4031	5 1 7 2
4032	5 4 3 8
4033	2 1 3 8
4034	7 2 3 5
4035	2 4 5 7
4036	2 6 1 4
4037	1 3 6 2
4038	3 6 8 4
4039	1 5 7 6
4040	7 3 8 5
4041	1 2 6 3
4042	5 7 6 2
4043	3 6 1 4
4044	2 3 4 6
4045	6 5 3 1
4046	8 2 6 5
4047	5 6 4 3
4048	7 1 6 2
4049	4 8 6 5
4050	4 2 6 3
4051	4 1 8 5
4052	3 2 8 1
4053	5 2 6 4
4054	4 8 5 3
4055	1 3 6 4
4056	1 8 5 2
4057	7 6 2 8
4058	7 2 6 3
4059	6 2 7 3
4060	1 8 3 7
4061	8 4 2 6
4062	5 2 8 4
4063	5 2 8 3
4064	7 2 4 1
4065	4 8 5 3
4066	6 7 4 3
4067	3 8 5 4
4068	5 2 1 4
4069	4 8 5 2
4070	5 6 7 8
4071	8 4 7 6
4072	3 7 1 4
4073	7 5 4 3
4074	6 5 2 7
4075	3 6 1 7
4076	8 1 3 4
4077	7 3 5 1
4078	1 2 6 3
4079	4 8 2 3
4080	2 3 7 5
4081	1 7 5 2
4082	4 6 2 8
4083	6 2 3 5
4084	8 1 6 7
4085	8 1 2 3
4086	5 2 1 4
4087	4 8 5 2
4088	5 2 3 8
4089	3 4 6 7
4090	6 2 3 1
4091	1 7 4 3
4092	5 4 8 6
4093	4 1 5 8
4094	3 5 7 8
4095	1 2 4 6
4096	8 2 3 5
4097	5 2 3 6
4098	1 2 3 7
4099	3 2 8 4
4100	7 2 3 8
4101	7 2 8 6
4102	3 7 1 4
4103	6 8 5 4
4104	6 1 2 3
4105	2 4 6 1
4106	5 2 4 3
4107	8 6 7 1
4108	2 8 6 3
4109	1 2 7 4
4110	5 8 4 2
4111	4 5 7 6
4112	6 7 2 5
4113	5 8 1 3
4114	5 6 4 2
4115	3 8 6 1
4116	4 3 7 6
4117	8 3 4 6
4118	2 4 1 6
4119	6 3 5 2
4120	3 7 4 6
4121	1 6 5 4
4122	2 7 6 1
4123	8 6 5 2
4124	2 7 1 3
4125	4 3 7 6
4126	8 3 1 2
4127	3 5 7 4
4128	3 5 1 7
4129	1 5 4 6
4130	5 2 3 7
4131	8 5 2 6
4132	4 7 5 8
4133	8 4 6 1
4134	3 6 5 8
4135	2 1 5 4
4136	3 8 2 1
4137	4 5 6 1
4138	5 2 8 3
4139	1 6 7 5
4140	5 7 6 4
4141	7 3 5 4
4142	7 2 4 6
4143	3 2 4 8
4144	8 6 1 7
4145	6 5 3 7
4146	6 4 2 7
4147	6 7 3 1
4148	3 7 2 6
4149	3 8 4 7
4150	1 8 6 2
4151	8 4 6 7
4152	4 1 6 3
4153	1 4 7 6
4154	6 8 4 1
4155	8 5 4 6
4156	4 1 2 7
4157	1 8 5 3
4158	6 3 8 4
4159	6 3 1 8
4160	4 7 3 1
4161	5 8 7 6
4162	2 5 6 1
4163	1 2 5 7
4164	4 3 8 6
4165	5 3 4 8
4166	7 1 4 5
4167	4 8 6 3
4168	8 3 7 6
4169	4 6 1 5
4170	5 6 8 4
4171	7 6 3 1
4172	8 7 6 2
4173	6 8 1 3
4174	7 3 5 1
4175	7 3 6 1
4176	2 5 3 1
4177	1 5 3 4
4178	2 8 6 3
4179	2 3 8 4
4180	4 2 1 5
4181	5 7 4 2
4182	7 4 3 5
4183	4 1 8 3
4184	5 4 7 2
4185	4 8 6 3
4186	3 8 4 1
4187	4 3 2 5
4188	7 6 3 5
4189	4 5 1 2
4190	2 5 6 4
4191	6 2 7 8
4192	3 2 4 1
4193	8 4 7 6
4194	2 6 1 8
4195	7 1 4 6
4196	6 7 3 2
4197	6 1 5 3
4198	5 4 6 8
4199	5 8 1 3
4200	7 5 8 3
4201	8 3 1 7
4202	8 3 4 5
4203	3 6 7 5
4204	2 5 4 8
4205	6 2 3 5
4206	5 4 8 7
4207	2 8 4 5
4208	5 6 2 1
4209	3 6 4 5
4210	3 5 2 7
4211	2 8 6 4
4212	1 8 2 6
4213	5 6 2 3
4214	6 3 4 7
4215	5 2 1 7
4216	6 7 5 2
4217	5 4 6 1
4218	1 7 3 6
4219	4 5 8 6
4220	3 7 6 1
4221	3 8 4 7
4222	2 5 4 7
4223	3 4 6 2
4224	3 4 5 2
4225	3 2 8 5
4226	6 3 7 2
4227	6 2 4 5
4228	7 5 3 2
4229	2 8 6 5
4230	6 1 5 7
4231	2 8 5 3
4232	8 2 1 4
4233	8 5 1 2
4234	8 5 7 1
4235	3 1 6 5
4236	5 7 6 1
4237	6 3 7 4
4238	4 3 1 8
4239	6 2 1 3
4240	4 6 2 3
4241	5 2 3 6
4242	3 6 7 4
4243	2 5 7 3
4244	6 2 1 5
4245	7 8 3 2
4246	8 4 7 3
4247	3 4 7 5
4248	2 5 8 3
4249	6 8 2 1
4250	3 4 7 5
4251	8 7 6 2
4252	5 8 7 6
4253	2 7 6 3
4254	7 1 6 8
4255	8 4 5 2
4256	1 5 7 2
4257	7 3 8 6
4258	4 5 7 3
4259	2 8 1 6
4260	8 1 2 3
4261	2 4 6 5
4262	3 4 5 1
4263	4 7 2 5
4264	1 8 2 6
4265	2 4 1 3
4266	8 2 1 5
4267	2 6 5 4
4268	4 6 5 7
4269	8 3 6 1
4270	7 5 2 8
4271	3 7 8 1
4272	5 3 4 2
4273	7 4 6 5
4274	2 4 5 1
4275	2 3 7 4
4276	6 2 1 3
4277	5 6 2 3
4278	3 6 1 7
4279	7 6 4 1
4280	8 7 2 5
4281	8 6 5 1
4282	3 1 7 6
4283	3 5 8 4
4284	3 2 1 8
4285	5 8 4 6
4286	7 3 2 5
4287	4 1 3 5
4288	6 3 5 4
4289	2 7 1 4
4290	3 2 1 5
4291	8 6 7 4
4292	5 7 8 2
4293	5 2 8 3
4294	4 1 3 6
4295	5 6 8 4
4296	7 3 1 5
4297	2 7 8 6
4298	2 3 6 4
4299	3 5 2 6
4300	3 2 7 5
4301	1 2 4 8
4302	2 3 6 5
4303	6 7 4 3
4304	1 4 2 8
4305	1 3 6 7
4306	1 4 3 7
4307	4 7 1 2
4308	2 8 1 4
4309	3 6 5 4
4310	7 5 3 1
4311	8 5 7 2
4312	1 3 6 8
4313	2 6 7 1
4314	2 4 7 6
4315	5 8 2 7
4316	5 2 6 7
4317	3 2 4 7
4318	7 2 3 6
4319	7 2 1 4
4320	2 4 1 3
4321	6 2 7 3
4322	8 1 4 2
4323	3 1 5 8
4324	2 8 3 1
4325	3 4 5 1
4326	5 6 7 8
4327	4 6 5 2
4328	6 4 2 1
4329	7 6 2 4
4330	3 2 7 6
4331	3 2 1 5
4332	3 4 5 2
4333	4 1 8 2
4334	5 1 2 4
4335	6 8 3 4
4336	2 6 3 5
4337	7 6 3 4
4338	4 6 2 7
4339	4 8 6 1
4340	2 3 4 8
4341	6 5 1 7
4342	6 2 1 4
4343	5 3 7 6
4344	3 4 5 1
4345	1 3 2 6
4346	4 2 6 5
4347	6 2 5 3
4348	1 7 6 4
4349	5 8 2 1
4350	3 2 8 7
4351	3 4 1 7
4352	2 8 7 4
4353	7 4 6 8
4354	8 2 5 1
4355	2 5 7 3
4356	3 6 1 4
4357	1 2 5 8
4358	8 5 4 6
4359	6 3 2 8
4360	1 4 2 5
4361	6 7 8 4
4362	1 5 7 3
4363	2 5 4 6
4364	5 2 4 8
4365	6 2 3 4
4366	6 3 5 2
4367	1 8 7 3
4368	1 8 3 5
4369	8 6 4 1
4370	2 6 7 8
4371	4 7 8 3
4372	4 5 3 8
4373	7 4 8 1
4374	6 8 1 4
4375	3 6 1 4
4376	3 1 2 5
4377	1 7 2 5
4378	5 1 3 7
4379	4 1 2 5
4380	5 7 6 2
4381	3 1 7 4
4382	5 6 1 8
4383	7 3 1 2
4384	5 6 4 3
4385	2 8 1 5
4386	4 2 3 1
4387	1 4 2 6
4388	5 3 8 6
4389	1 6 4 3
4390	3 8 2 4
4391	1 4 7 3
4392	2 6 7 5
4393	6 1 8 7
4394	7 6 5 2
4395	7 6 8 4
4396	2 5 8 4
4397	7 4 3 8
4398	6 8 7 2
4399	7 1 5 6
4400	7 8 2 3
4401	3 6 8 7
4402	2 8 3 6
4403	1 8 5 7
4404	7 1 2 4
4405	7 5 2 6
4406	1 5 7 8
4407	2 6 1 7
4408	2 8 1 6
4409	4 5 3 1
4410	8 3 6 7
4411	5 2 3 8
4412	2 4 5 6
4413	7 3 6 2
4414	7 1 2 3
4415	3 5 2 4
4416	4 8 1 6
4417	1 4 2 8
4418	8 1 2 6
4419	2 3 4 5
4420	1 7 6 5
4421	6 4 7 1
4422	7 3 1 8
4423	5 7 4 8
4424	5 8 3 7
4425	8 2 5 7
4426	2 3 4 5
4427	8 2 3 1
4428	8 4 3 1
4429	6 1 3 7
4430	5 6 1 4
4431	7 3 6 1
4432	8 6 1 3
4433	7 1 4 8
4434	2 3 4 1
4435	6 8 7 1
4436	4 8 6 7
4437	5 4 2 8
4438	6 1 7 2
4439	3 5 1 4
4440	3 6 4 2
4441	1 7 5 4
4442	8 2 3 7
4443	4 6 8 1
4444	4 7 2 6
4445	1 5 3 8
4446	8 4 7 6
4447	5 3 2 4
4448	6 7 2 4
4449	8 7 6 3
4450	5 6 7 1
4451	6 3 7 1
4452	6 8 7 1
4453	1 6 8 7
4454	8 6 7 5
4455	8 2 5 1
4456	5 7 4 2
4457	2 7 3 1
4458	7 8 4 3
4459	7 4 6 3
4460	3 4 6 7
4461	1 4 6 2
4462	5 3 6 7
4463	4 3 7 1
4464	7 3 4 2
4465	7 5 8 4
4466	4 8 6 7
4467	7 8 2 1
4468	4 5 6 2
4469	4 3 2 5
4470	5 3 6 2
4471	1 4 3 5
4472	8 4 1 3
4473	2 4 7 8
4474	1 8 6 2
4475	6 8 2 4
4476	3 7 2 8
4477	1 7 3 5
4478	6 2 1 4
4479	3 1 4 8
4480	3 6 2 4
4481	4 7 2 3
4482	5 1 2 8
4483	8 4 7 6
4484	1 7 2 3
4485	4 3 2 7
4486	1 7 5 8
4487	1 2 7 3
4488	2 4 3 5
4489	8 5 1 7
4490	1 5 8 2
4491	3 6 8 4
4492	5 6 4 3
4493	2 6 8 1
4494	3 1 2 7
4495	3 6 5 1
4496	2 6 5 7
4497	6 2 1 7
4498	8 2 4 6
4499	7 8 4 5
4500	2 4 1 5
4501	6 4 1 5
4502	7 1 8 6
4503	3 7 1 6
4504	7 4 3 5
4505	2 4 3 8
4506	5 6 7 1
4507	2 7 5 8
4508	1 3 5 6
4509	3 1 8 2
4510	8 6 4 1
4511	1 5 8 6
4512	6 7 1 4
4513	3 6 8 2
4514	8 5 4 2
4515	8 3 2 4
4516	8 1 3 6
4517	6 7 3 2
4518	7 2 3 4
4519	1 2 7 6
4520	7 6 2 3
4521	4 7 2 5
4522	3 7 5 4
4523	7 3 4 8
4524	5 6 2 7
4525	2 1 6 4
4526	6 2 4 1
4527	1 6 2 8
4528	7 2 1 4
4529	6 5 4 3
4530	8 4 5 7
4531	1 4 7 3
4532	1 4 7 3
4533	6 1 5 3
4534	4 5 8 6
4535	6 4 3 7
4536	5 2 3 8
4537	3 2 8 6
4538	3 4 5 8
4539	2 6 7 8
4540	1 2 6 7
4541	1 3 5 4
4542	2 8 3 1
4543	6 2 7 1
4544	4 1 5 8
4545	2 3 8 7
4546	6 2 1 3
4547	5 8 3 7
4548	2 6 3 4
4549	6 7 5 2
4550	8 7 5 6
4551	1 7 5 2
4552	5 8 7 6
4553	2 1 5 3
4554	2 4 8 6
4555	8 7 2 6
4556	7 2 3 6
4557	3 8 6 5
4558	8 3 4 6
4559	8 2 7 3
4560	6 2 1 8
4561	7 8 4 1
4562	5 7 6 1
4563	5 2 1 6
4564	8 4 6 7
4565	1 2 8 4
4566	8 5 6 1
4567	8 4 6 1
4568	7 8 6 4
4569	4 2 6 1
4570	6 4 5 2
4571	8 7 3 5
4572	6 1 7 2
4573	2 7 1 5
4574	2 3 6 8
4575	3 5 8 7
4576	5 8 2 7
4577	1 4 5 7
4578	5 4 3 7
4579	4 1 7 2
4580	6 5 3 8
4581	5 2 3 1
4582	8 1 7 3
4583	7 3 4 6
4584	5 2 7 6
4585	3 2 6 5
4586	4 7 2 8
4587	1 6 2 7
4588	6 4 1 3
4589	1 8 2 7
4590	4 2 8 7
4591	6 5 3 7
4592	8 7 6 5
4593	6 4 2 5
4594	5 2 6 3
4595	1 5 2 7
4596	6 1 4 2
4597	5 6 2 1
4598	4 2 1 8
4599	1 8 6 7
4600	3 5 8 1
4601	1 2 6 4
4602	2 4 6 1
4603	3 2 7 4
4604	4 3 2 1
4605	4 1 8 2
4606	3 7 2 4
4607	1 5 7 3
4608	8 1 3 4
4609	1 2 5 4
4610	4 1 2 5
4611	3 2 8 7
4612	7 8 6 1
4613	2 6 3 1
4614	8 7 3 2
4615	4 6 1 8
4616	4 8 7 1
4617	7 8 4 2
4618	6 5 8 2
4619	2 5 4 8
4620	7 2 1 4
4621	1 6 3 4
4622	8 4 5 2
4623	8 1 2 3
4624	5 8 4 1
4625	1 4 8 3
4626	7 1 8 4
4627	7 5 3 8
4628	6 8 2 7
4629	8 7 3 4
4630	1 6 4 2
4631	8 5 2 1
4632	7 2 3 1
4633	4 3 6 7
4634	5 4 7 8
4635	7 3 4 1
4636	5 6 8 7
4637	8 6 1 2
4638	6 4 7 3
4639	3 8 4 6
4640	4 6 7 5
4641	7 5 4 6
4642	3 6 5 4
4643	2 7 8 1
4644	2 1 3 6
4645	7 6 3 8
4646	7 1 3 4
4647	2 5 6 4
4648	5 1 7 3
4649	3 4 8 1
4650	4 5 7 6
4651	5 4 6 7
4652	2 1 7 6
4653	2 3 6 8
4654	7 6 5 1
4655	8 6 2 1
4656	7 8 5 3
4657	2 7 1 6
4658	5 2 1 8
4659	5 1 3 2
4660	2 8 3 7
4661	1 7 3 2
4662	4 7 5 3
4663	4 5 3 2
4664	8 6 4 5
4665	4 6 2 3
4666	3 7 4 8
4667	7 4 5 2
4668	3 8 1 4
4669	7 1 4 5
4670	4 1 6 2
4671	3 6 1 7
4672	1 8 3 2
4673	3 8 7 5
4674	6 2 3 7
4675	6 8 2 7
4676	8 7 3 4
4677	3 6 1 5
4678	1 4 3 5
4679	1 6 7 3
4680	2 8 4 5
4681	6 7 3 4
4682	1 2 7 3
4683	8 1 2 4
4684	1 5 3 7
4685	6 1 7 4
4686	1 8 5 3
4687	6 5 2 4
4688	2 8 1 3
4689	4 6 7 5
4690	5 3 1 7
4691	2 7 4 3
4692	5 2 3 4
4693	3 4 1 7
4694	8 6 4 1
4695	2 7 5 6
4696	1 6 5 8
4697	3 2 5 6
4698	6 8 2 7
4699	5 8 4 7
4700	7 4 8 3
4701	5 6 4 7
4702	5 6 1 4
4703	8 2 6 4
4704	7 6 4 2
4705	2 1 3 7
4706	8 1 3 6
4707	2 5 8 4
4708	1 3 2 4
4709	7 2 1 5
4710	6 8 1 7
4711	7 1 8 4
4712	5 1 6 4
4713	4 8 1 2
4714	2 7 4 8
4715	7 5 4 6
4716	8 5 7 6
4717	2 6 7 5
4718	7 5 8 1
4719	3 1 5 6
4720	7 3 6 1
4721	8 6 4 5
4722	6 3 7 1
4723	1 3 4 2
4724	5 4 6 8
4725	2 5 3 6
4726	6 5 7 8
4727	2 1 3 4
4728	8 1 3 2
4729	8 4 7 1
4730	5 8 6 1
4731	3 4 7 1
4732	4 6 1 3
4733	1 3 6 7
4734	4 3 2 8
4735	4 8 1 3
4736	7 1 6 2
4737	5 7 1 6
4738	3 8 7 4
4739	3 7 8 5
4740	3 7 1 5
4741	7 4 1 5
4742	4 3 5 1
4743	3 4 7 8
4744	7 2 5 6
4745	6 2 7 1
4746	8 7 3 6
4747	2 1 5 8
4748	3 6 5 2
4749	7 3 6 5
4750	7 6 2 4
4751	7 4 3 2
4752	2 3 5 4
4753	8 7 2 6
4754	5 7 8 4
4755	7 3 5 4
4756	1 5 3 7
4757	4 8 3 7
4758	8 4 6 5
4759	7 8 2 1
4760	2 4 1 8
4761	1 4 6 5
4762	1 6 3 7
4763	5 6 1 3
4764	3 6 1 4
4765	3 8 7 5
4766	2 7 4 6
4767	5 6 1 3
4768	1 3 7 6
4769	2 3 6 8
4770	6 2 1 4
4771	6 8 7 1
4772	1 5 4 2
4773	1 3 8 5
4774	1 4 6 7
4775	3 1 4 5
4776	7 4 3 6
4777	2 6 3 8
4778	1 3 2 4
4779	2 6 5 3
4780	7 5 3 4
4781	4 7 8 2
4782	6 3 8 1
4783	3 4 7 8
4784	7 6 2 5
4785	5 4 7 2
4786	6 4 1 7
4787	8 3 6 1
4788	8 7 3 1
4789	8 5 1 6
4790	1 5 2 4
4791	7 6 8 5
4792	6 5 4 3
4793	8 6 2 7
4794	6 2 1 8
4795	7 2 4 5
4796	3 6 2 5
4797	7 1 2 4
4798	4 8 5 2
4799	5 4 3 8
4800	2 6 8 7
4801	3 4 8 2
4802	3 7 6 1
4803	3 2 7 5
4804	4 5 3 8
4805	1 4 5 7
4806	3 8 5 4
4807	2 7 8 6
4808	2 3 1 8
4809	2 7 6 8
4810	7 3 8 1
4811	4 8 1 2
4812	3 8 5 4
4813	8 3 6 1
4814	1 3 4 8
4815	2 6 8 5
4816	8 4 1 7
4817	3 7 2 1
4818	2 5 1 3
4819	5 7 6 4
4820	5 2 8 7
4821	3 2 4 8
4822	7 1 4 2
4823	2 6 3 1
4824	4 2 3 5
4825	8 4 7 3
4826	7 3 1 5
4827	8 1 3 7
4828	5 8 4 7
4829	6 4 7 1
4830	7 6 4 3
4831	8 5 7 4
4832	3 6 4 2
4833	4 1 6 5
4834	4 2 5 8
4835	8 7 2 3
4836	8 7 4 5
4837	2 7 1 3
4838	3 7 8 5
4839	2 7 5 3
4840	8 3 1 7
4841	3 5 2 8
4842	3 1 5 4
4843	5 2 7 4
4844	8 6 3 2
4845	7 2 8 1
4846	4 7 3 8
4847	1 7 6 4
4848	3 2 7 4
4849	6 2 3 4
4850	7 4 2 6
4851	8 2 3 7
4852	8 5 2 6
4853	3 8 5 7
4854	2 3 5 7
4855	8 2 7 1
4856	8 1 7 3
4857	6 8 7 3
4858	5 1 6 4
4859	6 1 4 5
4860	2 3 4 5
4861	7 1 2 3
4862	3 5 1 4
4863	1 3 5 6
4864	5 6 7 1
4865	1 4 6 2
4866	4 5 3 8
4867	6 1 4 2
4868	7 2 8 5
4869	6 8 3 5
4870	1 5 8 6
4871	8 3 1 7
4872	6 2 4 5
4873	6 1 2 8
4874	6 8 7 5
4875	3 7 8 2
4876	1 4 6 2
4877	4 3 2 8
4878	3 5 7 6
4879	5 8 6 1
4880	7 2 8 3
4881	4 1 3 7
4882	2 8 4 6
4883	4 1 6 3
4884	1 6 8 3
4885	4 7 3 2
4886	8 1 4 7
4887	2 8 4 6
4888	7 4 2 6
4889	4 6 2 1
4890	4 7 1 6
4891	6 7 4 1
4892	5 8 4 7
4893	4 3 1 8
4894	6 5 2 8
4895	1 3 5 6
4896	1 6 5 8
4897	1 8 5 2
4898	1 7 2 3
4899	7 2 1 4
4900	4 1 3 5
4901	1 3 6 2
4902	8 4 3 1
4903	8 7 5 3
4904	4 8 5 3
4905	1 5 3 6
4906	7 3 2 8
4907	7 6 2 1
4908	7 5 2 6
4909	2 4 1 3
4910	5 4 1 2
4911	8 1 5 2
4912	5 8 1 6
4913	6 2 1 4
4914	7 2 1 6
4915	6 2 1 7
4916	2 6 7 5
4917	7 1 6 4
4918	8 4 1 6
4919	3 2 4 6
4920	7 2 1 6
4921	2 7 5 6
4922	8 5 4 1
4923	6 3 7 1
4924	7 3 2 4
4925	6 4 8 5
4926	3 8 1 7
4927	7 4 5 8
4928	4 2 3 8
4929	2 3 6 5
4930	5 1 4 7
4931	2 1 8 6
4932	6 3 5 7
4933	5 4 3 2
4934	4 2 8 6
4935	4 7 8 3
4936	1 7 5 2
4937	3 8 1 5
4938	5 8 2 1
4939	2 4 8 7
4940	7 2 3 6
4941	6 8 2 3
4942	4 5 6 2
4943	6 2 7 3
4944	6 8 5 1
4945	7 8 4 6
4946	2 5 3 1
4947	7 2 1 4
4948	7 5 2 6
4949	1 6 8 4
4950	2 7 3 5
4951	3 7 5 1
4952	7 8 1 6
4953	3 1 6 7
4954	7 6 1 8
4955	3 2 6 4
4956	6 2 7 8
4957	1 3 5 7
4958	7 8 1 2
4959	5 2 7 8
4960	1 7 6 8
4961	8 3 6 4
4962	2 3 1 8
4963	8 7 3 4
4964	4 2 8 5
4965	1 6 2 8
4966	5 3 8 6
4967	4 8 6 2
4968	2 8 5 7
4969	3 1 5 4
4970	7 8 2 5
4971	8 3 5 1
4972	1 3 4 6
4973	6 2 5 1
4974	4 2 5 8
4975	8 1 6 2
4976	3 5 6 8
4977	3 8 5 4
4978	8 7 1 3
4979	2 3 7 4
4980	8 5 6 3
4981	8 4 2 3
4982	8 1 4 3
4983	8 2 6 5
4984	6 7 4 8
4985	1 2 7 8
4986	5 2 1 7
4987	1 5 4 3
4988	7 4 1 2
4989	7 3 6 4
4990	5 7 2 8
4991	2 6 4 7
4992	7 8 4 2
4993	4 3 7 5
4994	4 3 6 1
4995	5 7 6 3
4996	7 3 5 8
4997	7 6 4 3
4998	3 6 2 7
4999	7 6 5 2
5000	6 4 1 5
5001	3 4 5 6
5002	2 7 4 1
5003	5 4 2 8
5004	6 3 8 2
5005	8 6 2 3
5006	5 6 3 4
5007	6 4 1 8
5008	6 1 4 3
5009	6 5 8 2
5010	2 5 6 1
5011	8 2 7 5
5012	4 5 3 2
5013	3 6 5 2
5014	3 2 1 5
5015	7 1 6 8
5016	1 2 3 6
5017	7 5 3 8
5018	6 1 7 2
5019	8 4 1 2
5020	5 1 6 3
5021	8 7 4 1
5022	4 6 2 8
5023	1 4 5 7
5024	1 7 5 2
5025	6 1 5 3
5026	7 3 8 1
5027	2 8 6 1
5028	7 2 6 3
5029	4 5 3 7
5030	3 5 1 8
5031	2 6 4 7
5032	6 2 4 8
5033	3 7 2 1
5034	4 8 6 1
5035	3 2 4 1
5036	3 6 8 1
5037	6 2 7 4
5038	4 5 2 7
5039	4 3 1 7
5040	8 7 3 5
5041	1 2 5 3
5042	6 3 5 8
5043	6 8 5 7
5044	6 3 7 4
5045	3 8 4 1
5046	4 1 5 3
5047	4 1 8 6
5048	3 6 4 2
5049	4 5 1 8
5050	4 1 3 6
5051	6 3 1 7
5052	7 5 3 2
5053	6 8 7 2
5054	8 5 4 3
5055	2 1 3 5
5056	3 1 7 4
5057	4 3 6 7
5058	7 1 5 6
5059	4 3 8 5
5060	3 4 8 5
5061	3 7 6 4
5062	4 5 2 1
5063	6 4 7 3
5064	8 7 5 3
5065	3 2 8 5
5066	2 6 8 7
5067	5 1 6 2
5068	7 5 2 3
5069	7 2 1 3
5070	8 6 3 7
5071	8 4 2 6
5072	4 5 6 7
5073	6 3 8 1
5074	8 4 2 6
5075	8 3 6 5
5076	3 8 2 1
5077	3 8 2 4
5078	4 6 3 8
5079	3 8 5 2
5080	7 1 5 2
5081	2 1 3 7
5082	4 2 6 8
5083	6 4 5 8
5084	4 7 8 6
5085	3 1 8 5
5086	7 2 8 4
5087	4 1 6 2
5088	8 6 7 2
5089	2 7 5 6
5090	5 1 4 6
5091	1 6 4 5
5092	2 6 5 3
5093	8 7 3 4
5094	7 4 3 2
5095	1 5 4 2
5096	1 6 4 8
5097	7 6 1 5
5098	8 6 4 7
5099	2 5 6 7
5100	5 2 1 6
5101	2 8 5 6
5102	5 2 8 3
5103	4 2 8 6
5104	2 3 6 7
5105	7 4 5 3
5106	5 1 6 2
5107	4 1 3 6
5108	8 1 6 2
5109	2 3 5 7
5110	7 8 1 5
5111	5 3 7 2
5112	7 2 8 3
5113	6 8 5 7
5114	8 5 3 1
5115	2 1 6 7
5116	6 8 4 7
5117	7 4 2 1
5118	5 2 1 7
5119	4 1 8 2
5120	6 5 2 7
5121	1 8 4 2
5122	3 8 7 4
5123	1 8 3 7
5124	7 8 4 3
5125	7 5 6 1
5126	4 2 1 8
5127	6 2 8 4
5128	2 8 4 5
5129	6 7 5 3
5130	1 2 6 3
5131	5 8 4 7
5132	2 5 1 4
5133	2 7 4 1
5134	2 6 7 4
5135	1 7 2 4
5136	8 3 2 6
5137	6 3 5 2
5138	4 6 1 2
5139	8 2 7 4
5140	1 2 4 3
5141	1 8 2 4
5142	5 1 2 6
5143	4 2 7 8
5144	7 4 2 3
5145	2 7 5 3
5146	2 6 1 3
5147	8 2 6 1
5148	3 2 7 4
5149	2 6 1 7
5150	2 5 4 7
5151	7 3 1 2
5152	2 7 6 8
5153	5 2 3 6
5154	1 6 4 2
5155	1 3 5 8
5156	3 1 4 8
5157	1 2 5 6
5158	2 7 8 1
5159	1 6 5 7
5160	6 5 1 7
5161	2 1 8 6
5162	8 3 1 4
5163	3 2 4 5
5164	2 5 6 4
5165	4 1 6 5
5166	1 7 6 4
5167	4 5 6 1
5168	2 5 4 1
5169	5 6 3 8
5170	8 3 2 5
5171	6 8 4 7
5172	3 8 4 7
5173	1 6 2 3
5174	8 5 7 4
5175	1 5 3 2
5176	7 6 5 1
5177	6 8 5 3
5178	1 7 3 5
5179	3 8 5 7
5180	5 3 6 4
5181	4 1 2 3
5182	6 7 5 4
5183	1 6 7 4
5184	6 7 1 2
5185	5 6 8 2
5186	6 2 3 1
5187	1 8 4 2
5188	4 2 8 5
5189	2 7 6 1
5190	3 8 6 7
5191	5 1 8 7
5192	8 5 3 4
5193	3 4 8 7
5194	2 7 4 5
5195	6 1 8 2
5196	8 2 7 1
5197	8 7 3 6
5198	2 4 6 5
5199	8 4 5 3
5200	3 7 5 1
5201	4 7 8 3
5202	4 8 2 7
5203	5 6 1 7
5204	6 8 7 3
5205	8 5 4 7
5206	4 8 2 1
5207	3 4 5 1
5208	1 4 3 7
5209	6 2 7 8
5210	3 6 7 2
5211	3 4 8 5
5212	7 1 4 8
5213	5 1 6 2
5214	8 5 6 7
5215	7 3 6 1
5216	4 1 8 5
5217	2 6 5 3
5218	2 7 3 5
5219	5 7 6 3
5220	3 8 2 5
5221	8 2 1 3
5222	2 4 6 3
5223	3 1 2 6
5224	8 2 7 4
5225	1 6 7 5
5226	3 7 4 5
5227	7 2 6 8
5228	5 4 6 7
5229	6 3 8 4
5230	3 8 1 6
5231	8 5 4 1
5232	4 8 7 6
5233	5 4 1 6
5234	4 6 8 5
5235	2 4 8 6
5236	2 8 4 1
5237	8 5 7 6
5238	7 6 8 4
5239	8 5 6 3
5240	2 3 5 1
5241	4 5 7 1
5242	6 8 1 4
5243	7 4 1 8
5244	3 4 1 8
5245	6 2 8 3
5246	7 1 5 8
5247	4 7 6 2
5248	2 8 4 5
5249	1 8 3 5
5250	4 2 1 5
5251	6 7 8 1
5252	5 6 7 2
5253	7 6 1 3
5254	6 7 5 2
5255	6 4 2 1
5256	5 7 6 4
5257	6 2 5 7
5258	3 1 8 5
5259	6 8 4 5
5260	4 3 8 2
5261	8 7 1 4
5262	4 2 3 8
5263	6 4 3 5
5264	8 5 7 2
5265	5 4 1 2
5266	5 1 8 4
5267	4 7 6 5
5268	8 7 3 4
5269	3 7 4 6
5270	8 7 6 5
5271	7 2 5 1
5272	8 5 7 2
5273	7 8 5 2
5274	3 2 1 7
5275	4 7 3 1
5276	1 2 5 3
5277	7 2 1 6
5278	8 4 1 7
5279	8 5 2 1
5280	6 5 2 7
5281	4 6 3 8
5282	6 7 5 8
5283	7 6 8 3
5284	2 7 1 3
5285	2 3 4 8
5286	3 8 2 4
5287	2 5 4 1
5288	7 5 1 4
5289	8 2 1 7
5290	7 6 3 8
5291	7 4 8 6
5292	7 6 4 1
5293	4 2 8 5
5294	2 3 5 4
5295	7 4 3 1
5296	1 7 6 5
5297	5 4 3 8
5298	5 4 6 7
5299	3 4 8 6
5300	1 7 8 2
5301	8 4 5 3
5302	7 8 3 1
5303	1 2 8 4
5304	6 5 2 3
5305	4 7 5 2
5306	4 8 6 3
5307	2 8 6 3
5308	5 8 1 7
5309	1 5 6 3
5310	6 4 3 7
5311	5 4 2 7
5312	8 3 2 7
5313	4 6 3 8
5314	2 7 8 1
5315	7 3 4 1
5316	3 5 4 1
5317	4 5 8 2
5318	1 7 2 5
5319	6 5 1 4
5320	8 3 2 7
5321	3 2 5 8
5322	1 3 5 2
5323	8 4 2 6
5324	4 7 2 6
5325	3 6 1 5
5326	7 3 8 6
5327	7 3 2 1
5328	5 7 3 1
5329	3 6 7 4
5330	4 8 5 6
5331	5 1 7 4
5332	5 7 4 1
5333	2 6 4 3
5334	4 1 8 7
5335	2 3 6 1
5336	3 7 5 6
5337	2 7 6 5
5338	7 6 5 3
5339	1 3 7 4
5340	2 8 3 5
5341	4 5 8 7
5342	1 8 2 5
5343	5 7 1 4
5344	5 8 2 1
5345	7 4 8 1
5346	8 4 5 7
5347	6 1 3 4
5348	8 3 5 2
5349	3 2 1 8
5350	7 6 4 5
5351	7 2 5 8
5352	1 7 3 2
5353	5 6 2 3
5354	8 4 7 2
5355	7 8 2 6
5356	7 8 1 2
5357	1 4 3 2
5358	8 4 7 3
5359	5 8 7 4
5360	7 6 4 2
5361	7 3 8 2
5362	6 8 4 7
5363	1 7 8 6
5364	6 1 5 8
5365	1 3 7 4
5366	4 1 3 7
5367	8 7 4 5
5368	1 6 4 7
5369	2 1 7 6
5370	1 6 3 2
5371	8 2 3 5
5372	5 8 3 2
5373	1 2 6 7
5374	3 8 6 2
5375	8 1 5 4
5376	1 2 8 4
5377	7 3 1 4
5378	1 8 3 6
5379	6 2 7 8
5380	2 5 1 4
5381	2 1 8 3
5382	5 8 4 7
5383	8 2 6 4
5384	4 2 5 1
5385	5 7 2 4
5386	1 2 6 5
5387	4 8 6 3
5388	3 4 6 7
5389	5 2 3 1
5390	7 1 4 3
5391	4 6 7 2
5392	2 5 1 3
5393	1 2 8 3
5394	5 3 7 2
5395	7 2 5 4
5396	3 8 1 5
5397	8 2 1 3
5398	1 2 8 3
5399	8 5 6 3
5400	3 1 4 7
5401	2 4 8 6
5402	8 3 7 2
5403	7 2 3 6
5404	1 4 2 5
5405	1 2 7 6
5406	3 4 5 1
5407	2 7 6 5
5408	5 8 3 7
5409	4 2 3 8
5410	8 4 7 2
5411	1 3 8 5
5412	4 8 3 5
5413	6 3 8 4
5414	6 7 5 4
5415	1 7 6 3
5416	7 2 1 4
5417	8 3 5 7
5418	8 6 3 2
5419	6 1 2 5
5420	6 3 2 5
5421	3 5 4 2
5422	6 5 1 7
5423	1 7 6 8
5424	1 7 4 6
5425	4 8 6 1
5426	8 5 4 7
5427	2 1 6 5
5428	6 5 8 1
5429	6 7 3 2
5430	8 4 6 1
5431	2 5 3 8
5432	1 7 4 2
5433	8 6 3 4
5434	5 7 4 2
5435	7 3 5 2
5436	2 5 7 8
5437	6 4 1 8
5438	3 2 8 7
5439	1 5 2 7
5440	4 5 1 2
5441	3 2 1 5
5442	7 2 3 4
5443	1 6 3 4
5444	3 6 5 2
5445	1 3 4 8
5446	4 1 5 8
5447	8 4 5 7
5448	1 3 2 6
5449	4 8 6 7
5450	5 2 7 8
5451	1 7 6 2
5452	5 1 2 4
5453	3 8 5 1
5454	6 1 3 5
5455	3 7 1 6
5456	6 7 3 2
5457	2 4 5 6
5458	7 1 2 6
5459	1 6 3 2
5460	6 5 4 8
5461	1 5 3 8
5462	1 3 2 4
5463	7 4 8 3
5464	1 5 2 8
5465	7 1 6 8
5466	5 8 3 2
5467	3 1 2 5
5468	5 4 3 1
5469	7 4 1 5
5470	6 3 7 1
5471	7 3 4 2
5472	4 5 3 7
5473	6 8 5 7
5474	3 4 1 7
5475	3 1 4 6
5476	5 6 1 3
5477	4 8 2 6
5478	7 2 4 6
5479	2 7 6 3
5480	4 5 6 2
5481	1 7 4 2
5482	6 1 5 2
5483	2 5 6 8
5484	1 5 2 4
5485	3 8 4 6
5486	7 1 8 2
5487	6 1 2 4
5488	2 3 4 8
5489	7 8 6 1
5490	2 3 8 4
5491	7 4 2 1
5492	3 8 4 7
5493	3 5 2 4
5494	1 8 3 6
5495	7 3 6 5
5496	7 8 3 2
5497	2 4 1 5
5498	7 4 2 3
5499	4 7 5 1
5500	1 7 3 2
5501	5 7 3 1
5502	1 2 8 4
5503	2 8 3 1
5504	2 8 1 6
5505	4 7 1 3
5506	7 8 3 1
5507	1 7 4 8
5508	7 6 2 8
5509	8 6 5 3
5510	5 8 7 2
5511	6 8 5 1
5512	5 4 2 3
5513	1 8 2 7
5514	7 2 8 1
5515	1 8 7 4
5516	7 1 5 3
5517	4 3 5 6
5518	6 1 5 8
5519	8 3 6 4
5520	4 1 5 8
5521	6 8 3 2
5522	1 4 6 8
5523	5 7 2 4
5524	1 7 6 4
5525	5 3 8 7
5526	4 5 8 3
5527	8 4 5 3
5528	5 4 2 3
5529	6 2 5 3
5530	7 4 2 6
5531	1 7 2 8
5532	6 4 8 2
5533	6 8 3 1
5534	8 1 5 6
5535	4 2 1 7
5536	8 4 7 1
5537	1 8 6 4
5538	3 4 6 1
5539	2 7 1 5
5540	6 3 4 8
5541	7 3 6 1
5542	6 8 7 2
5543	6 2 8 7
5544	8 4 3 1
5545	7 6 2 3
5546	6 5 2 1
5547	4 1 2 7
5548	2 1 4 8
5549	6 3 8 5
5550	8 3 1 5
5551	5 4 8 2
5552	7 5 4 2
5553	2 6 3 8
5554	2 6 1 7
5555	2 5 1 3
5556	4 7 5 6
5557	7 2 6 1
5558	1 3 2 5
5559	1 4 5 8
5560	5 1 8 6
5561	5 1 4 7
5562	4 3 5 7
5563	4 2 3 7
5564	8 4 5 3
5565	7 4 2 3
5566	4 8 5 2
5567	5 3 6 1
5568	4 5 8 6
5569	2 6 4 5
5570	1 4 2 6
5571	3 8 6 1
5572	6 1 7 4
5573	7 5 4 1
5574	5 6 4 1
5575	5 3 8 1
5576	4 2 5 6
5577	5 1 3 8
5578	3 8 4 2
5579	3 7 5 2
5580	8 2 4 7
5581	6 3 1 5
5582	6 1 2 7
5583	5 7 1 6
5584	6 1 7 2
5585	1 5 3 8
5586	5 4 3 2
5587	4 1 6 7
5588	7 8 4 2
5589	8 2 7 4
5590	2 4 8 7
5591	6 4 8 1
5592	1 8 7 4
5593	1 4 6 3
5594	8 7 1 2
5595	7 2 6 1
5596	5 7 8 1
5597	7 6 5 1
5598	8 5 4 3
5599	8 6 3 1
5600	5 8 4 7
5601	3 2 7 1
5602	8 5 4 2
5603	6 3 1 7
5604	5 6 4 8
5605	6 8 1 2
5606	5 7 6 1
5607	8 3 4 2
5608	4 7 1 3
5609	6 5 7 8
5610	5 7 6 2
5611	5 7 1 4
5612	2 8 5 7
5613	6 4 3 2
5614	8 3 7 4
5615	8 4 2 5
5616	4 2 3 5
5617	7 8 4 1
5618	1 4 8 7
5619	2 4 3 7
5620	8 2 4 7
5621	3 1 6 2
5622	6 2 8 5
5623	1 2 3 8
5624	3 1 5 7
5625	4 6 8 2
5626	1 7 3 5
5627	8 5 6 2
5628	7 1 3 8
5629	3 2 1 5
5630	4 6 5 3
5631	1 6 3 5
5632	1 5 8 7
5633	3 1 2 8
5634	4 7 5 1
5635	6 2 7 5
5636	6 2 4 3
5637	2 1 6 4
5638	4 7 5 6
5639	1 7 6 4
5640	8 3 6 4
5641	1 8 7 5
5642	1 7 8 3
5643	6 3 1 2
5644	3 8 2 6
5645	8 5 6 4
5646	5 6 8 2
5647	4 2 1 5
5648	2 8 1 3
5649	4 3 8 6
5650	5 2 3 6
5651	8 6 4 7
5652	5 7 6 2
5653	5 3 7 6
5654	5 1 2 8
5655	4 1 5 3
5656	1 8 2 6
5657	6 3 7 1
5658	7 3 2 4
5659	2 3 7 6
5660	1 3 6 8
5661	8 3 7 2
5662	6 3 7 2
5663	2 8 3 7
5664	3 5 8 4
5665	2 6 3 5
5666	1 7 6 3
5667	2 5 1 8
5668	3 5 7 4
5669	2 7 5 4
5670	1 7 4 5
5671	2 7 6 4
5672	2 1 4 8
5673	4 8 1 5
5674	7 6 8 3
5675	4 7 3 1
5676	8 2 7 4
5677	3 7 6 8
5678	5 7 1 8
5679	1 5 7 8
5680	3 1 8 7
5681	3 6 5 4
5682	8 3 2 6
5683	4 1 8 3
5684	6 4 3 8
5685	8 5 3 2
5686	7 4 5 6
5687	6 7 4 3
5688	6 1 3 5
5689	4 7 2 8
5690	6 5 4 7
5691	5 2 3 8
5692	5 8 2 4
5693	7 5 8 4
5694	8 6 3 5
5695	2 5 7 6
5696	4 5 1 8
5697	1 5 4 3
5698	7 5 1 6
5699	4 8 5 3
5700	6 1 3 2
5701	1 2 3 5
5702	2 1 8 7
5703	7 3 2 4
5704	5 7 2 8
5705	5 3 4 1
5706	5 8 2 6
5707	6 1 7 5
5708	1 3 8 5
5709	3 6 7 1
5710	1 7 6 8
5711	7 4 3 1
5712	1 4 2 8
5713	6 2 4 7
5714	5 7 6 2
5715	5 3 8 1
5716	4 3 2 7
5717	1 4 6 5
5718	7 1 2 8
5719	3 8 2 6
5720	2 1 6 8
5721	2 6 1 7
5722	2 5 8 3
5723	1 7 8 2
5724	2 3 6 7
5725	5 1 8 6
5726	4 8 7 5
5727	3 5 7 4
5728	8 1 6 4
5729	6 8 7 4
5730	7 8 4 1
5731	6 3 5 1
5732	8 2 3 7
5733	6 4 2 5
5734	3 5 1 8
5735	5 4 2 8
5736	3 4 1 7
5737	4 5 3 8
5738	5 7 3 1
5739	6 7 1 8
5740	3 8 5 6
5741	2 6 3 8
5742	1 8 7 6
5743	4 7 8 3
5744	6 4 8 7
5745	8 2 3 7
5746	4 6 1 7
5747	2 6 3 1
5748	5 3 6 1
5749	4 7 6 1
5750	2 8 7 1
5751	3 7 4 2
5752	4 3 7 2
5753	2 8 6 7
5754	8 7 5 2
5755	8 3 5 4
5756	3 2 8 4
5757	1 7 2 6
5758	2 1 7 4
5759	7 5 2 8
5760	5 8 4 1
5761	4 3 5 2
5762	4 3 2 1
5763	1 6 8 2
5764	8 1 6 4
5765	7 8 3 1
5766	1 4 3 8
5767	7 3 4 2
5768	8 4 1 3
5769	1 6 7 3
5770	5 3 1 8
5771	5 1 7 4
5772	3 8 6 4
5773	4 5 7 1
5774	1 2 7 4
5775	7 1 6 3
5776	5 3 7 2
5777	7 8 6 2
5778	8 7 5 4
5779	7 2 3 4
5780	1 6 7 2
5781	5 8 4 7
5782	3 7 5 4
5783	6 1 4 7
5784	1 2 6 8
5785	1 7 5 8
5786	5 4 1 2
5787	7 1 4 8
5788	6 1 5 2
5789	4 2 6 3
5790	8 2 1 5
5791	3 7 8 1
5792	2 5 1 8
5793	5 2 7 3
5794	8 7 3 2
5795	2 6 8 4
5796	6 7 2 1
5797	1 6 8 3
5798	2 8 7 1
5799	7 6 3 8
5800	3 8 4 6
5801	2 5 1 6
5802	7 2 4 8
5803	5 4 7 6
5804	3 4 5 7
5805	5 2 8 3
5806	2 7 6 5
5807	5 7 1 4
5808	7 1 8 3
5809	3 5 7 1
5810	8 6 3 2
5811	3 2 8 1
5812	7 3 2 5
5813	2 4 6 7
5814	2 6 4 8
5815	4 8 7 6
5816	7 1 6 2
5817	8 6 2 1
5818	5 2 1 4
5819	5 7 4 6
5820	4 5 1 3
5821	1 4 8 6
5822	6 4 8 5
5823	3 8 4 6
5824	3 4 6 5
5825	4 3 2 7
5826	8 3 6 5
5827	8 3 2 5
5828	8 5 1 7
5829	5 8 7 4
5830	4 6 5 8
5831	8 7 3 5
5832	5 6 3 1
5833	5 3 7 1
5834	8 6 3 4
5835	3 7 6 5
5836	7 6 1 2
5837	1 8 3 4
5838	1 2 8 3
5839	4 1 2 8
5840	6 8 7 5
5841	5 3 4 7
5842	7 6 3 8
5843	7 1 4 8
5844	3 7 1 4
5845	7 4 6 1
5846	5 3 1 6
5847	6 4 3 8
5848	6 2 4 8
5849	4 6 1 5
5850	6 1 2 5
5851	6 1 3 5
5852	8 4 7 2
5853	8 3 5 1
5854	6 3 8 2
5855	5 6 4 8
5856	1 6 5 2
5857	3 1 7 5
5858	3 2 5 8
5859	7 4 5 8
5860	4 5 8 3
5861	8 4 1 7
5862	6 4 5 3
5863	5 6 7 8
5864	4 5 6 1
5865	5 8 4 1
5866	6 3 1 4
5867	8 5 2 3
5868	5 3 1 2
5869	3 4 8 7
5870	1 2 6 7
5871	8 1 5 3
5872	4 2 3 8
5873	4 7 1 8
5874	5 1 7 8
5875	7 4 1 2
5876	8 1 7 6
5877	6 2 5 4
5878	7 4 2 6
5879	5 7 8 6
5880	1 4 7 8
5881	8 1 5 3
5882	8 5 4 1
5883	5 4 3 6
5884	1 8 7 4
5885	7 8 3 2
5886	8 4 5 7
5887	6 5 4 8
5888	1 8 7 5
5889	8 6 1 2
5890	5 2 3 6
5891	7 6 2 8
5892	7 1 6 2
5893	6 7 4 2
5894	1 6 8 7
5895	1 3 8 2
5896	4 8 6 2
5897	5 6 2 8
5898	2 5 1 4
5899	6 2 7 3
5900	2 6 1 4
5901	6 3 7 1
5902	4 2 6 8
5903	7 3 6 4
5904	2 6 8 4
5905	4 6 3 5
5906	5 8 2 4
5907	8 2 1 6
5908	8 3 7 2
5909	4 1 3 8
5910	7 8 2 6
5911	7 2 1 4
5912	3 6 5 1
5913	4 8 7 5
5914	4 7 6 3
5915	3 1 6 7
5916	3 8 1 5
5917	1 6 8 7
5918	6 1 5 3
5919	2 4 5 3
5920	6 7 2 5
5921	8 5 4 6
5922	6 7 3 8
5923	6 1 2 4
5924	8 2 6 3
5925	6 7 2 5
5926	3 1 6 8
5927	7 3 2 1
5928	2 1 5 6
5929	3 6 4 7
5930	4 7 8 3
5931	2 5 6 8
5932	6 8 2 7
5933	3 2 7 6
5934	7 5 4 8
5935	6 5 7 4
5936	7 5 4 2
5937	4 1 7 5
5938	2 1 5 4
5939	5 7 2 6
5940	3 8 7 6
5941	6 3 1 4
5942	5 1 3 7
5943	4 7 6 1
5944	7 5 4 3
5945	8 5 7 6
5946	7 5 2 1
5947	5 4 2 6
5948	7 1 4 6
5949	4 5 8 6
5950	5 3 7 8
5951	8 7 2 3
5952	3 8 2 7
5953	8 3 1 7
5954	5 2 3 7
5955	8 5 2 6
5956	1 6 8 3
5957	7 3 2 8
5958	4 3 2 6
5959	1 6 5 4
5960	7 6 2 1
5961	8 6 7 2
5962	6 5 4 3
5963	7 1 3 8
5964	1 8 6 2
5965	2 8 7 3
5966	8 3 5 2
5967	6 5 3 4
5968	5 4 2 1
5969	8 7 6 5
5970	8 7 5 6
5971	2 4 3 1
5972	2 6 8 4
5973	8 4 2 5
5974	8 2 5 3
5975	4 3 6 2
5976	8 7 1 4
5977	8 1 3 7
5978	4 7 6 1
5979	2 5 3 6
5980	1 5 4 2
5981	6 8 2 1
5982	4 7 3 2
5983	5 6 2 8
5984	3 7 1 4
5985	5 6 4 2
5986	8 4 2 3
5987	2 6 5 8
5988	4 8 3 2
5989	2 8 6 4
5990	3 1 5 7
5991	8 5 3 2
5992	8 5 2 7
5993	4 2 7 3
5994	3 1 4 5
5995	5 4 3 8
5996	8 1 6 3
5997	2 7 3 4
5998	8 7 6 2
5999	3 1 6 7
6000	6 2 1 4
