Students	7000
1	6 4 2 7
2	8 4 5 2
3	1 2 7 4
4	8 2 3 5
5	8 7 2 1
6	1 6 5 4
7	4 3 7 8
8	3 6 2 5
9	2 5 1 4
10	8 2 5 4
11	3 7 6 1
12	5 1 7 6
13	1 2 7 4
14	5 1 3 2
15	8 7 1 6
16	5 3 4 1
17	7 1 5 3
18	3 1 6 4
19	2 8 3 7
20	7 3 1 4
21	6 4 5 8
22	3 1 7 6
23	5 8 3 4
24	1 8 4 3
25	3 6 1 4
26	7 1 4 6
27	3 2 4 5
28	4 3 5 7
29	4 1 3 2
30	4 6 3 8
31	4 5 3 8
32	6 2 8 1
33	2 5 3 6
34	6 5 7 8
35	8 5 7 2
36	3 2 4 7
37	4 1 7 8
38	2 7 4 5
39	7 3 2 6
40	7 1 4 6
41	2 6 4 8
42	2 3 6 5
43	4 2 7 8
44	7 3 8 1
45	4 7 3 6
46	3 1 6 8
47	4 2 3 8
48	5 7 6 4
49	6 2 7 1
50	3 4 1 8
51	8 5 7 4
52	1 2 3 8
53	6 5 8 2
54	2 3 4 6
55	1 4 7 8
56	8 7 4 5
57	8 4 6 1
58	8 2 7 6
59	8 1 6 7
60	3 5 4 6
61	6 2 7 1
62	3 7 1 5
63	7 3 4 6
64	4 8 7 1
65	5 4 3 2
66	3 8 2 4
67	1 5 8 2
68	1 8 7 6
69	4 1 3 5
70	1 7 3 5
71	8 2 7 4
72	6 8 7 5
73	7 3 6 2
74	1 6 5 4
75	7 8 6 1
76	3 8 2 6
77	7 4 3 5
78	7 8 2 4
79	8 5 3 4
80	1 6 2 7
81	4 1 2 7
82	4 6 2 3
83	7 6 8 4
84	6 5 7 4
85	3 5 4 2
86	4 2 7 6
87	5 2 3 6
88	1 2 3 5
89	8 3 4 5
90	5 7 4 2
91	7 5 2 6
92	4 8 2 6
93	5 2 1 4
94	7 1 2 5
95	2 5 1 7
96	7 2 3 5
97	7 6 3 2
98	5 3 1 4
99	3 7 6 8
100	2 8 7 4
101	1 6 2 7
102	4 1 8 3
103	2 5 6 7
104	5 4 8 2
105	5 4 8 1
106	3 8 4 5
107	6 2 4 5
108	3 8 1 4
109	8 6 7 2
110	7 2 1 6
111	4 2 6 7
112	1 6 7 8
113	1 6 8 2
114	3 1 6 7
115	8 2 1 6
116	2 5 3 7
117	8 2 3 5
118	2 6 8 4
119	6 1 2 5
120	3 4 2 6
121	8 7 1 2
122	7 4 6 3
123	8 4 1 2
124	8 3 5 2
125	8 7 4 3
126	8 1 6 5
127	2 8 5 6
128	2 5 4 1
129	1 2 5 4
130	6 3 7 8
131	2 3 8 6
132	3 1 7 2
133	5 1 6 4
134	1 3 8 2
135	7 2 4 3
136	6 2 8 5
137	2 6 3 4
138	4 7 8 5
139	8 6 5 2
140	3 7 2 6
141	5 4 7 3
142	5 7 6 8
143	5 7 6 2
144	7 8 3 6
145	4 6 5 3
146	1 2 4 6
147	2 8 3 1
148	5 6 8 3
149	2 4 7 3
150	7 5 4 8
151	3 7 2 4
152	3 2 6 8
153	5 1 8 4
154	5 2 3 8
155	2 3 5 7
156	4 7 5 8
157	4 7 1 3
158	5 2 6 1
159	5 2 4 8
160	3 5 8 6
161	6 7 8 5
162	5 2 4 6
163	1 8 7 4
164	3 7 1 6
165	1 4 5 6
166	3 8 1 6
167	7 3 1 5
168	5 7 3 1
169	2 7 4 1
170	1 2 6 3
171	4 7 5 1
172	6 7 5 1
173	4 1 3 7
174	2 1 5 4
175	1 6 7 2
176	7 5 6 2
177	4 8 6 7
178	4 5 8 2
179	6 5 1 8
180	6 3 4 5
181	2 5 7 1
182	1 6 2 5
183	7 1 5 3
184	7 8 2 6
185	7 6 3 1
186	8 4 7 1
187	2 3 4 6
188	8 6 4 2
189	2 3 4 8
190	4 2 6 1
191	5 7 2 6
192	6 2 8 7
193	1 5 8 4
194	6 8 5 7
195	7 8 4 6
196	4 7 5 2
197	4 8 2 5
198	4 7 6 2
199	3 4 1 6
200	7 2 5 8
201	5 4 6 7
202	2 5 6 8
203	3 4 6 5
204	3 6 5 8
205	5 7 1 6
206	2 8 4 5
207	3 8 5 6
208	1 3 8 7
209	4 5 8 7
210	5 2 3 6
211	3 7 4 2
212	2 8 3 7
213	4 1 3 6
214	3 2 6 1
215	7 5 2 8
216	1 4 3 2
217	6 5 7 4
218	4 2 5 1
219	7 5 8 4
220	7 3 2 5
221	2 4 5 1
222	8 4 6 3
223	1 8 4 6
224	4 8 2 1
225	1 7 4 8
226	7 3 1 5
227	1 8 5 7
228	8 4 7 6
229	4 7 8 3
230	7 4 1 5
231	5 8 2 3
232	7 8 3 1
233	1 5 6 8
234	2 1 6 5
235	5 4 7 6
236	4 1 7 8
237	5 1 3 8
238	4 5 6 2
239	7 2 4 1
240	7 1 3 5
241	2 7 3 6
242	6 1 8 7
243	6 4 8 1
244	5 6 4 8
245	6 2 7 3
246	5 3 6 1
247	4 6 7 2
248	7 2 6 1
249	3 7 2 5
250	7 6 8 3
251	2 3 6 5
252	1 3 8 2
253	2 7 3 4
254	8 5 6 1
255	8 2 3 1
256	1 2 3 8
257	8 2 3 1
258	3 7 2 6
259	1 3 5 7
260	5 4 6 7
261	7 5 2 3
262	6 3 5 8
263	2 3 5 8
264	8 6 2 7
265	4 3 8 6
266	1 2 3 5
267	6 1 4 7
268	6 1 3 5
269	8 6 3 7
270	2 3 8 6
271	1 6 2 3
272	8 3 4 1
273	3 6 1 2
274	8 3 7 5
275	3 4 8 1
276	1 4 7 3
277	4 7 3 2
278	5 1 6 4
279	8 7 1 6
280	3 6 2 7
281	6 3 7 8
282	3 6 4 5
283	4 7 2 5
284	5 8 7 6
285	7 6 3 4
286	3 5 7 1
287	5 3 1 4
288	7 8 3 1
289	8 1 3 2
290	5 1 8 3
291	4 6 1 8
292	1 4 6 2
293	3 2 8 1
294	8 6 7 3
295	2 7 1 8
296	8 3 4 7
297	6 4 8 1
298	4 5 3 6
299	2 6 4 7
300	6 3 5 4
301	6 7 8 2
302	2 3 6 5
303	4 8 5 1
304	8 3 5 2
305	5 8 7 4
306	2 3 5 4
307	1 4 7 8
308	6 1 3 5
309	6 8 1 7
310	4 2 3 5
311	3 8 6 1
312	4 7 8 6
313	1 6 5 7
314	4 5 2 1
315	6 7 1 2
316	2 1 4 7
317	4 8 6 5
318	3 2 7 5
319	1 7 4 8
320	2 4 7 3
321	2 4 3 6
322	7 1 6 8
323	8 1 5 7
324	7 1 5 2
325	6 2 8 3
326	4 3 6 1
327	6 8 3 2
328	4 2 3 1
329	8 1 4 7
330	8 2 4 6
331	1 7 6 4
332	6 1 3 7
333	1 4 8 7
334	3 2 4 8
335	3 6 1 4
336	6 3 8 5
337	1 5 8 2
338	5 8 7 1
339	4 5 2 7
340	1 4 7 8
341	4 5 7 6
342	4 5 2 8
343	1 3 4 8
344	5 4 8 7
345	4 7 1 5
346	2 8 3 4
347	7 8 2 1
348	2 3 7 5
349	8 6 2 1
350	4 2 7 3
351	3 8 5 2
352	2 5 6 8
353	1 4 2 5
354	6 5 4 8
355	1 6 3 2
356	4 2 3 1
357	4 3 5 8
358	8 6 4 2
359	8 7 4 5
360	8 6 5 2
361	3 6 2 1
362	5 1 3 4
363	4 8 5 2
364	3 2 4 5
365	2 6 5 8
366	5 8 2 6
367	8 2 4 3
368	7 2 5 4
369	4 1 5 3
370	8 1 2 5
371	5 2 3 1
372	2 6 4 3
373	8 5 4 3
374	5 6 3 7
375	6 8 4 1
376	6 2 8 5
377	7 8 4 3
378	8 6 2 3
379	8 7 4 5
380	8 2 4 5
381	4 1 8 6
382	1 3 8 2
383	7 1 4 8
384	6 8 5 4
385	5 7 8 6
386	5 4 6 2
387	6 7 8 4
388	6 3 8 2
389	8 6 7 2
390	1 5 6 7
391	4 2 5 1
392	5 1 8 7
393	5 2 4 8
394	3 8 7 5
395	4 1 8 5
396	8 6 1 4
397	2 8 1 7
398	2 1 5 6
399	8 4 3 6
400	7 2 3 4
401	4 3 8 2
402	4 6 7 8
403	6 8 3 5
404	5 1 3 7
405	8 6 7 4
406	2 7 4 3
407	6 4 3 1
408	3 4 5 1
409	3 8 4 7
410	7 4 3 8
411	4 6 1 2
412	1 7 5 3
413	7 8 6 1
414	7 2 1 4
415	5 4 8 3
416	1 7 5 6
417	2 7 8 4
418	6 2 7 8
419	5 3 6 2
420	1 3 7 4
421	4 6 3 8
422	6 8 4 7
423	1 8 4 6
424	8 2 7 3
425	1 4 5 7
426	8 6 5 1
427	4 5 6 3
428	2 4 1 6
429	7 2 8 1
430	5 6 2 8
431	8 1 3 5
432	6 3 2 5
433	3 5 1 7
434	5 8 6 3
435	5 6 3 4
436	3 1 6 7
437	7 6 2 1
438	2 7 3 4
439	8 4 6 5
440	8 3 2 4
441	4 1 2 8
442	1 4 3 6
443	1 2 8 6
444	1 5 4 3
445	7 8 2 3
446	1 8 2 6
447	3 7 1 4
448	4 5 8 6
449	5 1 2 8
450	3 4 5 7
451	7 5 8 6
452	7 6 2 3
453	8 3 6 2
454	1 7 3 4
455	1 8 7 4
456	3 8 5 6
457	1 5 8 2
458	8 1 2 6
459	8 6 4 1
460	3 4 6 7
461	4 3 6 7
462	5 6 3 2
463	8 6 7 3
464	2 6 7 1
465	6 8 5 7
466	6 8 4 5
467	8 6 1 5
468	5 4 7 8
469	4 8 5 7
470	1 6 3 8
471	8 7 4 5
472	2 4 7 1
473	2 8 6 4
474	1 7 6 4
475	8 7 5 2
476	4 5 6 3
477	7 3 8 6
478	1 7 2 6
479	2 6 4 1
480	6 2 5 3
481	3 8 2 6
482	2 1 3 4
483	6 3 8 4
484	3 1 6 2
485	2 8 6 5
486	5 8 4 2
487	6 1 4 5
488	6 7 4 5
489	6 8 7 1
490	4 3 1 8
491	7 1 5 4
492	5 1 3 4
493	6 3 2 5
494	2 1 4 5
495	7 2 1 8
496	4 6 7 8
497	2 1 8 4
498	8 7 6 1
499	1 4 8 7
500	8 4 7 3
501	3 4 1 6
502	6 2 8 5
503	4 2 7 1
504	4 7 5 2
505	6 5 8 3
506	7 2 3 5
507	8 3 7 2
508	6 7 2 1
509	6 7 2 5
510	6 7 8 3
511	7 1 4 5
512	6 5 8 2
513	6 3 7 8
514	7 1 2 3
515	5 7 1 2
516	7 8 4 1
517	1 6 3 5
518	1 2 7 8
519	4 1 5 8
520	6 8 4 7
521	2 3 6 4
522	3 4 6 7
523	8 1 4 7
524	2 6 3 8
525	7 6 5 3
526	3 8 2 7
527	3 6 5 2
528	4 8 5 1
529	1 2 7 3
530	8 6 1 7
531	5 6 8 7
532	3 7 8 6
533	4 2 5 6
534	2 7 3 5
535	8 4 1 3
536	2 4 5 8
537	1 4 6 5
538	4 6 3 8
539	2 3 1 5
540	8 2 3 1
541	6 7 5 3
542	1 5 6 7
543	4 6 5 1
544	7 6 8 2
545	1 5 6 4
546	5 1 2 6
547	7 1 6 8
548	2 6 7 4
549	4 5 3 1
550	6 4 2 3
551	7 2 3 8
552	5 3 2 4
553	4 3 8 7
554	1 5 2 8
555	2 5 1 3
556	4 2 1 3
557	5 4 8 6
558	2 3 7 1
559	1 7 2 4
560	4 3 8 1
561	2 4 8 1
562	3 8 2 6
563	1 6 2 3
564	1 5 3 8
565	2 3 7 1
566	1 6 4 2
567	1 2 8 4
568	7 2 3 6
569	5 8 1 6
570	2 3 4 6
571	1 7 6 8
572	3 5 7 2
573	4 2 7 3
574	4 6 8 7
575	5 3 7 1
576	5 8 2 7
577	7 3 2 5
578	6 3 2 1
579	4 1 7 8
580	7 1 6 4
581	3 8 5 1
582	2 1 3 7
583	2 5 1 3
584	4 8 1 6
585	4 1 8 2
586	2 8 3 1
587	7 1 3 8
588	6 5 3 4
589	2 6 8 3
590	1 5 3 2
591	2 1 5 3
592	4 8 1 2
593	5 1 2 3
594	8 2 3 4
595	3 2 4 1
596	7 6 3 5
597	2 4 6 5
598	8 4 5 3
599	3 2 1 7
600	2 8 6 5
601	4 2 7 6
602	4 1 5 2
603	3 2 1 5
604	3 1 2 7
605	5 6 3 4
606	8 7 4 2
607	2 5 7 6
608	5 7 8 1
609	4 6 7 1
610	1 6 4 3
611	4 3 6 8
612	5 3 6 7
613	2 8 7 5
614	5 8 2 3
615	2 8 5 7
616	3 6 8 4
617	5 8 6 4
618	1 6 4 2
619	3 4 2 5
620	8 1 3 7
621	3 2 8 4
622	3 5 1 2
623	8 1 5 7
624	5 8 4 7
625	1 5 4 3
626	2 4 8 1
627	4 1 6 7
628	7 8 6 1
629	6 4 2 1
630	8 1 7 4
631	2 6 8 1
632	8 7 6 2
633	7 1 4 2
634	3 1 6 4
635	2 1 6 5
636	3 6 5 7
637	7 8 3 4
638	1 5 7 6
639	1 7 6 3
640	8 3 2 5
641	7 6 4 3
642	3 6 4 8
643	1 8 7 5
644	1 4 7 6
645	8 7 1 2
646	2 3 5 8
647	7 6 5 1
648	2 6 5 3
649	4 1 2 6
650	8 4 1 2
651	5 3 8 7
652	7 2 4 6
653	7 1 3 4
654	2 7 8 6
655	3 2 1 6
656	3 5 8 7
657	3 8 4 2
658	8 4 7 2
659	7 2 1 5
660	8 6 3 1
661	4 1 8 2
662	3 7 8 5
663	7 8 6 3
664	7 3 5 6
665	2 7 6 5
666	6 5 8 2
667	3 1 7 6
668	7 1 6 2
669	3 5 1 7
670	1 7 3 4
671	2 1 4 7
672	6 1 4 3
673	7 1 4 6
674	3 8 7 6
675	7 6 3 8
676	7 5 3 4
677	3 1 8 2
678	8 2 5 7
679	7 6 5 2
680	5 2 4 3
681	6 1 3 7
682	8 4 5 3
683	2 8 1 4
684	7 8 3 2
685	4 3 8 2
686	5 2 8 4
687	2 4 6 8
688	6 2 1 7
689	1 5 8 4
690	4 8 7 5
691	2 8 4 5
692	7 2 1 4
693	2 4 7 8
694	6 4 2 8
695	1 4 6 2
696	1 3 6 4
697	8 1 4 5
698	3 2 8 5
699	5 4 8 3
700	8 5 6 4
701	2 6 7 4
702	5 3 7 2
703	1 5 7 3
704	8 4 7 6
705	8 1 2 4
706	3 1 4 5
707	7 6 4 5
708	3 1 2 6
709	3 8 1 2
710	7 5 8 4
711	1 7 8 4
712	5 4 6 3
713	5 8 6 4
714	5 3 8 6
715	5 1 7 3
716	2 6 5 7
717	8 4 6 3
718	6 4 8 1
719	5 7 6 1
720	7 3 5 8
721	8 4 1 3
722	8 4 3 7
723	1 4 7 5
724	3 2 5 4
725	1 4 8 2
726	7 4 8 1
727	7 2 5 3
728	6 1 3 7
729	1 8 2 4
730	8 6 1 7
731	8 1 3 7
732	7 2 6 4
733	8 6 4 7
734	4 7 2 1
735	2 4 3 8
736	8 6 5 3
737	5 6 3 4
738	5 6 1 7
739	6 2 5 7
740	1 5 6 2
741	8 4 1 5
742	5 1 2 7
743	7 8 6 2
744	7 8 2 5
745	4 3 6 8
746	1 3 5 6
747	2 8 6 5
748	3 8 6 7
749	6 8 3 7
750	1 6 5 8
751	4 8 7 6
752	2 3 8 7
753	7 3 8 2
754	6 1 8 4
755	4 6 8 7
756	2 1 6 4
757	8 4 5 7
758	4 2 8 1
759	7 3 8 1
760	2 6 7 3
761	7 4 2 5
762	8 2 6 5
763	6 7 4 1
764	3 5 2 1
765	3 5 4 2
766	6 5 7 8
767	1 6 8 5
768	6 2 5 7
769	4 7 6 5
770	8 5 4 6
771	4 6 8 5
772	6 7 8 1
773	8 5 3 7
774	2 8 7 4
775	8 3 7 6
776	4 2 3 6
777	2 4 5 3
778	8 3 4 2
779	5 2 6 1
780	5 3 7 1
781	3 4 1 8
782	7 3 2 8
783	5 6 8 4
784	8 5 4 2
785	6 1 5 2
786	4 7 6 2
787	8 1 2 7
788	3 8 4 7
789	5 4 7 8
790	1 4 2 6
791	8 4 2 7
792	6 8 2 3
793	6 2 4 8
794	8 2 7 4
795	3 4 5 7
796	1 6 5 2
797	6 1 4 5
798	8 4 2 5
799	7 1 2 3
800	3 8 5 1
801	2 8 7 6
802	4 6 1 7
803	3 8 1 7
804	3 1 6 2
805	4 7 8 2
806	5 2 1 7
807	4 5 1 7
808	4 1 3 8
809	5 7 4 6
810	8 6 5 1
811	3 8 2 6
812	7 6 2 1
813	3 5 2 4
814	7 3 4 5
815	3 4 1 2
816	2 3 6 5
817	3 8 7 5
818	2 8 4 5
819	7 8 1 3
820	4 7 6 2
821	4 7 5 2
822	5 4 2 8
823	2 3 5 4
824	5 6 1 7
825	4 7 8 1
826	2 4 3 5
827	4 1 6 5
828	4 1 2 3
829	2 1 6 4
830	4 2 8 1
831	4 6 1 2
832	4 8 3 7
833	8 1 5 2
834	3 1 4 5
835	2 8 1 6
836	6 7 1 4
837	5 2 8 6
838	4 6 8 7
839	6 8 4 2
840	8 5 2 7
841	3 4 8 2
842	1 2 7 4
843	6 1 3 4
844	1 3 2 7
845	2 5 8 4
846	6 5 4 7
847	5 7 4 8
848	3 8 5 4
849	6 3 5 2
850	8 1 3 6
851	3 1 2 4
852	5 2 4 3
853	1 2 4 3
854	1 8 4 2
855	8 2 4 7
856	7 1 5 3
857	5 3 1 2
858	3 7 5 4
859	3 4 1 6
860	1 2 8 4
861	3 2 5 7
862	1 4 3 5
863	5 6 2 3
864	2 3 5 8
865	1 8 5 3
866	8 5 4 1
867	1 7 8 3
868	3 1 7 6
869	3 5 7 4
870	1 3 2 7
871	2 7 4 8
872	8 7 5 6
873	6 5 7 1
874	6 4 7 8
875	7 5 2 8
876	6 5 3 4
877	3 8 7 5
878	6 8 4 7
879	3 5 4 7
880	8 7 5 3
881	4 2 5 1
882	2 4 5 8
883	1 4 6 3
884	4 8 2 6
885	7 1 2 8
886	7 3 6 2
887	5 4 2 8
888	8 4 7 6
889	2 3 6 8
890	6 7 1 4
891	4 1 6 2
892	6 1 2 7
893	6 8 3 4
894	5 7 1 6
895	8 1 2 7
896	4 3 8 1
897	2 7 1 4
898	5 8 1 2
899	1 4 8 7
900	5 1 2 3
901	5 6 2 7
902	2 1 5 4
903	2 7 3 1
904	3 1 5 7
905	8 7 2 3
906	8 2 4 5
907	6 5 8 4
908	1 7 6 5
909	7 4 8 1
910	4 2 5 3
911	6 3 7 2
912	4 5 8 7
913	5 6 4 8
914	7 6 8 2
915	6 5 2 3
916	5 6 7 8
917	1 3 5 2
918	6 2 8 7
919	8 6 1 4
920	4 1 5 3
921	4 3 7 5
922	5 1 7 2
923	1 2 8 6
924	4 1 3 6
925	1 7 6 8
926	4 5 1 3
927	8 2 7 6
928	3 7 4 6
929	1 2 3 5
930	6 4 3 5
931	8 2 7 4
932	4 3 8 5
933	8 6 4 5
934	1 8 2 5
935	6 3 2 7
936	1 4 5 8
937	4 8 2 1
938	5 1 2 8
939	1 3 6 2
940	8 7 4 6
941	8 5 2 7
942	7 5 3 8
943	2 4 3 1
944	1 8 5 4
945	1 6 3 5
946	3 4 8 7
947	4 2 5 6
948	1 3 7 6
949	5 1 8 7
950	1 3 5 8
951	1 7 6 3
952	5 7 6 8
953	2 7 4 6
954	7 1 6 4
955	3 1 6 5
956	3 1 4 5
957	4 6 8 3
958	3 8 4 7
959	3 8 6 5
960	6 8 4 5
961	7 2 4 6
962	4 2 3 5
963	3 6 2 4
964	1 8 3 4
965	7 1 3 6
966	3 4 7 6
967	1 7 6 8
968	4 6 1 7
969	4 8 2 1
970	2 8 1 5
971	1 5 6 7
972	3 1 2 7
973	2 4 7 8
974	6 1 7 8
975	5 4 8 3
976	8 2 4 6
977	6 1 8 5
978	3 5 4 6
979	2 7 3 6
980	8 5 3 1
981	7 3 5 6
982	1 6 8 5
983	6 4 7 2
984	8 5 7 4
985	8 1 7 5
986	1 8 4 5
987	5 4 8 7
988	3 1 4 6
989	7 1 6 3
990	5 8 4 1
991	4 8 1 2
992	5 7 1 8
993	7 6 1 3
994	6 3 1 4
995	2 3 5 6
996	3 4 1 2
997	1 4 8 6
998	1 6 5 2
999	3 2 7 5
1000	5 4 7 1
1001	4 7 6 1
1002	5 3 4 6
1003	5 2 4 3
1004	7 3 1 5
1005	5 3 7 1
1006	5 4 6 3
1007	7 8 4 5
1008	2 8 5 6
1009	3 8 6 7
1010	1 6 2 7
1011	2 4 7 3
1012	8 7 6 2
1013	7 2 3 5
1014	1 4 7 5
1015	8 1 7 5
1016	4 7 3 2
1017	4 5 6 2
1018	4 6 5 8
1019	4 3 2 5
1020	8 1 6 3
1021	6 3 8 7
1022	7 1 6 4
1023	6 3 7 8
1024	8 5 1 4
1025	6 3 4 2
1026	8 4 7 1
1027	8 4 6 5
1028	4 2 1 6
1029	3 1 5 4
1030	4 7 8 3
1031	7 6 1 2
1032	8 3 1 7
1033	5 4 2 1
1034	3 4 8 1
1035	5 6 1 8
1036	1 7 8 3
1037	8 7 5 2
1038	7 8 2 5
1039	7 3 6 1
1040	7 6 2 5
1041	2 8 3 5
1042	2 7 5 3
1043	1 4 6 8
1044	5 3 2 4
1045	1 3 8 2
1046	2 5 4 8
1047	6 8 3 2
1048	7 5 2 8
1049	7 5 4 8
1050	6 4 3 7
1051	6 8 3 4
1052	5 3 8 2
1053	2 8 1 7
1054	1 5 2 3
1055	7 2 3 6
1056	5 8 3 2
1057	6 5 4 2
1058	4 1 7 8
1059	3 7 2 1
1060	2 3 1 4
1061	2 8 5 3
1062	6 4 1 5
1063	1 2 4 8
1064	4 6 5 7
1065	4 3 6 2
1066	1 4 3 2
1067	3 6 4 7
1068	5 1 6 7
1069	6 7 5 8
1070	7 5 8 6
1071	2 5 3 1
1072	5 1 8 3
1073	2 4 6 8
1074	6 8 1 2
1075	6 1 5 2
1076	7 2 5 8
1077	3 1 6 7
1078	3 4 6 5
1079	2 7 1 4
1080	4 2 5 6
1081	6 5 8 1
1082	1 8 4 7
1083	4 1 3 5
1084	6 2 4 1
1085	2 7 8 6
1086	2 5 4 7
1087	3 1 5 4
1088	8 4 3 2
1089	8 1 3 7
1090	4 5 8 7
1091	7 5 2 6
1092	3 5 2 1
1093	8 6 3 5
1094	2 7 8 6
1095	4 2 7 6
1096	5 1 3 7
1097	2 6 3 5
1098	4 6 2 5
1099	7 8 4 1
1100	1 4 7 2
1101	8 7 2 6
1102	6 3 5 4
1103	4 3 1 7
1104	2 3 4 5
1105	1 5 6 3
1106	3 5 1 8
1107	3 5 8 4
1108	7 3 6 2
1109	2 5 3 6
1110	1 3 6 2
1111	7 5 2 1
1112	7 2 1 8
1113	3 7 6 2
1114	8 2 6 3
1115	5 3 6 7
1116	2 8 7 1
1117	8 5 4 2
1118	5 2 4 8
1119	4 6 5 3
1120	7 8 3 2
1121	6 4 5 3
1122	6 7 3 5
1123	3 4 7 8
1124	8 1 3 7
1125	8 6 1 4
1126	4 5 3 2
1127	1 8 7 5
1128	5 4 6 2
1129	6 5 1 2
1130	4 1 2 5
1131	7 1 8 3
1132	3 1 5 4
1133	2 3 4 8
1134	8 7 1 5
1135	7 2 3 5
1136	6 8 3 2
1137	4 3 1 5
1138	7 2 3 1
1139	2 5 1 8
1140	7 5 4 2
1141	1 5 6 8
1142	1 6 8 5
1143	7 6 4 3
1144	8 5 1 3
1145	7 5 6 8
1146	3 7 1 4
1147	3 7 2 4
1148	1 6 2 4
1149	1 7 2 8
1150	1 3 7 2
1151	3 6 7 1
1152	6 2 5 8
1153	8 1 3 6
1154	5 3 1 2
1155	8 7 1 4
1156	6 7 4 5
1157	3 4 8 6
1158	3 6 8 5
1159	1 8 5 4
1160	2 7 5 3
1161	6 1 5 3
1162	2 7 6 1
1163	4 8 1 5
1164	4 3 5 7
1165	8 5 4 6
1166	1 6 2 4
1167	3 8 5 1
1168	7 6 8 1
1169	2 5 3 4
1170	8 1 6 7
1171	4 5 2 3
1172	2 5 1 7
1173	7 4 3 8
1174	2 6 7 4
1175	2 5 7 8
1176	3 8 4 6
1177	2 5 6 8
1178	5 4 3 1
1179	5 3 8 7
1180	3 8 2 4
1181	2 1 8 6
1182	4 7 3 2
1183	3 8 1 2
1184	5 4 7 6
1185	8 2 5 7
1186	4 5 1 2
1187	5 3 7 1
1188	1 5 3 4
1189	5 7 4 6
1190	6 8 7 2
1191	3 7 6 5
1192	5 2 3 4
1193	1 5 4 7
1194	5 2 8 1
1195	6 4 3 5
1196	6 1 2 8
1197	5 2 4 3
1198	1 2 7 5
1199	1 8 3 5
1200	4 7 1 2
1201	3 5 2 6
1202	7 3 2 1
1203	6 3 7 1
1204	4 3 1 5
1205	5 1 3 4
1206	2 3 7 8
1207	3 6 7 8
1208	7 8 1 5
1209	4 6 2 7
1210	4 5 7 2
1211	4 3 5 8
1212	3 2 7 6
1213	2 8 5 4
1214	4 6 1 7
1215	4 7 6 3
1216	2 7 5 4
1217	4 5 7 2
1218	1 6 8 7
1219	4 5 8 3
1220	5 2 4 1
1221	3 5 1 2
1222	5 3 7 1
1223	5 6 4 3
1224	1 8 2 7
1225	7 2 3 8
1226	1 4 5 2
1227	8 2 3 7
1228	6 7 1 8
1229	8 5 7 2
1230	4 8 5 2
1231	3 2 8 4
1232	8 3 4 2
1233	7 1 8 3
1234	4 8 1 5
1235	2 1 3 6
1236	1 6 7 3
1237	1 8 2 4
1238	5 8 7 2
1239	8 3 4 1
1240	6 1 5 2
1241	3 5 8 2
1242	1 8 4 6
1243	1 7 5 2
1244	3 7 1 4
1245	8 6 1 4
1246	7 8 1 3
1247	7 8 5 3
1248	6 8 3 2
1249	1 3 7 2
1250	2 5 6 4
1251	5 2 3 8
1252	2 5 4 6
1253	6 3 1 5
1254	2 1 3 7
1255	3 6 2 7
1256	2 4 6 1
1257	7 4 2 1
1258	8 7 5 4
1259	7 4 1 2
1260	3 5 4 2
1261	2 5 8 3
1262	8 6 4 2
1263	7 3 6 4
1264	7 5 4 3
1265	1 4 6 8
1266	7 8 3 5
1267	2 3 8 4
1268	5 4 2 3
1269	3 5 6 1
1270	1 2 8 3
1271	7 2 3 6
1272	3 2 4 6
1273	6 7 4 1
1274	6 2 4 3
1275	1 8 4 7
1276	7 2 3 1
1277	1 6 3 7
1278	1 2 5 6
1279	5 2 4 7
1280	8 3 7 2
1281	4 6 7 8
1282	2 8 5 7
1283	2 3 8 5
1284	8 3 5 6
1285	2 1 3 8
1286	2 7 1 8
1287	4 8 5 2
1288	8 5 1 7
1289	8 2 5 3
1290	7 6 2 4
1291	3 2 7 1
1292	6 2 8 1
1293	3 5 1 2
1294	8 5 6 3
1295	3 7 6 1
1296	8 4 6 3
1297	8 1 5 6
1298	4 2 3 5
1299	2 3 6 7
1300	4 1 2 6
1301	2 8 7 4
1302	5 3 6 7
1303	3 8 4 7
1304	8 3 5 2
1305	2 6 5 1
1306	3 7 6 5
1307	2 4 7 8
1308	3 5 4 7
1309	6 8 2 1
1310	4 8 3 1
1311	2 1 6 5
1312	7 3 1 4
1313	6 5 8 7
1314	3 2 1 8
1315	6 4 2 1
1316	7 5 1 8
1317	8 2 7 1
1318	1 8 6 5
1319	5 3 8 2
1320	7 1 4 5
1321	4 5 3 6
1322	1 4 3 8
1323	3 7 5 1
1324	6 5 1 2
1325	8 6 5 3
1326	2 7 4 1
1327	6 4 2 7
1328	3 7 8 2
1329	1 7 4 5
1330	8 3 2 4
1331	4 2 8 6
1332	2 7 4 3
1333	8 5 6 4
1334	8 2 6 7
1335	6 3 4 8
1336	7 4 6 1
1337	8 5 6 2
1338	8 2 6 5
1339	5 3 8 7
1340	1 6 2 4
1341	7 8 5 3
1342	6 4 8 1
1343	4 7 8 1
1344	1 8 3 6
1345	5 6 3 1
1346	8 1 6 7
1347	6 7 2 8
1348	1 4 2 6
1349	5 4 6 2
1350	2 4 1 7
1351	2 7 1 5
1352	3 2 6 8
1353	2 3 6 1
1354	4 7 1 6
1355	8 5 1 6
1356	7 8 3 5
1357	6 1 8 4
1358	8 5 3 4
1359	4 7 1 5
1360	8 7 2 5
1361	5 4 2 7
1362	5 4 2 7
1363	5 6 8 2
1364	6 1 3 8
1365	6 2 1 7
1366	1 6 7 8
1367	7 2 5 8
1368	7 5 1 4
1369	1 3 2 6
1370	6 8 4 5
1371	5 7 4 1
1372	4 7 1 2
1373	4 5 8 2
1374	3 6 1 8
1375	1 5 6 2
1376	7 1 4 8
1377	1 2 7 6
1378	5 1 2 4
1379	6 7 8 2
1380	3 1 5 6
1381	3 7 2 1
1382	2 4 3 5
1383	2 7 4 3
1384	1 7 4 6
1385	5 8 2 4
1386	5 3 2 6
1387	3 5 6 1
1388	1 4 5 3
1389	4 3 6 5
1390	1 2 5 4
1391	2 8 3 4
1392	5 6 7 8
1393	2 6 4 7
1394	5 8 4 7
1395	3 5 6 7
1396	1 2 7 4
1397	3 6 8 2
1398	5 1 2 6
1399	3 4 8 2
1400	2 5 4 3
1401	1 5 3 6
1402	8 6 2 5
1403	5 3 7 8
1404	1 2 6 5
1405	5 2 7 1
1406	3 7 1 4
1407	1 7 3 2
1408	1 6 5 7
1409	7 2 3 8
1410	7 2 5 8
1411	4 8 6 3
1412	3 6 8 5
1413	4 7 3 2
1414	2 4 1 6
1415	5 1 6 2
1416	3 4 6 2
1417	5 4 7 6
1418	3 6 8 4
1419	7 2 4 1
1420	8 3 7 2
1421	6 1 3 4
1422	6 5 2 8
1423	5 4 2 7
1424	6 5 1 7
1425	4 5 2 8
1426	7 2 4 6
1427	5 6 7 8
1428	6 4 3 8
1429	4 7 6 8
1430	2 1 5 4
1431	8 1 6 3
1432	3 5 6 7
1433	7 3 5 4
1434	5 8 6 1
1435	2 5 6 3
1436	6 3 7 5
1437	3 4 6 5
1438	5 3 6 4
1439	7 2 5 4
1440	1 5 4 3
1441	3 4 5 2
1442	3 1 8 5
1443	4 1 7 3
1444	2 6 5 7
1445	3 1 2 6
1446	1 4 6 5
1447	7 6 4 2
1448	6 4 5 1
1449	7 3 2 6
1450	3 2 8 4
1451	8 3 5 6
1452	6 2 5 3
1453	4 2 8 1
1454	7 6 8 4
1455	2 3 4 5
1456	4 3 6 5
1457	5 8 6 1
1458	6 3 7 4
1459	7 5 6 1
1460	2 7 3 4
1461	3 4 8 1
1462	4 5 3 2
1463	8 5 4 2
1464	5 6 2 1
1465	1 3 8 2
1466	1 3 7 8
1467	5 2 6 8
1468	2 4 8 7
1469	7 4 6 5
1470	6 3 8 2
1471	3 2 7 5
1472	7 2 5 6
1473	1 4 7 8
1474	7 1 3 4
1475	1 2 4 8
1476	5 2 8 1
1477	1 5 6 4
1478	3 2 1 7
1479	4 6 5 7
1480	4 7 1 2
1481	5 6 7 1
1482	7 6 3 5
1483	1 8 4 3
1484	1 6 8 5
1485	3 8 2 7
1486	4 8 7 2
1487	3 1 5 6
1488	2 1 7 4
1489	2 3 5 8
1490	4 5 3 7
1491	4 5 7 2
1492	6 2 8 5
1493	1 2 6 7
1494	2 3 4 8
1495	6 7 3 8
1496	4 7 6 1
1497	7 5 3 2
1498	6 1 8 5
1499	4 7 8 2
1500	1 7 3 8
1501	7 3 4 1
1502	2 3 6 4
1503	5 2 7 3
1504	1 2 8 6
1505	8 3 5 1
1506	5 6 7 3
1507	6 1 2 5
1508	2 3 1 8
1509	7 5 2 6
1510	6 2 3 1
1511	3 5 1 6
1512	1 4 3 8
1513	8 7 5 6
1514	6 2 8 3
1515	2 1 8 3
1516	5 7 2 6
1517	4 6 3 1
1518	3 4 1 7
1519	7 3 4 6
1520	1 6 5 7
1521	5 6 2 7
1522	8 5 6 2
1523	8 2 5 4
1524	2 8 6 7
1525	7 5 4 8
1526	4 5 2 6
1527	2 6 5 8
1528	4 5 6 7
1529	5 4 7 1
1530	1 6 4 2
1531	5 4 7 2
1532	4 8 1 7
1533	6 5 3 4
1534	6 3 4 5
1535	1 6 7 8
1536	4 8 5 3
1537	5 7 2 6
1538	7 3 8 1
1539	6 5 2 3
1540	7 1 4 3
1541	6 5 7 2
1542	4 8 2 3
1543	5 2 1 3
1544	3 8 2 7
1545	3 2 7 4
1546	6 8 3 1
1547	6 3 1 7
1548	1 6 7 5
1549	6 3 5 1
1550	1 2 6 5
1551	3 2 6 1
1552	1 8 3 2
1553	2 3 5 4
1554	1 8 3 4
1555	3 4 1 5
1556	8 5 2 1
1557	1 7 6 5
1558	1 5 3 2
1559	8 4 5 2
1560	1 3 4 6
1561	7 6 1 5
1562	7 6 4 2
1563	6 4 2 3
1564	5 2 7 3
1565	5 7 6 2
1566	4 8 6 1
1567	8 3 7 2
1568	7 2 5 6
1569	1 2 6 8
1570	5 4 7 2
1571	2 4 7 5
1572	1 8 3 5
1573	5 1 3 4
1574	1 6 2 5
1575	1 3 6 4
1576	3 7 5 6
1577	1 6 2 3
1578	6 4 7 8
1579	3 6 1 8
1580	1 3 5 7
1581	8 6 4 1
1582	3 4 8 5
1583	5 3 8 6
1584	7 8 3 2
1585	6 8 4 2
1586	2 5 8 4
1587	5 2 3 8
1588	6 4 7 1
1589	5 3 4 8
1590	3 8 4 1
1591	3 6 4 8
1592	4 2 6 1
1593	6 1 3 7
1594	3 6 7 2
1595	6 1 3 7
1596	6 1 5 7
1597	7 6 8 5
1598	8 2 3 4
1599	5 3 1 8
1600	7 8 4 1
1601	6 1 8 7
1602	8 5 3 4
1603	7 5 1 4
1604	6 1 5 4
1605	2 4 8 5
1606	8 1 7 4
1607	2 7 5 4
1608	1 3 2 5
1609	4 8 5 2
1610	1 4 5 3
1611	2 6 7 4
1612	2 8 7 4
1613	2 7 4 5
1614	2 8 7 1
1615	3 6 4 2
1616	3 1 7 6
1617	5 4 2 1
1618	3 1 4 5
1619	7 3 2 1
1620	8 7 2 3
1621	4 1 5 6
1622	1 7 2 4
1623	1 3 2 4
1624	4 5 3 1
1625	8 2 3 1
1626	8 5 6 2
1627	2 7 5 1
1628	2 7 3 4
1629	4 1 8 3
1630	3 1 2 6
1631	8 2 7 4
1632	4 1 2 7
1633	4 7 1 5
1634	5 1 4 3
1635	7 6 2 4
1636	1 2 3 8
1637	4 8 5 3
1638	3 1 5 6
1639	6 4 7 2
1640	5 3 2 6
1641	3 2 8 1
1642	8 7 3 4
1643	3 5 8 6
1644	2 8 3 4
1645	3 6 1 2
1646	5 1 8 7
1647	7 1 8 2
1648	2 3 8 7
1649	7 2 4 1
1650	7 3 4 6
1651	2 7 4 1
1652	8 3 1 7
1653	5 4 3 2
1654	1 5 8 4
1655	5 3 6 7
1656	2 5 1 4
1657	8 7 1 5
1658	1 8 4 6
1659	3 6 4 1
1660	8 4 2 5
1661	7 5 8 1
1662	7 6 1 2
1663	7 1 5 2
1664	1 7 2 3
1665	8 7 1 3
1666	1 7 3 8
1667	8 2 5 1
1668	8 3 2 1
1669	7 4 1 3
1670	7 5 3 8
1671	6 8 4 3
1672	6 1 7 5
1673	3 6 5 1
1674	6 7 5 2
1675	5 4 7 2
1676	4 1 8 7
1677	6 8 7 5
1678	4 7 8 2
1679	6 3 7 8
1680	2 7 3 4
1681	3 5 7 8
1682	5 3 2 6
1683	5 2 4 7
1684	3 2 1 5
1685	8 5 6 1
1686	8 4 5 6
1687	7 5 2 8
1688	1 6 5 8
1689	3 8 1 5
1690	4 2 5 8
1691	2 4 1 5
1692	8 2 4 6
1693	8 2 7 5
1694	1 2 7 5
1695	3 8 1 2
1696	2 7 5 1
1697	4 1 7 5
1698	4 7 5 3
1699	4 8 6 1
1700	7 2 6 3
1701	2 7 3 1
1702	8 6 3 1
1703	1 2 3 4
1704	5 7 4 8
1705	5 7 3 2
1706	6 3 5 7
1707	7 5 2 1
1708	3 6 7 2
1709	1 5 4 7
1710	3 2 5 4
1711	4 6 5 8
1712	2 3 6 5
1713	7 6 2 8
1714	1 3 5 4
1715	1 3 8 4
1716	2 4 5 7
1717	8 5 4 2
1718	3 4 1 5
1719	1 7 5 8
1720	2 4 5 6
1721	7 4 3 6
1722	6 4 2 3
1723	2 3 6 4
1724	6 2 3 7
1725	7 5 4 2
1726	4 3 5 6
1727	6 2 1 3
1728	2 8 3 6
1729	1 7 4 6
1730	7 3 2 1
1731	1 5 8 4
1732	1 6 3 7
1733	6 1 3 4
1734	2 6 4 1
1735	4 7 8 3
1736	7 1 2 4
1737	6 7 4 5
1738	2 3 4 7
1739	3 5 1 4
1740	2 1 7 5
1741	1 4 6 7
1742	5 1 4 6
1743	7 8 6 5
1744	8 6 4 3
1745	8 3 7 6
1746	6 3 4 5
1747	4 6 2 5
1748	4 7 1 2
1749	2 3 4 8
1750	7 8 2 6
1751	3 2 4 1
1752	5 3 4 8
1753	6 2 1 4
1754	5 4 8 2
1755	6 1 7 2
1756	3 2 5 7
1757	1 6 8 7
1758	5 4 8 3
1759	2 4 3 5
1760	3 6 7 8
1761	8 6 1 2
1762	6 5 4 1
1763	3 8 6 5
1764	2 4 6 8
1765	3 1 5 2
1766	2 4 1 6
1767	8 1 6 7
1768	5 3 2 4
1769	6 2 4 3
1770	8 4 5 3
1771	6 8 2 1
1772	8 1 3 4
1773	1 7 3 4
1774	7 4 8 6
1775	5 2 4 1
1776	2 7 1 6
1777	8 6 5 2
1778	7 1 6 4
1779	4 8 1 3
1780	6 3 2 4
1781	4 3 5 7
1782	5 6 7 3
1783	7 6 4 8
1784	1 8 5 4
1785	2 8 4 3
1786	7 8 1 5
1787	6 8 1 2
1788	2 7 6 3
1789	3 7 2 4
1790	4 3 1 7
1791	8 3 2 6
1792	3 6 8 2
1793	2 1 3 6
1794	8 5 3 6
1795	3 5 4 1
1796	5 6 2 4
1797	6 8 4 3
1798	6 2 5 3
1799	5 8 7 1
1800	7 5 2 6
1801	8 6 2 5
1802	6 1 5 2
1803	5 1 8 7
1804	2 3 1 8
1805	2 5 8 3
1806	4 5 2 7
1807	8 7 4 5
1808	2 5 4 6
1809	4 7 3 8
1810	7 2 8 5
1811	3 7 2 1
1812	8 7 6 1
1813	2 3 6 1
1814	6 3 7 2
1815	7 8 3 4
1816	6 4 2 1
1817	1 5 6 4
1818	6 1 4 7
1819	6 3 1 2
1820	3 8 5 6
1821	7 3 1 8
1822	2 7 8 1
1823	4 1 6 8
1824	6 7 2 8
1825	4 1 5 7
1826	5 3 1 7
1827	3 7 2 5
1828	4 1 8 3
1829	5 2 4 6
1830	2 8 1 7
1831	4 2 8 5
1832	4 7 6 3
1833	7 5 3 1
1834	8 5 3 7
1835	5 4 6 3
1836	5 2 4 8
1837	8 7 2 4
1838	3 8 2 1
1839	5 8 1 6
1840	1 5 3 2
1841	8 6 7 4
1842	5 8 1 4
1843	2 1 4 7
1844	5 4 3 7
1845	8 6 5 1
1846	3 7 4 1
1847	6 5 4 7
1848	7 6 3 1
1849	6 3 2 8
1850	5 3 1 8
1851	8 2 7 4
1852	5 4 6 3
1853	7 5 3 1
1854	2 7 4 3
1855	4 1 3 2
1856	5 4 8 1
1857	3 5 2 6
1858	2 3 6 1
1859	8 7 3 2
1860	7 4 8 6
1861	5 3 4 8
1862	7 2 1 8
1863	4 3 1 6
1864	6 8 2 5
1865	5 2 1 7
1866	7 3 4 2
1867	3 6 1 4
1868	2 1 7 4
1869	1 8 6 5
1870	5 7 8 1
1871	5 7 8 2
1872	5 1 6 4
1873	6 7 5 8
1874	2 5 7 8
1875	2 1 7 3
1876	1 8 4 5
1877	3 6 8 2
1878	5 8 6 3
1879	2 8 6 4
1880	3 7 2 6
1881	6 5 8 2
1882	1 4 5 8
1883	4 8 7 3
1884	1 8 4 5
1885	6 8 5 1
1886	7 3 8 4
1887	5 3 8 4
1888	6 2 8 4
1889	3 1 8 4
1890	4 8 7 2
1891	2 3 6 4
1892	4 5 1 2
1893	8 4 1 5
1894	5 3 1 4
1895	3 5 7 4
1896	3 6 7 8
1897	8 2 5 1
1898	6 4 8 7
1899	3 4 1 5
1900	1 4 5 7
1901	5 7 6 1
1902	4 8 3 5
1903	2 3 1 7
1904	7 1 8 3
1905	7 6 2 3
1906	6 2 7 5
1907	3 5 1 6
1908	6 8 7 3
1909	4 1 2 7
1910	7 4 1 5
1911	7 2 1 5
1912	4 8 6 3
1913	1 5 3 8
1914	6 2 8 3
1915	2 7 3 5
1916	8 3 1 7
1917	5 8 6 3
1918	1 4 6 2
1919	8 2 5 6
1920	3 7 2 5
1921	7 5 1 4
1922	8 1 3 7
1923	4 6 8 2
1924	8 1 5 6
1925	8 2 5 6
1926	3 6 8 7
1927	6 8 5 7
1928	5 1 6 4
1929	6 3 2 8
1930	7 8 1 4
1931	7 2 1 8
1932	2 3 4 5
1933	6 5 2 3
1934	8 7 2 6
1935	5 6 4 8
1936	3 4 8 2
1937	3 1 7 6
1938	5 3 4 8
1939	4 5 8 7
1940	7 6 2 1
1941	4 8 3 5
1942	1 6 8 5
1943	5 4 1 2
1944	1 8 5 4
1945	6 7 2 4
1946	7 5 8 3
1947	5 4 2 7
1948	8 4 2 6
1949	1 7 8 3
1950	7 2 8 6
1951	5 1 7 8
1952	5 2 4 6
1953	7 5 3 1
1954	5 8 1 6
1955	6 3 5 1
1956	2 6 8 1
1957	5 8 4 1
1958	1 3 6 5
1959	1 3 2 8
1960	6 3 1 2
1961	1 6 5 2
1962	1 3 4 2
1963	3 1 8 4
1964	7 1 6 2
1965	3 8 2 4
1966	5 6 1 2
1967	2 3 5 4
1968	2 7 5 4
1969	1 6 7 3
1970	5 6 2 1
1971	4 2 5 6
1972	3 4 7 1
1973	1 3 7 6
1974	8 6 5 1
1975	6 7 4 3
1976	5 6 3 7
1977	2 6 8 7
1978	4 7 8 1
1979	6 7 5 8
1980	8 1 3 2
1981	6 1 8 5
1982	4 1 8 6
1983	1 8 4 7
1984	1 2 4 3
1985	2 8 1 6
1986	2 8 6 4
1987	6 2 1 3
1988	5 4 2 3
1989	4 5 7 8
1990	8 4 7 1
1991	2 7 4 3
1992	2 4 1 6
1993	4 7 2 5
1994	2 3 4 6
1995	5 4 3 6
1996	6 7 2 3
1997	6 2 3 7
1998	8 4 7 3
1999	4 1 7 8
2000	1 4 7 2
2001	5 7 4 6
2002	7 3 6 1
2003	4 3 6 7
2004	1 6 5 8
2005	1 3 4 6
2006	3 6 1 2
2007	1 3 6 8
2008	3 2 7 1
2009	7 1 3 8
2010	5 7 6 1
2011	1 4 2 8
2012	4 1 5 7
2013	8 3 2 6
2014	8 4 6 2
2015	6 4 1 2
2016	1 2 5 7
2017	2 6 5 4
2018	2 8 5 1
2019	1 7 2 6
2020	5 7 6 2
2021	2 1 5 8
2022	6 3 5 1
2023	4 2 6 5
2024	7 2 5 8
2025	6 1 4 2
2026	2 6 5 4
2027	7 6 2 4
2028	3 8 7 4
2029	8 5 6 3
2030	8 4 5 2
2031	7 2 4 6
2032	3 6 1 2
2033	2 4 5 6
2034	5 8 4 6
2035	2 8 4 7
2036	3 5 4 8
2037	2 1 8 5
2038	2 8 5 7
2039	3 4 7 5
2040	8 6 7 5
2041	7 1 6 3
2042	3 4 7 1
2043	7 8 2 3
2044	1 8 3 4
2045	8 3 2 7
2046	7 6 1 4
2047	4 1 8 6
2048	5 1 6 3
2049	3 7 1 2
2050	4 2 7 1
2051	7 4 3 5
2052	7 2 3 1
2053	7 1 2 6
2054	4 6 8 2
2055	8 3 1 2
2056	7 2 1 8
2057	7 8 4 6
2058	5 7 1 3
2059	1 6 2 7
2060	1 5 2 3
2061	4 7 1 8
2062	2 7 5 4
2063	1 8 3 6
2064	6 1 8 5
2065	1 3 7 5
2066	4 1 3 6
2067	7 4 5 6
2068	3 1 8 2
2069	1 8 4 2
2070	2 8 7 3
2071	6 3 1 2
2072	7 6 2 1
2073	2 5 6 8
2074	1 6 3 2
2075	3 7 2 6
2076	4 5 7 8
2077	5 2 4 7
2078	8 4 1 6
2079	6 4 2 1
2080	1 8 7 6
2081	1 8 3 5
2082	8 3 4 6
2083	5 7 2 4
2084	3 1 4 8
2085	4 5 1 6
2086	2 8 6 4
2087	2 7 3 4
2088	8 7 4 1
2089	1 7 8 5
2090	3 1 5 6
2091	2 7 4 5
2092	2 3 4 8
2093	5 2 7 6
2094	4 6 1 2
2095	6 5 3 1
2096	7 3 1 8
2097	5 2 1 6
2098	6 8 4 3
2099	1 2 8 3
2100	8 7 5 1
2101	5 4 2 3
2102	3 7 4 5
2103	8 4 3 1
2104	8 6 7 3
2105	5 4 1 7
2106	4 6 1 5
2107	4 2 6 3
2108	5 7 1 6
2109	5 4 8 3
2110	4 6 7 1
2111	4 8 5 7
2112	3 5 4 1
2113	4 8 2 5
2114	1 2 4 6
2115	6 2 4 1
2116	4 5 1 8
2117	7 1 2 6
2118	3 5 6 1
2119	4 5 1 8
2120	1 3 8 2
2121	2 6 8 4
2122	2 3 7 1
2123	6 3 2 7
2124	5 7 6 3
2125	7 5 4 8
2126	2 7 3 4
2127	4 3 6 8
2128	7 3 4 5
2129	1 5 8 6
2130	7 1 8 3
2131	5 8 2 6
2132	4 8 1 6
2133	4 7 8 1
2134	8 1 5 4
2135	1 3 4 7
2136	8 5 3 6
2137	1 7 5 4
2138	6 3 1 7
2139	1 7 3 8
2140	6 5 1 7
2141	5 4 6 2
2142	4 5 6 3
2143	3 5 4 1
2144	2 5 4 7
2145	8 4 1 3
2146	3 4 1 6
2147	4 7 6 5
2148	5 4 8 3
2149	6 1 5 7
2150	3 6 5 7
2151	3 2 5 8
2152	3 4 1 7
2153	6 5 7 1
2154	6 4 1 3
2155	3 8 1 6
2156	2 6 4 7
2157	5 4 3 8
2158	4 3 8 6
2159	4 8 2 3
2160	1 2 7 8
2161	7 4 6 3
2162	4 8 2 7
2163	3 7 6 1
2164	7 3 6 1
2165	3 5 1 4
2166	5 1 2 7
2167	6 7 2 1
2168	2 8 3 4
2169	6 3 5 4
2170	6 5 1 4
2171	8 4 3 5
2172	4 8 5 2
2173	5 2 6 1
2174	8 5 7 1
2175	5 8 6 1
2176	6 5 1 8
2177	1 8 4 7
2178	1 4 5 7
2179	7 4 6 1
2180	8 2 3 1
2181	1 4 8 7
2182	5 1 4 6
2183	6 4 8 5
2184	5 6 1 3
2185	7 3 2 6
2186	8 2 6 5
2187	1 2 5 8
2188	7 6 5 8
2189	1 8 5 2
2190	1 6 4 7
2191	4 3 8 1
2192	5 6 7 8
2193	8 5 1 3
2194	6 4 2 3
2195	1 6 7 5
2196	1 5 8 2
2197	8 4 7 3
2198	7 1 5 2
2199	6 3 4 1
2200	1 7 2 8
2201	3 6 5 8
2202	2 7 5 6
2203	8 3 4 7
2204	2 4 1 7
2205	4 1 5 6
2206	1 6 7 3
2207	6 5 4 7
2208	7 1 8 3
2209	7 3 1 8
2210	8 6 1 4
2211	4 8 7 1
2212	5 4 2 6
2213	1 8 6 7
2214	1 6 8 4
2215	3 8 6 5
2216	6 7 8 4
2217	2 4 8 7
2218	1 5 4 8
2219	4 1 5 3
2220	4 7 8 5
2221	8 3 7 5
2222	4 2 1 8
2223	2 4 5 8
2224	3 1 8 7
2225	8 5 4 1
2226	8 1 4 2
2227	6 7 1 5
2228	5 1 4 7
2229	4 5 6 8
2230	8 4 5 2
2231	1 8 3 2
2232	8 5 3 6
2233	5 4 2 6
2234	2 6 4 8
2235	5 2 1 6
2236	6 2 8 5
2237	8 5 2 7
2238	8 5 1 6
2239	5 7 2 6
2240	4 1 3 2
2241	8 5 6 3
2242	4 6 5 8
2243	1 6 5 3
2244	4 7 2 1
2245	1 5 7 3
2246	3 1 4 7
2247	3 1 7 4
2248	3 4 6 5
2249	5 7 3 6
2250	7 2 3 8
2251	6 2 7 1
2252	6 2 8 3
2253	3 6 4 2
2254	3 8 2 6
2255	2 1 4 6
2256	8 7 2 6
2257	1 2 8 5
2258	8 5 6 2
2259	2 4 8 7
2260	2 3 1 8
2261	6 3 4 5
2262	6 4 8 7
2263	1 5 8 3
2264	1 5 2 8
2265	7 5 1 8
2266	2 8 4 3
2267	5 3 4 6
2268	2 3 1 4
2269	1 4 5 6
2270	1 8 5 4
2271	4 5 2 6
2272	1 3 5 8
2273	4 5 2 3
2274	1 8 3 4
2275	7 6 1 8
2276	2 4 8 1
2277	2 4 6 5
2278	3 2 4 6
2279	3 7 8 1
2280	7 4 8 6
2281	7 2 1 5
2282	3 7 5 8
2283	8 1 3 7
2284	3 8 6 2
2285	1 5 8 3
2286	8 3 1 5
2287	3 2 1 6
2288	6 4 8 7
2289	1 2 6 8
2290	3 8 6 7
2291	4 3 1 6
2292	8 4 3 6
2293	2 1 6 4
2294	1 3 8 4
2295	4 2 7 1
2296	7 6 3 8
2297	7 6 8 5
2298	2 1 6 7
2299	5 3 8 6
2300	6 1 4 7
2301	3 6 8 5
2302	5 3 4 2
2303	7 3 6 8
2304	1 3 8 7
2305	4 8 2 1
2306	4 3 2 6
2307	2 1 5 3
2308	3 1 2 6
2309	8 3 6 7
2310	1 8 2 6
2311	4 6 1 8
2312	1 6 4 8
2313	2 1 6 7
2314	8 5 1 2
2315	1 5 2 8
2316	5 1 8 4
2317	8 7 6 4
2318	8 1 4 2
2319	3 2 6 7
2320	4 1 7 3
2321	8 6 4 7
2322	2 7 4 1
2323	8 4 6 2
2324	5 8 2 1
2325	6 5 4 2
2326	4 7 5 2
2327	8 2 6 3
2328	7 8 6 5
2329	4 1 8 3
2330	7 4 1 6
2331	2 8 5 6
2332	6 1 4 8
2333	8 1 3 5
2334	8 1 6 3
2335	5 1 2 6
2336	4 3 7 2
2337	5 6 3 7
2338	5 2 7 8
2339	1 5 8 7
2340	7 2 4 6
2341	5 8 3 1
2342	1 2 6 5
2343	4 2 5 8
2344	8 2 4 3
2345	7 6 3 4
2346	8 2 4 3
2347	8 4 6 3
2348	5 8 4 7
2349	4 3 7 1
2350	3 2 5 8
2351	7 1 5 8
2352	4 3 2 1
2353	3 5 8 4
2354	4 8 5 1
2355	8 6 5 4
2356	5 3 4 7
2357	7 4 3 5
2358	5 3 6 8
2359	4 8 5 3
2360	5 2 7 3
2361	7 3 4 8
2362	1 2 4 7
2363	4 7 1 2
2364	3 8 6 4
2365	4 8 3 2
2366	5 1 2 4
2367	6 7 5 1
2368	2 1 3 5
2369	7 4 6 5
2370	1 4 8 7
2371	3 6 7 1
2372	8 5 2 1
2373	5 1 3 2
2374	5 3 8 6
2375	5 6 4 7
2376	7 5 2 6
2377	6 5 2 8
2378	7 1 3 8
2379	8 5 2 1
2380	5 4 7 1
2381	5 7 4 2
2382	7 3 8 4
2383	5 1 6 3
2384	5 1 8 2
2385	4 2 6 7
2386	2 4 5 6
2387	6 5 1 3
2388	8 2 4 3
2389	7 6 5 8
2390	7 4 2 6
2391	3 5 2 7
2392	8 1 4 3
2393	7 3 1 6
2394	5 4 6 8
2395	2 1 7 8
2396	6 8 2 7
2397	4 8 1 3
2398	3 6 1 4
2399	8 7 4 3
2400	3 5 8 2
2401	3 7 8 5
2402	6 1 3 7
2403	1 3 4 5
2404	2 5 3 4
2405	7 6 5 3
2406	4 8 3 5
2407	2 6 5 3
2408	8 3 6 2
2409	8 5 2 4
2410	1 6 4 5
2411	5 2 8 6
2412	3 5 7 1
2413	8 5 6 3
2414	7 8 1 3
2415	2 7 6 4
2416	3 5 7 8
2417	6 1 2 8
2418	8 5 4 7
2419	8 1 7 4
2420	7 8 3 4
2421	3 8 1 2
2422	3 8 2 5
2423	4 3 5 6
2424	1 8 3 2
2425	8 7 2 6
2426	3 7 5 2
2427	6 5 3 8
2428	8 7 3 5
2429	8 1 5 7
2430	6 4 8 7
2431	8 6 4 5
2432	4 8 7 5
2433	4 7 3 8
2434	8 3 7 6
2435	4 7 3 2
2436	2 6 1 3
2437	3 2 1 8
2438	2 5 6 3
2439	6 8 3 1
2440	5 2 8 4
2441	4 8 6 5
2442	2 7 8 3
2443	8 2 3 4
2444	2 8 5 4
2445	8 3 1 7
2446	2 7 8 3
2447	3 1 5 6
2448	5 8 7 6
2449	2 6 1 5
2450	5 2 7 1
2451	8 3 4 1
2452	2 4 1 8
2453	5 8 1 7
2454	4 1 7 6
2455	4 3 2 1
2456	1 7 5 3
2457	2 7 8 1
2458	2 3 6 1
2459	7 4 3 2
2460	4 8 1 5
2461	2 3 8 1
2462	3 2 8 6
2463	5 8 1 4
2464	1 2 7 3
2465	1 6 7 2
2466	2 4 6 3
2467	3 8 6 4
2468	7 6 4 8
2469	1 2 3 7
2470	2 8 4 3
2471	2 6 8 3
2472	7 8 5 4
2473	5 3 1 7
2474	1 6 8 2
2475	7 4 1 8
2476	4 1 2 5
2477	4 1 3 2
2478	4 8 7 5
2479	7 1 4 8
2480	5 3 1 2
2481	1 4 3 5
2482	3 8 2 4
2483	1 3 7 8
2484	2 5 4 8
2485	8 2 4 1
2486	3 8 4 6
2487	1 8 6 3
2488	7 6 4 1
2489	7 5 6 2
2490	5 1 8 4
2491	3 5 1 8
2492	5 7 4 6
2493	2 3 1 5
2494	3 4 2 5
2495	2 1 4 8
2496	1 6 7 5
2497	4 8 5 2
2498	1 4 5 7
2499	5 7 3 2
2500	1 7 8 5
2501	3 6 7 8
2502	4 5 1 8
2503	1 6 7 3
2504	5 7 3 2
2505	8 6 5 3
2506	3 4 2 1
2507	6 2 7 8
2508	7 1 5 2
2509	2 7 4 5
2510	5 2 1 7
2511	5 8 1 4
2512	6 2 5 8
2513	1 6 5 3
2514	5 7 6 1
2515	2 6 7 8
2516	7 2 4 3
2517	8 4 6 3
2518	5 1 2 3
2519	4 2 5 7
2520	8 1 2 4
2521	2 5 7 3
2522	7 4 1 3
2523	6 1 4 7
2524	4 8 1 6
2525	5 6 8 3
2526	8 4 5 2
2527	1 6 4 2
2528	1 5 3 8
2529	7 2 1 6
2530	1 2 8 5
2531	7 5 6 3
2532	7 2 8 5
2533	3 2 8 1
2534	6 8 3 1
2535	6 2 7 5
2536	8 3 5 1
2537	4 6 1 3
2538	3 5 7 1
2539	7 8 3 6
2540	7 8 5 3
2541	4 1 6 8
2542	2 7 3 8
2543	6 7 3 1
2544	3 5 8 4
2545	8 4 2 1
2546	4 6 2 7
2547	1 5 4 6
2548	8 1 4 2
2549	3 8 4 6
2550	8 5 2 3
2551	3 7 6 1
2552	3 6 7 8
2553	2 4 5 7
2554	7 5 4 6
2555	1 5 2 8
2556	1 3 7 6
2557	6 8 5 2
2558	1 2 3 7
2559	2 1 6 5
2560	3 6 8 7
2561	6 2 3 7
2562	1 2 7 4
2563	4 8 6 7
2564	8 3 5 7
2565	8 3 7 6
2566	8 1 2 7
2567	1 5 2 6
2568	5 8 4 1
2569	5 3 6 1
2570	2 4 5 7
2571	3 8 6 4
2572	8 2 1 6
2573	2 1 4 3
2574	3 1 8 7
2575	3 4 2 6
2576	2 8 4 3
2577	7 6 8 2
2578	6 2 1 5
2579	7 1 3 2
2580	3 2 8 4
2581	6 1 8 5
2582	7 5 2 1
2583	5 7 4 1
2584	6 5 4 8
2585	2 3 7 6
2586	4 6 3 5
2587	2 8 5 7
2588	5 2 7 4
2589	6 8 5 7
2590	4 6 3 1
2591	3 7 8 6
2592	2 4 1 3
2593	2 3 6 5
2594	7 4 5 1
2595	6 5 8 7
2596	5 1 4 8
2597	5 1 6 3
2598	4 5 3 6
2599	7 8 4 5
2600	2 4 1 8
2601	7 2 1 5
2602	6 7 5 3
2603	5 1 3 2
2604	8 3 7 5
2605	6 4 3 8
2606	2 3 6 7
2607	7 5 1 2
2608	8 6 3 5
2609	2 8 3 6
2610	1 8 3 4
2611	7 5 3 1
2612	1 8 4 7
2613	8 5 3 7
2614	2 7 6 5
2615	3 5 7 2
2616	2 4 7 1
2617	7 6 8 3
2618	3 1 4 8
2619	7 1 3 2
2620	1 4 3 7
2621	3 6 1 2
2622	7 3 2 5
2623	4 5 2 1
2624	1 5 2 8
2625	7 2 8 6
2626	1 3 4 7
2627	6 7 5 3
2628	7 3 6 4
2629	5 4 2 1
2630	1 7 6 3
2631	1 6 2 4
2632	1 8 2 3
2633	2 1 3 7
2634	1 7 2 5
2635	3 4 7 5
2636	1 4 5 8
2637	5 3 6 4
2638	2 1 5 3
2639	8 1 5 4
2640	6 2 7 4
2641	8 3 4 2
2642	1 6 5 8
2643	3 4 6 2
2644	6 4 8 7
2645	1 3 8 4
2646	3 1 2 6
2647	3 2 8 4
2648	2 3 8 4
2649	2 5 7 4
2650	5 3 1 8
2651	8 1 5 4
2652	2 7 4 8
2653	5 4 8 1
2654	1 6 3 8
2655	8 7 1 3
2656	7 8 4 1
2657	2 4 3 8
2658	2 5 3 8
2659	1 6 5 7
2660	7 6 3 1
2661	7 1 4 2
2662	1 6 8 7
2663	6 5 1 4
2664	3 8 2 1
2665	4 7 6 3
2666	5 8 4 3
2667	1 3 6 8
2668	6 5 1 8
2669	8 3 5 6
2670	4 2 7 5
2671	1 8 7 6
2672	4 5 7 6
2673	1 4 7 2
2674	2 3 4 5
2675	3 7 5 4
2676	5 1 2 6
2677	4 6 8 7
2678	7 3 6 4
2679	8 7 2 6
2680	1 8 3 2
2681	8 5 6 2
2682	8 7 4 1
2683	1 4 7 6
2684	6 1 4 5
2685	7 8 2 5
2686	6 2 1 3
2687	1 6 8 5
2688	8 5 2 4
2689	7 4 8 1
2690	5 4 8 6
2691	7 2 5 3
2692	6 5 8 7
2693	2 4 6 5
2694	8 4 2 6
2695	5 3 7 6
2696	5 3 2 6
2697	8 5 4 3
2698	6 7 5 8
2699	1 4 8 2
2700	8 3 4 5
2701	8 2 3 4
2702	6 8 5 2
2703	4 5 6 2
2704	1 5 4 2
2705	6 4 3 2
2706	5 4 6 2
2707	6 8 2 7
2708	2 7 5 3
2709	6 2 8 1
2710	8 2 7 1
2711	6 2 3 7
2712	4 5 2 7
2713	4 2 6 7
2714	4 5 3 6
2715	4 2 7 5
2716	5 3 8 7
2717	1 3 7 4
2718	1 6 2 3
2719	2 6 1 3
2720	2 8 1 6
2721	3 8 2 6
2722	1 6 2 5
2723	3 7 2 4
2724	1 6 3 8
2725	8 1 5 2
2726	6 1 8 2
2727	2 3 5 8
2728	8 4 5 3
2729	7 4 1 2
2730	3 4 8 1
2731	6 5 8 7
2732	2 4 1 6
2733	3 5 4 6
2734	4 8 6 7
2735	1 7 3 4
2736	1 6 7 3
2737	4 5 1 6
2738	2 8 1 4
2739	3 5 4 1
2740	7 6 4 3
2741	3 6 7 8
2742	6 1 7 4
2743	6 2 8 1
2744	4 3 7 5
2745	5 4 1 2
2746	4 7 8 1
2747	4 1 3 7
2748	8 1 5 6
2749	2 1 7 3
2750	5 4 2 7
2751	5 2 6 3
2752	5 2 1 4
2753	6 4 7 1
2754	5 8 1 3
2755	1 6 4 2
2756	7 1 6 4
2757	3 7 6 2
2758	5 7 4 1
2759	6 3 7 8
2760	1 5 3 2
2761	2 4 7 5
2762	2 8 6 5
2763	5 4 1 6
2764	2 4 7 1
2765	8 6 2 1
2766	6 8 4 1
2767	6 4 7 3
2768	1 5 7 8
2769	3 7 6 1
2770	4 1 5 3
2771	1 8 4 5
2772	4 7 1 3
2773	4 8 3 2
2774	8 4 1 5
2775	2 4 5 1
2776	1 4 8 3
2777	1 5 6 4
2778	5 1 6 3
2779	8 6 7 5
2780	3 2 7 5
2781	4 2 6 1
2782	8 5 2 7
2783	7 6 8 2
2784	7 8 6 4
2785	7 3 5 8
2786	4 3 7 1
2787	8 7 2 5
2788	2 6 5 3
2789	7 3 8 4
2790	6 8 5 2
2791	6 4 8 3
2792	2 3 1 8
2793	4 5 1 3
2794	4 7 3 6
2795	4 5 2 3
2796	7 6 5 1
2797	2 4 3 1
2798	7 8 5 4
2799	5 2 4 6
2800	2 8 3 4
2801	8 2 4 6
2802	6 3 1 2
2803	4 3 6 8
2804	3 2 4 8
2805	7 8 2 4
2806	7 4 1 6
2807	5 4 6 8
2808	8 1 2 7
2809	4 5 8 3
2810	8 7 1 3
2811	7 8 2 6
2812	4 8 1 7
2813	2 6 7 4
2814	3 4 6 7
2815	4 2 8 5
2816	4 3 8 7
2817	2 4 8 3
2818	6 2 5 3
2819	7 8 5 6
2820	1 4 7 5
2821	3 8 4 1
2822	8 5 6 1
2823	2 6 3 4
2824	7 3 2 6
2825	6 2 3 7
2826	1 4 3 6
2827	4 1 5 6
2828	5 1 8 3
2829	2 6 7 5
2830	1 2 8 6
2831	8 7 5 3
2832	2 1 5 4
2833	3 7 1 6
2834	4 3 7 8
2835	8 3 6 5
2836	7 3 6 2
2837	6 3 4 8
2838	1 8 2 3
2839	6 4 1 2
2840	8 5 6 4
2841	6 7 3 2
2842	7 3 1 2
2843	5 1 3 7
2844	5 8 7 6
2845	2 1 8 5
2846	1 8 6 5
2847	5 3 6 7
2848	2 5 6 3
2849	3 6 5 8
2850	8 2 3 6
2851	3 4 2 7
2852	8 7 6 5
2853	2 4 6 3
2854	6 2 3 5
2855	6 2 4 1
2856	2 1 6 4
2857	6 5 3 7
2858	8 7 5 6
2859	7 4 2 1
2860	4 1 5 8
2861	7 2 4 8
2862	7 5 4 8
2863	4 3 7 2
2864	3 7 2 1
2865	2 4 1 7
2866	1 7 6 8
2867	3 7 4 1
2868	1 3 7 4
2869	1 2 3 8
2870	2 6 5 4
2871	3 4 8 5
2872	1 4 6 3
2873	5 1 6 7
2874	1 3 6 2
2875	3 4 1 8
2876	6 4 8 2
2877	7 8 2 6
2878	4 5 7 3
2879	8 5 1 7
2880	3 2 4 8
2881	4 7 2 1
2882	7 5 2 6
2883	6 8 4 2
2884	5 1 7 3
2885	6 7 8 2
2886	6 2 3 8
2887	4 8 2 6
2888	5 8 1 7
2889	3 7 2 4
2890	1 2 5 8
2891	3 5 4 8
2892	6 1 4 3
2893	4 6 5 7
2894	1 8 2 3
2895	6 4 2 8
2896	3 2 8 4
2897	7 5 4 2
2898	2 3 8 6
2899	1 6 7 4
2900	3 4 2 8
2901	7 5 6 1
2902	4 8 5 6
2903	1 7 5 8
2904	3 7 6 8
2905	7 6 2 5
2906	6 3 2 8
2907	1 2 5 4
2908	3 2 4 7
2909	7 8 5 2
2910	5 3 6 2
2911	2 3 4 1
2912	5 7 1 4
2913	7 2 4 6
2914	2 8 6 7
2915	5 6 1 3
2916	5 2 4 8
2917	1 3 2 8
2918	1 3 2 5
2919	2 4 7 8
2920	3 2 5 4
2921	3 6 7 5
2922	2 6 4 1
2923	1 7 2 4
2924	7 2 8 3
2925	5 1 2 6
2926	2 7 8 5
2927	4 1 2 6
2928	7 8 1 3
2929	3 7 1 5
2930	2 1 7 3
2931	6 2 1 5
2932	7 1 2 3
2933	4 3 7 5
2934	2 7 6 1
2935	1 4 8 7
2936	1 6 2 8
2937	5 3 4 8
2938	7 2 6 1
2939	8 6 7 5
2940	8 6 3 1
2941	3 4 7 1
2942	1 6 4 5
2943	8 1 2 3
2944	3 7 6 2
2945	1 6 2 3
2946	1 2 5 3
2947	8 2 3 5
2948	4 6 8 1
2949	3 6 8 2
2950	1 6 8 2
2951	4 5 1 3
2952	3 2 1 6
2953	5 8 3 4
2954	1 5 7 3
2955	6 2 4 7
2956	2 6 3 4
2957	8 7 6 1
2958	1 5 8 6
2959	4 6 3 7
2960	5 1 7 2
2961	8 5 3 7
2962	6 2 3 7
2963	5 3 4 1
2964	3 5 2 6
2965	3 4 1 5
2966	5 7 8 6
2967	2 1 5 3
2968	5 3 6 1
2969	8 7 5 2
2970	6 3 5 8
2971	3 2 7 1
2972	6 2 3 8
2973	6 1 8 4
2974	1 6 4 7
2975	5 1 6 2
2976	7 8 1 3
2977	1 8 2 5
2978	2 4 5 8
2979	1 8 2 5
2980	2 6 8 1
2981	6 8 4 5
2982	3 8 2 6
2983	4 1 6 3
2984	5 2 3 8
2985	2 8 5 4
2986	2 3 5 8
2987	7 6 4 3
2988	1 5 8 2
2989	5 8 4 2
2990	8 4 1 6
2991	4 8 7 3
2992	8 4 6 3
2993	4 8 5 1
2994	4 2 1 8
2995	3 7 5 2
2996	1 3 7 5
2997	6 8 5 2
2998	6 2 4 3
2999	5 4 8 6
3000	5 4 1 3
3001	7 8 4 1
3002	5 3 4 8
3003	7 3 2 8
3004	3 1 7 5
3005	5 7 2 4
3006	8 7 2 1
3007	1 2 4 8
3008	2 3 4 7
3009	6 4 3 8
3010	1 8 4 2
3011	5 3 6 1
3012	8 7 4 6
3013	4 6 8 7
3014	7 1 3 2
3015	8 6 1 3
3016	8 3 1 7
3017	1 7 8 4
3018	3 4 1 7
3019	4 5 3 8
3020	7 4 1 8
3021	1 6 7 4
3022	6 7 1 4
3023	4 3 7 1
3024	3 6 5 8
3025	3 6 4 5
3026	4 7 8 2
3027	2 1 8 7
3028	6 5 1 8
3029	4 3 5 7
3030	7 2 4 6
3031	1 6 7 5
3032	3 1 7 5
3033	6 5 7 3
3034	7 8 5 6
3035	6 5 7 8
3036	1 8 7 5
3037	4 5 6 8
3038	4 7 6 3
3039	6 7 3 1
3040	3 2 6 1
3041	2 4 8 5
3042	3 1 4 5
3043	1 6 8 5
3044	5 3 6 2
3045	3 8 5 1
3046	8 3 7 2
3047	2 6 5 8
3048	8 5 3 6
3049	7 5 2 1
3050	2 6 5 3
3051	5 4 3 2
3052	4 8 2 6
3053	5 2 1 6
3054	7 6 2 8
3055	6 2 5 4
3056	6 8 1 2
3057	2 6 1 7
3058	5 6 8 4
3059	7 2 4 1
3060	6 8 1 3
3061	4 2 5 7
3062	4 2 6 5
3063	7 1 2 5
3064	1 3 8 4
3065	4 3 2 1
3066	6 8 5 7
3067	5 8 1 7
3068	6 4 1 5
3069	1 4 5 8
3070	2 8 7 6
3071	1 3 2 5
3072	5 6 7 2
3073	8 3 4 6
3074	1 8 3 7
3075	5 7 6 3
3076	3 5 1 6
3077	5 1 6 2
3078	8 7 3 6
3079	6 1 2 3
3080	4 1 8 7
3081	8 5 7 4
3082	7 6 8 1
3083	8 7 5 6
3084	8 4 1 2
3085	8 3 2 5
3086	1 6 7 2
3087	7 6 4 3
3088	2 3 8 5
3089	2 7 6 8
3090	6 3 4 1
3091	5 8 2 6
3092	8 1 6 2
3093	4 7 6 8
3094	5 3 1 8
3095	2 5 7 3
3096	6 4 3 8
3097	2 1 8 6
3098	1 7 4 3
3099	6 3 7 8
3100	3 5 2 7
3101	8 7 4 6
3102	5 7 3 2
3103	1 5 4 6
3104	8 1 3 7
3105	1 8 4 6
3106	4 5 3 7
3107	8 7 3 4
3108	8 5 6 2
3109	4 5 6 1
3110	5 1 4 2
3111	1 8 7 6
3112	1 2 4 6
3113	8 5 7 2
3114	2 8 7 5
3115	4 7 6 3
3116	8 5 4 3
3117	6 4 1 3
3118	2 4 6 3
3119	1 5 2 7
3120	7 8 2 4
3121	3 4 6 5
3122	5 2 1 3
3123	2 4 6 3
3124	4 5 7 3
3125	8 5 7 6
3126	2 1 5 7
3127	3 5 7 8
3128	3 1 5 4
3129	2 1 5 6
3130	1 4 8 3
3131	8 6 1 3
3132	5 8 1 7
3133	7 1 2 3
3134	1 7 2 4
3135	2 3 4 6
3136	6 3 4 8
3137	3 5 7 8
3138	4 1 7 3
3139	2 6 8 5
3140	5 8 1 4
3141	5 2 6 4
3142	5 6 4 7
3143	1 8 5 7
3144	5 7 1 3
3145	1 2 3 4
3146	5 4 1 6
3147	8 5 3 6
3148	3 4 5 7
3149	5 4 6 2
3150	4 6 2 1
3151	7 6 1 3
3152	5 1 2 3
3153	3 4 1 6
3154	6 3 5 2
3155	2 7 6 3
3156	5 2 1 6
3157	2 5 6 7
3158	2 3 4 8
3159	6 4 7 8
3160	1 2 6 7
3161	1 3 2 5
3162	7 5 8 6
3163	2 1 8 4
3164	1 2 3 6
3165	2 7 5 4
3166	2 7 1 8
3167	2 3 4 7
3168	2 5 6 8
3169	8 6 5 7
3170	4 2 1 8
3171	1 5 3 2
3172	6 3 2 4
3173	3 2 7 5
3174	1 5 6 7
3175	4 1 7 8
3176	6 3 4 7
3177	6 3 4 8
3178	5 7 8 3
3179	7 5 4 8
3180	4 2 1 8
3181	8 7 5 4
3182	8 2 5 4
3183	8 3 5 2
3184	7 1 5 8
3185	3 8 4 7
3186	1 6 4 3
3187	1 6 2 3
3188	7 8 5 2
3189	8 6 2 5
3190	1 8 4 3
3191	2 7 3 6
3192	4 5 6 7
3193	7 4 6 3
3194	2 4 6 3
3195	5 7 3 8
3196	7 5 6 2
3197	6 4 7 1
3198	7 1 4 2
3199	4 7 5 6
3200	1 4 3 6
3201	1 7 4 2
3202	8 7 3 1
3203	4 7 1 6
3204	7 6 8 1
3205	3 6 2 8
3206	4 1 7 6
3207	7 5 4 3
3208	4 3 8 6
3209	2 5 3 1
3210	2 7 6 4
3211	5 4 8 7
3212	4 7 3 1
3213	3 7 6 8
3214	6 2 1 7
3215	8 6 3 1
3216	2 1 4 3
3217	7 2 3 1
3218	3 5 2 7
3219	2 5 6 1
3220	3 4 6 8
3221	7 2 4 5
3222	8 1 3 6
3223	6 5 7 3
3224	6 7 4 1
3225	4 7 6 3
3226	7 6 2 5
3227	7 4 8 6
3228	8 1 3 4
3229	3 8 2 7
3230	1 5 4 8
3231	4 7 8 5
3232	8 3 7 6
3233	5 1 2 7
3234	4 8 7 2
3235	1 6 2 7
3236	5 1 6 2
3237	6 4 8 5
3238	5 6 1 7
3239	2 4 7 5
3240	8 2 6 4
3241	7 1 3 4
3242	8 2 6 1
3243	2 1 4 7
3244	6 7 1 4
3245	7 6 8 5
3246	2 4 8 5
3247	2 7 8 4
3248	3 1 4 2
3249	3 2 7 1
3250	3 7 4 8
3251	4 2 1 6
3252	7 4 6 3
3253	3 1 4 2
3254	2 8 4 1
3255	1 4 2 8
3256	1 8 4 6
3257	1 6 7 3
3258	4 6 1 7
3259	6 7 4 8
3260	4 2 8 6
3261	3 8 5 6
3262	6 5 1 4
3263	4 7 5 3
3264	6 5 7 3
3265	5 1 8 3
3266	6 8 7 1
3267	8 1 6 4
3268	7 3 1 4
3269	7 2 1 8
3270	1 4 7 6
3271	7 4 8 6
3272	3 1 5 6
3273	2 6 1 3
3274	2 6 4 7
3275	2 4 5 6
3276	7 2 8 3
3277	1 5 7 6
3278	5 7 6 2
3279	4 8 3 7
3280	4 8 3 7
3281	7 2 5 1
3282	5 3 2 4
3283	2 4 1 8
3284	6 8 1 3
3285	8 1 6 7
3286	8 5 2 1
3287	6 2 1 3
3288	1 2 8 7
3289	7 1 8 5
3290	8 2 7 6
3291	4 1 8 5
3292	3 2 7 1
3293	1 3 7 2
3294	6 7 3 1
3295	1 6 2 8
3296	3 1 5 4
3297	1 2 5 8
3298	3 8 4 1
3299	2 7 1 8
3300	1 5 6 3
3301	2 1 3 7
3302	2 8 1 7
3303	2 4 5 6
3304	1 8 2 5
3305	1 2 8 3
3306	8 4 2 7
3307	4 5 3 2
3308	4 1 6 3
3309	7 1 8 3
3310	4 8 3 1
3311	6 2 7 5
3312	1 3 2 8
3313	7 5 1 2
3314	7 6 5 3
3315	1 3 6 5
3316	2 5 8 4
3317	2 5 7 1
3318	4 8 5 6
3319	3 8 6 7
3320	8 5 1 7
3321	1 6 4 5
3322	7 3 6 2
3323	8 5 4 1
3324	1 3 4 7
3325	8 1 5 3
3326	1 6 7 3
3327	2 8 7 3
3328	4 8 1 5
3329	8 7 1 2
3330	1 7 8 2
3331	5 1 8 7
3332	3 1 4 2
3333	1 8 5 6
3334	2 1 8 5
3335	2 4 5 8
3336	8 5 1 7
3337	3 6 7 5
3338	2 4 8 6
3339	7 2 5 6
3340	1 2 7 8
3341	1 2 7 6
3342	1 7 3 8
3343	3 1 8 7
3344	7 2 5 8
3345	5 1 6 3
3346	7 1 4 6
3347	1 3 8 5
3348	8 5 7 4
3349	6 3 8 7
3350	3 5 8 6
3351	2 6 5 3
3352	7 6 3 4
3353	8 6 2 7
3354	7 4 1 3
3355	8 4 3 5
3356	6 5 2 3
3357	1 5 8 3
3358	2 4 7 3
3359	6 3 1 5
3360	2 6 8 7
3361	1 3 2 8
3362	4 2 5 8
3363	7 8 1 6
3364	2 6 8 7
3365	3 7 2 4
3366	1 4 8 6
3367	5 2 4 3
3368	2 7 4 5
3369	2 7 8 3
3370	1 7 3 4
3371	6 8 1 2
3372	1 7 2 4
3373	5 2 1 3
3374	4 3 7 2
3375	8 4 5 6
3376	3 8 4 7
3377	5 8 2 7
3378	2 1 5 3
3379	5 6 7 3
3380	6 4 7 3
3381	3 8 7 2
3382	7 1 6 8
3383	8 7 6 1
3384	6 5 1 3
3385	7 1 4 8
3386	2 4 7 6
3387	8 7 6 4
3388	7 8 5 1
3389	1 5 3 4
3390	7 1 2 3
3391	1 8 2 5
3392	4 6 1 5
3393	3 8 5 4
3394	3 7 6 2
3395	7 2 3 6
3396	3 6 8 1
3397	4 6 7 1
3398	6 3 5 8
3399	7 8 3 5
3400	3 6 1 2
3401	5 7 2 3
3402	4 7 1 6
3403	7 8 3 4
3404	6 8 1 7
3405	4 7 2 1
3406	4 1 5 7
3407	6 7 3 5
3408	7 8 4 6
3409	1 2 5 3
3410	7 6 3 5
3411	5 6 7 1
3412	2 4 8 7
3413	2 6 1 5
3414	3 4 7 1
3415	7 2 5 1
3416	1 5 7 6
3417	7 6 3 2
3418	1 5 2 4
3419	7 6 4 3
3420	4 1 6 7
3421	3 8 6 4
3422	7 2 6 4
3423	7 2 6 5
3424	8 4 3 6
3425	4 5 7 8
3426	1 2 5 4
3427	7 3 8 6
3428	5 2 8 7
3429	5 7 4 2
3430	7 5 1 6
3431	1 5 8 4
3432	6 3 7 8
3433	5 1 8 3
3434	8 3 6 1
3435	8 1 4 7
3436	7 4 2 1
3437	8 4 1 3
3438	6 5 4 8
3439	2 5 3 4
3440	2 1 3 8
3441	6 7 2 3
3442	2 8 5 7
3443	4 7 6 1
3444	8 3 7 5
3445	2 6 7 3
3446	2 1 8 3
3447	2 5 7 3
3448	2 1 3 4
3449	4 3 1 7
3450	4 2 8 7
3451	1 6 2 4
3452	8 2 3 1
3453	6 8 7 4
3454	1 6 4 2
3455	1 2 8 3
3456	1 6 2 3
3457	2 5 6 4
3458	5 8 7 2
3459	1 6 7 3
3460	3 6 1 4
3461	6 7 1 8
3462	2 6 8 3
3463	3 8 5 1
3464	3 7 8 1
3465	6 8 1 2
3466	3 2 8 7
3467	5 6 3 8
3468	1 3 8 2
3469	7 6 2 8
3470	3 5 4 8
3471	3 1 8 5
3472	3 8 1 5
3473	5 8 7 6
3474	5 7 6 8
3475	2 1 7 5
3476	4 3 5 6
3477	2 3 1 4
3478	8 5 3 2
3479	7 1 2 4
3480	5 7 6 1
3481	5 2 7 4
3482	7 6 4 3
3483	1 7 6 3
3484	6 5 3 2
3485	1 6 3 2
3486	3 6 5 2
3487	1 2 6 4
3488	1 5 3 8
3489	1 8 2 7
3490	3 1 8 4
3491	7 1 2 6
3492	4 6 5 3
3493	1 2 5 8
3494	4 8 7 1
3495	5 1 6 3
3496	8 3 5 1
3497	8 2 3 5
3498	4 5 3 7
3499	7 1 4 2
3500	7 1 6 4
3501	1 4 5 2
3502	6 1 5 3
3503	3 7 8 4
3504	6 7 5 1
3505	5 6 4 8
3506	4 8 2 7
3507	2 5 6 8
3508	3 5 8 1
3509	4 1 5 7
3510	3 1 7 8
3511	7 8 5 6
3512	3 8 7 2
3513	7 3 5 6
3514	8 1 5 4
3515	4 6 7 2
3516	4 7 1 6
3517	6 2 1 3
3518	7 4 5 8
3519	5 2 1 7
3520	8 5 3 1
3521	6 7 1 3
3522	7 6 4 1
3523	7 8 5 6
3524	2 8 4 6
3525	3 1 7 8
3526	5 4 8 2
3527	7 1 2 8
3528	6 5 7 8
3529	4 5 6 3
3530	8 6 1 4
3531	4 3 2 1
3532	5 4 2 6
3533	5 1 4 3
3534	5 6 1 3
3535	2 7 4 5
3536	7 3 5 6
3537	1 5 7 6
3538	4 2 7 6
3539	6 5 1 2
3540	6 1 3 5
3541	8 5 7 3
3542	7 2 8 3
3543	6 3 2 8
3544	6 5 2 7
3545	7 6 2 8
3546	2 5 6 8
3547	1 3 7 2
3548	4 5 1 3
3549	4 2 7 8
3550	7 4 5 2
3551	6 3 8 1
3552	4 8 6 5
3553	1 8 7 3
3554	5 8 4 6
3555	8 4 3 1
3556	8 1 3 5
3557	8 7 2 4
3558	2 6 1 3
3559	4 1 3 2
3560	6 5 7 4
3561	8 3 5 6
3562	2 6 5 7
3563	8 5 2 1
3564	2 6 7 5
3565	5 2 3 4
3566	2 8 7 4
3567	6 4 8 5
3568	3 6 2 4
3569	8 4 7 6
3570	7 8 1 6
3571	7 2 1 5
3572	3 8 1 2
3573	4 3 6 7
3574	1 6 2 5
3575	6 7 8 5
3576	2 5 4 6
3577	4 6 2 5
3578	3 6 4 1
3579	2 8 5 3
3580	8 4 5 7
3581	3 7 1 8
3582	8 2 4 1
3583	3 8 6 5
3584	1 4 3 7
3585	2 4 1 7
3586	2 7 1 6
3587	6 8 2 5
3588	6 1 5 3
3589	4 5 1 8
3590	8 5 1 6
3591	7 5 2 4
3592	6 5 8 2
3593	3 1 8 7
3594	3 5 2 4
3595	8 1 5 4
3596	5 7 4 1
3597	7 5 3 1
3598	1 5 3 7
3599	8 3 6 1
3600	1 8 6 7
3601	2 4 5 3
3602	6 1 2 4
3603	2 4 7 3
3604	7 1 2 8
3605	1 6 5 3
3606	4 6 2 1
3607	8 3 4 1
3608	5 2 3 6
3609	4 7 8 1
3610	3 8 4 1
3611	3 6 7 5
3612	1 2 5 8
3613	2 3 1 4
3614	6 8 3 4
3615	5 3 4 8
3616	3 7 6 5
3617	3 8 2 6
3618	5 3 4 2
3619	2 7 5 3
3620	1 8 2 5
3621	5 6 2 8
3622	8 6 5 1
3623	5 1 8 2
3624	8 2 5 7
3625	5 4 8 1
3626	4 7 6 1
3627	7 1 8 4
3628	1 2 6 3
3629	2 8 1 6
3630	1 5 8 7
3631	1 3 6 5
3632	2 7 5 1
3633	7 3 5 8
3634	7 1 2 6
3635	6 7 4 8
3636	7 4 8 1
3637	8 2 6 5
3638	2 4 7 1
3639	8 5 4 3
3640	3 8 5 6
3641	7 4 5 3
3642	6 7 5 8
3643	2 5 6 1
3644	1 8 2 7
3645	7 3 2 6
3646	8 2 5 6
3647	6 1 5 3
3648	8 2 3 4
3649	4 1 6 2
3650	3 5 7 1
3651	4 8 2 3
3652	3 7 5 2
3653	3 4 7 8
3654	2 7 3 4
3655	1 4 3 5
3656	2 1 4 5
3657	8 5 1 3
3658	5 3 6 7
3659	6 8 5 4
3660	6 5 1 7
3661	5 8 6 7
3662	1 4 2 8
3663	4 1 2 3
3664	3 6 4 7
3665	7 8 3 4
3666	6 1 8 2
3667	8 6 1 3
3668	5 7 8 3
3669	4 5 6 2
3670	4 7 6 1
3671	4 5 8 3
3672	6 7 8 2
3673	6 4 3 2
3674	5 7 6 3
3675	3 8 1 2
3676	6 2 4 5
3677	4 5 3 2
3678	1 7 4 8
3679	5 2 7 8
3680	6 7 4 2
3681	3 5 4 7
3682	3 5 2 6
3683	2 5 4 8
3684	3 7 4 2
3685	5 4 6 8
3686	4 6 5 1
3687	6 1 3 5
3688	8 5 2 6
3689	6 8 2 3
3690	1 6 4 7
3691	6 8 7 3
3692	1 2 7 3
3693	4 8 2 3
3694	4 2 7 1
3695	1 6 7 4
3696	5 1 2 4
3697	4 3 6 2
3698	8 3 4 6
3699	4 7 3 1
3700	1 7 3 6
3701	3 2 7 8
3702	6 8 2 4
3703	5 4 3 8
3704	8 4 3 1
3705	8 3 4 7
3706	2 4 3 6
3707	3 7 1 5
3708	1 5 6 3
3709	2 4 5 7
3710	4 2 8 1
3711	2 8 6 5
3712	7 8 2 4
3713	4 8 1 3
3714	3 8 5 1
3715	2 4 7 6
3716	5 4 1 3
3717	6 7 5 2
3718	6 5 4 3
3719	3 5 4 2
3720	2 1 3 5
3721	8 6 5 2
3722	6 5 7 1
3723	2 1 6 5
3724	1 6 5 8
3725	1 3 2 7
3726	6 7 2 4
3727	6 5 1 7
3728	8 5 1 4
3729	2 6 5 8
3730	2 3 5 7
3731	5 3 8 1
3732	3 2 5 1
3733	4 7 8 1
3734	5 4 1 7
3735	1 5 2 4
3736	8 1 7 2
3737	8 5 2 1
3738	4 8 2 5
3739	4 6 3 8
3740	4 5 6 1
3741	2 3 5 6
3742	4 1 3 6
3743	6 8 2 7
3744	4 1 5 2
3745	6 1 7 5
3746	3 8 2 1
3747	2 4 1 7
3748	5 8 4 7
3749	7 1 8 6
3750	7 8 3 1
3751	1 2 5 7
3752	5 4 7 6
3753	3 7 4 5
3754	1 8 7 6
3755	2 5 8 4
3756	4 7 2 5
3757	3 2 7 4
3758	2 4 8 7
3759	1 2 6 4
3760	7 5 2 6
3761	3 5 8 1
3762	6 3 7 2
3763	3 2 5 7
3764	3 4 8 6
3765	8 5 7 1
3766	6 5 4 3
3767	5 7 2 4
3768	3 4 2 5
3769	8 5 7 1
3770	3 2 6 5
3771	3 4 2 6
3772	7 3 1 2
3773	2 7 4 8
3774	4 7 3 2
3775	2 3 8 5
3776	7 1 8 4
3777	8 1 2 7
3778	8 4 3 6
3779	2 8 3 4
3780	3 5 8 6
3781	4 1 3 2
3782	5 2 8 1
3783	2 6 5 8
3784	1 5 2 3
3785	6 5 4 2
3786	5 7 8 1
3787	8 2 6 7
3788	4 6 5 7
3789	8 4 5 1
3790	7 8 5 6
3791	1 6 4 3
3792	5 7 1 2
3793	2 6 7 3
3794	4 2 6 1
3795	8 5 2 7
3796	2 7 3 6
3797	5 2 1 8
3798	5 1 3 2
3799	2 1 8 5
3800	6 2 5 3
3801	2 5 1 4
3802	4 7 3 6
3803	7 8 2 6
3804	8 5 4 2
3805	1 6 8 2
3806	3 2 6 7
3807	3 7 2 1
3808	4 6 3 8
3809	4 3 2 6
3810	7 8 3 6
3811	3 8 2 4
3812	4 5 6 8
3813	3 5 6 1
3814	5 1 4 6
3815	5 1 4 7
3816	6 5 1 7
3817	6 2 5 3
3818	5 8 6 7
3819	6 1 5 2
3820	7 4 5 8
3821	3 6 4 5
3822	8 2 1 4
3823	8 2 1 5
3824	6 5 3 4
3825	7 1 6 2
3826	2 1 4 6
3827	7 3 6 2
3828	4 3 8 5
3829	6 2 3 7
3830	1 3 4 5
3831	5 2 8 4
3832	7 2 3 6
3833	2 3 1 8
3834	7 3 2 1
3835	1 5 6 3
3836	7 2 8 1
3837	1 4 7 3
3838	7 2 5 6
3839	1 5 8 6
3840	7 4 1 2
3841	8 1 7 5
3842	7 8 3 1
3843	8 1 2 4
3844	5 2 4 1
3845	3 5 7 6
3846	6 4 7 8
3847	4 1 6 3
3848	3 8 1 6
3849	1 8 2 3
3850	6 5 3 2
3851	2 7 8 6
3852	4 8 2 5
3853	1 8 5 2
3854	7 2 4 6
3855	1 4 6 2
3856	6 2 1 5
3857	1 5 4 3
3858	1 3 6 2
3859	4 5 1 6
3860	8 7 2 1
3861	1 8 4 7
3862	4 6 3 2
3863	8 4 5 1
3864	5 4 8 3
3865	3 5 7 2
3866	6 1 2 4
3867	2 6 7 1
3868	5 7 4 8
3869	2 7 3 8
3870	3 6 5 1
3871	4 1 8 7
3872	5 2 6 4
3873	6 7 3 1
3874	4 5 2 3
3875	3 1 8 6
3876	3 1 2 6
3877	5 8 1 6
3878	1 4 8 7
3879	2 6 1 8
3880	2 1 8 7
3881	7 5 6 8
3882	5 7 3 6
3883	5 4 6 1
3884	7 2 5 4
3885	7 5 6 4
3886	1 7 6 8
3887	6 8 4 1
3888	4 5 8 7
3889	6 5 2 7
3890	5 2 4 7
3891	7 8 6 3
3892	6 4 5 7
3893	8 6 4 5
3894	8 6 2 4
3895	4 7 1 3
3896	6 2 1 3
3897	1 6 8 5
3898	4 3 6 1
3899	3 2 8 4
3900	2 3 7 6
3901	7 3 5 2
3902	4 1 3 8
3903	4 2 7 6
3904	2 1 3 5
3905	5 2 7 1
3906	1 3 4 5
3907	5 7 2 4
3908	8 3 6 2
3909	7 8 1 3
3910	2 3 6 8
3911	2 5 8 6
3912	1 2 5 3
3913	7 3 5 4
3914	4 6 5 7
3915	6 5 2 8
3916	7 8 6 1
3917	8 7 5 4
3918	3 6 5 2
3919	8 5 2 6
3920	4 2 7 1
3921	5 6 4 2
3922	4 8 1 6
3923	6 4 7 2
3924	1 4 3 6
3925	6 8 4 2
3926	7 8 3 4
3927	7 6 8 2
3928	3 8 6 1
3929	5 6 7 4
3930	1 4 6 3
3931	2 8 5 6
3932	2 8 5 4
3933	3 8 4 6
3934	1 5 8 3
3935	3 8 5 7
3936	5 1 8 4
3937	6 8 4 3
3938	6 3 8 2
3939	8 7 4 1
3940	7 8 6 3
3941	6 8 4 1
3942	8 4 3 6
3943	4 6 5 3
3944	2 3 6 4
3945	2 7 6 8
3946	2 1 6 7
3947	7 4 5 2
3948	7 6 1 8
3949	1 6 2 7
3950	2 8 1 3
3951	3 2 1 4
3952	4 6 2 7
3953	3 2 1 4
3954	4 3 6 1
3955	8 6 5 1
3956	2 8 6 4
3957	8 6 7 2
3958	1 4 7 2
3959	2 8 5 4
3960	5 2 8 1
3961	1 3 4 7
3962	3 7 5 6
3963	7 1 3 4
3964	4 8 7 1
3965	1 7 5 3
3966	1 3 6 7
3967	1 3 2 5
3968	6 8 1 2
3969	8 2 1 3
3970	2 5 1 8
3971	6 7 1 5
3972	1 6 5 8
3973	7 5 3 4
3974	2 7 1 3
3975	1 4 3 2
3976	3 2 5 4
3977	5 7 8 3
3978	1 5 2 7
3979	7 3 8 5
3980	2 1 5 7
3981	7 1 5 4
3982	2 4 8 5
3983	3 6 2 4
3984	8 5 1 4
3985	3 5 2 6
3986	4 3 8 1
3987	7 8 2 3
3988	8 7 6 2
3989	4 6 5 1
3990	8 6 1 3
3991	5 2 1 3
3992	3 1 8 7
3993	2 1 6 5
3994	6 5 1 3
3995	3 7 1 8
3996	7 2 5 6
3997	1 5 6 4
3998	7 3 2 4
3999	5 6 3 2
4000	7 6 1 5
4001	3 2 7 8
4002	7 6 1 8
4003	1 2 7 4
4004	7 3 5 8
4005	8 3 4 6
4006	6 4 7 3
4007	8 2 6 5
4008	4 6 8 3
4009	8 7 4 5
4010	6 5 4 1
4011	8 5 2 7
4012	5 7 3 2
4013	1 8 6 4
4014	2 6 3 8
4015	8 7 6 2
4016	7 4 5 2
4017	1 2 3 8
4018	8 5 7 4
4019	3 8 7 2
4020	2 4 5 3
4021	2 3 4 6
4022	8 1 5 3
4023	6 3 5 8
4024	4 5 7 2
4025	8 4 3 5
4026	4 8 6 3
4027	5 1 8 6
4028	5 3 1 7
4029	7 4 1 8
4030	8 4 2 7
4031	8 1 6 5
4032	3 6 8 2
4033	5 8 1 4
4034	8 2 1 5
4035	3 7 2 8
4036	6 3 2 1
4037	7 6 5 4
4038	7 3 5 8
4039	7 6 2 8
4040	2 1 8 7
4041	8 7 2 3
4042	5 1 7 3
4043	3 5 1 7
4044	6 5 1 4
4045	4 7 1 5
4046	2 8 4 6
4047	6 5 3 8
4048	5 6 1 7
4049	5 4 6 3
4050	3 1 7 2
4051	8 3 5 4
4052	3 6 2 1
4053	2 1 6 8
4054	3 2 5 6
4055	1 4 7 2
4056	4 2 6 3
4057	3 8 7 5
4058	3 1 6 7
4059	4 6 8 2
4060	3 6 7 4
4061	7 1 5 3
4062	5 7 1 3
4063	3 2 6 4
4064	3 7 2 5
4065	4 6 8 5
4066	3 6 5 7
4067	3 5 4 2
4068	8 2 7 3
4069	6 7 3 1
4070	5 6 2 4
4071	1 3 7 2
4072	2 3 6 8
4073	1 5 2 8
4074	1 5 4 6
4075	4 6 7 3
4076	8 4 1 6
4077	8 3 2 7
4078	4 1 7 6
4079	7 2 4 8
4080	5 2 8 1
4081	6 5 2 7
4082	3 5 4 8
4083	1 2 5 6
4084	8 4 3 5
4085	6 1 4 3
4086	7 1 8 6
4087	5 4 6 1
4088	2 1 3 7
4089	1 2 7 3
4090	7 4 2 5
4091	4 3 6 1
4092	1 6 4 5
4093	7 8 1 6
4094	3 4 2 5
4095	4 5 8 3
4096	3 2 1 8
4097	1 8 5 7
4098	8 4 2 1
4099	4 1 7 3
4100	2 6 5 7
4101	2 3 4 1
4102	5 2 7 3
4103	8 1 4 6
4104	1 5 3 7
4105	3 8 5 6
4106	3 2 1 4
4107	6 1 8 3
4108	3 5 8 4
4109	3 2 6 1
4110	6 3 1 4
4111	2 7 4 5
4112	2 4 5 1
4113	7 4 5 1
4114	1 8 5 2
4115	2 7 6 5
4116	4 2 6 1
4117	4 1 3 6
4118	4 5 3 8
4119	2 6 4 3
4120	3 6 5 7
4121	5 4 2 6
4122	5 6 3 1
4123	3 7 2 8
4124	4 6 3 7
4125	4 7 8 3
4126	7 5 2 8
4127	6 1 7 2
4128	7 1 8 3
4129	3 8 6 7
4130	5 7 3 2
4131	5 6 2 3
4132	6 3 2 7
4133	7 4 6 5
4134	3 1 4 2
4135	3 1 8 4
4136	5 2 4 6
4137	8 1 5 6
4138	3 7 5 6
4139	2 1 8 7
4140	6 5 1 8
4141	7 2 1 4
4142	6 3 4 1
4143	7 1 4 8
4144	3 1 2 4
4145	3 2 6 8
4146	2 6 3 1
4147	5 7 1 6
4148	4 3 2 6
4149	1 8 6 4
4150	7 1 6 3
4151	6 4 8 3
4152	4 7 3 5
4153	4 8 5 3
4154	4 3 7 6
4155	5 1 7 3
4156	6 4 5 2
4157	5 4 1 6
4158	3 1 2 4
4159	4 7 5 1
4160	7 4 1 6
4161	8 4 6 1
4162	3 6 5 8
4163	6 1 3 8
4164	6 4 2 7
4165	5 3 7 8
4166	2 4 6 7
4167	1 2 7 5
4168	8 7 6 3
4169	8 7 5 1
4170	6 1 7 2
4171	7 4 2 1
4172	2 5 6 1
4173	5 1 3 6
4174	7 6 5 4
4175	7 2 4 5
4176	5 1 4 7
4177	2 6 8 5
4178	1 5 7 2
4179	4 6 2 8
4180	2 4 7 6
4181	1 8 5 3
4182	2 5 6 1
4183	8 3 6 2
4184	2 3 4 8
4185	5 3 4 8
4186	3 8 5 6
4187	4 7 6 8
4188	7 5 6 4
4189	1 7 2 3
4190	8 1 5 7
4191	4 8 6 5
4192	3 1 7 4
4193	5 4 1 2
4194	2 6 8 7
4195	2 5 8 1
4196	5 2 4 3
4197	1 4 5 8
4198	7 2 4 1
4199	5 7 4 2
4200	7 4 3 6
4201	8 4 7 2
4202	4 7 6 3
4203	8 1 4 2
4204	3 1 7 5
4205	6 8 1 4
4206	5 7 2 4
4207	1 8 7 3
4208	6 7 1 5
4209	2 7 1 8
4210	8 7 3 6
4211	3 4 5 6
4212	3 4 7 6
4213	8 5 3 2
4214	4 3 7 1
4215	5 1 6 7
4216	5 2 8 4
4217	5 6 2 8
4218	3 6 1 8
4219	4 7 5 6
4220	4 3 5 2
4221	1 8 6 5
4222	6 2 3 1
4223	4 8 6 3
4224	6 2 3 8
4225	1 5 2 6
4226	3 7 4 2
4227	7 3 6 8
4228	2 4 5 8
4229	2 1 6 8
4230	4 1 6 7
4231	7 4 6 1
4232	3 2 8 5
4233	3 8 5 6
4234	8 4 2 7
4235	3 7 1 2
4236	8 4 3 6
4237	4 1 8 3
4238	1 5 7 3
4239	8 1 6 3
4240	1 6 5 8
4241	4 3 6 2
4242	6 2 1 7
4243	1 8 4 3
4244	6 7 8 2
4245	3 6 8 5
4246	3 8 6 1
4247	4 6 7 8
4248	6 5 8 2
4249	3 7 2 1
4250	4 2 3 1
4251	6 5 1 4
4252	7 1 2 3
4253	4 8 1 7
4254	5 7 1 8
4255	5 6 8 3
4256	6 1 7 3
4257	2 4 1 5
4258	7 2 3 4
4259	8 1 6 2
4260	7 5 1 3
4261	8 5 3 1
4262	2 8 4 5
4263	1 7 6 3
4264	3 2 8 6
4265	3 4 7 2
4266	8 7 4 6
4267	3 8 2 4
4268	1 5 7 8
4269	2 4 6 1
4270	8 3 7 4
4271	4 3 6 7
4272	4 1 8 6
4273	5 2 1 4
4274	2 5 8 6
4275	1 7 5 3
4276	2 7 6 8
4277	6 8 5 1
4278	4 2 6 7
4279	4 3 1 8
4280	5 2 3 1
4281	1 8 5 6
4282	1 5 6 7
4283	3 7 6 4
4284	4 1 6 8
4285	4 2 1 6
4286	5 1 6 8
4287	1 5 8 7
4288	1 2 6 7
4289	8 2 7 1
4290	2 7 1 4
4291	1 7 4 5
4292	8 5 2 1
4293	7 2 8 3
4294	4 1 8 5
4295	1 7 5 6
4296	5 1 4 2
4297	5 3 2 7
4298	7 1 8 5
4299	4 8 5 6
4300	7 2 3 4
4301	3 7 5 1
4302	3 5 7 6
4303	8 7 6 3
4304	6 2 5 1
4305	5 2 7 4
4306	1 3 4 2
4307	7 2 5 6
4308	8 4 3 2
4309	5 3 4 7
4310	7 4 5 1
4311	8 3 2 1
4312	5 6 3 4
4313	2 3 5 1
4314	3 4 1 8
4315	7 5 3 4
4316	2 7 8 1
4317	4 6 1 8
4318	4 8 1 3
4319	7 8 3 2
4320	3 4 2 5
4321	7 3 5 2
4322	3 1 6 5
4323	2 5 4 3
4324	7 2 6 4
4325	4 3 2 1
4326	6 1 2 3
4327	4 1 3 5
4328	3 6 2 4
4329	1 4 8 7
4330	7 5 2 8
4331	7 5 8 1
4332	7 6 4 2
4333	2 1 8 4
4334	3 6 1 5
4335	6 8 4 3
4336	8 5 6 7
4337	4 5 2 3
4338	2 8 6 5
4339	6 2 1 4
4340	2 6 1 4
4341	5 2 4 8
4342	2 1 4 8
4343	1 5 6 7
4344	8 5 7 2
4345	3 2 5 7
4346	6 7 1 8
4347	8 3 4 2
4348	2 8 4 5
4349	3 8 1 7
4350	7 3 8 2
4351	5 8 4 2
4352	2 8 1 4
4353	6 8 3 2
4354	8 6 3 5
4355	2 7 3 6
4356	3 6 5 7
4357	4 2 1 8
4358	8 4 2 1
4359	5 8 7 4
4360	6 5 8 3
4361	4 2 8 6
4362	7 8 4 1
4363	7 3 5 8
4364	2 6 3 4
4365	8 1 5 3
4366	8 2 7 6
4367	2 6 8 5
4368	5 1 7 2
4369	7 3 1 5
4370	4 6 7 1
4371	7 3 8 5
4372	6 2 7 3
4373	7 3 8 6
4374	8 6 1 3
4375	5 6 3 8
4376	8 7 3 2
4377	2 7 6 8
4378	3 8 2 5
4379	8 3 1 6
4380	3 5 8 4
4381	6 4 5 3
4382	3 7 1 6
4383	5 6 7 3
4384	4 3 8 6
4385	2 3 5 4
4386	3 8 2 5
4387	4 6 5 7
4388	7 6 1 8
4389	4 8 5 2
4390	8 2 1 4
4391	4 8 6 5
4392	4 3 1 7
4393	3 4 2 6
4394	2 7 4 1
4395	4 7 1 6
4396	4 6 2 8
4397	4 3 8 6
4398	5 8 7 3
4399	6 8 7 3
4400	8 6 1 4
4401	1 7 4 6
4402	2 1 3 8
4403	8 6 1 2
4404	5 8 2 1
4405	4 8 6 5
4406	3 4 6 7
4407	5 3 2 4
4408	7 5 1 2
4409	6 7 2 8
4410	7 5 4 2
4411	8 4 3 6
4412	8 4 2 3
4413	6 5 2 7
4414	3 5 4 8
4415	6 1 5 7
4416	2 5 3 7
4417	8 6 3 2
4418	7 8 5 4
4419	6 5 2 1
4420	5 4 3 2
4421	4 3 5 1
4422	2 6 3 5
4423	3 1 4 2
4424	2 1 6 8
4425	4 7 2 6
4426	7 6 4 8
4427	2 5 8 1
4428	1 6 2 5
4429	6 3 7 1
4430	5 4 8 3
4431	6 7 8 5
4432	1 8 6 7
4433	4 5 1 7
4434	3 4 1 2
4435	3 2 6 5
4436	6 8 5 3
4437	3 5 8 7
4438	6 2 8 3
4439	5 6 4 7
4440	1 7 8 2
4441	4 7 5 1
4442	5 8 6 7
4443	7 5 6 3
4444	1 8 4 6
4445	3 4 7 5
4446	4 7 8 3
4447	2 8 5 4
4448	4 5 2 6
4449	6 4 3 7
4450	2 7 5 1
4451	5 1 2 4
4452	5 7 4 1
4453	3 8 1 4
4454	7 3 8 6
4455	4 6 7 3
4456	1 2 5 6
4457	8 4 1 7
4458	3 6 8 1
4459	3 8 2 1
4460	1 4 7 8
4461	1 6 5 8
4462	7 4 3 8
4463	7 6 1 3
4464	3 6 1 5
4465	2 7 8 5
4466	3 4 2 6
4467	5 1 7 4
4468	7 2 5 1
4469	3 2 4 6
4470	8 1 2 7
4471	4 3 6 1
4472	1 8 2 7
4473	6 3 4 8
4474	4 8 1 2
4475	5 1 2 4
4476	7 5 4 6
4477	8 5 3 6
4478	1 4 5 3
4479	4 5 3 1
4480	5 2 3 7
4481	7 8 5 2
4482	1 3 5 8
4483	5 2 3 7
4484	2 3 4 7
4485	8 7 5 4
4486	4 5 8 3
4487	4 8 5 6
4488	3 7 4 6
4489	5 8 3 7
4490	5 4 3 7
4491	8 3 4 1
4492	7 3 4 2
4493	4 6 3 1
4494	7 5 6 1
4495	1 6 7 8
4496	6 7 4 3
4497	8 2 4 5
4498	1 5 7 3
4499	3 1 8 6
4500	2 7 4 5
4501	4 1 7 3
4502	7 1 4 6
4503	1 5 4 3
4504	4 1 2 5
4505	8 4 1 6
4506	1 6 8 7
4507	2 1 6 5
4508	7 5 6 1
4509	7 6 3 1
4510	8 6 7 2
4511	2 8 5 6
4512	8 2 5 3
4513	4 1 5 2
4514	1 4 6 3
4515	2 3 4 8
4516	1 8 3 2
4517	4 5 8 7
4518	8 4 2 3
4519	1 2 7 8
4520	5 4 7 1
4521	3 6 5 4
4522	1 3 2 6
4523	5 7 1 8
4524	4 2 8 7
4525	6 3 4 7
4526	6 3 8 1
4527	4 3 1 5
4528	3 1 6 4
4529	2 1 6 8
4530	4 8 6 2
4531	8 2 3 7
4532	2 4 6 1
4533	8 6 3 1
4534	7 6 8 5
4535	7 4 3 2
4536	8 1 7 6
4537	5 4 6 2
4538	1 4 6 8
4539	1 3 6 2
4540	5 4 3 7
4541	7 5 4 1
4542	5 4 7 8
4543	6 1 5 2
4544	8 5 1 4
4545	3 1 5 6
4546	7 8 5 6
4547	7 3 2 5
4548	7 6 1 3
4549	8 3 2 7
4550	6 3 5 2
4551	6 4 5 2
4552	4 2 3 7
4553	4 7 5 3
4554	3 5 4 7
4555	3 4 7 2
4556	8 7 3 1
4557	8 6 1 3
4558	1 6 4 5
4559	5 3 2 8
4560	2 7 8 1
4561	2 8 3 6
4562	1 5 3 8
4563	5 2 3 6
4564	1 3 4 6
4565	6 4 1 5
4566	5 1 4 7
4567	3 1 6 5
4568	8 1 2 6
4569	8 7 1 5
4570	8 1 4 7
4571	3 4 5 1
4572	3 8 5 2
4573	4 7 1 8
4574	8 6 3 2
4575	3 8 4 7
4576	5 6 2 1
4577	6 5 4 2
4578	5 1 2 4
4579	5 3 2 6
4580	1 7 5 4
4581	4 3 5 2
4582	4 5 6 8
4583	3 5 6 2
4584	5 7 4 3
4585	2 1 5 3
4586	7 8 4 3
4587	5 6 3 8
4588	8 4 2 5
4589	2 7 3 6
4590	4 5 7 8
4591	6 8 7 3
4592	3 7 6 2
4593	7 2 6 3
4594	5 8 6 4
4595	4 7 5 2
4596	1 2 3 8
4597	8 4 5 3
4598	7 3 2 1
4599	7 1 3 4
4600	2 6 7 5
4601	5 2 6 3
4602	7 6 1 4
4603	3 7 4 6
4604	3 1 4 5
4605	3 8 2 1
4606	5 1 6 3
4607	7 5 1 4
4608	6 7 1 5
4609	3 5 8 2
4610	8 1 2 6
4611	7 2 4 8
4612	5 2 8 7
4613	3 2 7 5
4614	6 3 2 8
4615	6 7 5 2
4616	5 4 7 2
4617	5 6 3 2
4618	8 7 5 2
4619	6 7 4 1
4620	5 1 3 2
4621	1 5 4 2
4622	5 8 6 2
4623	5 4 3 2
4624	2 7 8 3
4625	6 7 1 5
4626	5 4 8 1
4627	2 7 8 6
4628	2 3 4 5
4629	3 4 6 5
4630	7 2 6 3
4631	7 4 6 3
4632	2 4 7 3
4633	1 4 3 5
4634	6 8 1 7
4635	3 2 4 6
4636	3 8 4 2
4637	7 6 5 8
4638	5 8 4 6
4639	6 7 2 4
4640	1 4 2 5
4641	1 8 5 3
4642	6 1 3 4
4643	4 6 2 3
4644	5 3 1 2
4645	1 6 4 8
4646	6 8 4 7
4647	3 6 4 1
4648	1 8 5 3
4649	4 7 3 5
4650	2 3 7 8
4651	8 7 5 1
4652	5 1 4 6
4653	5 8 4 3
4654	8 2 7 4
4655	2 5 8 7
4656	4 3 5 7
4657	2 4 6 7
4658	3 2 8 4
4659	4 7 6 5
4660	1 6 8 2
4661	6 8 1 4
4662	2 3 8 1
4663	1 3 5 4
4664	6 1 3 8
4665	6 3 4 2
4666	4 6 3 7
4667	2 3 6 8
4668	2 7 5 1
4669	1 5 6 8
4670	7 2 1 6
4671	1 5 3 6
4672	1 2 4 7
4673	2 5 6 7
4674	2 5 1 4
4675	8 4 7 2
4676	6 7 5 2
4677	2 8 4 7
4678	1 5 4 3
4679	1 7 3 2
4680	3 5 8 2
4681	2 1 4 8
4682	8 3 6 5
4683	1 2 4 7
4684	3 6 8 7
4685	7 5 6 3
4686	1 5 7 4
4687	4 3 6 5
4688	8 3 6 2
4689	7 5 1 6
4690	2 8 6 7
4691	1 8 5 3
4692	7 2 3 6
4693	8 4 7 1
4694	6 5 7 3
4695	7 2 8 3
4696	2 3 5 7
4697	4 8 5 2
4698	2 8 3 1
4699	5 3 4 2
4700	5 4 2 7
4701	4 6 1 3
4702	5 3 7 2
4703	7 3 1 4
4704	1 7 6 4
4705	6 4 1 8
4706	8 1 6 2
4707	1 3 6 8
4708	8 7 6 2
4709	4 8 5 2
4710	8 3 5 1
4711	5 7 6 4
4712	5 1 8 4
4713	6 5 4 2
4714	4 2 8 6
4715	4 2 8 3
4716	2 3 8 7
4717	4 5 3 2
4718	6 2 4 8
4719	7 8 1 2
4720	8 7 1 4
4721	3 4 2 6
4722	1 2 4 5
4723	4 6 2 5
4724	4 5 6 8
4725	8 1 3 2
4726	1 8 4 3
4727	4 5 2 1
4728	4 8 7 6
4729	2 4 5 6
4730	1 5 7 6
4731	2 1 8 6
4732	8 4 6 7
4733	2 3 1 4
4734	5 8 7 3
4735	1 2 3 7
4736	2 6 4 7
4737	7 6 2 1
4738	2 3 4 5
4739	5 3 6 7
4740	8 1 2 4
4741	2 3 7 1
4742	3 6 1 7
4743	7 1 4 5
4744	3 4 8 1
4745	3 2 1 4
4746	2 3 4 8
4747	4 3 5 1
4748	6 2 8 3
4749	7 8 3 2
4750	4 7 1 8
4751	6 8 5 3
4752	2 1 8 7
4753	5 2 8 6
4754	2 6 4 3
4755	3 5 2 6
4756	6 7 2 4
4757	1 2 5 3
4758	2 4 7 8
4759	2 3 7 5
4760	4 2 7 8
4761	3 5 7 4
4762	1 3 2 4
4763	7 1 2 5
4764	5 3 4 6
4765	4 5 8 6
4766	6 4 3 8
4767	2 5 8 7
4768	4 5 1 2
4769	1 8 5 2
4770	1 4 3 5
4771	1 4 8 2
4772	7 6 1 3
4773	3 1 7 5
4774	5 4 7 3
4775	6 1 2 3
4776	8 1 3 4
4777	7 6 1 4
4778	7 3 8 2
4779	7 4 5 6
4780	1 2 5 3
4781	2 8 7 4
4782	2 8 4 1
4783	8 2 6 5
4784	5 8 1 7
4785	7 3 6 5
4786	2 5 8 6
4787	2 1 6 3
4788	7 1 2 8
4789	4 2 8 3
4790	4 5 7 6
4791	6 1 2 5
4792	7 3 4 8
4793	4 8 5 1
4794	2 6 8 4
4795	1 8 2 3
4796	8 5 6 2
4797	2 6 5 7
4798	5 6 3 2
4799	6 2 1 4
4800	2 5 7 4
4801	7 4 5 1
4802	7 5 6 8
4803	1 3 8 7
4804	1 2 8 7
4805	5 8 1 2
4806	8 2 5 6
4807	1 7 6 8
4808	8 7 2 1
4809	5 2 1 6
4810	6 3 5 4
4811	2 4 7 5
4812	1 7 5 8
4813	6 8 3 5
4814	3 4 8 1
4815	1 7 4 6
4816	4 5 3 1
4817	5 4 1 6
4818	8 5 6 3
4819	7 2 5 4
4820	1 5 4 3
4821	1 4 5 2
4822	8 3 7 1
4823	8 6 5 1
4824	8 4 2 5
4825	2 4 6 5
4826	7 4 8 2
4827	2 8 6 1
4828	1 6 2 8
4829	5 4 7 2
4830	1 4 5 7
4831	4 7 5 6
4832	5 4 8 6
4833	1 6 4 2
4834	7 3 8 6
4835	4 2 8 5
4836	4 7 6 2
4837	5 4 7 1
4838	8 3 2 5
4839	4 8 6 7
4840	5 2 4 6
4841	6 3 8 5
4842	3 5 2 8
4843	4 5 3 1
4844	5 2 7 1
4845	2 6 1 7
4846	6 5 1 2
4847	8 3 4 7
4848	7 3 4 6
4849	4 8 2 1
4850	6 7 1 8
4851	8 1 7 2
4852	2 8 6 5
4853	3 6 5 7
4854	2 7 6 1
4855	2 7 5 1
4856	8 7 2 1
4857	2 3 5 6
4858	1 6 3 4
4859	3 6 2 5
4860	2 3 4 6
4861	7 2 3 4
4862	8 6 5 7
4863	2 8 4 6
4864	7 2 4 1
4865	8 2 7 3
4866	1 4 6 3
4867	7 6 2 1
4868	3 7 8 4
4869	6 4 7 1
4870	4 8 6 7
4871	3 1 4 2
4872	2 1 5 6
4873	6 5 3 1
4874	4 5 6 7
4875	1 6 8 5
4876	5 1 8 3
4877	3 4 2 8
4878	1 4 3 5
4879	3 8 4 6
4880	1 5 6 3
4881	8 5 4 7
4882	5 6 2 7
4883	8 4 1 2
4884	4 5 2 1
4885	5 2 6 7
4886	8 1 4 3
4887	8 4 6 7
4888	5 6 1 8
4889	3 8 2 5
4890	8 6 2 7
4891	1 2 6 3
4892	2 4 5 6
4893	4 3 7 1
4894	6 4 1 3
4895	8 1 3 7
4896	4 3 6 8
4897	1 6 8 7
4898	3 4 2 5
4899	4 1 7 6
4900	1 3 6 2
4901	7 6 4 3
4902	3 8 7 4
4903	3 4 5 6
4904	5 8 3 4
4905	2 4 3 7
4906	1 4 6 3
4907	4 7 5 8
4908	2 4 6 5
4909	5 7 3 6
4910	7 4 3 1
4911	1 6 8 5
4912	6 4 2 8
4913	3 5 1 8
4914	2 7 5 3
4915	8 6 5 3
4916	7 4 1 6
4917	2 7 3 4
4918	7 1 2 8
4919	1 5 7 6
4920	7 2 6 3
4921	2 7 8 4
4922	4 7 6 1
4923	8 7 1 2
4924	5 4 3 2
4925	7 5 6 3
4926	6 8 2 5
4927	3 7 1 5
4928	8 4 1 2
4929	3 4 7 8
4930	2 6 7 8
4931	2 7 8 5
4932	2 6 7 4
4933	6 3 8 5
4934	6 2 8 4
4935	8 4 1 2
4936	4 3 7 1
4937	6 7 5 2
4938	6 2 4 5
4939	7 2 4 8
4940	3 8 4 6
4941	1 2 3 5
4942	2 8 5 6
4943	3 5 8 7
4944	5 6 7 8
4945	6 4 7 2
4946	6 2 1 3
4947	1 5 8 4
4948	3 2 5 1
4949	1 5 7 4
4950	3 7 1 5
4951	6 2 7 3
4952	5 2 1 7
4953	6 1 7 2
4954	2 8 3 4
4955	3 7 8 4
4956	2 7 3 8
4957	4 3 8 2
4958	6 5 2 1
4959	1 5 6 8
4960	3 1 7 5
4961	5 3 8 7
4962	4 6 5 2
4963	3 5 7 2
4964	2 4 8 5
4965	2 4 7 1
4966	2 8 4 1
4967	6 3 8 5
4968	3 4 8 2
4969	6 7 3 2
4970	2 4 3 7
4971	5 8 2 4
4972	2 4 5 3
4973	5 8 2 7
4974	8 1 2 4
4975	5 8 2 6
4976	5 4 6 3
4977	1 8 3 7
4978	4 6 8 3
4979	5 6 7 4
4980	7 2 5 6
4981	3 4 7 2
4982	4 1 2 6
4983	8 6 2 1
4984	8 6 5 7
4985	4 8 7 6
4986	7 1 8 6
4987	1 6 3 2
4988	3 4 5 1
4989	5 7 3 8
4990	1 6 8 4
4991	1 6 3 8
4992	6 8 5 4
4993	8 1 6 2
4994	7 6 1 3
4995	8 1 3 2
4996	3 4 1 7
4997	5 7 3 1
4998	2 3 6 5
4999	4 3 7 5
5000	8 7 4 5
5001	5 4 1 2
5002	8 1 7 4
5003	6 5 8 1
5004	8 4 3 7
5005	1 2 8 7
5006	7 1 3 8
5007	2 1 3 7
5008	3 6 1 7
5009	2 3 8 7
5010	6 2 5 4
5011	1 8 2 3
5012	3 5 2 8
5013	5 8 3 1
5014	2 6 3 1
5015	5 2 1 7
5016	3 7 4 2
5017	4 7 2 1
5018	4 1 6 3
5019	7 8 5 3
5020	4 3 2 8
5021	2 6 8 1
5022	3 4 6 7
5023	7 3 5 4
5024	8 3 7 5
5025	8 4 2 3
5026	7 4 6 2
5027	2 7 5 3
5028	1 6 8 7
5029	3 4 1 2
5030	4 3 6 1
5031	1 7 6 2
5032	6 7 3 2
5033	3 5 8 6
5034	5 1 2 4
5035	1 4 5 2
5036	8 2 5 1
5037	7 6 8 3
5038	6 8 5 1
5039	1 8 2 7
5040	1 5 8 3
5041	8 6 2 5
5042	5 2 6 4
5043	7 8 1 4
5044	6 8 2 1
5045	5 2 6 8
5046	4 3 7 5
5047	5 1 2 4
5048	8 7 6 1
5049	5 7 8 3
5050	3 1 7 4
5051	5 7 8 6
5052	4 7 3 5
5053	3 7 6 2
5054	1 8 7 4
5055	6 3 7 2
5056	8 4 6 3
5057	2 7 8 6
5058	2 1 3 4
5059	1 7 3 5
5060	8 3 2 1
5061	4 7 6 2
5062	3 8 7 4
5063	5 3 4 8
5064	6 2 3 5
5065	7 2 3 4
5066	4 6 5 7
5067	3 7 2 8
5068	1 5 7 6
5069	2 6 7 1
5070	4 1 3 5
5071	7 1 3 8
5072	7 4 3 6
5073	4 8 6 2
5074	8 6 3 1
5075	1 4 5 2
5076	7 2 3 4
5077	1 6 3 7
5078	7 8 5 1
5079	3 7 4 6
5080	2 8 1 6
5081	7 2 3 8
5082	1 6 3 2
5083	6 7 3 2
5084	7 1 8 5
5085	7 2 4 3
5086	4 5 3 6
5087	7 5 2 3
5088	2 8 1 7
5089	4 3 2 6
5090	1 5 3 7
5091	5 7 4 3
5092	8 7 6 2
5093	6 4 1 5
5094	6 3 7 2
5095	6 1 4 8
5096	1 7 6 8
5097	1 3 8 4
5098	8 2 7 5
5099	5 2 8 3
5100	2 8 7 5
5101	8 6 5 7
5102	2 6 5 8
5103	3 8 6 4
5104	1 8 4 7
5105	8 6 7 3
5106	7 2 5 3
5107	5 8 6 7
5108	4 1 3 7
5109	7 1 5 8
5110	6 7 2 4
5111	3 7 2 8
5112	8 4 1 7
5113	8 3 7 2
5114	4 6 5 8
5115	7 6 1 3
5116	3 5 2 7
5117	7 3 6 2
5118	7 4 8 2
5119	8 1 2 5
5120	7 8 5 1
5121	5 2 6 7
5122	1 7 6 2
5123	8 7 4 6
5124	3 8 6 1
5125	5 1 3 8
5126	7 2 6 8
5127	6 1 5 2
5128	8 4 3 1
5129	6 4 1 3
5130	6 4 5 3
5131	5 2 1 7
5132	7 3 1 4
5133	2 3 4 5
5134	7 8 3 6
5135	8 2 3 4
5136	7 5 8 6
5137	5 2 3 1
5138	1 2 7 3
5139	7 5 2 4
5140	1 3 7 5
5141	6 4 3 5
5142	7 3 4 8
5143	3 2 4 1
5144	1 2 6 5
5145	2 7 4 6
5146	1 2 5 4
5147	1 8 2 3
5148	5 2 3 8
5149	1 8 3 4
5150	3 8 1 2
5151	8 5 4 2
5152	1 6 8 3
5153	6 7 2 1
5154	6 5 4 1
5155	5 1 6 7
5156	5 6 7 8
5157	1 3 5 8
5158	4 1 8 2
5159	3 4 8 2
5160	7 5 1 4
5161	2 7 3 1
5162	7 5 2 4
5163	8 7 2 5
5164	2 7 1 3
5165	3 6 8 5
5166	2 5 4 1
5167	4 5 2 7
5168	5 4 6 1
5169	3 1 7 4
5170	3 1 6 5
5171	4 6 8 2
5172	3 5 4 8
5173	5 6 8 3
5174	5 3 4 7
5175	8 2 5 6
5176	3 5 8 4
5177	6 5 2 3
5178	4 8 7 2
5179	6 5 4 8
5180	6 7 5 2
5181	2 3 5 7
5182	2 4 6 1
5183	1 2 7 4
5184	2 4 6 5
5185	7 5 4 2
5186	4 2 7 3
5187	7 4 3 8
5188	8 1 7 6
5189	2 7 1 6
5190	8 5 2 3
5191	1 6 8 2
5192	2 7 6 1
5193	6 8 1 7
5194	5 8 4 6
5195	6 7 5 8
5196	7 3 1 8
5197	8 5 4 1
5198	8 5 1 3
5199	4 3 5 2
5200	7 2 8 4
5201	4 1 6 8
5202	8 5 2 1
5203	5 4 6 3
5204	3 5 7 6
5205	1 7 4 2
5206	5 2 3 1
5207	6 8 4 2
5208	8 4 2 3
5209	3 5 8 7
5210	8 3 5 4
5211	4 2 6 3
5212	8 4 7 1
5213	8 3 4 6
5214	1 7 4 2
5215	6 5 8 2
5216	1 5 4 2
5217	5 4 6 8
5218	8 6 2 5
5219	4 2 3 8
5220	5 6 1 8
5221	7 4 2 3
5222	4 6 3 1
5223	3 2 5 6
5224	8 4 6 5
5225	5 4 2 7
5226	6 2 4 8
5227	8 2 7 6
5228	5 3 7 4
5229	5 2 7 4
5230	5 4 2 6
5231	7 6 5 3
5232	1 7 2 8
5233	6 2 3 1
5234	6 7 1 8
5235	1 5 6 7
5236	3 5 1 8
5237	7 5 6 3
5238	7 3 6 5
5239	2 6 3 1
5240	6 4 1 3
5241	2 3 5 4
5242	5 3 1 7
5243	4 1 6 7
5244	2 7 4 6
5245	8 1 2 6
5246	8 3 6 4
5247	2 6 5 4
5248	5 2 6 8
5249	7 6 4 2
5250	6 5 4 7
5251	2 4 7 1
5252	1 2 3 6
5253	5 2 7 6
5254	1 8 7 4
5255	2 8 5 3
5256	7 4 2 1
5257	1 7 3 5
5258	1 8 7 4
5259	1 8 3 6
5260	4 5 6 3
5261	1 6 5 3
5262	7 6 2 8
5263	7 6 8 5
5264	6 5 7 2
5265	7 4 2 1
5266	8 3 2 6
5267	6 2 8 1
5268	8 2 3 5
5269	7 6 8 3
5270	8 6 2 1
5271	8 4 2 3
5272	8 2 1 6
5273	1 3 8 5
5274	3 5 2 8
5275	2 8 3 7
5276	6 4 1 3
5277	2 1 8 4
5278	4 7 3 2
5279	8 3 7 6
5280	4 7 6 1
5281	7 6 1 5
5282	3 1 6 8
5283	7 2 3 6
5284	2 6 4 3
5285	1 5 7 3
5286	6 2 3 7
5287	2 7 6 4
5288	2 4 5 1
5289	1 7 2 5
5290	5 1 3 8
5291	4 8 6 3
5292	1 6 3 2
5293	3 5 7 4
5294	8 3 7 5
5295	3 5 6 1
5296	4 5 6 1
5297	4 7 8 2
5298	3 4 2 5
5299	8 4 3 1
5300	8 1 3 4
5301	7 6 8 3
5302	5 7 2 1
5303	6 8 3 5
5304	1 2 8 3
5305	8 7 4 6
5306	2 4 1 6
5307	5 6 3 2
5308	2 5 4 1
5309	6 8 5 4
5310	6 3 5 8
5311	4 6 8 2
5312	5 1 7 3
5313	4 2 1 6
5314	1 2 3 4
5315	8 6 4 3
5316	3 8 2 7
5317	2 3 8 5
5318	8 2 3 4
5319	4 7 1 6
5320	7 1 5 8
5321	7 3 8 1
5322	1 3 4 7
5323	6 4 1 8
5324	7 8 5 1
5325	1 4 6 8
5326	2 7 3 5
5327	7 3 6 2
5328	8 5 3 1
5329	5 3 1 6
5330	2 4 5 8
5331	2 5 4 7
5332	5 4 3 8
5333	5 8 4 2
5334	6 2 4 1
5335	5 2 3 8
5336	4 5 2 8
5337	8 3 2 7
5338	4 5 7 1
5339	7 1 4 2
5340	5 8 6 3
5341	6 4 8 1
5342	3 7 1 6
5343	5 7 3 6
5344	1 6 5 2
5345	4 5 2 3
5346	5 3 4 6
5347	5 7 2 3
5348	1 4 8 2
5349	1 8 5 6
5350	5 4 1 2
5351	3 8 1 4
5352	2 7 1 6
5353	1 8 6 7
5354	4 5 2 6
5355	3 6 7 5
5356	6 5 8 2
5357	2 5 4 8
5358	3 2 5 4
5359	8 6 2 7
5360	2 5 3 7
5361	4 1 7 6
5362	4 8 7 1
5363	7 1 8 2
5364	5 6 8 4
5365	2 1 7 5
5366	8 4 7 1
5367	7 1 3 2
5368	8 7 3 2
5369	5 2 4 7
5370	1 6 2 5
5371	8 1 6 7
5372	8 6 5 4
5373	4 3 1 7
5374	3 4 8 6
5375	1 8 6 5
5376	1 8 4 5
5377	4 6 3 2
5378	5 4 6 2
5379	4 5 2 1
5380	6 7 8 4
5381	4 6 2 1
5382	1 2 8 5
5383	3 8 2 1
5384	3 8 2 6
5385	2 4 1 7
5386	6 4 8 3
5387	6 7 1 4
5388	7 4 3 6
5389	6 4 2 3
5390	8 5 2 1
5391	8 3 6 5
5392	8 7 2 4
5393	4 6 1 5
5394	7 8 6 4
5395	8 1 6 3
5396	2 8 1 3
5397	6 7 8 2
5398	4 3 1 8
5399	2 5 1 8
5400	4 5 6 3
5401	8 6 5 1
5402	8 1 7 4
5403	1 3 6 7
5404	6 3 4 2
5405	3 6 1 7
5406	3 6 5 1
5407	6 4 3 1
5408	7 3 6 8
5409	1 5 7 6
5410	4 8 3 7
5411	2 8 4 6
5412	6 3 5 7
5413	2 1 8 7
5414	3 5 2 6
5415	8 3 7 2
5416	3 5 6 8
5417	3 7 1 5
5418	3 7 6 5
5419	7 8 4 6
5420	2 4 5 3
5421	5 1 6 3
5422	2 4 5 1
5423	6 1 4 7
5424	6 1 2 5
5425	1 2 3 7
5426	6 4 5 3
5427	7 3 8 4
5428	4 6 2 3
5429	1 5 2 4
5430	4 6 5 7
5431	2 4 6 7
5432	5 8 2 6
5433	7 2 4 8
5434	6 4 1 2
5435	5 2 1 8
5436	8 2 4 1
5437	5 1 3 2
5438	2 5 6 3
5439	3 4 7 1
5440	5 3 7 8
5441	1 5 3 4
5442	2 1 5 8
5443	3 6 7 8
5444	3 1 8 5
5445	3 6 8 2
5446	3 8 4 5
5447	7 2 1 4
5448	4 1 7 8
5449	6 5 7 1
5450	2 3 7 8
5451	4 8 1 7
5452	7 4 3 2
5453	3 7 2 1
5454	3 8 1 5
5455	6 2 3 1
5456	2 3 8 7
5457	1 8 5 3
5458	5 7 2 1
5459	1 7 6 2
5460	3 8 5 1
5461	6 4 7 3
5462	4 6 2 1
5463	8 5 6 2
5464	7 3 6 5
5465	2 3 4 8
5466	4 7 3 1
5467	1 8 7 6
5468	8 2 5 4
5469	8 6 5 7
5470	5 8 6 3
5471	4 8 6 3
5472	2 1 8 6
5473	3 7 8 2
5474	7 1 5 8
5475	8 5 3 7
5476	7 3 1 4
5477	5 2 3 6
5478	7 6 4 3
5479	7 1 3 4
5480	5 4 1 7
5481	3 8 5 4
5482	4 1 7 5
5483	3 4 6 8
5484	7 4 3 1
5485	8 5 7 1
5486	6 2 3 1
5487	3 2 6 5
5488	5 4 8 6
5489	1 7 5 6
5490	2 7 5 4
5491	3 7 4 6
5492	8 2 4 7
5493	5 6 2 7
5494	5 8 4 1
5495	2 1 3 8
5496	7 1 4 5
5497	2 3 4 6
5498	2 4 3 7
5499	5 4 8 7
5500	6 2 3 5
5501	4 3 7 8
5502	1 5 6 4
5503	4 3 6 5
5504	3 4 7 6
5505	5 1 2 7
5506	2 7 4 5
5507	1 2 4 7
5508	8 6 1 5
5509	2 7 6 1
5510	1 4 2 7
5511	4 8 7 5
5512	8 5 4 1
5513	6 5 2 8
5514	3 5 2 1
5515	6 4 5 1
5516	3 1 4 8
5517	3 1 4 7
5518	2 8 4 5
5519	6 3 1 4
5520	1 7 2 5
5521	4 6 5 2
5522	1 4 8 2
5523	4 3 6 1
5524	5 8 7 3
5525	7 6 4 5
5526	7 3 5 6
5527	6 4 8 2
5528	1 4 7 5
5529	7 6 3 2
5530	3 4 6 5
5531	1 2 6 8
5532	1 2 3 7
5533	3 4 6 2
5534	4 7 2 8
5535	4 3 1 7
5536	4 7 6 8
5537	7 1 6 8
5538	5 3 2 1
5539	7 8 1 3
5540	5 6 3 1
5541	2 6 1 3
5542	2 8 3 7
5543	7 4 5 3
5544	5 1 6 2
5545	1 5 2 6
5546	4 7 3 8
5547	8 4 2 7
5548	6 1 7 3
5549	4 3 8 5
5550	7 3 8 4
5551	3 7 6 1
5552	1 6 5 3
5553	7 6 3 1
5554	8 4 6 5
5555	6 3 7 8
5556	5 8 6 7
5557	8 1 6 2
5558	3 5 8 4
5559	7 6 2 5
5560	4 5 3 6
5561	1 4 2 3
5562	8 6 4 1
5563	1 7 5 6
5564	1 5 3 8
5565	1 6 8 3
5566	8 4 5 3
5567	6 2 3 1
5568	7 3 5 2
5569	3 7 4 5
5570	4 2 8 7
5571	8 5 2 7
5572	6 2 1 4
5573	7 3 6 4
5574	5 7 6 2
5575	2 7 5 3
5576	8 7 3 4
5577	6 3 8 2
5578	3 1 5 8
5579	5 4 6 2
5580	4 3 5 8
5581	2 4 6 3
5582	1 5 3 7
5583	5 4 2 3
5584	4 1 8 7
5585	1 5 3 8
5586	5 2 6 1
5587	5 3 1 6
5588	2 4 7 3
5589	6 1 5 8
5590	4 7 6 2
5591	5 8 6 3
5592	7 6 4 1
5593	7 4 5 6
5594	3 5 2 4
5595	5 8 6 2
5596	3 4 7 8
5597	2 8 1 6
5598	7 1 4 8
5599	2 8 7 3
5600	8 2 7 6
5601	1 3 6 5
5602	7 6 3 8
5603	7 3 1 5
5604	7 1 3 6
5605	7 4 2 3
5606	2 1 4 8
5607	1 2 3 6
5608	2 8 5 1
5609	8 2 1 7
5610	7 6 4 8
5611	6 3 2 7
5612	1 6 4 3
5613	1 7 3 8
5614	3 1 4 6
5615	5 8 3 1
5616	2 4 1 5
5617	2 8 6 5
5618	7 2 6 5
5619	8 3 1 5
5620	7 8 1 6
5621	5 8 3 2
5622	8 4 5 3
5623	1 7 2 3
5624	6 4 8 1
5625	3 4 1 5
5626	5 7 8 2
5627	5 1 7 4
5628	5 1 4 6
5629	4 7 2 6
5630	4 3 1 5
5631	5 1 7 3
5632	5 4 8 2
5633	8 6 1 3
5634	3 4 5 2
5635	1 3 6 4
5636	3 2 1 6
5637	4 1 7 5
5638	5 6 3 8
5639	1 5 6 8
5640	8 3 1 5
5641	8 2 5 6
5642	7 2 1 6
5643	4 3 8 7
5644	8 4 6 7
5645	3 7 1 8
5646	2 3 7 5
5647	4 5 8 3
5648	7 3 4 1
5649	8 5 6 7
5650	3 2 8 7
5651	5 1 8 6
5652	7 5 1 8
5653	7 1 4 6
5654	5 1 8 6
5655	4 7 2 6
5656	2 8 7 4
5657	8 5 1 3
5658	5 1 3 6
5659	2 7 1 5
5660	1 8 4 6
5661	5 8 2 4
5662	4 5 2 3
5663	7 5 8 3
5664	6 4 2 7
5665	4 3 2 6
5666	8 7 2 1
5667	3 2 5 7
5668	5 6 8 7
5669	5 6 2 4
5670	7 4 1 6
5671	5 2 8 6
5672	2 1 7 3
5673	8 3 6 5
5674	3 7 8 2
5675	1 8 4 6
5676	1 2 8 6
5677	1 7 4 5
5678	5 1 7 6
5679	6 2 1 7
5680	8 5 2 6
5681	2 7 6 8
5682	6 5 3 4
5683	7 2 5 6
5684	2 8 3 6
5685	5 6 2 7
5686	4 8 2 3
5687	8 6 1 2
5688	2 7 3 8
5689	7 8 5 2
5690	7 2 1 3
5691	1 8 4 3
5692	5 8 6 4
5693	8 7 6 1
5694	4 2 7 3
5695	6 3 4 5
5696	5 2 7 8
5697	6 8 4 3
5698	4 6 5 8
5699	5 1 3 7
5700	1 7 5 4
5701	1 7 8 5
5702	8 2 3 5
5703	3 6 7 5
5704	5 6 4 1
5705	7 5 3 4
5706	3 1 4 6
5707	1 7 2 6
5708	2 7 8 6
5709	4 6 3 1
5710	4 1 3 6
5711	2 4 5 8
5712	2 8 3 5
5713	3 1 5 6
5714	4 5 2 1
5715	7 5 1 3
5716	2 8 6 4
5717	6 3 5 4
5718	4 3 8 6
5719	3 8 2 6
5720	3 8 7 4
5721	6 4 2 5
5722	3 4 2 6
5723	2 7 6 8
5724	2 4 3 6
5725	2 7 3 5
5726	3 1 6 7
5727	6 1 7 2
5728	4 8 1 2
5729	4 1 2 5
5730	2 5 1 7
5731	8 2 7 3
5732	5 2 6 3
5733	1 2 6 7
5734	4 6 8 5
5735	5 8 7 6
5736	8 2 4 3
5737	2 7 8 6
5738	7 1 2 5
5739	3 7 1 5
5740	6 7 5 1
5741	8 5 4 1
5742	2 6 8 7
5743	3 5 7 1
5744	1 6 8 5
5745	1 6 5 7
5746	3 8 6 5
5747	4 6 3 7
5748	7 3 1 5
5749	2 7 6 8
5750	4 2 1 8
5751	2 7 4 1
5752	5 3 4 1
5753	7 6 4 3
5754	5 8 6 3
5755	8 7 6 4
5756	4 6 5 3
5757	8 3 4 1
5758	1 6 8 4
5759	7 2 8 1
5760	6 3 5 4
5761	3 8 6 4
5762	2 8 1 6
5763	6 1 7 5
5764	2 4 8 3
5765	2 7 3 1
5766	2 1 4 3
5767	8 1 3 6
5768	4 5 6 1
5769	1 5 6 4
5770	2 1 3 8
5771	4 7 5 8
5772	1 6 8 5
5773	2 3 4 6
5774	2 1 5 3
5775	4 7 8 2
5776	8 6 1 5
5777	6 5 2 3
5778	1 5 8 6
5779	4 3 8 1
5780	3 2 8 4
5781	6 7 4 3
5782	2 5 8 1
5783	6 7 1 4
5784	5 7 1 8
5785	6 3 1 8
5786	8 7 5 3
5787	4 5 3 6
5788	8 3 6 7
5789	7 1 6 5
5790	1 2 3 4
5791	2 4 3 8
5792	2 1 7 8
5793	4 7 5 6
5794	4 8 3 1
5795	2 4 1 3
5796	6 2 1 7
5797	7 8 1 5
5798	2 6 1 5
5799	2 4 3 6
5800	1 5 4 8
5801	2 3 7 1
5802	6 3 7 5
5803	1 5 2 4
5804	7 3 1 4
5805	7 4 8 5
5806	1 2 8 4
5807	7 4 1 3
5808	4 6 8 5
5809	6 3 8 4
5810	5 6 3 7
5811	7 6 5 1
5812	7 4 2 8
5813	8 1 2 7
5814	5 7 3 2
5815	2 7 8 1
5816	6 4 5 1
5817	8 5 7 6
5818	3 4 1 8
5819	7 1 3 5
5820	3 8 2 5
5821	4 8 5 3
5822	7 5 4 3
5823	2 1 8 7
5824	6 2 7 8
5825	8 7 6 4
5826	8 3 6 1
5827	8 7 3 1
5828	5 2 7 3
5829	4 7 1 6
5830	1 2 6 5
5831	6 7 3 8
5832	5 1 2 8
5833	1 2 4 3
5834	7 8 4 5
5835	7 1 6 4
5836	3 7 8 6
5837	1 3 6 4
5838	8 6 4 1
5839	6 1 5 8
5840	3 1 7 4
5841	2 4 7 6
5842	2 7 6 8
5843	4 8 6 3
5844	3 8 1 2
5845	8 3 7 5
5846	4 5 2 1
5847	4 7 2 5
5848	4 6 5 8
5849	6 5 3 7
5850	2 7 6 1
5851	3 1 4 2
5852	7 5 6 4
5853	6 4 7 8
5854	7 8 2 1
5855	5 4 2 6
5856	3 1 6 7
5857	1 4 6 7
5858	5 8 4 2
5859	8 1 5 2
5860	3 5 1 6
5861	7 5 6 3
5862	6 5 3 8
5863	8 1 6 7
5864	3 5 4 8
5865	7 1 8 5
5866	7 1 3 6
5867	7 2 3 1
5868	8 6 5 1
5869	2 3 4 6
5870	1 6 2 4
5871	7 8 1 4
5872	3 4 1 6
5873	6 4 8 2
5874	6 7 1 5
5875	8 7 6 1
5876	6 3 5 1
5877	6 4 8 5
5878	1 4 2 8
5879	2 7 6 5
5880	5 3 2 4
5881	4 6 3 1
5882	1 8 2 5
5883	6 7 5 2
5884	3 7 5 1
5885	1 2 6 5
5886	3 4 6 2
5887	8 3 1 4
5888	1 2 6 7
5889	3 4 7 2
5890	1 7 6 5
5891	3 1 4 2
5892	6 1 8 5
5893	2 3 5 8
5894	7 4 8 2
5895	3 8 1 4
5896	8 7 6 5
5897	6 1 5 4
5898	8 7 4 3
5899	7 8 2 6
5900	1 6 4 2
5901	3 7 5 6
5902	1 8 5 3
5903	5 3 2 1
5904	1 3 6 8
5905	5 8 6 4
5906	2 7 8 5
5907	6 7 5 8
5908	4 6 1 3
5909	2 6 5 3
5910	1 6 5 4
5911	4 7 5 1
5912	1 4 8 6
5913	2 3 7 8
5914	3 7 1 4
5915	8 3 1 4
5916	3 2 7 6
5917	4 5 3 2
5918	2 7 1 4
5919	5 7 8 2
5920	6 5 8 1
5921	5 4 8 3
5922	3 8 2 4
5923	1 3 7 2
5924	6 1 2 4
5925	6 1 5 7
5926	7 6 1 4
5927	6 4 3 2
5928	5 7 8 4
5929	7 2 3 6
5930	3 1 8 6
5931	6 1 5 3
5932	6 1 2 3
5933	8 6 4 2
5934	5 3 1 8
5935	1 7 8 6
5936	1 7 2 4
5937	2 6 7 5
5938	1 7 3 5
5939	3 2 1 4
5940	8 1 3 7
5941	3 4 2 1
5942	2 3 1 5
5943	6 3 5 7
5944	8 2 4 3
5945	2 6 8 1
5946	4 8 7 3
5947	2 7 8 5
5948	5 7 8 4
5949	5 7 2 6
5950	1 2 7 6
5951	3 7 2 6
5952	2 6 7 3
5953	4 5 2 7
5954	3 5 1 8
5955	3 2 1 6
5956	8 4 2 1
5957	4 6 1 3
5958	4 5 1 2
5959	8 3 5 1
5960	8 5 7 6
5961	7 2 5 6
5962	5 7 1 8
5963	2 8 4 3
5964	8 7 4 2
5965	5 3 8 7
5966	5 3 2 6
5967	6 2 4 7
5968	8 4 7 2
5969	4 6 8 2
5970	4 6 7 1
5971	6 1 5 3
5972	2 1 6 3
5973	1 3 6 8
5974	7 4 2 1
5975	7 8 6 5
5976	6 5 7 2
5977	5 2 7 6
5978	4 8 6 3
5979	6 7 3 8
5980	1 8 7 4
5981	5 4 3 1
5982	4 6 2 7
5983	1 2 4 7
5984	3 7 1 4
5985	4 5 7 6
5986	7 5 3 4
5987	4 3 6 7
5988	6 1 3 7
5989	8 1 6 3
5990	2 1 4 5
5991	7 2 3 8
5992	8 7 1 6
5993	4 2 7 5
5994	4 3 1 6
5995	2 7 6 5
5996	7 3 8 2
5997	5 2 4 7
5998	3 6 1 8
5999	7 2 3 1
6000	1 7 2 5
6001	7 3 5 1
6002	2 7 6 8
6003	3 4 5 2
6004	7 3 6 4
6005	8 5 2 6
6006	8 7 6 1
6007	7 5 3 8
6008	3 4 1 2
6009	4 6 2 8
6010	6 5 3 4
6011	3 4 6 1
6012	6 1 5 3
6013	8 5 3 4
6014	2 1 4 6
6015	6 5 1 4
6016	2 1 7 8
6017	1 7 2 3
6018	8 1 6 4
6019	4 3 6 8
6020	1 2 8 6
6021	7 1 8 6
6022	4 1 3 8
6023	5 6 1 8
6024	6 4 5 7
6025	7 6 4 5
6026	2 1 8 3
6027	1 5 7 6
6028	4 1 8 6
6029	1 6 7 4
6030	3 7 4 5
6031	4 7 6 1
6032	1 8 4 3
6033	7 3 8 2
6034	6 8 3 7
6035	2 6 8 4
6036	1 6 7 5
6037	3 7 6 5
6038	8 3 7 6
6039	5 4 2 8
6040	5 3 7 1
6041	2 8 4 1
6042	4 7 5 8
6043	1 8 4 2
6044	4 5 7 3
6045	7 1 8 3
6046	3 1 6 4
6047	7 5 4 2
6048	3 2 8 5
6049	8 4 7 5
6050	8 6 1 5
6051	3 5 7 6
6052	1 6 2 7
6053	6 1 2 3
6054	5 3 4 6
6055	8 4 3 1
6056	5 2 1 8
6057	5 6 2 1
6058	8 1 3 5
6059	1 7 5 8
6060	3 6 1 7
6061	3 8 6 7
6062	2 4 6 8
6063	8 3 4 5
6064	1 5 3 7
6065	8 1 3 5
6066	6 5 3 1
6067	4 8 5 3
6068	1 2 3 4
6069	2 1 6 4
6070	4 5 7 2
6071	3 6 4 5
6072	8 3 2 5
6073	8 2 4 5
6074	8 5 1 2
6075	7 2 3 1
6076	2 4 1 7
6077	2 5 1 8
6078	8 6 2 3
6079	2 7 4 6
6080	5 3 1 2
6081	3 7 1 5
6082	3 1 4 2
6083	6 8 1 4
6084	1 6 5 8
6085	7 5 2 4
6086	4 8 6 5
6087	2 1 4 8
6088	2 3 6 1
6089	8 3 5 2
6090	7 1 5 8
6091	5 3 7 6
6092	2 6 7 8
6093	2 5 4 1
6094	8 6 2 4
6095	6 1 5 8
6096	4 8 3 2
6097	6 2 7 4
6098	4 6 7 8
6099	8 7 4 2
6100	6 3 8 4
6101	2 4 8 3
6102	8 2 4 5
6103	3 2 6 7
6104	5 8 4 1
6105	5 3 7 8
6106	2 5 1 4
6107	1 6 2 8
6108	4 3 6 2
6109	1 7 8 2
6110	1 5 8 3
6111	3 7 4 1
6112	4 3 5 6
6113	6 5 8 1
6114	1 4 5 3
6115	6 8 4 1
6116	7 2 5 4
6117	2 8 1 5
6118	4 7 3 2
6119	7 5 1 2
6120	4 3 5 8
6121	2 1 8 3
6122	5 7 2 4
6123	6 8 1 5
6124	1 7 3 2
6125	2 6 1 7
6126	8 5 4 7
6127	2 8 7 4
6128	5 1 8 7
6129	6 3 1 5
6130	4 1 3 8
6131	2 6 3 7
6132	7 4 6 5
6133	8 2 3 6
6134	7 6 4 5
6135	1 3 4 8
6136	7 1 2 5
6137	8 4 5 6
6138	5 8 4 3
6139	8 5 3 1
6140	1 2 8 5
6141	8 1 2 4
6142	2 6 4 7
6143	1 4 5 3
6144	2 6 5 4
6145	4 6 5 2
6146	6 5 1 4
6147	3 1 4 8
6148	2 8 5 7
6149	1 3 8 4
6150	4 8 7 6
6151	5 4 1 7
6152	7 3 4 6
6153	6 4 7 1
6154	4 2 7 5
6155	3 5 6 7
6156	5 6 4 3
6157	2 5 6 7
6158	3 1 6 7
6159	1 5 3 2
6160	8 4 1 5
6161	2 1 6 8
6162	3 5 4 8
6163	4 1 3 6
6164	6 4 2 3
6165	7 1 5 4
6166	3 2 4 8
6167	3 1 7 8
6168	4 6 1 2
6169	3 6 1 4
6170	2 7 4 3
6171	3 4 7 6
6172	7 1 4 5
6173	6 5 2 8
6174	4 5 1 7
6175	7 6 8 5
6176	2 8 7 6
6177	2 6 5 1
6178	3 7 4 2
6179	6 8 5 1
6180	6 5 1 7
6181	1 4 6 5
6182	6 8 7 3
6183	3 6 2 7
6184	4 3 1 8
6185	6 1 3 5
6186	3 1 6 7
6187	1 7 3 4
6188	1 6 7 5
6189	3 5 8 1
6190	3 6 2 1
6191	5 1 7 2
6192	3 5 6 4
6193	6 7 5 4
6194	1 4 8 2
6195	4 8 7 6
6196	2 4 3 8
6197	6 7 3 1
6198	5 2 3 1
6199	6 1 8 5
6200	5 1 7 4
6201	5 2 1 3
6202	3 1 2 6
6203	1 8 6 3
6204	4 6 2 1
6205	4 1 7 6
6206	3 2 6 1
6207	8 1 5 7
6208	4 7 8 2
6209	4 1 8 2
6210	3 4 7 1
6211	8 5 7 6
6212	5 4 8 3
6213	6 2 4 7
6214	6 1 5 7
6215	6 4 5 1
6216	7 4 5 1
6217	5 1 8 3
6218	2 6 1 4
6219	2 3 4 8
6220	6 7 8 2
6221	2 7 8 5
6222	1 2 8 5
6223	5 1 4 8
6224	7 4 2 6
6225	3 7 1 8
6226	1 7 8 2
6227	4 8 6 5
6228	4 1 2 5
6229	2 4 5 7
6230	3 6 8 5
6231	4 1 7 8
6232	5 3 6 2
6233	3 6 1 4
6234	4 2 5 8
6235	2 5 8 1
6236	5 6 7 1
6237	7 8 1 3
6238	7 5 1 4
6239	6 3 2 4
6240	5 4 7 3
6241	5 6 3 8
6242	3 5 2 8
6243	4 6 7 8
6244	4 2 5 7
6245	8 2 3 6
6246	5 1 8 4
6247	8 5 4 7
6248	5 1 6 4
6249	8 5 1 7
6250	3 5 4 7
6251	4 5 1 7
6252	1 4 8 3
6253	5 4 2 1
6254	3 4 2 1
6255	3 1 5 4
6256	5 3 2 7
6257	3 7 5 6
6258	3 5 1 2
6259	3 4 8 7
6260	1 5 8 7
6261	7 3 5 2
6262	1 7 3 5
6263	3 5 8 7
6264	2 6 5 7
6265	7 4 3 1
6266	6 7 2 3
6267	5 1 8 6
6268	6 3 8 7
6269	4 7 1 3
6270	2 1 7 6
6271	3 2 1 7
6272	4 7 3 8
6273	1 5 2 8
6274	4 6 7 2
6275	4 8 3 6
6276	2 8 5 1
6277	7 2 5 4
6278	3 2 5 6
6279	3 1 7 8
6280	4 1 3 6
6281	6 7 3 1
6282	6 8 4 7
6283	7 3 4 8
6284	1 3 5 4
6285	3 6 8 5
6286	1 7 4 6
6287	1 8 7 6
6288	2 1 6 3
6289	6 5 7 3
6290	6 1 2 3
6291	8 6 2 7
6292	7 8 4 1
6293	5 8 3 2
6294	5 8 2 1
6295	2 4 1 6
6296	5 7 3 4
6297	8 2 4 3
6298	4 7 8 5
6299	2 8 7 1
6300	3 5 6 1
6301	4 7 5 8
6302	5 2 4 3
6303	6 1 7 5
6304	7 2 6 8
6305	6 5 8 4
6306	5 7 1 4
6307	7 2 3 4
6308	1 4 7 2
6309	1 3 6 4
6310	6 4 8 2
6311	2 6 4 7
6312	4 7 3 6
6313	6 8 5 4
6314	6 3 8 7
6315	5 8 4 2
6316	4 6 1 3
6317	2 4 5 6
6318	2 5 4 7
6319	7 3 8 2
6320	8 4 7 2
6321	5 8 1 2
6322	1 5 3 7
6323	7 3 4 5
6324	4 7 2 3
6325	3 7 6 1
6326	7 8 3 6
6327	3 1 6 2
6328	7 6 8 5
6329	2 6 8 7
6330	4 7 2 1
6331	5 4 2 3
6332	7 2 6 8
6333	7 3 4 2
6334	8 7 2 3
6335	3 6 2 7
6336	7 5 1 6
6337	1 8 5 7
6338	1 7 6 4
6339	6 7 8 5
6340	4 8 1 3
6341	2 6 7 1
6342	8 1 3 5
6343	4 6 5 1
6344	5 6 1 4
6345	8 4 2 5
6346	3 2 4 6
6347	5 6 7 1
6348	5 8 3 2
6349	2 8 6 4
6350	8 4 5 1
6351	6 3 7 2
6352	1 4 3 8
6353	6 4 5 7
6354	2 3 1 8
6355	1 3 4 7
6356	8 7 3 2
6357	4 7 1 2
6358	5 8 3 6
6359	7 8 4 5
6360	7 3 2 6
6361	4 5 2 8
6362	6 2 4 8
6363	1 7 2 6
6364	4 2 6 1
6365	6 3 8 1
6366	5 7 8 1
6367	7 2 5 6
6368	3 8 1 6
6369	2 4 3 8
6370	4 3 7 2
6371	2 6 7 1
6372	2 3 1 5
6373	5 2 3 8
6374	2 6 5 3
6375	6 2 5 4
6376	7 5 4 8
6377	8 3 2 4
6378	3 8 1 4
6379	6 8 2 3
6380	1 6 7 5
6381	4 7 5 1
6382	4 5 1 3
6383	4 2 3 6
6384	8 4 5 1
6385	2 6 1 4
6386	8 2 7 1
6387	8 7 4 5
6388	7 3 2 5
6389	1 7 3 5
6390	3 5 7 4
6391	3 6 4 8
6392	2 7 5 8
6393	5 4 6 1
6394	5 4 7 8
6395	4 8 1 3
6396	2 5 1 3
6397	2 3 5 6
6398	6 5 1 4
6399	3 2 7 6
6400	6 4 8 2
6401	4 6 5 3
6402	1 8 5 4
6403	7 2 3 5
6404	3 4 2 5
6405	1 4 7 6
6406	3 7 1 5
6407	4 7 2 1
6408	5 7 1 2
6409	1 3 6 4
6410	4 3 2 8
6411	8 7 4 3
6412	3 8 6 5
6413	6 8 1 2
6414	8 5 6 4
6415	2 8 7 5
6416	7 5 8 3
6417	4 5 8 6
6418	6 5 2 8
6419	1 6 4 5
6420	3 8 1 7
6421	7 8 1 4
6422	4 7 5 6
6423	7 6 3 1
6424	6 5 7 3
6425	1 5 2 6
6426	2 7 3 4
6427	2 3 7 1
6428	7 4 8 3
6429	6 8 2 4
6430	6 3 4 5
6431	4 6 7 8
6432	4 8 1 6
6433	2 4 1 3
6434	7 1 4 6
6435	3 4 8 6
6436	4 3 7 5
6437	4 6 8 7
6438	1 7 5 4
6439	7 5 3 8
6440	5 6 8 7
6441	1 4 2 3
6442	4 3 5 8
6443	7 3 1 4
6444	2 5 4 1
6445	6 3 2 1
6446	8 7 3 5
6447	3 2 6 5
6448	5 1 4 6
6449	8 1 3 6
6450	1 8 3 6
6451	6 5 1 3
6452	4 6 8 2
6453	4 7 2 1
6454	4 3 7 8
6455	4 8 5 2
6456	2 1 5 3
6457	7 5 1 4
6458	5 8 3 7
6459	4 3 2 7
6460	3 8 4 7
6461	1 4 5 2
6462	8 4 3 2
6463	7 8 5 6
6464	3 7 4 8
6465	6 3 2 8
6466	3 2 5 4
6467	3 6 7 1
6468	4 7 8 5
6469	6 5 8 2
6470	4 1 5 8
6471	6 3 1 2
6472	3 4 8 1
6473	6 1 7 5
6474	3 1 8 5
6475	1 5 4 2
6476	2 6 1 3
6477	8 7 2 3
6478	6 2 5 3
6479	5 1 3 2
6480	1 3 6 7
6481	2 6 8 4
6482	7 2 5 6
6483	1 8 5 7
6484	5 8 4 1
6485	4 2 3 7
6486	6 7 3 2
6487	6 2 8 7
6488	7 5 1 4
6489	6 1 3 2
6490	1 5 3 7
6491	2 6 4 1
6492	5 3 2 6
6493	7 6 8 2
6494	2 4 7 5
6495	6 4 1 8
6496	2 4 1 5
6497	7 8 3 1
6498	5 3 1 4
6499	5 8 3 2
6500	7 8 5 2
6501	7 8 4 6
6502	6 7 1 2
6503	4 6 3 7
6504	6 7 3 2
6505	7 5 3 1
6506	6 4 7 1
6507	1 8 3 4
6508	4 1 2 3
6509	3 4 5 6
6510	3 2 1 5
6511	2 5 8 6
6512	6 2 8 5
6513	3 1 8 4
6514	2 7 3 8
6515	4 6 1 3
6516	8 2 5 3
6517	3 1 7 2
6518	8 6 3 5
6519	8 3 5 6
6520	7 5 3 2
6521	1 3 7 4
6522	7 5 3 4
6523	6 4 5 1
6524	2 6 5 3
6525	2 4 5 1
6526	5 1 4 3
6527	2 8 4 6
6528	5 4 7 1
6529	5 1 3 8
6530	8 4 5 3
6531	1 3 2 4
6532	4 6 7 8
6533	4 3 7 8
6534	1 4 2 6
6535	6 7 5 3
6536	6 4 5 7
6537	8 6 5 2
6538	4 7 1 3
6539	1 2 5 7
6540	3 1 5 6
6541	4 3 7 6
6542	1 8 6 2
6543	2 1 4 3
6544	6 4 3 1
6545	5 2 4 6
6546	7 2 3 8
6547	3 8 1 5
6548	5 7 6 3
6549	7 6 5 1
6550	7 2 4 1
6551	3 8 2 6
6552	4 6 7 1
6553	2 8 6 3
6554	7 3 8 2
6555	7 4 8 5
6556	2 5 7 3
6557	2 6 7 3
6558	7 6 2 5
6559	2 5 7 3
6560	7 8 3 6
6561	5 1 6 7
6562	5 8 6 1
6563	6 2 4 3
6564	4 3 1 8
6565	8 1 2 7
6566	6 1 7 8
6567	7 2 1 4
6568	8 2 3 6
6569	1 7 4 6
6570	2 1 8 7
6571	1 6 8 3
6572	1 7 2 5
6573	8 5 4 3
6574	3 1 5 2
6575	6 5 1 7
6576	4 2 6 5
6577	6 3 2 4
6578	8 4 5 6
6579	4 1 6 5
6580	4 1 6 3
6581	2 3 1 6
6582	3 2 6 5
6583	4 3 8 5
6584	1 6 3 2
6585	8 4 5 6
6586	3 1 6 7
6587	2 3 7 6
6588	8 1 4 3
6589	2 7 5 6
6590	1 3 6 8
6591	6 2 3 5
6592	3 4 1 2
6593	3 2 1 8
6594	3 5 7 6
6595	4 5 7 8
6596	8 7 4 5
6597	8 4 6 3
6598	2 5 7 8
6599	4 1 8 7
6600	4 6 2 7
6601	7 4 5 8
6602	8 5 3 4
6603	7 2 8 5
6604	8 2 4 6
6605	5 1 6 2
6606	6 4 5 2
6607	3 2 7 8
6608	5 6 3 8
6609	4 3 7 8
6610	1 4 2 6
6611	5 8 3 1
6612	3 6 2 8
6613	5 8 2 4
6614	3 4 5 8
6615	3 2 6 5
6616	5 4 1 7
6617	2 3 8 6
6618	3 5 4 2
6619	1 7 8 4
6620	2 8 4 1
6621	2 5 6 8
6622	5 8 3 2
6623	1 8 6 7
6624	5 4 6 7
6625	6 4 8 5
6626	5 2 6 3
6627	8 7 2 6
6628	4 3 8 6
6629	6 4 7 5
6630	6 4 2 8
6631	8 7 4 2
6632	2 8 7 6
6633	7 1 6 4
6634	7 3 5 8
6635	2 8 5 4
6636	2 7 8 6
6637	7 6 5 3
6638	7 2 5 4
6639	3 4 8 6
6640	7 6 2 5
6641	7 3 6 5
6642	7 6 1 2
6643	4 2 3 7
6644	7 1 2 3
6645	7 5 8 4
6646	6 1 8 3
6647	2 8 6 1
6648	4 8 7 6
6649	8 4 3 5
6650	4 1 7 6
6651	7 8 6 1
6652	3 1 7 8
6653	6 3 1 2
6654	7 4 2 6
6655	2 1 8 6
6656	3 2 4 5
6657	4 8 5 6
6658	5 4 8 2
6659	6 3 8 5
6660	4 3 5 7
6661	7 8 4 5
6662	5 2 6 3
6663	8 6 5 7
6664	7 6 1 2
6665	8 1 3 4
6666	1 6 3 8
6667	3 8 4 6
6668	1 8 7 3
6669	4 6 1 3
6670	5 2 3 4
6671	8 3 6 7
6672	7 2 3 8
6673	7 5 6 8
6674	3 7 1 4
6675	5 7 8 2
6676	1 3 2 4
6677	3 6 7 2
6678	6 5 8 3
6679	2 3 6 5
6680	8 6 5 7
6681	7 6 3 2
6682	3 1 5 7
6683	7 6 3 8
6684	1 7 3 4
6685	2 7 1 8
6686	3 2 7 6
6687	4 7 8 1
6688	6 4 8 7
6689	6 7 2 1
6690	4 8 5 6
6691	2 5 3 8
6692	8 4 2 5
6693	1 3 8 5
6694	3 1 5 4
6695	3 5 2 4
6696	4 5 8 3
6697	5 1 7 8
6698	3 6 1 7
6699	6 1 3 8
6700	1 2 5 8
6701	7 6 4 5
6702	4 1 6 2
6703	5 6 4 2
6704	8 6 5 1
6705	1 5 6 8
6706	8 2 7 1
6707	1 3 4 7
6708	2 1 3 6
6709	8 1 4 7
6710	2 5 8 3
6711	3 6 2 4
6712	1 3 6 5
6713	8 7 3 4
6714	4 1 5 3
6715	1 5 8 7
6716	2 6 5 4
6717	4 1 8 3
6718	8 4 1 6
6719	8 6 5 4
6720	8 3 7 2
6721	2 4 1 8
6722	2 5 8 1
6723	5 8 2 4
6724	3 6 7 4
6725	5 6 4 1
6726	5 6 4 1
6727	5 2 6 7
6728	6 5 7 8
6729	1 3 7 2
6730	6 8 1 2
6731	7 6 5 8
6732	5 2 4 6
6733	6 5 8 2
6734	1 6 2 5
6735	6 5 8 1
6736	8 3 7 4
6737	8 6 2 1
6738	5 2 3 7
6739	8 5 4 7
6740	6 7 2 4
6741	8 6 1 2
6742	8 3 7 6
6743	6 3 5 7
6744	3 7 1 2
6745	4 1 5 2
6746	3 4 6 1
6747	4 8 1 5
6748	1 4 6 7
6749	7 3 5 4
6750	7 5 1 3
6751	2 8 1 4
6752	2 7 5 8
6753	1 2 4 6
6754	2 6 3 8
6755	8 4 2 1
6756	2 4 6 3
6757	7 3 4 1
6758	6 5 7 1
6759	3 4 1 2
6760	2 7 6 8
6761	1 4 3 6
6762	7 4 5 2
6763	8 4 3 2
6764	1 6 7 5
6765	2 3 4 6
6766	2 8 3 6
6767	1 3 2 4
6768	7 8 5 6
6769	3 2 7 1
6770	2 1 8 4
6771	3 2 8 4
6772	7 4 8 1
6773	7 2 8 1
6774	4 8 2 7
6775	1 5 8 4
6776	8 4 7 5
6777	8 5 2 7
6778	5 4 3 7
6779	6 5 4 2
6780	2 5 3 1
6781	4 2 5 7
6782	1 7 5 3
6783	8 4 6 7
6784	8 4 1 3
6785	4 5 2 8
6786	3 2 4 7
6787	1 6 4 7
6788	7 3 6 5
6789	8 2 7 5
6790	4 8 7 1
6791	8 2 5 4
6792	6 8 4 1
6793	7 4 2 6
6794	7 5 8 6
6795	8 2 4 1
6796	7 5 8 4
6797	7 2 4 8
6798	5 7 2 8
6799	6 5 2 1
6800	7 6 2 8
6801	3 8 5 6
6802	6 7 5 3
6803	2 4 6 5
6804	3 7 4 8
6805	2 8 6 1
6806	2 8 4 7
6807	1 5 6 2
6808	7 6 1 4
6809	8 6 2 1
6810	2 7 1 6
6811	6 5 8 3
6812	6 3 1 7
6813	3 4 8 6
6814	2 1 4 7
6815	8 1 6 2
6816	8 2 1 6
6817	7 6 5 2
6818	3 8 4 6
6819	4 3 2 6
6820	2 3 1 8
6821	1 7 4 3
6822	6 7 2 4
6823	3 2 7 1
6824	7 2 8 5
6825	3 5 4 8
6826	4 1 2 8
6827	3 2 6 1
6828	7 3 5 8
6829	6 7 4 3
6830	3 7 1 5
6831	7 8 3 5
6832	1 5 6 7
6833	6 2 4 7
6834	7 8 2 5
6835	4 1 5 6
6836	5 8 6 4
6837	8 7 2 4
6838	8 4 7 5
6839	7 4 8 2
6840	3 2 1 6
6841	7 4 8 3
6842	6 2 8 7
6843	2 1 8 6
6844	8 1 6 7
6845	8 5 6 4
6846	1 8 6 2
6847	2 8 3 4
6848	4 2 3 1
6849	5 7 6 3
6850	3 8 5 4
6851	7 6 5 3
6852	2 5 6 7
6853	6 4 8 1
6854	1 3 7 2
6855	4 6 3 8
6856	5 8 6 2
6857	2 4 3 7
6858	4 6 1 8
6859	7 8 5 4
6860	8 6 4 5
6861	7 3 1 5
6862	7 4 1 8
6863	2 5 1 6
6864	6 7 5 2
6865	5 6 7 2
6866	5 7 2 4
6867	4 8 3 5
6868	6 8 7 4
6869	5 4 1 8
6870	6 2 5 8
6871	3 4 8 6
6872	5 8 6 7
6873	7 2 4 3
6874	1 8 7 6
6875	4 1 6 2
6876	3 4 1 5
6877	8 1 7 3
6878	8 2 1 4
6879	4 6 5 7
6880	8 7 2 3
6881	6 7 2 8
6882	1 2 8 6
6883	8 7 4 3
6884	2 8 3 7
6885	2 1 8 6
6886	7 5 4 6
6887	1 4 5 8
6888	5 1 8 4
6889	2 3 8 5
6890	8 4 2 5
6891	1 3 6 5
6892	1 2 4 5
6893	6 8 5 7
6894	3 1 8 2
6895	6 8 7 1
6896	1 6 8 5
6897	2 7 3 4
6898	6 1 5 4
6899	6 2 4 3
6900	8 7 3 2
6901	2 1 3 8
6902	5 8 3 6
6903	6 3 2 5
6904	8 6 3 5
6905	1 8 3 2
6906	2 1 4 6
6907	5 7 2 1
6908	5 8 1 3
6909	4 3 1 5
6910	1 8 2 7
6911	8 5 3 1
6912	8 2 7 5
6913	7 8 3 2
6914	4 5 2 8
6915	2 4 6 7
6916	5 2 4 6
6917	1 2 3 8
6918	6 5 8 4
6919	8 5 2 7
6920	1 4 7 8
6921	6 4 5 8
6922	8 4 5 2
6923	3 5 6 4
6924	5 4 6 7
6925	4 7 2 1
6926	8 7 1 4
6927	6 7 4 3
6928	4 8 7 5
6929	8 4 7 3
6930	6 3 5 8
6931	4 8 7 5
6932	8 7 4 2
6933	7 5 6 2
6934	2 8 4 5
6935	2 5 3 7
6936	4 5 8 2
6937	4 1 2 3
6938	2 1 4 7
6939	5 3 7 6
6940	5 4 1 8
6941	2 6 3 8
6942	8 3 4 5
6943	2 5 6 3
6944	4 6 3 7
6945	2 4 1 6
6946	8 2 1 7
6947	5 1 6 2
6948	8 3 5 2
6949	2 7 5 4
6950	6 3 2 1
6951	7 2 1 8
6952	7 3 1 4
6953	6 5 4 3
6954	7 3 5 2
6955	1 7 5 2
6956	4 5 1 8
6957	6 7 3 8
6958	1 7 5 2
6959	5 8 3 2
6960	6 5 1 4
6961	4 3 7 2
6962	8 4 5 2
6963	2 5 8 3
6964	8 7 5 4
6965	7 8 4 2
6966	2 7 5 1
6967	3 4 5 2
6968	4 2 3 8
6969	8 3 6 7
6970	5 7 8 2
6971	2 7 1 8
6972	5 3 6 2
6973	1 3 5 4
6974	4 8 1 5
6975	6 2 4 5
6976	2 6 4 1
6977	2 1 6 4
6978	4 1 8 3
6979	7 6 3 8
6980	8 6 7 3
6981	3 6 2 5
6982	3 2 5 1
6983	7 6 2 3
6984	1 6 5 3
6985	5 1 7 3
6986	6 4 2 3
6987	3 2 6 8
6988	5 3 8 1
6989	6 2 7 4
6990	5 2 3 1
6991	7 8 2 3
6992	7 1 3 4
6993	3 4 2 5
6994	3 7 5 4
6995	3 6 1 5
6996	4 2 3 7
6997	7 1 3 5
6998	6 4 7 8
6999	6 1 8 5
7000	5 7 8 1
