Course	Room	Teacher	Time	Students
1	PK338	1	13	1 20 32 147 244 262 399 423 583 711 733 759 794 1091 1101 1113 1133 1153 1165 1285 
2	PK278	2	8	1 29 109 110 133 181 185 273 364 395 459 505 679 704 793 924 941 949 994 1015 1098 1099 
3	PK179	3	11	2 176 530 548 637 684 763 1141 1175 1228 1244 1272 1298 1411 
4	PK278	4	9	2 166 202 221 231 239 240 365 367 449 452 626 663 750 764 771 780 1079 1458 1478 1554 1556 1618 
5	PK25	5	7	2 186 189 248 255 335 518 523 525 582 748 749 804 893 957 967 1001 1048 
6	PK336	6	4	3 458 636 799 931 1459 1479 1565 
7	PK349	7	12	3 48 185 356 458 534 559 565 606 655 668 676 689 695 753 784 857 932 935 942 965 990 1042 1054 1238 1412 1479 1498 
8	DAL315	8	5	4 147 152 224 307 330 369 451 622 969 1041 1082 
9	DAL119	9	11	4 25 275 293 677 1528 
10	PK243	10	4	4 116 420 687 811 845 976 1103 1451 1519 1575 
11	PK336	11	13	5 15 585 1171 1229 1410 1481 
12	PK243	12	5	6 122 335 629 724 762 953 968 1216 1377 1622 
13	PK278	13	16	227 269 332 415 419 444 500 516 582 625 673 785 1044 1138 1151 1193 1262 1305 1418 1543 
14	PK20	14	16	6 18 81 126 142 144 155 226 232 235 261 268 322 357 376 424 433 436 450 476 508 526 555 579 616 649 653 657 662 675 709 729 738 747 762 766 783 791 872 1083 1301 1438 1492 
15	PK349	15	10	7 28 33 35 39 90 120 279 415 445 454 471 502 665 688 696 700 788 804 807 808 842 862 884 911 917 919 1466 1530 
16	PK234	15	11	7 192 272 502 842 888 917 958 1101 
17	DAL315	16	8	7 35 259 403 546 677 707 862 885 911 1039 
18	PK20	17	7	8 9 13 41 42 54 107 121 127 141 142 158 200 213 222 229 244 245 261 262 268 269 300 305 311 373 377 390 398 399 400 428 432 461 462 464 483 494 497 500 552 554 585 620 644 647 652 659 717 727 735 738 740 743 755 777 779 784 964 1038 1212 1405 1413 1533 1573 
19	PK25	18	1	8 54 213 253 402 438 489 498 643 710 729 734 735 749 790 930 964 1447 
20	PK25	19	13	8 22 31 37 71 88 110 298 467 527 537 592 602 691 853 873 898 
21	PK336	20	14	9 32 59 74 292 441 443 595 
22	CARP21	21	10	9 62 63 92 287 299 344 435 541 624 630 707 969 1437 
23	PK234	22	2	10 26 79 84 89 475 511 610 1442 
24	PK179	23	14	11 92 261 299 344 361 366 419 624 633 719 778 969 1014 1024 
25	PK243	24	8	12 19 41 118 180 297 384 386 390 668 674 
26	PK179	25	17	69 293 302 514 533 551 553 576 587 613 648 740 755 1471 
27	PK349	26	6	13 40 41 44 70 76 93 118 121 127 135 154 158 191 213 223 268 300 305 311 319 400 406 424 440 461 554 620 727 736 738 795 
28	PK20	27	10	13 25 70 137 140 159 171 198 200 214 226 238 269 290 297 305 319 334 372 373 374 391 398 408 428 448 462 494 497 521 611 644 659 674 717 777 783 786 823 866 871 900 963 967 981 986 1002 1033 1097 1350 1359 1448 1482 1554 1556 1573 1600 1625 
29	PK234	28	10	208 492 569 738 771 1018 1548 1593 
30	PK179	29	15	14 134 164 393 456 463 473 627 716 991 1303 1569 
31	DAL300	30	4	14 157 346 347 597 887 1481 
32	PK349	31	5	14 15 50 72 80 94 102 104 125 203 281 347 352 383 394 417 455 470 476 508 512 513 532 540 594 597 600 609 678 681 687 787 1102 1481 
33	PK234	32	1	15 60 73 78 531 694 822 891 904 1446 
34	PK234	20	12	15 73 78 172 881 891 1169 1420 
35	PK336	33	15	16 19 61 103 111 
36	DAL119	34	14	14 16 123 553 805 1094 1446 
37	CARP25	35	1	16 19 257 406 434 
38	DAL119	35	16	16 51 103 468 848 1639 
39	TH224	36	5	17 97 298 605 705 1623 
40	PK25	37	17	18 104 298 342 456 539 705 744 802 830 858 872 922 1084 1464 1594 1623 
41	PK234	38	9	19 44 48 70 86 180 191 214 374 1528 
42	TH224	39	6	20 100 479 741 1102 1640 
43	PK20	40	11	21 37 49 53 58 64 65 66 77 96 97 98 106 118 129 141 171 179 193 196 199 209 255 263 278 280 289 301 318 380 395 404 407 427 430 466 483 487 523 528 535 536 603 607 615 671 716 793 1104 1406 1469 1477 
44	PK349	41	7	21 53 77 95 97 98 114 129 131 276 280 289 301 350 354 380 392 446 471 487 501 503 512 528 535 603 670 876 883 1452 1456 1469 1624 1635 
45	PK338	19	14	22 24 88 94 136 194 258 271 537 556 592 602 691 693 721 734 737 809 853 873 
46	PK25	42	15	23 37 230 422 496 575 791 798 847 858 942 996 1008 1087 1106 1595 
47	PK349	43	13	23 42 106 118 156 184 196 233 267 318 345 349 390 427 446 464 478 483 536 598 742 835 843 883 923 1555 
48	PK278	44	17	23 30 114 117 118 276 278 345 349 350 380 381 466 478 501 528 535 670 713 1469 1532 
49	PK25	45	9	23 37 93 184 274 363 392 435 630 670 683 793 803 864 979 1005 1098 
50	PK349	46	2	24 121 145 245 315 333 341 413 473 484 504 543 547 577 580 606 616 667 732 776 910 977 1026 1046 1064 1085 1110 1111 1184 1207 1459 1479 1480 1545 1560 
51	PK349	47	9	24 136 153 154 258 312 321 329 413 636 721 775 798 809 930 934 937 1139 1178 1187 1203 1209 1237 1298 1311 1352 1369 1397 1410 1447 
52	PK338	9	1	25 65 76 93 140 180 208 230 238 252 306 319 374 516 519 574 677 731 736 1000 1429 1430 
53	CARP21	48	12	26 264 519 1173 1197 1237 1242 1292 1331 1362 1391 1417 1475 
54	TH224	32	4	176 955 1003 1281 
55	PK243	49	6	27 89 202 242 336 748 849 931 1008 1543 1558 
56	PK20	15	14	28 237 260 411 457 567 751 760 772 927 946 992 1049 1058 1060 1077 1118 1122 1138 1146 1169 1195 1199 1204 1216 1227 1241 1245 1247 1268 1280 1313 1319 1323 1328 1345 1351 1354 1359 1365 1366 1371 1382 1478 1524 1602 
57	PK20	50	9	29 64 87 160 164 210 227 234 241 251 256 268 269 271 294 314 391 393 524 564 651 656 692 715 733 752 757 768 777 815 1031 1091 1094 1114 1127 1134 1152 1166 1186 1208 1214 1220 1241 1243 1246 1258 1261 1289 1294 1305 1309 1312 1329 1336 1341 1375 1394 1402 1428 1488 1494 
58	DAL315	33	6	31 286 391 635 703 708 975 1000 1429 1448 1470 1494 
59	CARP21	14	13	43 107 119 145 177 425 504 538 591 613 827 1585 
60	PK338	38	6	34 143 172 195 198 254 301 303 320 324 535 596 832 871 1574 
61	PK25	4	16	36 75 105 125 130 281 285 477 542 590 599 672 721 998 1437 1575 1630 
62	PK278	4	5	36 38 69 75 82 105 115 120 130 205 277 348 353 477 505 593 672 679 680 684 710 851 1437 
63	PK338	51	7	36 99 108 291 364 365 376 445 458 505 635 705 847 864 873 1476 1488 1531 1644 
64	TH224	52	7	575 732 885 954 
65	CARP21	19	15	557 737 775 786 805 1149 1447 1473 1476 1489 
66	CARP25	53	5	243 290 711 
67	CARP21	54	14	40 56 73 388 397 424 426 440 444 601 664 675 1449 
68	PK179	55	16	40 73 137 143 150 172 195 198 303 310 320 405 611 683 1475 
69	PK338	56	3	40 47 48 67 86 91 107 108 109 133 139 160 161 337 352 429 565 703 820 900 922 996 
70	DAL300	57	1	42 318 355 435 536 698 1552 
71	PK25	58	2	44 93 206 226 268 274 300 305 331 372 387 574 619 657 1476 1485 
72	PK20	55	4	45 219 223 224 225 226 230 232 252 287 306 307 312 330 331 334 361 367 372 411 412 448 450 451 452 453 490 516 519 521 549 551 574 576 583 587 616 633 650 686 720 731 756 766 770 778 785 1122 1132 1139 1148 1151 1178 1190 1193 1205 1239 1242 1245 1250 1262 1275 1276 1283 1314 1321 1363 1368 1370 1379 1391 1401 1429 1476 1484 1554 1556 
73	PK338	59	8	45 46 55 122 128 132 283 284 291 416 442 499 510 534 666 701 841 888 1526 1569 
74	DAL119	25	1	38 48 105 130 290 597 711 1641 
75	DAL315	35	10	49 168 339 359 413 465 656 795 996 1073 1536 1589 
76	CARP21	60	1	50 124 429 512 513 573 589 594 635 642 678 690 1047 1066 
77	PK179	61	7	50 104 281 313 338 352 394 530 540 550 594 687 716 1611 
78	PK25	13	3	25 51 558 636 651 693 759 809 827 889 898 936 960 1111 1164 1191 1222 1298 1479 
79	PK234	62	13	51 87 275 377 392 475 723 821 1581 
80	PK338	63	2	52 95 239 255 326 409 437 449 632 641 725 746 769 874 944 1089 1096 1458 1615 1631 
81	PK20	64	13	52 127 135 148 178 216 256 296 323 332 356 486 520 619 622 638 661 714 730 747 761 763 789 1060 1119 1152 1154 1192 1214 1223 1236 1244 1257 1279 1284 1288 1292 1311 1317 1318 1341 1379 1418 1491 1525 1566 1576 1636 
82	PK234	65	14	53 140 372 485 500 517 593 1409 
83	CARP21	24	4	54 170 384 406 708 803 861 870 882 939 951 1440 1457 1528 
84	TH224	66	9	55 519 534 1293 1541 1569 
85	TAYF	67	1	55 243 283 860 
86	PK336	49	16	57 474 506 669 713 849 921 1090 
87	TAYF	68	11	116 
88	PK278	69	10	58 355 414 582 749 792 948 1009 1016 1017 1023 1028 1030 1032 1040 1072 1086 1452 1499 1500 1591 1592 1643 
89	PK338	70	4	59 74 106 127 146 151 152 162 234 275 444 543 579 591 617 717 801 1000 
90	EHLEC	71	6	59 1063 
91	TAYF	72	8	60 531 844 
92	PK234	71	4	60 210 309 711 745 782 977 1374 1460 
93	DAL315	73	1	61 344 672 833 875 899 943 999 1036 1351 1463 1467 1551 
94	PK349	74	3	63 87 99 153 165 167 169 187 195 231 234 294 314 325 329 331 338 386 409 445 465 495 510 526 548 575 584 595 643 653 723 728 741 802 862 892 1574 
95	PK20	75	12	64 128 131 207 247 270 327 365 410 427 487 491 522 601 654 718 722 752 776 808 984 1081 1123 1130 1161 1174 1179 1182 1198 1201 1202 1211 1225 1236 1240 1270 1322 1332 1342 1348 1356 1371 1381 1384 1389 1393 1403 1425 1541 1559 1584 
96	PK25	76	10	64 114 156 179 184 196 278 350 381 430 533 598 603 647 905 908 1477 1576 
97	DAL315	77	11	68 83 144 161 190 302 676 856 988 1426 1438 1457 
98	TAYF	52	10	71 88 110 
99	PK278	78	11	71 72 87 101 103 244 252 266 351 359 438 468 568 667 693 715 729 734 735 757 1559 1595 
100	DAL119	79	17	108 188 258 445 592 626 
101	DAL315	80	9	73 143 150 172 195 198 303 310 320 324 405 1475 
102	PK336	81	3	78 148 149 235 295 362 1542 1586 
103	DAL300	72	2	78 292 822 928 1407 
104	PK243	49	7	76 79 316 511 610 974 1367 1396 1403 1604 
105	PK25	22	11	11 79 89 95 174 189 205 455 588 617 641 663 843 956 981 1074 1076 1564 
106	PK243	82	9	81 175 183 397 416 447 612 708 745 
107	CARP25	66	10	81 495 694 1254 
108	TAYF	83	9	1 82 859 
109	CARP25	84	3	82 112 115 957 1540 
110	PK25	82	4	83 240 368 580 761 765 781 1127 1154 1220 1238 1287 1290 1483 1512 1557 
111	TAYF	85	2	83 992 1366 
112	PK234	39	3	20 85 100 101 277 353 469 513 806 1637 
113	PK234	34	15	89 252 352 460 499 543 1482 1502 
114	PK338	86	9	90 173 215 260 284 330 628 767 788 818 825 842 862 927 980 1013 1024 1039 1049 1587 
115	DAL315	87	12	92 287 549 631 778 877 912 973 1024 1052 1495 
116	PK25	88	6	72 94 165 220 257 351 382 417 450 455 584 662 872 918 1010 1272 1444 1575 1580 
117	CARP21	81	16	80 84 94 104 113 165 295 455 627 629 918 924 1444 1486 
118	PK336	32	17	14 95 212 408 928 1411 
119	PK234	89	8	116 126 179 188 201 481 699 852 893 
120	PK338	90	15	102 208 251 361 419 453 540 541 602 631 683 771 836 916 940 1007 1495 1534 1614 1634 
121	PK179	29	8	102 148 187 203 379 383 470 508 532 681 687 724 730 1439 1586 
122	CARP25	67	13	103 164 187 1573 
123	PK20	91	15	67 70 81 108 121 139 144 155 185 190 206 236 241 274 280 282 326 333 337 375 399 408 412 428 433 469 470 484 504 535 547 591 657 668 686 695 766 769 799 831 952 965 1085 1465 1484 1528 
124	PK338	92	16	111 270 549 595 615 633 645 719 787 817 837 912 956 1039 1049 1088 1334 1459 1570 1580 
125	PK338	93	10	112 202 329 402 693 1092 1165 1174 1184 1228 1248 1249 1252 1265 1279 1283 1287 1305 1362 1392 1393 
126	PK25	94	12	112 125 188 246 296 385 452 599 613 641 985 1037 1089 1287 1441 1461 
127	DAL300	4	3	116 542 590 706 712 848 1630 
128	PK179	95	1	112 117 193 204 503 509 961 997 1056 1061 1062 1065 1075 1488 1504 1555 1561 
129	PK234	96	17	44 120 167 527 599 680 895 908 914 
130	PK20	97	2	122 149 163 212 228 229 246 250 253 304 313 342 344 371 377 384 406 412 450 468 555 558 559 585 622 645 648 660 661 662 721 747 761 770 775 780 783 788 976 1011 1014 1055 1079 1103 1121 1126 1127 1132 1134 1137 1140 1141 1145 1148 1150 1155 1157 1167 1168 1175 1189 1192 1193 1195 1203 1206 1209 1218 1226 1230 1233 1242 1246 1270 1295 1297 1313 1319 1323 1326 1337 1343 1344 1348 1356 1363 1365 1367 1368 1370 1374 1378 1380 1384 1385 1387 1395 1400 1413 1417 1419 1422 1433 1434 1435 1441 1483 1508 1517 1583 1608 
131	PK234	98	5	46 132 309 442 534 704 746 1059 1443 
132	DAL315	99	13	123 134 157 222 346 357 362 387 565 597 838 1235 
133	PK25	100	14	128 266 396 416 510 520 594 715 750 940 945 1031 1103 1114 1224 1251 1264 1271 
134	PK349	14	17	131 186 264 283 315 341 352 484 582 589 618 695 781 959 1263 1318 1329 1353 1363 1444 1452 1492 1533 1611 1642 
135	DAL315	101	14	134 235 267 295 552 582 597 627 1018 1066 1402 1426 
136	EHLEC	102	9	72 134 605 
137	DAL300	47	5	136 194 312 556 734 934 937 
138	PK25	103	5	138 413 468 490 526 736 931 1019 1040 1050 1051 1136 1177 1275 1477 1511 1516 1562 
139	DAL315	104	7	100 140 629 677 696 850 909 917 953 1090 
140	PK278	7	1	139 142 144 160 174 176 181 185 190 200 341 375 420 547 550 559 563 606 668 676 682 695 697 702 709 828 
141	PK20	26	3	141 143 203 219 222 232 244 245 254 320 367 399 408 411 432 483 490 569 581 583 619 635 647 655 656 664 688 740 755 756 757 784 786 871 976 1044 1105 1109 1113 1116 1125 1137 1140 1144 1151 1153 1155 1156 1159 1163 1176 1177 1182 1185 1192 1196 1205 1209 1213 1215 1232 1237 1238 1239 1244 1247 1274 1278 1296 1315 1325 1329 1337 1338 1339 1342 1344 1357 1364 1378 1383 1393 1397 1399 1400 1401 1412 1419 1425 1478 1493 1618 
142	PK278	68	6	146 159 188 189 291 315 378 504 580 617 706 781 813 819 826 838 848 880 933 987 1352 1551 
143	PK349	105	14	148 165 181 184 229 337 358 375 376 395 449 456 465 488 563 589 774 791 793 886 899 951 954 994 1044 1099 1100 1547 
144	DAL300	1	6	149 200 214 518 1035 1424 
145	PK20	74	6	137 150 178 204 218 233 247 249 261 262 310 327 335 363 373 401 405 439 448 462 464 494 500 516 525 542 557 604 611 632 639 644 650 671 722 763 1009 1016 1021 1022 1070 1129 1136 1162 1165 1178 1198 1210 1211 1212 1240 1254 1259 1260 1273 1317 1320 1325 1327 1330 1349 1362 1364 1376 1377 1389 1406 1418 1421 1474 1607 
146	DAL300	50	8	151 206 251 441 549 1053 1411 
147	DAL315	106	2	147 153 476 652 681 743 758 773 810 815 995 1215 1507 1638 
148	PK243	107	10	155 223 357 358 431 459 621 649 959 971 1535 
149	DAL300	36	9	156 229 434 555 627 744 1501 
150	DAL119	37	2	97 156 221 436 927 972 1572 
151	DAL300	15	12	158 463 1010 1170 1224 1290 1301 
152	PK179	108	9	105 159 186 313 335 355 371 478 518 580 748 804 958 1101 1483 1603 
153	PK278	109	12	101 162 169 173 210 363 367 402 658 684 771 1115 1131 1162 1183 1187 1207 1217 1227 1424 1447 1472 
154	PK234	20	6	99 162 250 292 314 443 692 1101 1312 
155	DAL119	110	5	163 339 491 495 624 652 776 1081 
156	PK179	111	2	165 288 298 351 501 537 569 702 737 797 820 886 924 949 1099 1446 1585 
157	PK349	23	11	74 166 259 277 378 437 640 658 678 719 746 754 778 787 927 1007 1013 1014 1024 1119 1219 1256 1264 1285 1422 1433 1606 1628 1629 
158	PK278	112	13	168 211 579 636 762 891 966 975 992 1078 1168 1179 1202 1234 1268 1275 1291 1315 1340 1416 1487 1599 
159	DAL300	113	10	135 285 286 585 915 1610 
160	PK278	8	14	173 215 256 330 673 696 749 1131 1140 1149 1164 1179 1191 1208 1231 1327 1337 1343 1394 1415 
161	PK243	52	11	167 385 558 625 703 758 902 903 934 1538 
162	DAL119	46	6	139 174 547 667 702 776 922 
163	CARP21	114	2	178 338 573 1118 1129 1199 1252 1281 1284 1302 1414 1416 1420 
164	PK338	115	11	245 247 324 327 336 497 593 623 626 647 661 792 1158 1161 1186 1255 1334 1430 1445 1537 
165	DAL300	52	13	109 181 489 676 847 979 1473 
166	PK338	101	17	67 71 84 88 99 171 182 228 235 338 393 573 660 747 752 1166 1311 1453 1546 
167	PK243	116	12	175 183 371 393 438 646 941 1063 1119 1453 1503 
168	PK338	95	5	190 216 217 225 264 323 354 360 397 493 520 641 698 742 950 978 1004 1012 1071 1577 1578 1613 
169	PK179	98	3	83 192 309 317 610 612 646 859 879 1063 1088 1428 1454 1553 1582 
170	CARP25	5	14	193 632 839 1539 
171	PK278	110	7	193 216 239 404 407 437 650 653 791 1196 1220 1222 1232 1235 1278 1304 1342 1346 1358 1372 1399 1415 1513 
172	TH224	117	15	120 194 457 592 628 
173	PK179	102	6	194 236 334 369 451 489 599 614 638 655 764 1261 1274 1310 1324 1419 
174	PK243	118	13	197 260 370 403 482 628 818 911 919 1605 
175	PK243	119	14	204 225 264 503 572 742 1045 1062 1145 1321 1577 
176	PK336	55	1	27 206 404 616 1290 1358 1369 1419 
177	EHLEC	58	10	850 
178	DAL300	120	7	209 215 321 435 486 658 720 
179	PK278	121	4	26 211 212 328 621 660 829 906 989 1057 1144 1158 1166 1167 1219 1235 1258 1264 1267 1285 1300 1423 1493 1588 1597 
180	PK349	122	16	169 212 241 340 401 463 727 786 866 1109 1114 1122 1159 1164 1219 1222 1280 1320 1327 1347 1355 1358 1359 1375 1380 1431 
181	CARP25	123	2	215 218 401 650 1377 
182	DAL315	108	3	571 623 838 890 901 934 1064 1067 1072 1480 1483 1579 
183	CARP21	75	3	66 217 264 425 466 472 480 507 607 714 739 742 865 938 950 
184	PK179	49	10	209 218 249 392 439 464 526 572 596 1121 1386 1460 1617 
185	CARP21	124	5	220 228 562 768 1077 1115 1160 1249 1257 1294 1423 1517 1609 
186	CARP21	125	17	153 220 394 396 470 507 600 634 640 756 869 896 993 1037 
187	CARP25	126	6	224 926 1068 1296 1510 
188	CARP25	127	4	113 227 461 493 
189	PK20	77	8	96 211 219 231 263 272 325 332 336 342 363 398 421 461 485 491 584 588 622 634 637 639 661 690 706 758 765 781 785 1091 1124 1133 1143 1149 1154 1159 1172 1173 1206 1213 1214 1224 1229 1231 1270 1273 1282 1308 1312 1325 1336 1345 1346 1361 1368 1385 1387 1424 1442 1453 1478 1493 1522 1575 
190	CARP21	85	6	237 248 259 265 279 284 370 457 628 696 751 788 816 818 1466 
191	PK20	108	5	155 202 237 250 322 329 389 453 465 487 494 663 685 750 751 760 772 780 1020 1110 1112 1118 1126 1132 1133 1135 1138 1141 1180 1188 1189 1194 1199 1200 1210 1223 1226 1230 1248 1251 1260 1263 1265 1266 1271 1280 1295 1296 1307 1309 1315 1316 1320 1328 1333 1335 1338 1354 1355 1363 1365 1372 1376 1383 1391 1392 1398 1401 1405 1406 1408 1428 1474 1505 1543 1554 1626 
192	PK349	40	8	238 521 784 880 1028 1032 1112 1156 1177 1188 1190 1196 1200 1205 1221 1250 1262 1263 1272 1281 1284 1306 1314 1316 1335 1350 1353 1354 1355 1360 1383 1398 1414 1544 
193	PK25	128	8	217 239 359 434 525 613 623 653 753 769 774 794 1169 1218 1269 1458 
194	EHLEC	129	7	242 789 
195	DAL315	10	15	243 253 522 589 751 878 982 1073 1432 1455 1514 
196	CARP21	130	7	27 80 102 249 562 572 583 686 1226 1353 1376 1507 1523 1567 
197	EHLEC	104	2	279 804 
198	DAL315	60	16	266 325 609 768 840 846 1011 1404 1415 1596 
199	PK179	44	12	42 56 98 267 390 404 439 557 615 716 720 797 
200	PK349	131	4	207 270 271 285 326 337 447 496 514 547 571 620 624 649 657 757 1082 1093 1094 1188 1232 1246 1260 1289 1309 1318 1323 1336 1353 1356 1367 1371 1382 
201	PK278	53	15	132 201 273 374 414 568 754 884 1125 1152 1158 1160 1167 1191 1207 1223 1230 1239 1266 1276 1369 1372 
202	TAYF	132	12	275 882 909 
203	PK20	133	17	12 255 262 267 304 324 366 419 502 541 652 722 727 800 1136 1145 1171 1180 1200 1211 1216 1221 1233 1259 1297 1306 1308 1313 1326 1331 1343 1360 1361 1374 1389 1395 1414 1427 1558 
204	TH224	129	8	72 289 837 867 913 1021 
205	TH224	32	2	314 441 455 544 548 
206	PK234	20	16	149 318 362 515 600 754 792 1197 
207	PK336	134	2	321 348 447 925 1048 1081 1421 
208	PK336	98	6	308 730 790 810 827 962 1443 1526 1527 
209	DAL315	128	4	2 154 168 200 214 316 522 777 986 1347 1417 1449 
210	PK179	126	4	317 401 488 536 565 659 739 743 789 855 1068 1117 1256 1411 1573 
211	PK336	135	5	327 459 796 1025 1080 1171 1174 1186 1633 
212	TAYF	136	3	389 460 
213	PK338	137	12	230 341 488 515 731 735 783 950 1157 1168 1218 1221 1269 1279 1291 1293 1303 1374 1387 1423 
214	EHLEC	130	8	343 604 
215	PK179	138	5	109 293 302 345 514 533 551 553 576 587 861 983 1442 1470 1534 1541 
216	CARP25	88	8	350 400 451 498 1559 
217	DAL300	41	14	77 131 301 1452 1456 1532 
218	DAL119	84	9	277 316 353 360 883 1407 1590 
219	DAL315	132	17	354 480 714 739 948 950 1450 1578 1601 1613 
220	TH224	139	11	355 418 426 608 698 1455 
221	PK336	140	8	84 327 366 447 712 1277 1413 1441 
222	EHLEC	141	11	364 724 
223	TAYF	52	4	364 786 947 996 
224	PK278	142	2	366 554 1112 1139 1143 1156 1182 1217 1256 1258 1267 1304 1306 1340 1346 1360 1361 1373 1388 1392 1409 1509 1632 
225	DAL119	36	3	613 639 770 1282 1351 1484 
226	PK278	82	3	346 369 377 789 1124 1146 1162 1181 1194 1195 1227 1234 1249 1251 1328 1349 1390 1398 1403 1405 1460 
227	DAL300	79	11	8 253 379 737 773 930 1340 
228	PK243	143	15	382 402 863 1137 1217 1278 1472 1490 1506 1586 
229	PK336	78	7	111 191 257 382 434 684 913 1069 1448 
230	TAYF	17	13	388 440 834 
231	TH224	123	12	397 418 426 608 670 854 
232	TH224	94	13	61 336 414 779 1019 1480 
233	DAL119	102	7	417 456 773 851 1464 1468 1572 
234	TAYF	144	5	420 1451 1531 1568 
235	TH224	145	10	422 530 532 799 814 841 
236	DAL300	20	15	232 325 431 439 598 932 1299 
237	TAYF	42	6	437 556 937 1006 
238	EHLEC	146	3	162 443 733 
239	CARP25	141	15	34 993 1428 1471 
240	EHLEC	147	13	471 
241	DAL119	132	4	86 91 507 923 958 1537 1601 
242	CARP25	145	7	361 701 1620 
243	PK243	66	16	289 311 317 319 360 497 565 722 867 913 
244	PK229	145	11	496 
245	DAL300	79	16	145 498 617 773 937 1310 1572 
246	TH224	79	14	498 558 725 744 1623 
247	CARP25	145	9	499 1077 1349 1384 1455 
248	PK336	148	9	383 511 618 787 1128 1147 1396 1412 1571 
249	CARP25	20	17	106 515 717 1147 1627 
250	CARP25	75	11	517 895 907 1107 1505 
251	CARP25	149	12	141 309 329 461 1520 
252	PK229	142	7	
254	CARP21	150	9	43 182 467 492 529 538 544 545 560 561 570 578 581 1095 
255	CARP21	80	8	43 182 467 492 529 538 544 545 560 561 564 570 578 581 1095 
256	CARP21	151	11	43 182 467 492 529 538 544 545 560 561 564 570 578 581 1095 
257	PK234	86	7	33 474 482 546 563 566 567 577 586 767 
258	DAL119	141	8	573 715 1043 1390 1542 
259	PK229	36	10	605 
260	PK229	142	13	612 
261	PK243	152	17	373 615 1027 1036 1052 1054 1277 1302 1324 1341 1570 
262	TAYF	141	16	115 626 706 
263	PK243	83	1	163 316 656 1063 1404 1416 1578 
264	DAL119	153	13	541 630 658 800 812 877 912 1529 
265	TH224	115	16	248 265 640 868 977 1234 
266	PK179	49	13	80 170 225 238 240 521 574 644 731 1128 1157 1322 1373 1421 1558 
267	PK349	137	15	370 432 662 758 1060 1110 1170 1184 1202 1204 1215 1231 1240 1248 1250 1257 1265 1294 1307 1350 1378 1396 1399 1413 1422 1425 1488 1541 
268	PK336	59	10	20 55 291 340 441 642 726 1108 1526 
269	PK229	96	3	673 807 
270	TAYF	65	15	101 1640 
271	DAL119	92	12	85 221 265 688 748 1029 1034 1563 
272	TH224	121	17	694 822 904 1153 1175 1197 
273	PK229	154	9	743 
274	DAL300	65	17	53 479 774 824 929 970 1630 
275	PK229	19	4	6 524 
276	DAL119	155	10	113 306 309 785 918 1006 1520 1586 
277	TH224	32	3	790 1121 1255 1407 1475 
278	PK229	66	15	837 
279	EHLEC	32	12	844 874 
280	PK229	130	14	849 
281	EHLEC	156	14	867 894 
282	PK229	32	16	897 
283	PK243	156	2	328 562 821 920 1144 1212 1253 1410 1427 1496 1619 
284	EHLEC	66	17	1043 1439 
286	PK336	103	11	1087 1135 1147 1225 1299 1515 1518 1520 1521 
287	PK20	84	1	794 1091 1092 1093 1094 1109 1110 1111 1112 1113 1114 1115 1116 1117 1118 1119 1120 1121 1122 1123 1124 1125 1126 1127 1128 1129 1130 1131 1132 1133 1134 1135 1136 1137 1138 1139 1140 1141 1142 1143 1144 1145 1146 1147 1148 1149 1150 1151 1152 1153 1154 1155 1156 1157 1158 1159 1160 1161 1162 1163 1164 1165 1166 1167 1168 1169 1170 1171 1172 1173 1174 1175 1176 1177 1178 1179 1180 1181 1182 1183 1184 1185 1186 1187 1188 1189 1190 1191 1192 1193 1194 1195 1196 1197 1198 1199 1200 1201 1202 1203 1204 1205 1206 1207 1208 1209 1210 1211 1212 1213 1214 1215 1216 1217 1218 1219 1220 1221 1222 1223 1224 1225 1226 1227 1228 1229 1230 1231 1232 1233 1234 1235 1236 1237 1238 1239 1240 1241 1242 1243 1244 1245 1246 1247 1248 1249 1250 1251 1252 1253 1254 1255 1256 1257 1258 1259 1260 1261 1262 1263 1264 1265 1266 1267 1268 1269 1270 1271 1272 1273 1274 1275 1276 1277 1278 1279 1280 1281 1282 1283 1284 1285 1286 1287 
288	PK243	157	3	130 213 240 385 616 925 1302 1375 1441 
289	PK336	158	12	220 284 495 607 634 1395 1451 1465 1517 
290	EHLEC	79	1	39 1436 
291	EHLEC	63	15	133 285 
292	DAL119	115	15	59 74 314 548 595 614 1563 1587 
293	TAYF	157	14	79 82 1581 
294	EHLEC	127	16	1586 
295	EHLEC	159	4	378 710 1462 
296	TAYF	124	7	493 646 896 1497 
297	CARP25	160	16	24 321 700 732 1612 
298	TH224	161	1	485 522 567 638 768 1540 1550 
299	PK229	161	5	1472 
300	EHLEC	71	5	197 700 1621 
301	PK229	147	17	361 
302	PK229	161	2	639 1490 
303	PK229	117	1	197 1008 
305	TAYF	18	17	61 169 688 1083 
307	PK229	69	12	201 481 
308	PK229	144	6	309 1549 
309	TAYB	142	1	242 
310	PK349	162	1	266 1295 1315 1316 1317 1320 1321 1322 1323 1325 1329 1330 1333 1334 1349 1354 1355 1356 1363 1365 1367 1371 1372 1376 1381 1382 1383 1384 1385 1386 1387 1389 1395 1405 1477 
311	TAYB	146	7	
312	TAYB	100	2	1592 
314	PK229	147	8	306 1286 
315	TAYB	147	5	785 
316	TAYB	142	10	1616 
317	TAYB	117	3	674 
318	TAYB	3	4	531 
319	TAYB	163	6	
320	TAYB	142	8	1103 
