Class Times	100
Rooms	100
1	182
2	442
3	88
4	387
5	217
6	707
7	465
8	296
9	730
10	226
11	607
12	882
13	626
14	568
15	804
16	281
17	648
18	449
19	850
20	836
21	124
22	655
23	529
24	428
25	490
26	715
27	221
28	222
29	941
30	869
31	830
32	960
33	395
34	876
35	752
36	741
37	408
38	353
39	730
40	995
41	695
42	799
43	198
44	611
45	418
46	696
47	161
48	458
49	144
50	732
51	177
52	894
53	724
54	518
55	676
56	246
57	770
58	266
59	453
60	555
61	37
62	962
63	302
64	690
65	642
66	528
67	553
68	698
69	325
70	316
71	658
72	188
73	821
74	438
75	569
76	54
77	771
78	545
79	929
80	733
81	135
82	887
83	840
84	212
85	460
86	821
87	973
88	228
89	138
90	613
91	839
92	775
93	929
94	251
95	519
96	947
97	723
98	49
99	854
100	95
Classes	1000
Teachers	500
1	235
2	355
3	344
4	42
5	266
6	442
7	21
8	391
9	199
10	408
11	439
12	351
13	484
14	169
15	484
16	132
17	223
18	377
19	301
20	9
21	236
22	365
23	498
24	302
25	267
26	376
27	52
28	300
29	467
30	131
31	435
32	161
33	375
34	116
35	242
36	195
37	400
38	423
39	125
40	22
41	241
42	33
43	198
44	259
45	267
46	277
47	168
48	8
49	454
50	196
51	399
52	18
53	304
54	17
55	239
56	16
57	21
58	162
59	405
60	469
61	4
62	180
63	106
64	203
65	279
66	231
67	231
68	2
69	327
70	82
71	214
72	126
73	232
74	285
75	493
76	161
77	368
78	294
79	38
80	233
81	245
82	472
83	203
84	287
85	82
86	260
87	237
88	250
89	387
90	486
91	142
92	276
93	403
94	430
95	143
96	116
97	489
98	71
99	475
100	336
101	49
102	12
103	75
104	475
105	255
106	146
107	482
108	334
109	14
110	363
111	185
112	396
113	466
114	84
115	134
116	30
117	61
118	94
119	374
120	472
121	270
122	210
123	146
124	28
125	480
126	340
127	279
128	441
129	230
130	455
131	325
132	483
133	342
134	104
135	196
136	445
137	199
138	234
139	383
140	365
141	264
142	288
143	248
144	498
145	440
146	252
147	29
148	187
149	407
150	441
151	108
152	63
153	357
154	137
155	143
156	26
157	491
158	84
159	406
160	282
161	14
162	420
163	16
164	239
165	136
166	476
167	415
168	121
169	256
170	385
171	217
172	156
173	131
174	102
175	164
176	292
177	154
178	354
179	404
180	349
181	110
182	159
183	12
184	413
185	208
186	302
187	56
188	439
189	217
190	332
191	446
192	446
193	352
194	56
195	164
196	487
197	273
198	252
199	419
200	242
201	442
202	213
203	395
204	183
205	344
206	22
207	17
208	494
209	343
210	224
211	96
212	265
213	468
214	95
215	66
216	6
217	159
218	499
219	31
220	130
221	406
222	369
223	165
224	436
225	11
226	317
227	47
228	250
229	240
230	240
231	288
232	305
233	286
234	133
235	139
236	6
237	93
238	35
239	393
240	287
241	19
242	494
243	180
244	459
245	432
246	432
247	485
248	456
249	384
250	204
251	463
252	371
253	391
254	155
255	324
256	395
257	163
258	280
259	386
260	175
261	305
262	351
263	321
264	377
265	402
266	39
267	169
268	312
269	277
270	467
271	219
272	314
273	89
274	45
275	177
276	269
277	162
278	480
279	424
280	176
281	140
282	230
283	213
284	85
285	34
286	465
287	223
288	454
289	101
290	317
291	358
292	11
293	133
294	483
295	444
296	102
297	322
298	456
299	347
300	51
301	424
302	172
303	101
304	322
305	383
306	374
307	273
308	248
309	181
310	120
311	93
312	227
313	132
314	282
315	303
316	404
317	444
318	97
319	3
320	437
321	264
322	184
323	336
324	466
325	342
326	28
327	29
328	311
329	114
330	44
331	103
332	398
333	316
334	465
335	9
336	485
337	362
338	126
339	281
340	464
341	362
342	172
343	325
344	256
345	245
346	135
347	70
348	249
349	125
350	260
351	99
352	323
353	281
354	88
355	57
356	51
357	235
358	57
359	89
360	54
361	215
362	139
363	269
364	205
365	490
366	115
367	74
368	268
369	142
370	339
371	160
372	390
373	181
374	2
375	412
376	166
377	434
378	212
379	38
380	140
381	70
382	103
383	363
384	124
385	25
386	300
387	77
388	398
389	178
390	201
391	64
392	177
393	298
394	420
395	293
396	141
397	63
398	461
399	470
400	35
401	388
402	52
403	80
404	354
405	353
406	187
407	197
408	229
409	175
410	210
411	371
412	478
413	335
414	407
415	486
416	186
417	115
418	292
419	241
420	225
421	358
422	200
423	54
424	104
425	330
426	220
427	188
428	394
429	78
430	458
431	303
432	44
433	375
434	275
435	158
436	262
437	427
438	338
439	20
440	461
441	321
442	61
443	189
444	72
445	448
446	390
447	109
448	261
449	94
450	400
451	198
452	185
453	207
454	222
455	65
456	458
457	10
458	79
459	50
460	459
461	237
462	422
463	453
464	301
465	110
466	81
467	75
468	134
469	348
470	13
471	289
472	58
473	313
474	26
475	438
476	381
477	323
478	113
479	295
480	216
481	97
482	216
483	367
484	373
485	481
486	419
487	463
488	225
489	364
490	218
491	229
492	433
493	497
494	491
495	367
496	62
497	202
498	234
499	66
500	212
501	138
502	364
503	333
504	191
505	149
506	455
507	39
508	360
509	359
510	298
511	384
512	274
513	373
514	236
515	68
516	221
517	218
518	334
519	53
520	113
521	473
522	5
523	265
524	290
525	299
526	284
527	479
528	425
529	318
530	297
531	284
532	368
533	460
534	324
535	338
536	388
537	405
538	332
539	276
540	76
541	174
542	318
543	53
544	408
545	253
546	280
547	36
548	41
549	98
550	430
551	255
552	378
553	151
554	452
555	297
556	468
557	410
558	349
559	290
560	453
561	315
562	345
563	457
564	127
565	443
566	326
567	254
568	123
569	202
570	309
571	108
572	261
573	340
574	233
575	117
576	490
577	178
578	360
579	304
580	91
581	207
582	96
583	190
584	402
585	65
586	416
587	481
588	117
589	337
590	106
591	48
592	69
593	99
594	289
595	68
596	299
597	421
598	385
599	105
600	122
601	449
602	47
603	183
604	165
605	270
606	285
607	88
608	488
609	194
610	238
611	329
612	46
613	428
614	412
615	189
616	427
617	464
618	414
619	145
620	327
621	350
622	275
623	457
624	149
625	37
626	160
627	392
628	170
629	436
630	148
631	359
632	361
633	120
634	214
635	313
636	471
637	19
638	470
639	71
640	98
641	168
642	438
643	184
644	92
645	158
646	339
647	337
648	333
649	80
650	92
651	425
652	450
653	309
654	215
655	328
656	414
657	263
658	193
659	253
660	478
661	114
662	254
663	417
664	83
665	401
666	124
667	246
668	315
669	156
670	40
671	228
672	311
673	55
674	272
675	460
676	409
677	396
678	5
679	257
680	30
681	314
682	13
683	10
684	64
685	200
686	25
687	469
688	443
689	227
690	329
691	129
692	462
693	95
694	350
695	429
696	221
697	293
698	416
699	447
700	403
701	426
702	78
703	479
704	77
705	8
706	141
707	33
708	500
709	171
710	191
711	41
712	257
713	409
714	274
715	23
716	45
717	122
718	129
719	488
720	379
721	496
722	193
723	58
724	4
725	147
726	43
727	249
728	222
729	331
730	434
731	167
732	437
733	357
734	492
735	154
736	389
737	72
738	23
739	138
740	417
741	179
742	410
743	195
744	411
745	352
746	330
747	431
748	366
749	1
750	266
751	49
752	381
753	376
754	283
755	86
756	435
757	326
758	487
759	421
760	155
761	36
762	471
763	401
764	415
765	429
766	379
767	59
768	492
769	243
770	393
771	83
772	433
773	331
774	399
775	320
776	109
777	335
778	173
779	348
780	86
781	220
782	392
783	283
784	100
785	79
786	197
787	150
788	343
789	167
790	440
791	34
792	389
793	473
794	42
795	188
796	204
797	105
798	209
799	263
800	262
801	356
802	73
803	462
804	449
805	341
806	500
807	32
808	128
809	190
810	310
811	497
812	1
813	118
814	295
815	278
816	211
817	496
818	422
819	397
820	450
821	150
822	43
823	418
824	308
825	174
826	137
827	171
828	316
829	418
830	426
831	296
832	228
833	226
834	310
835	308
836	445
837	27
838	144
839	272
840	341
841	15
842	482
843	7
844	173
845	107
846	238
847	81
848	128
849	176
850	40
851	411
852	489
853	246
854	208
855	18
856	328
857	145
858	31
859	73
860	397
861	121
862	107
863	123
864	476
865	127
866	76
867	386
868	452
869	244
870	477
871	353
872	90
873	448
874	232
875	90
876	179
877	428
878	372
879	136
880	211
881	499
882	431
883	100
884	247
885	387
886	296
887	48
888	355
889	219
890	50
891	194
892	186
893	55
894	294
895	163
896	24
897	451
898	394
899	382
900	346
901	356
902	447
903	27
904	346
905	268
906	87
907	493
908	112
909	7
910	60
911	451
912	370
913	278
914	24
915	347
916	182
917	307
918	151
919	243
920	192
921	118
922	182
923	170
924	320
925	372
926	32
927	205
928	366
929	312
930	3
931	251
932	306
933	378
934	85
935	201
936	111
937	192
938	380
939	413
940	62
941	135
942	153
943	206
944	59
945	153
946	286
947	111
948	474
949	244
950	152
951	345
952	306
953	259
954	69
955	258
956	370
957	271
958	15
959	319
960	148
961	382
962	224
963	474
964	20
965	119
966	307
967	258
968	157
969	271
970	130
971	74
972	380
973	495
974	157
975	209
976	477
977	291
978	291
979	319
980	166
981	226
982	37
983	147
984	112
985	144
986	361
987	60
988	251
989	369
990	152
991	91
992	495
993	87
994	67
995	46
996	247
997	206
998	67
999	423
1000	119
