Class Times	100
Rooms	100
1	417
2	345
3	376
4	392
5	26
6	699
7	639
8	562
9	403
10	983
11	520
12	217
13	964
14	102
15	34
16	244
17	784
18	130
19	592
20	799
21	142
22	530
23	836
24	560
25	379
26	510
27	282
28	148
29	404
30	895
31	182
32	229
33	192
34	641
35	443
36	981
37	131
38	257
39	614
40	312
41	810
42	991
43	525
44	138
45	744
46	738
47	921
48	14
49	900
50	341
51	674
52	930
53	506
54	324
55	948
56	150
57	835
58	141
59	352
60	850
61	584
62	45
63	55
64	436
65	680
66	720
67	849
68	836
69	953
70	777
71	410
72	435
73	965
74	959
75	520
76	337
77	309
78	573
79	615
80	951
81	695
82	446
83	304
84	652
85	254
86	267
87	924
88	633
89	97
90	747
91	28
92	646
93	933
94	970
95	113
96	300
97	459
98	300
99	969
100	540
Classes	6000
Teachers	3000
1	2398
2	460
3	287
4	2263
5	1014
6	1073
7	1007
8	188
9	2739
10	658
11	1523
12	1981
13	2526
14	702
15	1896
16	47
17	2533
18	1835
19	1902
20	198
21	1954
22	1008
23	1481
24	2145
25	1417
26	2893
27	2086
28	1415
29	2114
30	2671
31	383
32	2628
33	1401
34	1377
35	306
36	518
37	210
38	683
39	779
40	2521
41	1341
42	2345
43	2387
44	2691
45	2038
46	553
47	1920
48	512
49	2940
50	450
51	420
52	2629
53	214
54	2921
55	110
56	468
57	1944
58	2148
59	1259
60	2056
61	529
62	2959
63	542
64	2587
65	1150
66	861
67	2176
68	1263
69	1473
70	1132
71	910
72	2968
73	474
74	2108
75	2685
76	136
77	2069
78	2899
79	2261
80	2795
81	2683
82	1223
83	695
84	19
85	2503
86	2809
87	2035
88	394
89	473
90	2144
91	2708
92	1734
93	2616
94	134
95	2700
96	63
97	2372
98	54
99	912
100	2112
101	82
102	1745
103	2817
104	1786
105	462
106	2213
107	481
108	1565
109	110
110	334
111	1766
112	2770
113	148
114	285
115	2473
116	460
117	2719
118	303
119	1742
120	2186
121	2148
122	2748
123	142
124	2409
125	73
126	2747
127	1948
128	1457
129	1563
130	1580
131	1447
132	1988
133	12
134	858
135	2226
136	1094
137	257
138	1412
139	947
140	1981
141	1812
142	873
143	639
144	2238
145	1897
146	650
147	2168
148	1798
149	1263
150	263
151	1756
152	2878
153	837
154	701
155	839
156	2496
157	2500
158	372
159	2595
160	1099
161	2548
162	2482
163	274
164	581
165	2535
166	943
167	1382
168	2694
169	1605
170	2704
171	397
172	1714
173	178
174	2186
175	1392
176	2033
177	1173
178	1130
179	733
180	416
181	38
182	1971
183	1301
184	1272
185	688
186	1040
187	840
188	2963
189	1433
190	1597
191	2516
192	2728
193	2803
194	505
195	432
196	1840
197	492
198	241
199	44
200	2609
201	1851
202	1796
203	2524
204	1412
205	1306
206	722
207	2454
208	1232
209	893
210	2333
211	631
212	1819
213	884
214	2579
215	496
216	411
217	43
218	972
219	2112
220	593
221	2679
222	2649
223	895
224	2816
225	1010
226	180
227	1332
228	2020
229	758
230	2410
231	2756
232	1861
233	854
234	2764
235	2356
236	2952
237	2194
238	1218
239	934
240	972
241	1649
242	1234
243	2391
244	1506
245	2944
246	1329
247	576
248	26
249	2231
250	1695
251	1170
252	2916
253	2461
254	2162
255	875
256	250
257	363
258	2248
259	915
260	2756
261	1387
262	685
263	1887
264	2527
265	2411
266	2429
267	2766
268	101
269	1094
270	31
271	2378
272	1197
273	2817
274	2255
275	634
276	30
277	1637
278	1479
279	735
280	1671
281	1675
282	305
283	1878
284	577
285	2611
286	873
287	122
288	1903
289	2663
290	2696
291	2938
292	1046
293	961
294	1739
295	496
296	1827
297	2672
298	90
299	1974
300	2237
301	1599
302	85
303	945
304	2290
305	1411
306	983
307	509
308	1294
309	2412
310	2670
311	216
312	2846
313	1481
314	1749
315	1162
316	681
317	218
318	374
319	909
320	358
321	1937
322	2166
323	1493
324	1902
325	1755
326	2615
327	383
328	1646
329	1505
330	625
331	2421
332	668
333	366
334	2875
335	2938
336	2381
337	1323
338	1704
339	2168
340	37
341	573
342	2433
343	2927
344	1319
345	663
346	782
347	2254
348	1784
349	2136
350	1040
351	1255
352	1234
353	1165
354	1380
355	846
356	781
357	1676
358	495
359	2209
360	501
361	658
362	2116
363	756
364	599
365	2302
366	1918
367	1833
368	1201
369	1645
370	2367
371	1616
372	2743
373	1062
374	915
375	982
376	2961
377	1996
378	2091
379	185
380	1027
381	1379
382	859
383	1886
384	2283
385	1362
386	2698
387	389
388	2540
389	2922
390	1099
391	1415
392	1182
393	201
394	2360
395	1592
396	379
397	2641
398	380
399	188
400	2228
401	1796
402	668
403	983
404	946
405	425
406	7
407	2485
408	2412
409	2284
410	761
411	334
412	2203
413	1482
414	1264
415	1919
416	1496
417	422
418	2171
419	580
420	1909
421	638
422	1009
423	1991
424	286
425	1113
426	502
427	2816
428	56
429	1038
430	1893
431	616
432	1714
433	206
434	2239
435	2708
436	301
437	2276
438	655
439	2461
440	906
441	1330
442	67
443	2495
444	2662
445	534
446	1865
447	1088
448	1187
449	1635
450	2647
451	1574
452	2484
453	2207
454	332
455	1799
456	2109
457	435
458	1226
459	402
460	484
461	1014
462	2216
463	2187
464	224
465	124
466	251
467	2790
468	1627
469	2495
470	1784
471	427
472	1168
473	2266
474	889
475	579
476	2792
477	1712
478	1955
479	2257
480	1586
481	607
482	2209
483	415
484	399
485	943
486	2294
487	584
488	1938
489	2951
490	2909
491	1756
492	687
493	2196
494	1629
495	1604
496	1463
497	2333
498	2281
499	2140
500	1775
501	90
502	2212
503	1976
504	2220
505	344
506	414
507	704
508	2645
509	1916
510	1604
511	2117
512	1790
513	438
514	652
515	1658
516	1131
517	236
518	2458
519	1142
520	881
521	2990
522	2145
523	1600
524	2764
525	1921
526	2243
527	2739
528	243
529	2451
530	37
531	2550
532	1620
533	103
534	624
535	413
536	1631
537	1527
538	778
539	847
540	2434
541	933
542	2631
543	684
544	744
545	2871
546	858
547	1537
548	2120
549	1798
550	1647
551	426
552	1511
553	2842
554	597
555	1660
556	651
557	1163
558	480
559	254
560	562
561	141
562	1578
563	683
564	2036
565	317
566	1773
567	678
568	2094
569	2358
570	1313
571	105
572	1202
573	1811
574	1105
575	1004
576	2914
577	1797
578	2612
579	2413
580	4
581	40
582	1976
583	2051
584	405
585	2479
586	1546
587	939
588	142
589	1538
590	694
591	2126
592	1060
593	1700
594	941
595	2224
596	1682
597	2188
598	1164
599	1244
600	1923
601	998
602	995
603	1327
604	2127
605	2576
606	643
607	1358
608	2830
609	796
610	1819
611	2985
612	1583
613	294
614	2667
615	1728
616	397
617	2521
618	2508
619	593
620	986
621	1364
622	1911
623	2648
624	1800
625	1370
626	2559
627	1581
628	2559
629	2666
630	848
631	2800
632	2638
633	1574
634	2078
635	1597
636	766
637	1252
638	2927
639	1453
640	426
641	1210
642	1029
643	1982
644	1243
645	16
646	2339
647	1430
648	535
649	2902
650	1396
651	982
652	2720
653	337
654	1580
655	475
656	190
657	2006
658	2562
659	1733
660	2591
661	1032
662	694
663	1825
664	2244
665	2111
666	1344
667	697
668	2219
669	1443
670	97
671	1629
672	2215
673	2725
674	2718
675	2735
676	1074
677	1896
678	118
679	641
680	1506
681	309
682	1712
683	2079
684	887
685	27
686	1752
687	2819
688	360
689	1882
690	1423
691	1649
692	2788
693	5
694	317
695	888
696	538
697	1496
698	1211
699	2125
700	2850
701	1160
702	2019
703	1463
704	1194
705	447
706	318
707	1672
708	2070
709	2350
710	2048
711	193
712	2790
713	596
714	32
715	986
716	1478
717	1917
718	1887
719	1419
720	2323
721	1046
722	1250
723	540
724	605
725	428
726	1185
727	766
728	2198
729	913
730	104
731	2623
732	992
733	222
734	1884
735	518
736	1820
737	135
738	471
739	220
740	663
741	547
742	2552
743	2117
744	182
745	66
746	2959
747	2447
748	521
749	2831
750	955
751	363
752	2037
753	1905
754	28
755	92
756	1372
757	2048
758	1289
759	3
760	1777
761	627
762	1226
763	321
764	1942
765	1765
766	2481
767	2902
768	441
769	1940
770	542
771	1805
772	1090
773	326
774	1447
775	2733
776	876
777	2460
778	1672
779	1355
780	2332
781	2788
782	550
783	2459
784	122
785	1533
786	721
787	24
788	1799
789	784
790	2774
791	1154
792	156
793	2901
794	1516
795	1542
796	1272
797	2962
798	2142
799	1373
800	2065
801	1369
802	591
803	585
804	2374
805	2690
806	1622
807	2704
808	1746
809	1137
810	305
811	3000
812	97
813	802
814	2343
815	794
816	870
817	2191
818	664
819	2861
820	1165
821	2383
822	231
823	2297
824	859
825	376
826	2434
827	1677
828	2628
829	1707
830	1979
831	1284
832	980
833	2945
834	961
835	1804
836	141
837	996
838	1196
839	2296
840	316
841	1924
842	2674
843	2248
844	935
845	573
846	716
847	1748
848	372
849	2830
850	1274
851	204
852	973
853	2718
854	2197
855	548
856	1402
857	2568
858	322
859	1351
860	2914
861	1047
862	1378
863	2931
864	2725
865	1693
866	2377
867	253
868	1685
869	1696
870	1075
871	1414
872	2784
873	346
874	2047
875	2832
876	1748
877	2059
878	1067
879	470
880	686
881	2818
882	267
883	970
884	2185
885	2871
886	500
887	161
888	1297
889	46
890	1620
891	1746
892	1995
893	1654
894	2639
895	2506
896	382
897	792
898	2985
899	2877
900	2793
901	1326
902	2307
903	429
904	912
905	1889
906	32
907	140
908	2540
909	159
910	1151
911	981
912	462
913	2987
914	350
915	782
916	980
917	1852
918	2047
919	1132
920	2319
921	2954
922	2042
923	30
924	1828
925	767
926	564
927	447
928	2643
929	570
930	994
931	1555
932	1972
933	2603
934	1814
935	1963
936	2426
937	827
938	3000
939	1205
940	1526
941	587
942	2064
943	752
944	1569
945	2077
946	1056
947	2285
948	527
949	2867
950	1797
951	2292
952	2012
953	561
954	2687
955	2041
956	646
957	421
958	2911
959	1694
960	2528
961	2234
962	1359
963	1565
964	1430
965	1614
966	1491
967	1530
968	2928
969	2588
970	283
971	661
972	786
973	1678
974	1241
975	736
976	557
977	1485
978	2098
979	2565
980	828
981	923
982	563
983	2370
984	892
985	1775
986	1136
987	1640
988	1501
989	336
990	1119
991	666
992	2322
993	666
994	969
995	1995
996	1403
997	1931
998	1329
999	499
1000	2889
1001	253
1002	785
1003	213
1004	6
1005	2746
1006	458
1007	1422
1008	521
1009	1750
1010	2324
1011	2450
1012	632
1013	798
1014	2281
1015	2497
1016	670
1017	1713
1018	709
1019	1640
1020	2196
1021	1546
1022	536
1023	913
1024	2955
1025	1895
1026	374
1027	2972
1028	1898
1029	2463
1030	2903
1031	1804
1032	1070
1033	1186
1034	251
1035	476
1036	987
1037	500
1038	2007
1039	710
1040	1052
1041	1539
1042	953
1043	1965
1044	357
1045	2020
1046	1168
1047	2305
1048	1409
1049	1223
1050	1695
1051	1240
1052	2901
1053	2087
1054	1783
1055	2880
1056	2264
1057	740
1058	1653
1059	341
1060	2092
1061	215
1062	1462
1063	769
1064	387
1065	723
1066	1460
1067	2614
1068	2913
1069	1174
1070	2888
1071	1505
1072	2525
1073	280
1074	1080
1075	230
1076	2387
1077	2621
1078	2846
1079	2895
1080	2660
1081	2138
1082	1283
1083	2320
1084	172
1085	2314
1086	898
1087	1948
1088	67
1089	2715
1090	531
1091	2459
1092	2006
1093	2080
1094	283
1095	1961
1096	1764
1097	2138
1098	400
1099	1709
1100	1236
1101	1883
1102	425
1103	2308
1104	1375
1105	2601
1106	78
1107	2719
1108	645
1109	2310
1110	212
1111	117
1112	2877
1113	8
1114	2156
1115	245
1116	388
1117	1911
1118	2100
1119	1114
1120	2548
1121	2451
1122	1389
1123	2626
1124	2677
1125	616
1126	2654
1127	1404
1128	1144
1129	2622
1130	1373
1131	1449
1132	2102
1133	43
1134	351
1135	461
1136	493
1137	1633
1138	1423
1139	2291
1140	144
1141	1936
1142	1933
1143	935
1144	161
1145	586
1146	2132
1147	625
1148	1255
1149	703
1150	2292
1151	607
1152	2415
1153	865
1154	2701
1155	415
1156	627
1157	2630
1158	1696
1159	2372
1160	470
1161	1860
1162	1897
1163	1285
1164	57
1165	1260
1166	2952
1167	2219
1168	2214
1169	1409
1170	1499
1171	1831
1172	1062
1173	2401
1174	31
1175	198
1176	1675
1177	1398
1178	754
1179	1673
1180	2646
1181	2346
1182	894
1183	201
1184	2593
1185	1726
1186	1835
1187	246
1188	1790
1189	2030
1190	649
1191	18
1192	2528
1193	2203
1194	2385
1195	2013
1196	1922
1197	1170
1198	697
1199	2928
1200	880
1201	133
1202	890
1203	228
1204	2768
1205	2564
1206	2604
1207	1877
1208	2107
1209	2042
1210	1810
1211	838
1212	2486
1213	2998
1214	2879
1215	1291
1216	1997
1217	205
1218	1776
1219	2818
1220	993
1221	560
1222	2239
1223	581
1224	1104
1225	1882
1226	439
1227	1041
1228	1780
1229	1464
1230	1903
1231	1612
1232	1785
1233	1785
1234	2849
1235	2733
1236	1339
1237	1518
1238	1868
1239	1015
1240	413
1241	902
1242	2122
1243	1705
1244	1120
1245	807
1246	2345
1247	131
1248	1547
1249	1274
1250	1783
1251	2558
1252	2941
1253	477
1254	1438
1255	2535
1256	1462
1257	2642
1258	2890
1259	2385
1260	1542
1261	1052
1262	619
1263	1713
1264	692
1265	820
1266	1294
1267	2598
1268	2423
1269	1012
1270	11
1271	508
1272	621
1273	1879
1274	109
1275	2787
1276	2379
1277	927
1278	1736
1279	258
1280	1778
1281	2850
1282	2240
1283	653
1284	1986
1285	2683
1286	2144
1287	1421
1288	969
1289	1757
1290	2872
1291	1936
1292	1023
1293	35
1294	2136
1295	1482
1296	731
1297	1148
1298	708
1299	1969
1300	2422
1301	1394
1302	1256
1303	1599
1304	2635
1305	1472
1306	1551
1307	270
1308	2129
1309	1552
1310	2415
1311	712
1312	2155
1313	2150
1314	1208
1315	401
1316	2566
1317	2477
1318	2082
1319	2068
1320	1530
1321	2265
1322	2437
1323	2558
1324	900
1325	888
1326	439
1327	1497
1328	1362
1329	1792
1330	615
1331	1093
1332	747
1333	2362
1334	433
1335	2214
1336	2323
1337	1061
1338	999
1339	1609
1340	2479
1341	2106
1342	2863
1343	2438
1344	149
1345	688
1346	2322
1347	2090
1348	1283
1349	1018
1350	2510
1351	516
1352	33
1353	255
1354	1497
1355	6
1356	2361
1357	330
1358	2341
1359	626
1360	140
1361	2287
1362	1867
1363	1228
1364	1379
1365	1816
1366	1586
1367	693
1368	2606
1369	1983
1370	1148
1371	2984
1372	971
1373	41
1374	1088
1375	57
1376	2787
1377	522
1378	2594
1379	285
1380	1872
1381	2133
1382	1709
1383	646
1384	489
1385	368
1386	2433
1387	557
1388	2946
1389	1961
1390	1049
1391	2648
1392	181
1393	2245
1394	932
1395	281
1396	2618
1397	229
1398	229
1399	790
1400	259
1401	1513
1402	1738
1403	2195
1404	2665
1405	2888
1406	227
1407	1293
1408	2612
1409	2740
1410	2317
1411	962
1412	1314
1413	255
1414	809
1415	469
1416	2735
1417	2610
1418	452
1419	2763
1420	745
1421	2416
1422	835
1423	1662
1424	1993
1425	2803
1426	473
1427	2128
1428	2575
1429	2969
1430	193
1431	1073
1432	2420
1433	740
1434	651
1435	2264
1436	1892
1437	1811
1438	453
1439	2273
1440	649
1441	2108
1442	1916
1443	2123
1444	2738
1445	1962
1446	2740
1447	678
1448	2482
1449	40
1450	1355
1451	1299
1452	774
1453	2128
1454	1068
1455	1065
1456	2858
1457	544
1458	2050
1459	106
1460	2045
1461	2031
1462	1352
1463	1608
1464	301
1465	715
1466	990
1467	1150
1468	2288
1469	293
1470	1340
1471	2383
1472	1763
1473	271
1474	2490
1475	1774
1476	2777
1477	2212
1478	2983
1479	1966
1480	2906
1481	1977
1482	910
1483	2449
1484	1622
1485	2215
1486	1031
1487	2714
1488	1349
1489	517
1490	781
1491	2105
1492	434
1493	1545
1494	380
1495	2987
1496	82
1497	1544
1498	1445
1499	2478
1500	2857
1501	939
1502	437
1503	173
1504	2879
1505	2142
1506	1602
1507	146
1508	1781
1509	429
1510	1681
1511	903
1512	827
1513	1867
1514	1196
1515	1464
1516	2046
1517	1042
1518	1812
1519	2025
1520	1653
1521	210
1522	702
1523	2496
1524	2666
1525	1545
1526	2980
1527	620
1528	399
1529	582
1530	2343
1531	1881
1532	2211
1533	2525
1534	23
1535	589
1536	1489
1537	2463
1538	257
1539	1256
1540	2384
1541	2058
1542	1780
1543	1477
1544	1598
1545	1830
1546	2614
1547	1683
1548	2950
1549	234
1550	1056
1551	533
1552	2804
1553	747
1554	2107
1555	503
1556	2738
1557	1890
1558	1155
1559	1501
1560	2041
1561	1408
1562	1878
1563	326
1564	246
1565	1739
1566	1942
1567	1217
1568	1136
1569	453
1570	1590
1571	1682
1572	928
1573	1947
1574	1818
1575	468
1576	2030
1577	337
1578	772
1579	472
1580	788
1581	2958
1582	62
1583	2636
1584	1494
1585	2476
1586	261
1587	1735
1588	1922
1589	2067
1590	1121
1591	4
1592	433
1593	302
1594	9
1595	1488
1596	918
1597	587
1598	2774
1599	2833
1600	1279
1601	594
1602	1441
1603	1666
1604	1881
1605	734
1606	36
1607	701
1608	2748
1609	2353
1610	1069
1611	2651
1612	1883
1613	498
1614	1793
1615	727
1616	2583
1617	2373
1618	1306
1619	2432
1620	1661
1621	2395
1622	2390
1623	642
1624	2731
1625	586
1626	331
1627	291
1628	215
1629	1251
1630	282
1631	2545
1632	2007
1633	351
1634	1115
1635	594
1636	2493
1637	2176
1638	950
1639	428
1640	584
1641	2544
1642	115
1643	1360
1644	601
1645	2122
1646	2111
1647	2906
1648	1450
1649	1665
1650	1457
1651	826
1652	1058
1653	2016
1654	1879
1655	2720
1656	2294
1657	1590
1658	2251
1659	2011
1660	1246
1661	1654
1662	2509
1663	959
1664	2033
1665	328
1666	1037
1667	2052
1668	385
1669	1584
1670	2747
1671	1979
1672	824
1673	2992
1674	1106
1675	507
1676	1806
1677	839
1678	1693
1679	1049
1680	2243
1681	785
1682	2056
1683	404
1684	1374
1685	2457
1686	41
1687	2560
1688	359
1689	2157
1690	1003
1691	714
1692	564
1693	1387
1694	1492
1695	883
1696	342
1697	1859
1698	2632
1699	105
1700	2988
1701	2868
1702	2102
1703	2767
1704	155
1705	1232
1706	1008
1707	924
1708	2920
1709	537
1710	2645
1711	1484
1712	1371
1713	1181
1714	692
1715	1354
1716	2655
1717	1969
1718	2274
1719	2851
1720	816
1721	2193
1722	1964
1723	1704
1724	1066
1725	1962
1726	1763
1727	570
1728	614
1729	1185
1730	925
1731	1915
1732	906
1733	2892
1734	1875
1735	755
1736	2839
1737	452
1738	2688
1739	2192
1740	1529
1741	1820
1742	1486
1743	2584
1744	1938
1745	1515
1746	2121
1747	1608
1748	2646
1749	2983
1750	1596
1751	534
1752	1376
1753	1401
1754	1295
1755	2089
1756	1861
1757	302
1758	2363
1759	2211
1760	957
1761	2340
1762	1337
1763	1195
1764	217
1765	1772
1766	2165
1767	230
1768	871
1769	1395
1770	1370
1771	338
1772	2715
1773	2265
1774	2316
1775	411
1776	2551
1777	1815
1778	619
1779	106
1780	853
1781	119
1782	1552
1783	189
1784	49
1785	2833
1786	1745
1787	2167
1788	1407
1789	237
1790	529
1791	1103
1792	1584
1793	1588
1794	661
1795	2939
1796	1633
1797	1824
1798	2284
1799	2325
1800	523
1801	1487
1802	1113
1803	2814
1804	2462
1805	1287
1806	884
1807	2141
1808	2045
1809	273
1810	1112
1811	2526
1812	137
1813	331
1814	486
1815	177
1816	553
1817	366
1818	199
1819	250
1820	1195
1821	2626
1822	2076
1823	2691
1824	2295
1825	2580
1826	36
1827	1309
1828	2613
1829	1162
1830	1180
1831	2178
1832	2134
1833	2880
1834	2427
1835	98
1836	147
1837	2778
1838	1231
1839	316
1840	2505
1841	1343
1842	1323
1843	124
1844	1647
1845	111
1846	445
1847	2752
1848	2933
1849	1578
1850	1950
1851	962
1852	512
1853	620
1854	286
1855	526
1856	1364
1857	1974
1858	1999
1859	1509
1860	1015
1861	1212
1862	1308
1863	1871
1864	2319
1865	2245
1866	46
1867	2055
1868	2851
1869	1793
1870	432
1871	1670
1872	184
1873	2640
1874	1874
1875	833
1876	456
1877	2929
1878	1678
1879	17
1880	1458
1881	167
1882	1765
1883	275
1884	2919
1885	2681
1886	2166
1887	2504
1888	575
1889	1531
1890	1616
1891	754
1892	2988
1893	1217
1894	2923
1895	1899
1896	2038
1897	1346
1898	843
1899	1338
1900	9
1901	2287
1902	107
1903	1346
1904	1260
1905	1105
1906	2933
1907	49
1908	355
1909	2886
1910	1685
1911	2574
1912	208
1913	1487
1914	958
1915	2996
1916	968
1917	2087
1918	1435
1919	2866
1920	772
1921	2320
1922	2861
1923	268
1924	648
1925	427
1926	1340
1927	2993
1928	2008
1929	493
1930	2707
1931	1064
1932	2553
1933	2151
1934	2597
1935	308
1936	2318
1937	2247
1938	2911
1939	1198
1940	419
1941	1325
1942	1395
1943	146
1944	2099
1945	609
1946	964
1947	924
1948	798
1949	1343
1950	927
1951	2311
1952	202
1953	1928
1954	1941
1955	1152
1956	1106
1957	1769
1958	830
1959	72
1960	1399
1961	1202
1962	2598
1963	1601
1964	2327
1965	2549
1966	2516
1967	206
1968	121
1969	2443
1970	2892
1971	1945
1972	1518
1973	1183
1974	1862
1975	1188
1976	248
1977	2802
1978	1461
1979	932
1980	984
1981	1295
1982	730
1983	1421
1984	2801
1985	1623
1986	2799
1987	2992
1988	2097
1989	2391
1990	1057
1991	1559
1992	1768
1993	112
1994	919
1995	1400
1996	231
1997	759
1998	2907
1999	1628
2000	2273
2001	1956
2002	881
2003	2912
2004	1281
2005	76
2006	2236
2007	2533
2008	673
2009	2027
2010	2814
2011	2676
2012	265
2013	629
2014	953
2015	1613
2016	1984
2017	1609
2018	1502
2019	1729
2020	48
2021	853
2022	347
2023	1639
2024	2572
2025	880
2026	733
2027	2164
2028	2813
2029	1842
2030	940
2031	716
2032	576
2033	579
2034	2534
2035	604
2036	2487
2037	2541
2038	603
2039	133
2040	2894
2041	1718
2042	583
2043	2222
2044	1211
2045	1313
2046	1589
2047	1225
2048	84
2049	1339
2050	2282
2051	59
2052	1278
2053	1702
2054	2432
2055	2198
2056	713
2057	2364
2058	34
2059	1213
2060	1114
2061	2542
2062	605
2063	1519
2064	1173
2065	39
2066	189
2067	2105
2068	719
2069	1868
2070	2990
2071	1045
2072	2368
2073	108
2074	2973
2075	2869
2076	2075
2077	1204
2078	1893
2079	168
2080	1116
2081	1755
2082	2467
2083	1806
2084	1451
2085	2591
2086	268
2087	2838
2088	2866
2089	776
2090	1065
2091	2299
2092	2838
2093	308
2094	136
2095	211
2096	696
2097	1694
2098	172
2099	330
2100	17
2101	342
2102	2237
2103	463
2104	2776
2105	1752
2106	936
2107	2868
2108	234
2109	2634
2110	2031
2111	2722
2112	79
2113	2532
2114	2602
2115	1630
2116	2423
2117	1182
2118	572
2119	129
2120	1587
2121	1244
2122	1321
2123	595
2124	1248
2125	1424
2126	1135
2127	2165
2128	2961
2129	2931
2130	2689
2131	2443
2132	454
2133	1759
2134	73
2135	1207
2136	1003
2137	968
2138	313
2139	2836
2140	1839
2141	1525
2142	1411
2143	1913
2144	1000
2145	2783
2146	669
2147	2584
2148	2638
2149	352
2150	966
2151	1602
2152	70
2153	1612
2154	2589
2155	1144
2156	1668
2157	497
2158	1371
2159	1349
2160	1946
2161	1245
2162	1126
2163	47
2164	2426
2165	490
2166	2324
2167	872
2168	2571
2169	1595
2170	2900
2171	729
2172	1089
2173	1405
2174	391
2175	1186
2176	1627
2177	1595
2178	2234
2179	1090
2180	708
2181	455
2182	1512
2183	2694
2184	355
2185	1661
2186	992
2187	2594
2188	1615
2189	1527
2190	1923
2191	847
2192	2143
2193	1213
2194	2435
2195	2207
2196	1443
2197	2663
2198	952
2199	1825
2200	1904
2201	2060
2202	1935
2203	344
2204	866
2205	2679
2206	1773
2207	2455
2208	1394
2209	1918
2210	1833
2211	1460
2212	790
2213	1644
2214	2157
2215	1269
2216	2255
2217	338
2218	1947
2219	1990
2220	1872
2221	247
2222	792
2223	2430
2224	74
2225	104
2226	2361
2227	2250
2228	2438
2229	2615
2230	248
2231	2059
2232	806
2233	2422
2234	546
2235	1890
2236	1022
2237	2898
2238	822
2239	2093
2240	602
2241	1816
2242	670
2243	443
2244	2568
2245	1743
2246	1993
2247	1965
2248	2
2249	2092
2250	2480
2251	2956
2252	1826
2253	681
2254	2439
2255	911
2256	277
2257	395
2258	634
2259	145
2260	1954
2261	1689
2262	1453
2263	1940
2264	1844
2265	2008
2266	5
2267	1740
2268	2632
2269	2303
2270	531
2271	33
2272	382
2273	2783
2274	2017
2275	1096
2276	2736
2277	2202
2278	2737
2279	278
2280	423
2281	1449
2282	2247
2283	1445
2284	2769
2285	776
2286	1194
2287	551
2288	2417
2289	1485
2290	783
2291	236
2292	2381
2293	2338
2294	2146
2295	2080
2296	11
2297	196
2298	1235
2299	1667
2300	1999
2301	1729
2302	332
2303	2609
2304	1038
2305	2091
2306	871
2307	734
2308	2094
2309	2073
2310	101
2311	1187
2312	1039
2313	2981
2314	770
2315	1368
2316	1788
2317	1866
2318	2543
2319	1983
2320	224
2321	1001
2322	1068
2323	2132
2324	2968
2325	1519
2326	2002
2327	632
2328	2977
2329	107
2330	1523
2331	2672
2332	1650
2333	307
2334	2608
2335	1342
2336	2903
2337	2457
2338	2336
2339	2608
2340	1989
2341	2945
2342	2860
2343	764
2344	1133
2345	903
2346	2732
2347	2729
2348	606
2349	1779
2350	1753
2351	2980
2352	720
2353	2874
2354	1719
2355	1718
2356	1526
2357	458
2358	1737
2359	501
2360	1478
2361	918
2362	2063
2363	371
2364	1189
2365	749
2366	1744
2367	2724
2368	946
2369	824
2370	2586
2371	2064
2372	2975
2373	1290
2374	1359
2375	1913
2376	2346
2377	1984
2378	1402
2379	1067
2380	2193
2381	362
2382	1157
2383	1569
2384	1767
2385	842
2386	937
2387	870
2388	2419
2389	1477
2390	446
2391	2974
2392	2329
2393	780
2394	1928
2395	660
2396	837
2397	1795
2398	703
2399	503
2400	459
2401	741
2402	2910
2403	52
2404	788
2405	1316
2406	1307
2407	2395
2408	99
2409	970
2410	706
2411	2545
2412	2852
2413	1956
2414	1743
2415	2146
2416	2431
2417	340
2418	753
2419	340
2420	2467
2421	1026
2422	1145
2423	1051
2424	179
2425	1241
2426	691
2427	1410
2428	1951
2429	2282
2430	271
2431	700
2432	1020
2433	2729
2434	1215
2435	1193
2436	2978
2437	1296
2438	1898
2439	2392
2440	1012
2441	2876
2442	195
2443	1414
2444	1410
2445	2995
2446	1674
2447	1791
2448	2693
2449	1448
2450	1606
2451	2789
2452	1230
2453	2274
2454	1367
2455	444
2456	813
2457	480
2458	2848
2459	2857
2460	114
2461	800
2462	422
2463	54
2464	857
2465	99
2466	618
2467	958
2468	1261
2469	889
2470	2189
2471	2537
2472	535
2473	2605
2474	2586
2475	2285
2476	2299
2477	1356
2478	208
2479	1392
2480	2327
2481	2721
2482	2620
2483	675
2484	1420
2485	2414
2486	438
2487	2228
2488	957
2489	1167
2490	1731
2491	715
2492	2567
2493	1770
2494	2773
2495	2179
2496	2539
2497	48
2498	920
2499	2225
2500	400
2501	270
2502	2015
2503	2512
2504	2727
2505	264
2506	1284
2507	1048
2508	1375
2509	177
2510	674
2511	996
2512	2647
2513	367
2514	1740
2515	1243
2516	396
2517	1621
2518	2100
2519	2809
2520	2335
2521	2009
2522	2551
2523	526
2524	424
2525	1687
2526	2389
2527	1117
2528	1327
2529	829
2530	2272
2531	1631
2532	1880
2533	490
2534	1805
2535	323
2536	2530
2537	2547
2538	2262
2539	55
2540	2813
2541	2066
2542	1776
2543	1885
2544	1473
2545	1643
2546	1336
2547	1384
2548	2943
2549	2331
2550	2641
2551	2958
2552	1236
2553	2171
2554	2384
2555	1338
2556	2600
2557	1601
2558	391
2559	135
2560	410
2561	689
2562	1467
2563	566
2564	2046
2565	2378
2566	1538
2567	311
2568	2760
2569	2702
2570	118
2571	2315
2572	2315
2573	74
2574	348
2575	2382
2576	1665
2577	799
2578	2197
2579	921
2580	2420
2581	1333
2582	71
2583	2151
2584	1933
2585	1676
2586	1862
2587	1988
2588	2126
2589	2190
2590	595
2591	1281
2592	442
2593	1036
2594	1218
2595	994
2596	2941
2597	465
2598	1632
2599	2067
2600	237
2601	1400
2602	1146
2603	1235
2604	1455
2605	509
2606	1278
2607	1499
2608	1007
2609	1963
2610	2492
2611	787
2612	1102
2613	2917
2614	2567
2615	640
2616	2668
2617	1258
2618	2231
2619	1908
2620	2874
2621	1808
2622	18
2623	327
2624	695
2625	2834
2626	628
2627	2697
2628	1345
2629	698
2630	638
2631	2083
2632	1935
2633	1522
2634	1870
2635	546
2636	2301
2637	1200
2638	2794
2639	1846
2640	2731
2641	319
2642	1919
2643	50
2644	2669
2645	541
2646	1617
2647	2746
2648	2595
2649	1674
2650	1662
2651	800
2652	2947
2653	171
2654	2531
2655	770
2656	2622
2657	281
2658	2616
2659	2419
2660	1178
2661	1762
2662	1814
2663	1680
2664	866
2665	1625
2666	2707
2667	2918
2668	1239
2669	2029
2670	2596
2671	1252
2672	1417
2673	1504
2674	1135
2675	2834
2676	1317
2677	2550
2678	1670
2679	2484
2680	2288
2681	85
2682	618
2683	784
2684	216
2685	1700
2686	2926
2687	987
2688	528
2689	1660
2690	2730
2691	2137
2692	1228
2693	718
2694	159
2695	1396
2696	2631
2697	750
2698	1143
2699	275
2700	1207
2701	1388
2702	2913
2703	1309
2704	19
2705	100
2706	947
2707	1579
2708	2509
2709	1192
2710	746
2711	280
2712	1116
2713	416
2714	1086
2715	930
2716	2836
2717	554
2718	1107
2719	1515
2720	565
2721	1846
2722	390
2723	1193
2724	2200
2725	1353
2726	1212
2727	1176
2728	1524
2729	2837
2730	2363
2731	111
2732	2587
2733	479
2734	2922
2735	2095
2736	1454
2737	751
2738	369
2739	737
2740	2406
2741	2949
2742	690
2743	1873
2744	2424
2745	76
2746	1844
2747	459
2748	2654
2749	2487
2750	410
2751	2306
2752	157
2753	2119
2754	1249
2755	2585
2756	2601
2757	1854
2758	659
2759	2821
2760	2564
2761	14
2762	2291
2763	728
2764	1958
2765	423
2766	1767
2767	1066
2768	2905
2769	2965
2770	456
2771	1163
2772	580
2773	520
2774	2483
2775	44
2776	1900
2777	1174
2778	890
2779	2182
2780	2226
2781	1853
2782	2191
2783	1289
2784	2481
2785	875
2786	2251
2787	2855
2788	1684
2789	2005
2790	2753
2791	1895
2792	1467
2793	928
2794	2955
2795	100
2796	1064
2797	777
2798	1489
2799	2334
2800	2844
2801	2230
2802	1619
2803	2753
2804	95
2805	2773
2806	152
2807	1788
2808	1761
2809	241
2810	1786
2811	600
2812	735
2813	3
2814	2261
2815	2156
2816	444
2817	349
2818	2221
2819	554
2820	887
2821	1279
2822	814
2823	2342
2824	2603
2825	143
2826	2797
2827	1658
2828	773
2829	71
2830	507
2831	1282
2832	612
2833	2018
2834	2665
2835	1486
2836	2565
2837	598
2838	1085
2839	1031
2840	2337
2841	588
2842	1865
2843	1156
2844	2279
2845	277
2846	1061
2847	117
2848	203
2849	2342
2850	761
2851	899
2852	864
2853	329
2854	1249
2855	1127
2856	2352
2857	916
2858	1022
2859	1512
2860	1998
2861	1131
2862	2772
2863	2716
2864	279
2865	485
2866	1941
2867	1548
2868	2801
2869	2974
2870	365
2871	494
2872	130
2873	710
2874	52
2875	2811
2876	1567
2877	1849
2878	1650
2879	1630
2880	2337
2881	2055
2882	1009
2883	2960
2884	1087
2885	2643
2886	39
2887	1494
2888	1350
2889	1727
2890	1047
2891	693
2892	818
2893	1291
2894	2884
2895	965
2896	2123
2897	773
2898	1943
2899	1625
2900	1483
2901	1886
2902	2025
2903	245
2904	1385
2905	278
2906	295
2907	352
2908	482
2909	461
2910	2410
2911	2409
2912	1624
2913	2791
2914	885
2915	1271
2916	517
2917	1614
2918	2580
2919	1588
2920	1085
2921	1967
2922	648
2923	260
2924	1850
2925	797
2926	1287
2927	239
2928	949
2929	1333
2930	249
2931	2926
2932	2478
2933	158
2934	2095
2935	2881
2936	2653
2937	1583
2938	61
2939	258
2940	164
2941	2636
2942	846
2943	1290
2944	2321
2945	2899
2946	2149
2947	14
2948	654
2949	164
2950	869
2951	2068
2952	1345
2953	2650
2954	2005
2955	378
2956	1570
2957	92
2958	2075
2959	1246
2960	1250
2961	985
2962	1108
2963	2402
2964	1404
2965	1311
2966	2450
2967	2998
2968	530
2969	861
2970	2336
2971	2341
2972	1760
2973	1233
2974	1381
2975	1730
2976	2513
2977	1079
2978	2263
2979	966
2980	532
2981	1715
2982	171
2983	2254
2984	87
2985	1429
2986	1221
2987	134
2988	2537
2989	829
2990	2500
2991	541
2992	572
2993	1525
2994	125
2995	508
2996	1636
2997	696
2998	370
2999	1438
3000	801
3001	1058
3002	2504
3003	474
3004	1551
3005	671
3006	1365
3007	660
3008	1576
3009	1749
3010	905
3011	621
3012	495
3013	2800
3014	492
3015	528
3016	1225
3017	1348
3018	1514
3019	175
3020	1603
3021	809
3022	636
3023	497
3024	398
3025	1721
3026	376
3027	401
3028	2637
3029	1582
3030	1869
3031	147
3032	1032
3033	127
3034	2854
3035	2271
3036	2566
3037	544
3038	2388
3039	2923
3040	1311
3041	2799
3042	2275
3043	804
3044	2760
3045	797
3046	904
3047	2832
3048	749
3049	2651
3050	96
3051	1471
3052	1104
3053	1561
3054	612
3055	2611
3056	2917
3057	2004
3058	1248
3059	187
3060	228
3061	1268
3062	2848
3063	407
3064	2944
3065	2119
3066	1818
3067	974
3068	21
3069	2329
3070	1585
3071	306
3072	2114
3073	1102
3074	2258
3075	2519
3076	2398
3077	2661
3078	615
3079	2745
3080	262
3081	2894
3082	1547
3083	2907
3084	384
3085	1110
3086	1237
3087	2360
3088	1921
3089	2717
3090	1145
3091	720
3092	807
3093	1841
3094	2507
3095	2823
3096	293
3097	1843
3098	954
3099	2827
3100	1147
3101	386
3102	2490
3103	2976
3104	1080
3105	1859
3106	1026
3107	2489
3108	999
3109	2808
3110	1617
3111	2011
3112	1810
3113	806
3114	675
3115	1125
3116	183
3117	223
3118	974
3119	606
3120	175
3121	2963
3122	2910
3123	1043
3124	2839
3125	1403
3126	296
3127	1431
3128	358
3129	191
3130	832
3131	511
3132	1716
3133	2870
3134	551
3135	902
3136	2306
3137	1915
3138	1036
3139	2865
3140	1060
3141	1991
3142	1732
3143	2770
3144	1239
3145	767
3146	2517
3147	1151
3148	742
3149	1237
3150	1372
3151	1772
3152	112
3153	276
3154	1669
3155	476
3156	893
3157	1134
3158	1747
3159	2233
3160	836
3161	786
3162	1258
3163	1348
3164	1632
3165	1644
3166	1561
3167	558
3168	1488
3169	2403
3170	2855
3171	2588
3172	1298
3173	2519
3174	1803
3175	2860
3176	1269
3177	2480
3178	242
3179	1834
3180	1787
3181	1750
3182	922
3183	2460
3184	878
3185	1342
3186	2583
3187	2775
3188	169
3189	289
3190	1164
3191	58
3192	431
3193	2456
3194	2932
3195	926
3196	322
3197	2312
3198	1874
3199	787
3200	532
3201	1468
3202	2573
3203	513
3204	964
3205	1436
3206	2872
3207	2099
3208	2365
3209	1657
3210	2921
3211	1142
3212	2882
3213	1502
3214	659
3215	1177
3216	1479
3217	34
3218	488
3219	16
3220	128
3221	1334
3222	712
3223	1011
3224	1762
3225	385
3226	1124
3227	1019
3228	1300
3229	1157
3230	1500
3231	1581
3232	2229
3233	603
3234	1589
3235	319
3236	2900
3237	1577
3238	2581
3239	931
3240	1876
3241	1337
3242	2664
3243	2169
3244	2904
3245	2518
3246	2225
3247	1858
3248	190
3249	563
3250	1730
3251	1524
3252	793
3253	757
3254	864
3255	1711
3256	1051
3257	745
3258	238
3259	908
3260	2843
3261	1663
3262	60
3263	1770
3264	623
3265	700
3266	750
3267	1079
3268	1054
3269	1096
3270	291
3271	2837
3272	851
3273	2403
3274	339
3275	1444
3276	1858
3277	1703
3278	1651
3279	181
3280	1422
3281	126
3282	21
3283	2705
3284	549
3285	345
3286	677
3287	2043
3288	2028
3289	1768
3290	424
3291	2400
3292	256
3293	2847
3294	1119
3295	609
3296	26
3297	2977
3298	2414
3299	1107
3300	2842
3301	2529
3302	1838
3303	1154
3304	2962
3305	2775
3306	29
3307	2970
3308	1456
3309	2693
3310	2177
3311	1390
3312	2964
3313	63
3314	2162
3315	1474
3316	1112
3317	2454
3318	1669
3319	2508
3320	1378
3321	361
3322	1537
3323	1302
3324	2520
3325	1839
3326	269
3327	412
3328	1386
3329	2070
3330	2458
3331	959
3332	1161
3333	2863
3334	1791
3335	1563
3336	1990
3337	102
3338	2713
3339	185
3340	1233
3341	2706
3342	441
3343	2035
3344	2213
3345	1280
3346	1358
3347	2425
3348	1646
3349	64
3350	1120
3351	744
3352	2439
3353	537
3354	1777
3355	491
3356	1960
3357	2022
3358	667
3359	680
3360	682
3361	404
3362	430
3363	802
3364	2518
3365	1628
3366	2726
3367	2682
3368	724
3369	451
3370	1994
3371	1970
3372	1557
3373	1480
3374	834
3375	2290
3376	876
3377	1030
3378	471
3379	1354
3380	109
3381	2795
3382	1242
3383	1495
3384	2699
3385	1719
3386	1215
3387	1677
3388	1931
3389	2951
3390	963
3391	1057
3392	729
3393	1892
3394	1072
3395	801
3396	62
3397	1507
3398	25
3399	1366
3400	916
3401	1155
3402	266
3403	602
3404	1553
3405	1023
3406	2692
3407	2676
3408	2768
3409	353
3410	2109
3411	817
3412	1996
3413	2185
3414	1393
3415	2159
3416	1572
3417	2841
3418	1383
3419	223
3420	455
3421	488
3422	585
3423	1130
3424	1125
3425	2155
3426	1320
3427	762
3428	1230
3429	2373
3430	1535
3431	636
3432	1071
3433	2819
3434	561
3435	2937
3436	55
3437	949
3438	2556
3439	796
3440	2896
3441	1305
3442	2016
3443	2082
3444	1808
3445	623
3446	1316
3447	1732
3448	1759
3449	2280
3450	762
3451	1771
3452	1932
3453	930
3454	1621
3455	1416
3456	2338
3457	2843
3458	2229
3459	1725
3460	371
3461	1199
3462	1707
3463	2539
3464	1747
3465	1459
3466	1925
3467	954
3468	2695
3469	1405
3470	2920
3471	2131
3472	1558
3473	421
3474	377
3475	1035
3476	200
3477	1944
3478	2826
3479	2499
3480	1128
3481	1562
3482	2202
3483	1869
3484	728
3485	1033
3486	2711
3487	2049
3488	1111
3489	862
3490	1084
3491	1381
3492	466
3493	1598
3494	2098
3495	2997
3496	2982
3497	148
3498	1978
3499	194
3500	1888
3501	1063
3502	66
3503	1507
3504	64
3505	1010
3506	1315
3507	2867
3508	1794
3509	191
3510	1885
3511	2183
3512	463
3513	1592
3514	2572
3515	1320
3516	1133
3517	2730
3518	1687
3519	2221
3520	353
3521	56
3522	1183
3523	2827
3524	1117
3525	45
3526	2804
3527	808
3528	1813
3529	1737
3530	1474
3531	1841
3532	2134
3533	2769
3534	2325
3535	274
3536	2218
3537	2652
3538	558
3539	1875
3540	2847
3541	2629
3542	991
3543	240
3544	2310
3545	667
3546	562
3547	2062
3548	936
3549	995
3550	1380
3551	1229
3552	1262
3553	1794
3554	409
3555	138
3556	2195
3557	951
3558	1470
3559	2366
3560	145
3561	938
3562	2585
3563	2695
3564	1680
3565	1129
3566	2805
3567	799
3568	650
3569	2543
3570	1731
3571	1671
3572	1741
3573	2786
3574	2135
3575	2700
3576	1771
3577	2065
3578	1315
3579	1262
3580	1251
3581	1303
3582	1205
3583	266
3584	2164
3585	560
3586	2529
3587	1837
3588	2429
3589	1406
3590	156
3591	1179
3592	1950
3593	2386
3594	2859
3595	2505
3596	2355
3597	1957
3598	1018
3599	2036
3600	318
3601	2497
3602	1606
3603	2364
3604	1388
3605	1722
3606	2357
3607	2930
3608	1986
3609	641
3610	869
3611	2489
3612	1091
3613	1877
3614	1959
3615	2358
3616	1138
3617	1045
3618	265
3619	2428
3620	654
3621	2236
3622	2057
3623	2405
3624	1900
3625	2313
3626	1390
3627	1435
3628	1520
3629	886
3630	1433
3631	833
3632	1029
3633	2351
3634	2318
3635	2407
3636	2076
3637	823
3638	418
3639	2726
3640	2037
3641	1623
3642	435
3643	1550
3644	1386
3645	261
3646	832
3647	699
3648	926
3649	1813
3650	202
3651	933
3652	655
3653	232
3654	1004
3655	2710
3656	1905
3657	2088
3658	1227
3659	1702
3660	2916
3661	1418
3662	1490
3663	771
3664	1439
3665	2728
3666	1673
3667	2304
3668	589
3669	2986
3670	2494
3671	1643
3672	2256
3673	2677
3674	1557
3675	1945
3676	1706
3677	2849
3678	2307
3679	1513
3680	2546
3681	398
3682	2965
3683	477
3684	1717
3685	1852
3686	205
3687	1827
3688	862
3689	2939
3690	952
3691	1352
3692	760
3693	2475
3694	2369
3695	1484
3696	2402
3697	2737
3698	2127
3699	2835
3700	1439
3701	2298
3702	1610
3703	1536
3704	1656
3705	50
3706	1092
3707	2431
3708	2884
3709	2633
3710	2043
3711	1037
3712	2339
3713	204
3714	2937
3715	566
3716	1425
3717	479
3718	1141
3719	1533
3720	2784
3721	2206
3722	2379
3723	356
3724	2828
3725	483
3726	1121
3727	1257
3728	1368
3729	417
3730	1408
3731	1615
3732	454
3733	1192
3734	1904
3735	443
3736	499
3737	2150
3738	652
3739	1091
3740	1189
3741	2180
3742	2178
3743	1723
3744	1792
3745	420
3746	2026
3747	1504
3748	1160
3749	2554
3750	600
3751	2174
3752	691
3753	2321
3754	2993
3755	1416
3756	1600
3757	2386
3758	895
3759	2776
3760	389
3761	1209
3762	2727
3763	1397
3764	676
3765	664
3766	2723
3767	2930
3768	1361
3769	1830
3770	523
3771	1562
3772	2084
3773	219
3774	1725
3775	1336
3776	373
3777	1845
3778	1663
3779	2909
3780	2468
3781	2029
3782	2357
3783	384
3784	1738
3785	1399
3786	2698
3787	2034
3788	2882
3789	882
3790	180
3791	1188
3792	1955
3793	214
3794	1854
3795	731
3796	944
3797	1978
3798	2841
3799	662
3800	835
3801	502
3802	2820
3803	168
3804	310
3805	2808
3806	2633
3807	2984
3808	2971
3809	1570
3810	217
3811	2418
3812	719
3813	1431
3814	2013
3815	2470
3816	1866
3817	2187
3818	1564
3819	153
3820	2039
3821	2192
3822	1908
3823	548
3824	2073
3825	2485
3826	1158
3827	2194
3828	815
3829	1703
3830	1134
3831	2326
3832	10
3833	988
3834	1100
3835	10
3836	95
3837	1175
3838	2925
3839	680
3840	644
3841	2619
3842	2159
3843	2235
3844	2822
3845	1856
3846	752
3847	739
3848	336
3849	2710
3850	2205
3851	2085
3852	2749
3853	2690
3854	1141
3855	1577
3856	2696
3857	2706
3858	2079
3859	1870
3860	598
3861	93
3862	2630
3863	419
3864	2464
3865	2058
3866	2656
3867	1591
3868	295
3869	114
3870	1039
3871	1847
3872	1128
3873	522
3874	601
3875	2298
3876	1384
3877	1943
3878	2820
3879	392
3880	2782
3881	2515
3882	2574
3883	1803
3884	1528
3885	2260
3886	2507
3887	783
3888	803
3889	2347
3890	2675
3891	158
3892	2522
3893	2486
3894	1363
3895	506
3896	1850
3897	450
3898	1774
3899	2061
3900	2405
3901	2382
3902	1603
3903	599
3904	128
3905	2072
3906	1238
3907	1548
3908	402
3909	2978
3910	2015
3911	1063
3912	1361
3913	2462
3914	2858
3915	406
3916	2929
3917	743
3918	2242
3919	121
3920	738
3921	1997
3922	718
3923	1648
3924	2806
3925	549
3926	2881
3927	2510
3928	1992
3929	2200
3930	1573
3931	629
3932	1556
3933	1554
3934	1087
3935	2898
3936	764
3937	1176
3938	403
3939	2347
3940	2627
3941	2353
3942	2996
3943	2662
3944	1668
3945	1259
3946	2999
3947	1582
3948	2995
3949	577
3950	653
3951	1257
3952	2785
3953	269
3954	2039
3955	1420
3956	1970
3957	1821
3958	387
3959	2876
3960	878
3961	1363
3962	377
3963	2401
3964	505
3965	1692
3966	2757
3967	1907
3968	91
3969	197
3970	1509
3971	922
3972	2206
3973	1925
3974	1809
3975	2137
3976	321
3977	2527
3978	2368
3979	565
3980	395
3981	2604
3982	608
3983	515
3984	2295
3985	2308
3986	2761
3987	2802
3988	2932
3989	1593
3990	61
3991	2296
3992	555
3993	29
3994	1002
3995	2912
3996	137
3997	818
3998	2555
3999	945
4000	1848
4001	721
4002	2400
4003	1698
4004	2309
4005	1834
4006	2160
4007	1483
4008	2090
4009	129
4010	1140
4011	2208
4012	157
4013	990
4014	2115
4015	2181
4016	1531
4017	2506
4018	925
4019	2023
4020	153
4021	2859
4022	83
4023	2493
4024	1137
4025	1817
4026	373
4027	2270
4028	1535
4029	259
4030	70
4031	346
4032	2989
4033	2289
4034	2905
4035	1324
4036	289
4037	2562
4038	524
4039	879
4040	2260
4041	1559
4042	96
4043	165
4044	2468
4045	2238
4046	195
4047	343
4048	1268
4049	2246
4050	1108
4051	1382
4052	519
4053	2449
4054	1951
4055	726
4056	150
4057	53
4058	2317
4059	80
4060	1077
4061	77
4062	1078
4063	2257
4064	2302
4065	657
4066	2235
4067	1071
4068	588
4069	2635
4070	1450
4071	179
4072	2173
4073	115
4074	2793
4075	1679
4076	2862
4077	2640
4078	2890
4079	1455
4080	1754
4081	917
4082	1952
4083	1510
4084	2772
4085	2350
4086	963
4087	23
4088	1594
4089	2964
4090	2311
4091	1840
4092	155
4093	378
4094	84
4095	676
4096	272
4097	816
4098	79
4099	852
4100	2960
4101	2062
4102	644
4103	200
4104	2140
4105	2172
4106	256
4107	1043
4108	388
4109	1357
4110	2593
4111	578
4112	2441
4113	1550
4114	2953
4115	1579
4116	252
4117	1437
4118	2780
4119	2532
4120	597
4121	2428
4122	1966
4123	2970
4124	2492
4125	515
4126	707
4127	1059
4128	163
4129	1733
4130	2780
4131	2822
4132	349
4133	1934
4134	1648
4135	486
4136	1465
4137	685
4138	2365
4139	690
4140	2301
4141	449
4142	2167
4143	2709
4144	2366
4145	408
4146	2256
4147	2300
4148	1302
4149	2182
4150	2268
4151	2669
4152	2393
4153	2297
4154	494
4155	431
4156	794
4157	1229
4158	1510
4159	2312
4160	2824
4161	2889
4162	1781
4163	1167
4164	2066
4165	2149
4166	2488
4167	38
4168	1821
4169	1864
4170	2286
4171	243
4172	2054
4173	2854
4174	1253
4175	1728
4176	2717
4177	1566
4178	20
4179	2052
4180	2224
4181	2942
4182	689
4183	2684
4184	513
4185	1734
4186	1520
4187	2575
4188	1715
4189	1005
4190	2875
4191	1522
4192	1576
4193	1221
4194	2356
4195	2222
4196	2181
4197	1960
4198	93
4199	2188
4200	2688
4201	284
4202	2966
4203	934
4204	365
4205	2571
4206	2158
4207	186
4208	709
4209	2873
4210	662
4211	2786
4212	2581
4213	315
4214	1156
4215	2781
4216	2893
4217	2840
4218	2141
4219	1016
4220	1126
4221	1210
4222	2491
4223	335
4224	504
4225	218
4226	1967
4227	997
4228	2223
4229	279
4230	841
4231	45
4232	1350
4233	811
4234	226
4235	1495
4236	314
4237	914
4238	1957
4239	825
4240	1019
4241	123
4242	1847
4243	2012
4244	1330
4245	1360
4246	2685
4247	759
4248	1690
4249	2388
4250	1937
4251	656
4252	1593
4253	1347
4254	911
4255	174
4256	1920
4257	1293
4258	758
4259	2681
4260	1166
4261	2702
4262	955
4263	292
4264	167
4265	1968
4266	1556
4267	2664
4268	2582
4269	2286
4270	2969
4271	2392
4272	2152
4273	647
4274	2655
4275	1424
4276	303
4277	988
4278	2573
4279	333
4280	714
4281	2121
4282	457
4283	2253
4284	2018
4285	403
4286	187
4287	822
4288	341
4289	1764
4290	1720
4291	2511
4292	1471
4293	327
4294	804
4295	2989
4296	72
4297	2272
4298	1341
4299	2003
4300	1172
4301	357
4302	2169
4303	238
4304	1222
4305	1778
4306	723
4307	2785
4308	81
4309	276
4310	1848
4311	1070
4312	1626
4313	2389
4314	2309
4315	2081
4316	1200
4317	2113
4318	2824
4319	467
4320	575
4321	672
4322	991
4323	2896
4324	805
4325	2709
4326	482
4327	550
4328	2569
4329	1356
4330	2313
4331	2815
4332	2791
4333	674
4334	2592
4335	2975
4336	2078
4337	194
4338	80
4339	1277
4340	2936
4341	2794
4342	235
4343	1214
4344	2240
4345	2437
4346	300
4347	407
4348	2957
4349	1300
4350	350
4351	2765
4352	1288
4353	2627
4354	1092
4355	850
4356	897
4357	803
4358	113
4359	130
4360	885
4361	329
4362	883
4363	2277
4364	59
4365	1516
4366	2634
4367	2174
4368	1952
4369	2269
4370	1708
4371	151
4372	823
4373	1270
4374	2469
4375	1639
4376	1224
4377	1242
4378	414
4379	126
4380	2483
4381	1641
4382	711
4383	2552
4384	7
4385	2541
4386	233
4387	2805
4388	2856
4389	1367
4390	1823
4391	815
4392	1721
4393	763
4394	1701
4395	1318
4396	631
4397	977
4398	2328
4399	2003
4400	1994
4401	2101
4402	2734
4403	1180
4404	2115
4405	1912
4406	997
4407	1689
4408	335
4409	921
4410	254
4411	617
4412	2722
4413	35
4414	834
4415	1432
4416	1197
4417	239
4418	311
4419	2904
4420	590
4421	516
4422	1701
4423	448
4424	2660
4425	1618
4426	2966
4427	2689
4428	2129
4429	795
4430	1153
4431	821
4432	1667
4433	838
4434	1138
4435	2713
4436	748
4437	2538
4438	1427
4439	2650
4440	1273
4441	2925
4442	1177
4443	1224
4444	2441
4445	2624
4446	2606
4447	1587
4448	942
4449	1493
4450	2371
4451	1332
4452	2755
4453	2328
4454	960
4455	1832
4456	1894
4457	386
4458	2010
4459	169
4460	2009
4461	624
4462	1930
4463	2000
4464	753
4465	2396
4466	2407
4467	1842
4468	2258
4469	2577
4470	1470
4471	2765
4472	868
4473	978
4474	2724
4475	857
4476	498
4477	225
4478	1418
4479	2514
4480	1760
4481	1035
4482	2502
4483	1977
4484	2674
4485	793
4486	524
4487	1397
4488	2278
4489	1310
4490	2060
4491	412
4492	2349
4493	1716
4494	2022
4495	2723
4496	1458
4497	2131
4498	1724
4499	826
4500	2652
4501	2269
4502	2736
4503	2949
4504	1216
4505	2885
4506	260
4507	2147
4508	2605
4509	2716
4510	2973
4511	408
4512	1959
4513	886
4514	1220
4515	343
4516	2436
4517	440
4518	2845
4519	1407
4520	1864
4521	2135
4522	113
4523	1216
4524	2761
4525	1365
4526	1906
4527	2130
4528	682
4529	2471
4530	13
4531	165
4532	1992
4533	2469
4534	713
4535	2061
4536	567
4537	2404
4538	1517
4539	755
4540	89
4541	2561
4542	116
4543	1899
4544	2750
4545	298
4546	707
4547	1906
4548	1456
4549	235
4550	1078
4551	1824
4552	1828
4553	354
4554	1075
4555	2582
4556	1683
4557	2268
4558	2840
4559	1697
4560	69
4561	2742
4562	1539
4563	2491
4564	2623
4565	851
4566	2997
4567	2349
4568	2406
4569	173
4570	704
4571	1567
4572	967
4573	1973
4574	2649
4575	894
4576	656
4577	813
4578	898
4579	1161
4580	2473
4581	212
4582	780
4583	1972
4584	732
4585	367
4586	2828
4587	819
4588	2160
4589	1953
4590	127
4591	2823
4592	2230
4593	2610
4594	2891
4595	1427
4596	2948
4597	993
4598	396
4599	2767
4600	929
4601	899
4602	160
4603	1469
4604	830
4605	2103
4606	1930
4607	1532
4608	417
4609	2351
4610	1849
4611	1690
4612	1659
4613	2189
4614	451
4615	1541
4616	2570
4617	437
4618	1184
4619	2081
4620	226
4621	2590
4622	359
4623	757
4624	852
4625	1267
4626	841
4627	2283
4628	1907
4629	1968
4630	2072
4631	2139
4632	643
4633	68
4634	2233
4635	8
4636	1657
4637	272
4638	1001
4639	937
4640	506
4641	2083
4642	942
4643	840
4644	166
4645	1115
4646	520
4647	2344
4648	2252
4649	1626
4650	1267
4651	2721
4652	369
4653	2755
4654	436
4655	2667
4656	742
4657	325
4658	726
4659	2179
4660	1374
4661	610
4662	2120
4663	313
4664	929
4665	2172
4666	592
4667	199
4668	2981
4669	672
4670	27
4671	2465
4672	1528
4673	2332
4674	1227
4675	1190
4676	2895
4677	805
4678	831
4679	2578
4680	1448
4681	984
4682	956
4683	2670
4684	592
4685	737
4686	1335
4687	1425
4688	1203
4689	1949
4690	1391
4691	2852
4692	791
4693	151
4694	1461
4695	698
4696	2678
4697	1253
4698	2918
4699	409
4700	1618
4701	393
4702	267
4703	1419
4704	2276
4705	743
4706	637
4707	1044
4708	2853
4709	2352
4710	978
4711	1698
4712	2891
4713	1681
4714	2348
4715	1710
4716	2935
4717	2
4718	166
4719	848
4720	2280
4721	2456
4722	2408
4723	2259
4724	123
4725	1659
4726	2436
4727	2210
4728	196
4729	2754
4730	1987
4731	323
4732	2435
4733	896
4734	940
4735	1500
4736	2447
4737	1059
4738	445
4739	2934
4740	2096
4741	1208
4742	583
4743	2086
4744	2513
4745	1089
4746	2619
4747	511
4748	464
4749	1166
4750	2139
4751	1998
4752	657
4753	2133
4754	77
4755	1511
4756	1822
4757	310
4758	2697
4759	2397
4760	981
4761	2175
4762	2557
4763	1275
4764	1684
4765	1152
4766	1050
4767	2563
4768	2642
4769	1389
4770	2253
4771	791
4772	2831
4773	221
4774	2267
4775	1127
4776	677
4777	1383
4778	170
4779	2749
4780	1651
4781	1446
4782	904
4783	287
4784	2232
4785	465
4786	2771
4787	1553
4788	483
4789	900
4790	1769
4791	116
4792	2624
4793	2314
4794	418
4795	1084
4796	514
4797	2244
4798	1261
4799	868
4800	1465
4801	1398
4802	1724
4803	635
4804	324
4805	1129
4806	2223
4807	633
4808	2201
4809	1645
4810	2692
4811	673
4812	2220
4813	2511
4814	294
4815	775
4816	2935
4817	2417
4818	75
4819	1304
4820	2886
4821	339
4822	2908
4823	2589
4824	2471
4825	582
4826	1149
4827	1924
4828	2393
4829	777
4830	1282
4831	2173
4832	2184
4833	1002
4834	150
4835	950
4836	1198
4837	892
4838	817
4839	1191
4840	849
4841	144
4842	2826
4843	75
4844	1219
4845	567
4846	1710
4847	2278
4848	739
4849	328
4850	2994
4851	1532
4852	610
4853	2089
4854	2596
4855	2359
4856	917
4857	965
4858	2208
4859	2750
4860	923
4861	1298
4862	152
4863	170
4864	2249
4865	2971
4866	2163
4867	856
4868	2001
4869	2658
4870	571
4871	2522
4872	1299
4873	1266
4874	183
4875	2032
4876	1596
4877	1534
4878	1025
4879	630
4880	315
4881	1541
4882	1351
4883	1802
4884	611
4885	1572
4886	2397
4887	324
4888	637
4889	1017
4890	2538
4891	297
4892	1809
4893	176
4894	1357
4895	1143
4896	2190
4897	1664
4898	1637
4899	686
4900	2711
4901	2919
4902	51
4903	2934
4904	2515
4905	2915
4906	1353
4907	430
4908	2270
4909	2370
4910	975
4911	464
4912	2096
4913	1292
4914	2757
4915	874
4916	722
4917	2653
4918	1566
4919	2050
4920	533
4921	2413
4922	973
4923	1081
4924	2418
4925	2865
4926	2103
4927	1442
4928	1172
4929	2862
4930	320
4931	2175
4932	882
4933	1754
4934	2303
4935	538
4936	2074
4937	2051
4938	1159
4939	976
4940	2732
4941	469
4942	1838
4943	220
4944	333
4945	931
4946	591
4947	2517
4948	2536
4949	771
4950	1103
4951	860
4952	89
4953	2878
4954	2936
4955	1708
4956	1517
4957	394
4958	2617
4959	1219
4960	1110
4961	1971
4962	640
4963	1782
4964	2705
4965	2305
4966	2040
4967	98
4968	2153
4969	2703
4970	2377
4971	1006
4972	1815
4973	2577
4974	2789
4975	1573
4976	2778
4977	2106
4978	877
4979	2367
4980	1766
4981	2275
4982	1442
4983	457
4984	2101
4985	1973
4986	1318
4987	1688
4988	2781
4989	2563
4990	20
4991	1296
4992	390
4993	2474
4994	2001
4995	1635
4996	1149
4997	2446
4998	1843
4999	2289
5000	778
5001	1508
5002	2546
5003	1469
5004	2534
5005	2362
5006	510
5007	1191
5008	247
5009	760
5010	2163
5011	2844
5012	2218
5013	1514
5014	2124
5015	2184
5016	1054
5017	2908
5018	1884
5019	1222
5020	1480
5021	2544
5022	69
5023	2266
5024	83
5025	2267
5026	985
5027	1146
5028	1964
5029	1021
5030	540
5031	1184
5032	979
5033	687
5034	2999
5035	1326
5036	1406
5037	2242
5038	2077
5039	1503
5040	174
5041	312
5042	2924
5043	1741
5044	1826
5045	1271
5046	1328
5047	732
5048	2063
5049	1393
5050	519
5051	284
5052	622
5053	1823
5054	897
5055	88
5056	1446
5057	2249
5058	891
5059	1610
5060	971
5061	361
5062	221
5063	103
5064	514
5065	2576
5066	1498
5067	102
5068	307
5069	132
5070	2104
5071	730
5072	831
5073	1024
5074	1638
5075	2180
5076	2154
5077	1468
5078	1190
5079	642
5080	1605
5081	1231
5082	944
5083	2054
5084	2570
5085	2549
5086	2531
5087	1492
5088	1705
5089	1303
5090	1744
5091	578
5092	2621
5093	1118
5094	2440
5095	1344
5096	1020
5097	2465
5098	2514
5099	2074
5100	1181
5101	325
5102	850
5103	1204
5104	489
5105	2554
5106	774
5107	976
5108	1429
5109	1123
5110	1413
5111	2613
5112	2494
5113	736
5114	2201
5115	1123
5116	630
5117	2782
5118	2210
5119	288
5120	2812
5121	2806
5122	405
5123	2416
5124	2442
5125	379
5126	219
5127	504
5128	1980
5129	288
5130	1440
5131	1787
5132	2777
5133	2771
5134	1308
5135	568
5136	186
5137	304
5138	320
5139	2597
5140	2530
5141	2399
5142	2524
5143	2300
5144	896
5145	2811
5146	738
5147	2745
5148	1642
5149	545
5150	2699
5151	1297
5152	1434
5153	244
5154	1634
5155	2464
5156	1753
5157	2810
5158	1095
5159	2957
5160	1726
5161	225
5162	2810
5163	2703
5164	684
5165	905
5166	596
5167	2427
5168	2578
5169	810
5170	2217
5171	779
5172	2424
5173	2759
5174	2502
5175	2682
5176	1053
5177	1444
5178	775
5179	119
5180	65
5181	2147
5182	392
5183	977
5184	108
5185	1432
5186	2158
5187	304
5188	1147
5189	2754
5190	552
5191	354
5192	919
5193	487
5194	2915
5195	2940
5196	1317
5197	2024
5198	2470
5199	290
5200	1987
5201	1929
5202	222
5203	244
5204	1836
5205	2161
5206	2972
5207	2475
5208	842
5209	1069
5210	466
5211	2967
5212	1697
5213	633
5214	487
5215	647
5216	197
5217	2686
5218	2277
5219	2560
5220	2751
5221	2752
5222	908
5223	2448
5224	1441
5225	975
5226	1024
5227	233
5228	1206
5229	1909
5230	1000
5231	1347
5232	845
5233	2947
5234	1376
5235	1209
5236	478
5237	1025
5238	1880
5239	184
5240	1857
5241	854
5242	2856
5243	1891
5244	299
5245	2396
5246	132
5247	2316
5248	25
5249	2375
5250	717
5251	849
5252	2743
5253	1958
5254	2026
5255	2779
5256	1656
5257	1109
5258	1034
5259	2446
5260	967
5261	2967
5262	836
5263	192
5264	1273
5265	865
5266	232
5267	1076
5268	192
5269	86
5270	2442
5271	2734
5272	1832
5273	2024
5274	348
5275	2762
5276	1334
5277	1722
5278	920
5279	1699
5280	2002
5281	1325
5282	1083
5283	951
5284	1638
5285	442
5286	2340
5287	2232
5288	2404
5289	525
5290	665
5291	545
5292	510
5293	2825
5294	2607
5295	844
5296	527
5297	555
5298	1782
5299	300
5300	909
5301	297
5302	2000
5303	724
5304	347
5305	1098
5306	536
5307	446
5308	1699
5309	2444
5310	2678
5311	1855
5312	2686
5313	611
5314	207
5315	665
5316	252
5317	2017
5318	948
5319	264
5320	725
5321	1021
5322	139
5323	2644
5324	160
5325	364
5326	1498
5327	2883
5328	362
5329	154
5330	1072
5331	2766
5332	1822
5333	1917
5334	162
5335	2354
5336	2293
5337	2644
5338	1932
5339	989
5340	1006
5341	1254
5342	2199
5343	998
5344	2658
5345	2592
5346	2259
5347	825
5348	2023
5349	1836
5350	863
5351	872
5352	763
5353	907
5354	203
5355	2335
5356	1779
5357	1076
5358	2742
5359	820
5360	819
5361	543
5362	1247
5363	2751
5364	1889
5365	768
5366	2375
5367	13
5368	725
5369	1891
5370	1377
5371	2792
5372	2946
5373	1611
5374	2010
5375	843
5376	2143
5377	2991
5378	1030
5379	2779
5380	2326
5381	2986
5382	2380
5383	748
5384	877
5385	12
5386	856
5387	1452
5388	844
5389	2797
5390	1086
5391	2034
5392	2869
5393	149
5394	1758
5395	2639
5396	828
5397	1568
5398	381
5399	2675
5400	227
5401	1876
5402	1366
5403	1543
5404	1109
5405	1807
5406	120
5407	381
5408	1220
5409	1199
5410	1321
5411	1817
5412	1851
5413	2523
5414	2488
5415	2825
5416	559
5417	1536
5418	58
5419	1005
5420	1077
5421	1688
5422	2885
5423	1288
5424	139
5425	808
5426	2110
5427	1159
5428	1322
5429	2602
5430	590
5431	2097
5432	1949
5433	1853
5434	1153
5435	1466
5436	1558
5437	2815
5438	2110
5439	1466
5440	525
5441	1331
5442	207
5443	2714
5444	290
5445	2217
5446	863
5447	2625
5448	1314
5449	907
5450	1529
5451	368
5452	751
5453	2199
5454	1560
5455	795
5456	2520
5457	1758
5458	814
5459	717
5460	530
5461	1751
5462	2943
5463	1555
5464	2569
5465	2049
5466	2334
5467	1795
5468	2421
5469	1591
5470	53
5471	472
5472	1240
5473	1434
5474	2390
5475	1459
5476	1328
5477	1929
5478	1831
5479	1322
5480	989
5481	1691
5482	2130
5483	1619
5484	741
5485	547
5486	2425
5487	1679
5488	2476
5489	1027
5490	364
5491	960
5492	1686
5493	1122
5494	1723
5495	699
5496	706
5497	1980
5498	1044
5499	1856
5500	1013
5501	2152
5502	2472
5503	2279
5504	2125
5505	2659
5506	2887
5507	1292
5508	1178
5509	2982
5510	1508
5511	539
5512	2829
5513	1118
5514	1914
5515	2501
5516	1098
5517	240
5518	1254
5519	1571
5520	635
5521	309
5522	1101
5523	2599
5524	2088
5525	2821
5526	1691
5527	2293
5528	941
5529	1391
5530	2701
5531	406
5532	2354
5533	2807
5534	182
5535	81
5536	1666
5537	1247
5538	449
5539	87
5540	434
5541	249
5542	2512
5543	2523
5544	2205
5545	1100
5546	1575
5547	125
5548	1034
5549	1201
5550	574
5551	2161
5552	1286
5553	1837
5554	2374
5555	2798
5556	2503
5557	1706
5558	178
5559	812
5560	768
5561	2741
5562	86
5563	2547
5564	2579
5565	705
5566	2887
5567	2994
5568	176
5569	393
5570	1624
5571	78
5572	2979
5573	2542
5574	1055
5575	2359
5576	2807
5577	2380
5578	765
5579	2124
5580	1736
5581	2953
5582	2763
5583	1720
5584	2474
5585	2956
5586	2536
5587	120
5588	711
5589	1016
5590	614
5591	131
5592	811
5593	2394
5594	2948
5595	2084
5596	2028
5597	669
5598	2044
5599	2637
5600	2673
5601	2712
5602	1083
5603	1686
5604	1013
5605	1860
5606	1276
5607	1158
5608	1751
5609	2250
5610	2376
5611	1789
5612	2445
5613	2369
5614	1335
5615	1901
5616	2661
5617	1544
5618	1312
5619	1985
5620	163
5621	2262
5622	209
5623	1331
5624	484
5625	622
5626	1894
5627	263
5628	1324
5629	1
5630	769
5631	2812
5632	1214
5633	345
5634	1305
5635	1428
5636	65
5637	2556
5638	1910
5639	2599
5640	2331
5641	2183
5642	2712
5643	2153
5644	1452
5645	485
5646	1124
5647	1017
5648	1575
5649	2093
5650	1761
5651	1280
5652	556
5653	1953
5654	810
5655	2371
5656	626
5657	1454
5658	569
5659	2241
5660	1985
5661	213
5662	262
5663	1097
5664	1607
5665	2304
5666	1286
5667	1711
5668	2116
5669	2472
5670	1490
5671	1179
5672	2154
5673	2069
5674	552
5675	1742
5676	1139
5677	242
5678	2032
5679	556
5680	765
5681	705
5682	1206
5683	1801
5684	1982
5685	2430
5686	2344
5687	1873
5688	2271
5689	1855
5690	2873
5691	1266
5692	1101
5693	2673
5694	1011
5695	938
5696	2053
5697	94
5698	1093
5699	2118
5700	138
5701	2170
5702	1369
5703	1304
5704	2954
5705	571
5706	2477
5707	436
5708	1275
5709	467
5710	2453
5711	24
5712	1122
5713	2741
5714	1655
5715	154
5716	1203
5717	2044
5718	2659
5719	2408
5720	370
5721	1829
5722	2027
5723	2950
5724	2453
5725	1301
5726	2394
5727	639
5728	1642
5729	2668
5730	2845
5731	2687
5732	1910
5733	1140
5734	1277
5735	2348
5736	1989
5737	1095
5738	2040
5739	568
5740	1912
5741	1028
5742	679
5743	2448
5744	1169
5745	2177
5746	1664
5747	2657
5748	22
5749	1634
5750	2620
5751	1927
5752	617
5753	2680
5754	2455
5755	2498
5756	1385
5757	2104
5758	1451
5759	1476
5760	162
5761	2411
5762	2590
5763	51
5764	209
5765	1926
5766	1276
5767	60
5768	879
5769	1041
5770	2796
5771	2057
5772	1543
5773	273
5774	1611
5775	1171
5776	2444
5777	979
5778	1540
5779	1521
5780	2625
5781	1975
5782	1975
5783	15
5784	574
5785	299
5786	2870
5787	2561
5788	1426
5789	1534
5790	948
5791	1503
5792	1585
5793	356
5794	2864
5795	1735
5796	1264
5797	2113
5798	2021
5799	2466
5800	2758
5801	2004
5802	2241
5803	812
5804	901
5805	2991
5806	821
5807	68
5808	1521
5809	1245
5810	789
5811	2618
5812	845
5813	2499
5814	1475
5815	1139
5816	1652
5817	1476
5818	1111
5819	1845
5820	2330
5821	1594
5822	1641
5823	1568
5824	1857
5825	2053
5826	1802
5827	2656
5828	1801
5829	1
5830	1437
5831	2796
5832	1033
5833	2330
5834	1055
5835	1636
5836	1048
5837	604
5838	1074
5839	1939
5840	539
5841	1717
5842	440
5843	2501
5844	613
5845	2452
5846	1175
5847	1871
5848	1028
5849	1946
5850	914
5851	1926
5852	2883
5853	628
5854	2071
5855	1757
5856	2553
5857	855
5858	481
5859	2445
5860	375
5861	448
5862	2071
5863	1613
5864	2853
5865	143
5866	2976
5867	1042
5868	2835
5869	314
5870	2798
5871	645
5872	91
5873	789
5874	282
5875	855
5876	2170
5877	2671
5878	679
5879	1491
5880	901
5881	1655
5882	298
5883	2897
5884	2204
5885	2376
5886	1265
5887	2617
5888	1560
5889	1319
5890	1927
5891	671
5892	1888
5893	1413
5894	1564
5895	867
5896	2246
5897	608
5898	28
5899	2452
5900	491
5901	727
5902	2600
5903	211
5904	1436
5905	1307
5906	1554
5907	1426
5908	2762
5909	1097
5910	375
5911	860
5912	874
5913	1265
5914	2014
5915	1692
5916	2252
5917	1472
5918	478
5919	1285
5920	1863
5921	891
5922	22
5923	1310
5924	2864
5925	2759
5926	1169
5927	1053
5928	1475
5929	2744
5930	2942
5931	1807
5932	956
5933	2829
5934	1312
5935	2355
5936	569
5937	360
5938	2085
5939	1863
5940	867
5941	2924
5942	2466
5943	756
5944	1914
5945	1939
5946	2021
5947	2014
5948	475
5949	1050
5950	2897
5951	88
5952	94
5953	2680
5954	1238
5955	2019
5956	2657
5957	1789
5958	1727
5959	42
5960	2684
5961	1440
5962	1270
5963	2227
5964	2758
5965	312
5966	2216
5967	292
5968	1800
5969	1607
5970	2557
5971	2399
5972	42
5973	1171
5974	746
5975	1829
5976	296
5977	1428
5978	1901
5979	543
5980	2607
5981	2118
5982	1549
5983	1571
5984	2555
5985	2498
5986	1934
5987	1549
5988	613
5989	1082
5990	1652
5991	559
5992	2440
5993	2744
5994	2227
5995	1081
5996	2204
5997	1540
5998	15
5999	2979
6000	1082
