Class Times	100
Rooms	100
1	79
2	10
3	572
4	484
5	564
6	884
7	356
8	297
9	980
10	842
11	228
12	720
13	108
14	418
15	495
16	931
17	302
18	936
19	739
20	342
21	901
22	95
23	102
24	63
25	587
26	119
27	935
28	241
29	889
30	603
31	588
32	689
33	220
34	459
35	205
36	655
37	752
38	976
39	199
40	128
41	888
42	427
43	118
44	182
45	307
46	516
47	557
48	502
49	547
50	303
51	63
52	159
53	266
54	767
55	682
56	383
57	678
58	968
59	550
60	480
61	671
62	325
63	742
64	332
65	221
66	741
67	743
68	392
69	297
70	309
71	11
72	440
73	482
74	878
75	860
76	194
77	317
78	710
79	235
80	561
81	570
82	927
83	236
84	554
85	603
86	316
87	77
88	941
89	810
90	377
91	292
92	405
93	605
94	640
95	238
96	920
97	515
98	122
99	138
100	182
Classes	7000
Teachers	3500
1	2218
2	2765
3	2692
4	988
5	1031
6	1263
7	680
8	2345
9	38
10	238
11	1455
12	3267
13	2871
14	3298
15	503
16	1846
17	3366
18	1072
19	2453
20	1899
21	1672
22	2716
23	1396
24	3158
25	2525
26	1894
27	1919
28	3152
29	3406
30	707
31	1970
32	2707
33	1939
34	433
35	488
36	2938
37	1285
38	540
39	2083
40	3052
41	2445
42	2400
43	370
44	2418
45	788
46	2436
47	2774
48	774
49	1432
50	1483
51	1824
52	1494
53	77
54	958
55	1786
56	2923
57	1079
58	35
59	2639
60	2869
61	2951
62	523
63	294
64	761
65	921
66	247
67	3329
68	671
69	2529
70	3051
71	2071
72	3191
73	3023
74	2001
75	2916
76	2023
77	2335
78	1080
79	3326
80	1775
81	1301
82	2270
83	1793
84	1464
85	1862
86	2550
87	1122
88	660
89	2459
90	1322
91	855
92	757
93	1511
94	2256
95	3369
96	434
97	2100
98	2612
99	1373
100	3340
101	1040
102	2294
103	1690
104	2555
105	2325
106	2123
107	1334
108	1531
109	1830
110	1118
111	3107
112	462
113	1100
114	2476
115	337
116	547
117	1364
118	585
119	3412
120	3281
121	262
122	23
123	24
124	2453
125	317
126	1147
127	1308
128	2725
129	2817
130	1128
131	944
132	844
133	2587
134	3084
135	3439
136	3334
137	2141
138	217
139	750
140	324
141	2458
142	3398
143	2238
144	3082
145	837
146	641
147	3136
148	3244
149	3352
150	3223
151	2134
152	149
153	2274
154	2727
155	3027
156	2679
157	3332
158	266
159	3071
160	1775
161	1310
162	2358
163	3116
164	1696
165	2126
166	3028
167	1020
168	560
169	3371
170	659
171	549
172	714
173	2489
174	2170
175	1131
176	968
177	1824
178	2872
179	1263
180	2070
181	3193
182	83
183	2011
184	411
185	3113
186	3174
187	729
188	2853
189	3287
190	2332
191	705
192	2917
193	1751
194	1646
195	190
196	2099
197	1622
198	269
199	328
200	247
201	1121
202	1286
203	2821
204	2107
205	817
206	2725
207	25
208	1126
209	2005
210	1843
211	2646
212	400
213	2523
214	1272
215	2905
216	875
217	471
218	1932
219	2500
220	3229
221	1906
222	1112
223	2878
224	3227
225	2064
226	728
227	2327
228	3493
229	1258
230	1236
231	3429
232	460
233	3273
234	1168
235	639
236	2059
237	2559
238	994
239	2215
240	2686
241	2954
242	1956
243	48
244	655
245	2673
246	302
247	69
248	1712
249	705
250	2701
251	1946
252	2818
253	3079
254	2152
255	2970
256	2818
257	1281
258	2382
259	1572
260	3319
261	766
262	2166
263	2785
264	72
265	785
266	3358
267	429
268	2494
269	1986
270	340
271	1692
272	1475
273	2280
274	1424
275	3325
276	1576
277	2102
278	2647
279	2526
280	1706
281	1520
282	952
283	2102
284	1835
285	1722
286	1073
287	2468
288	3132
289	189
290	1387
291	1023
292	2748
293	2149
294	2136
295	1462
296	1958
297	3454
298	380
299	3169
300	1825
301	508
302	806
303	2476
304	3475
305	1196
306	3028
307	1198
308	2847
309	3088
310	2688
311	1299
312	2826
313	2514
314	1691
315	323
316	1429
317	1590
318	1704
319	410
320	990
321	506
322	1510
323	2401
324	1628
325	1527
326	357
327	1582
328	1871
329	2920
330	192
331	2171
332	2724
333	1992
334	1059
335	1362
336	3388
337	1003
338	2786
339	1305
340	1307
341	1418
342	1798
343	1271
344	1349
345	3315
346	1573
347	1148
348	2441
349	771
350	2282
351	3135
352	1124
353	853
354	800
355	2763
356	3398
357	3362
358	484
359	1265
360	3256
361	1127
362	3389
363	2703
364	2305
365	1131
366	794
367	2357
368	87
369	727
370	303
371	3264
372	1499
373	2842
374	2810
375	2896
376	2301
377	1567
378	120
379	2861
380	1438
381	2636
382	487
383	84
384	3474
385	1760
386	2922
387	2112
388	216
389	2825
390	2687
391	1811
392	253
393	1025
394	3386
395	2187
396	1457
397	1650
398	1831
399	1536
400	1682
401	1179
402	1028
403	1016
404	318
405	1528
406	134
407	2036
408	2950
409	3023
410	3307
411	1520
412	3285
413	1473
414	1545
415	1901
416	1967
417	455
418	287
419	2657
420	3059
421	1029
422	2741
423	2369
424	625
425	3234
426	828
427	2738
428	75
429	3065
430	2664
431	81
432	963
433	3170
434	1694
435	2188
436	3500
437	2773
438	2252
439	2658
440	3121
441	3475
442	242
443	189
444	2984
445	568
446	3162
447	2595
448	57
449	1696
450	728
451	1464
452	3035
453	2405
454	3377
455	1354
456	2884
457	3437
458	2491
459	1782
460	962
461	3271
462	2217
463	1742
464	3466
465	1640
466	2667
467	3222
468	2192
469	725
470	859
471	2149
472	2060
473	299
474	2218
475	632
476	1554
477	1481
478	1034
479	496
480	2757
481	887
482	1466
483	2754
484	2163
485	2954
486	1140
487	2845
488	2842
489	2753
490	2911
491	1008
492	3113
493	1190
494	546
495	3483
496	1410
497	1952
498	3470
499	2534
500	2383
501	352
502	390
503	3493
504	1119
505	334
506	2356
507	215
508	1680
509	1259
510	2681
511	2768
512	917
513	731
514	3128
515	2606
516	3373
517	2625
518	3022
519	1729
520	3357
521	1323
522	2992
523	413
524	174
525	1245
526	1742
527	2048
528	259
529	594
530	938
531	408
532	1422
533	1184
534	66
535	3491
536	1374
537	1124
538	2766
539	2404
540	2854
541	2358
542	1225
543	2008
544	173
545	2558
546	295
547	3468
548	1586
549	1103
550	1835
551	1008
552	1384
553	857
554	164
555	3293
556	397
557	3289
558	712
559	1654
560	2042
561	781
562	1593
563	804
564	2242
565	1040
566	1293
567	2263
568	1503
569	1445
570	3149
571	1579
572	1971
573	2796
574	643
575	2875
576	1167
577	3032
578	1306
579	1454
580	2308
581	453
582	557
583	2167
584	1563
585	2627
586	1502
587	1620
588	454
589	474
590	42
591	3216
592	723
593	1260
594	398
595	2909
596	2927
597	530
598	3027
599	3177
600	3288
601	869
602	1117
603	1511
604	200
605	2606
606	1482
607	2583
608	1353
609	1946
610	369
611	556
612	2968
613	2237
614	1612
615	2687
616	1832
617	2259
618	2236
619	1622
620	1812
621	1261
622	2049
623	2570
624	2357
625	2397
626	2751
627	2477
628	1685
629	2312
630	2262
631	2192
632	1907
633	1013
634	94
635	2945
636	2164
637	2624
638	2428
639	1351
640	897
641	1017
642	1308
643	1984
644	2417
645	764
646	1965
647	823
648	1985
649	761
650	3340
651	352
652	1661
653	3280
654	576
655	2956
656	2843
657	2153
658	940
659	2886
660	3
661	540
662	1920
663	2813
664	1729
665	3132
666	3180
667	2184
668	1639
669	2017
670	2915
671	338
672	44
673	2464
674	1601
675	1226
676	3137
677	3395
678	1542
679	3168
680	2934
681	2690
682	675
683	1440
684	1710
685	1850
686	2876
687	1001
688	1642
689	2340
690	2658
691	2350
692	2338
693	3366
694	880
695	306
696	2760
697	1501
698	1446
699	2326
700	3059
701	3156
702	1213
703	1999
704	869
705	2518
706	799
707	1199
708	3449
709	1900
710	2816
711	3104
712	3142
713	707
714	2211
715	1345
716	542
717	812
718	3311
719	2265
720	1338
721	1856
722	2
723	2433
724	1318
725	2080
726	1755
727	3183
728	644
729	1969
730	2920
731	2109
732	277
733	2721
734	2386
735	2817
736	351
737	2071
738	1638
739	1690
740	186
741	1492
742	2039
743	3311
744	2795
745	2472
746	874
747	1217
748	3247
749	2861
750	483
751	2271
752	1830
753	3397
754	2564
755	702
756	806
757	596
758	590
759	2335
760	3412
761	2481
762	2929
763	2757
764	1895
765	1925
766	1625
767	3463
768	1552
769	2966
770	361
771	2984
772	2961
773	575
774	2834
775	2449
776	70
777	1007
778	1941
779	3091
780	1782
781	307
782	95
783	1772
784	153
785	2765
786	3016
787	1180
788	3342
789	1498
790	2338
791	3480
792	421
793	3304
794	1006
795	693
796	2273
797	1112
798	3444
799	1299
800	1964
801	1753
802	185
803	700
804	2431
805	2958
806	1610
807	2468
808	1067
809	364
810	1486
811	3093
812	99
813	398
814	652
815	949
816	2699
817	1997
818	3213
819	2375
820	502
821	709
822	2648
823	1780
824	1420
825	349
826	653
827	2972
828	1857
829	2101
830	1427
831	1534
832	1416
833	301
834	2493
835	48
836	28
837	3210
838	2929
839	2671
840	202
841	3441
842	3095
843	1461
844	2375
845	1565
846	1298
847	3325
848	710
849	3125
850	2856
851	2272
852	1649
853	1077
854	1009
855	1809
856	2770
857	1647
858	138
859	2751
860	1220
861	241
862	1106
863	2291
864	892
865	1899
866	1884
867	3488
868	94
869	1358
870	1562
871	2934
872	2006
873	225
874	706
875	2738
876	1292
877	2598
878	3042
879	2907
880	36
881	716
882	465
883	2396
884	2868
885	548
886	635
887	1223
888	2004
889	2529
890	784
891	2803
892	2609
893	2229
894	2087
895	2913
896	3436
897	1880
898	2202
899	1182
900	3467
901	672
902	2943
903	1402
904	527
905	2368
906	814
907	2454
908	349
909	154
910	2274
911	661
912	2175
913	1174
914	3431
915	1252
916	2124
917	1855
918	1734
919	2162
920	2277
921	1390
922	3010
923	1185
924	2684
925	1493
926	3282
927	2113
928	3327
929	1551
930	1305
931	1343
932	2048
933	2845
934	2711
935	2501
936	3135
937	1651
938	2399
939	2527
940	592
941	2267
942	3410
943	341
944	1610
945	1083
946	3231
947	1865
948	821
949	360
950	2388
951	1249
952	735
953	35
954	2613
955	2199
956	2133
957	670
958	563
959	1054
960	1195
961	1135
962	1660
963	1209
964	801
965	415
966	1030
967	2893
968	3261
969	1950
970	171
971	963
972	2636
973	3157
974	312
975	548
976	2772
977	634
978	772
979	1714
980	1800
981	1549
982	1077
983	2917
984	2577
985	514
986	765
987	302
988	2520
989	229
990	2589
991	2675
992	1262
993	942
994	3161
995	1163
996	2893
997	2424
998	387
999	2891
1000	2941
1001	2062
1002	1854
1003	2078
1004	2824
1005	3086
1006	2989
1007	354
1008	2627
1009	2348
1010	3343
1011	736
1012	550
1013	2831
1014	675
1015	2864
1016	1859
1017	3070
1018	90
1019	2207
1020	1609
1021	1017
1022	1075
1023	1715
1024	3242
1025	3195
1026	3121
1027	2115
1028	1056
1029	338
1030	1549
1031	878
1032	118
1033	2340
1034	7
1035	2600
1036	1442
1037	240
1038	2772
1039	1070
1040	1991
1041	2536
1042	67
1043	3047
1044	3459
1045	874
1046	877
1047	3363
1048	1528
1049	523
1050	642
1051	2964
1052	1108
1053	1043
1054	2438
1055	3207
1056	2558
1057	1302
1058	2511
1059	3361
1060	3332
1061	3346
1062	958
1063	1336
1064	2926
1065	3461
1066	2001
1067	3229
1068	852
1069	923
1070	339
1071	1372
1072	1138
1073	1826
1074	1459
1075	2284
1076	1177
1077	1861
1078	1860
1079	1767
1080	1630
1081	830
1082	2997
1083	1932
1084	2832
1085	682
1086	1287
1087	2550
1088	857
1089	2548
1090	1480
1091	1798
1092	97
1093	424
1094	3080
1095	109
1096	1326
1097	177
1098	694
1099	3090
1100	17
1101	372
1102	3388
1103	580
1104	1865
1105	1722
1106	3204
1107	2835
1108	277
1109	1461
1110	2142
1111	2114
1112	721
1113	710
1114	1754
1115	1468
1116	1845
1117	3244
1118	2263
1119	131
1120	2050
1121	269
1122	662
1123	1797
1124	3329
1125	1453
1126	456
1127	1118
1128	834
1129	1276
1130	571
1131	3100
1132	2974
1133	3096
1134	2488
1135	1565
1136	805
1137	2520
1138	2642
1139	1383
1140	1555
1141	3243
1142	796
1143	3206
1144	1817
1145	2275
1146	476
1147	2767
1148	2376
1149	2590
1150	2835
1151	898
1152	2054
1153	666
1154	2226
1155	1145
1156	2109
1157	959
1158	1245
1159	288
1160	944
1161	389
1162	2434
1163	1378
1164	3196
1165	3062
1166	1695
1167	2143
1168	2573
1169	2897
1170	258
1171	2890
1172	3130
1173	1391
1174	945
1175	2836
1176	329
1177	3029
1178	3420
1179	1780
1180	1365
1181	2108
1182	680
1183	2830
1184	2566
1185	340
1186	1714
1187	1602
1188	1880
1189	1326
1190	1541
1191	1563
1192	591
1193	73
1194	2164
1195	61
1196	3008
1197	527
1198	2604
1199	1892
1200	973
1201	1287
1202	2826
1203	1441
1204	1838
1205	603
1206	1491
1207	1049
1208	906
1209	2020
1210	827
1211	240
1212	1589
1213	3364
1214	1409
1215	1609
1216	2957
1217	1744
1218	2888
1219	1364
1220	3233
1221	1705
1222	2056
1223	3471
1224	2731
1225	616
1226	520
1227	1157
1228	3465
1229	2014
1230	1751
1231	2463
1232	647
1233	2801
1234	2281
1235	2275
1236	2459
1237	1195
1238	100
1239	2706
1240	1822
1241	1605
1242	801
1243	3150
1244	3401
1245	1213
1246	665
1247	1596
1248	393
1249	1571
1250	770
1251	745
1252	544
1253	1292
1254	2403
1255	1821
1256	1120
1257	2976
1258	1509
1259	2699
1260	2747
1261	1852
1262	1708
1263	1725
1264	244
1265	3487
1266	2688
1267	526
1268	858
1269	473
1270	2714
1271	2427
1272	3341
1273	532
1274	1164
1275	3472
1276	1573
1277	2994
1278	3090
1279	1850
1280	236
1281	572
1282	2190
1283	25
1284	1477
1285	179
1286	2433
1287	3232
1288	1284
1289	3138
1290	1913
1291	2129
1292	1632
1293	1971
1294	2904
1295	1668
1296	1323
1297	1373
1298	1955
1299	2222
1300	85
1301	1941
1302	298
1303	213
1304	1923
1305	926
1306	591
1307	2888
1308	427
1309	1179
1310	1171
1311	2701
1312	2103
1313	1800
1314	1273
1315	3374
1316	3001
1317	145
1318	2778
1319	696
1320	1719
1321	1890
1322	1399
1323	2737
1324	2762
1325	2676
1326	1975
1327	2914
1328	1538
1329	1098
1330	2285
1331	3265
1332	1086
1333	1285
1334	3156
1335	2035
1336	1053
1337	1734
1338	3204
1339	1639
1340	1222
1341	2539
1342	3066
1343	2015
1344	174
1345	98
1346	1864
1347	2881
1348	917
1349	290
1350	3443
1351	456
1352	166
1353	1343
1354	258
1355	1779
1356	1558
1357	1160
1358	3020
1359	114
1360	731
1361	1184
1362	3392
1363	3089
1364	2638
1365	1849
1366	2465
1367	955
1368	2228
1369	2632
1370	1988
1371	2332
1372	1050
1373	2613
1374	546
1375	2930
1376	2890
1377	118
1378	114
1379	3174
1380	2998
1381	1500
1382	1832
1383	1434
1384	2970
1385	2320
1386	831
1387	1141
1388	1716
1389	1208
1390	2770
1391	509
1392	1214
1393	3310
1394	2412
1395	294
1396	552
1397	551
1398	472
1399	2743
1400	1960
1401	3076
1402	1966
1403	203
1404	1432
1405	1212
1406	1023
1407	756
1408	2994
1409	2178
1410	1146
1411	2033
1412	1883
1413	2967
1414	2522
1415	3420
1416	1997
1417	2378
1418	1228
1419	1228
1420	920
1421	3378
1422	1548
1423	2099
1424	2084
1425	3189
1426	717
1427	3020
1428	2385
1429	2219
1430	896
1431	2016
1432	1394
1433	539
1434	2147
1435	2312
1436	179
1437	2625
1438	64
1439	701
1440	58
1441	1224
1442	2715
1443	1212
1444	325
1445	1200
1446	2167
1447	2137
1448	2993
1449	1788
1450	3251
1451	2735
1452	2746
1453	70
1454	2676
1455	851
1456	700
1457	681
1458	1146
1459	90
1460	910
1461	2040
1462	1858
1463	1945
1464	1296
1465	1805
1466	485
1467	144
1468	2039
1469	622
1470	2305
1471	2390
1472	763
1473	3386
1474	2734
1475	2129
1476	193
1477	1044
1478	2481
1479	2210
1480	3339
1481	794
1482	309
1483	326
1484	2560
1485	621
1486	328
1487	129
1488	471
1489	1174
1490	1771
1491	2538
1492	2809
1493	1842
1494	3372
1495	1663
1496	3035
1497	2571
1498	1165
1499	1093
1500	3015
1501	2025
1502	1002
1503	1961
1504	634
1505	489
1506	1128
1507	2064
1508	1548
1509	2930
1510	2388
1511	2587
1512	1411
1513	1650
1514	34
1515	137
1516	1632
1517	864
1518	1058
1519	2870
1520	1419
1521	1383
1522	2179
1523	3249
1524	1134
1525	2967
1526	2840
1527	2811
1528	2214
1529	15
1530	1764
1531	2561
1532	1845
1533	1163
1534	115
1535	2534
1536	2734
1537	900
1538	1967
1539	569
1540	2511
1541	1099
1542	1791
1543	621
1544	3372
1545	3213
1546	2244
1547	1570
1548	785
1549	3000
1550	1090
1551	1272
1552	3183
1553	197
1554	2002
1555	2425
1556	3353
1557	1483
1558	3162
1559	2052
1560	2265
1561	1738
1562	1615
1563	3496
1564	2867
1565	2356
1566	1923
1567	3109
1568	2042
1569	2424
1570	2522
1571	2992
1572	2348
1573	246
1574	2166
1575	3207
1576	3483
1577	207
1578	2541
1579	831
1580	1340
1581	916
1582	2455
1583	3264
1584	1804
1585	1924
1586	1825
1587	275
1588	629
1589	2565
1590	1505
1591	3097
1592	13
1593	43
1594	2276
1595	3170
1596	2225
1597	3152
1598	2852
1599	762
1600	1978
1601	2165
1602	2355
1603	1860
1604	558
1605	1436
1606	2315
1607	2891
1608	493
1609	1035
1610	1619
1611	2475
1612	996
1613	3202
1614	5
1615	61
1616	3359
1617	1149
1618	2764
1619	227
1620	1951
1621	2564
1622	1234
1623	889
1624	1940
1625	3413
1626	3469
1627	3124
1628	3042
1629	3319
1630	1029
1631	138
1632	746
1633	1136
1634	2019
1635	2856
1636	2682
1637	2781
1638	312
1639	1682
1640	1931
1641	2132
1642	1123
1643	208
1644	42
1645	695
1646	2865
1647	3275
1648	511
1649	873
1650	3158
1651	1713
1652	1736
1653	787
1654	1225
1655	513
1656	2002
1657	1056
1658	2791
1659	2507
1660	1338
1661	2889
1662	1257
1663	2608
1664	1361
1665	3394
1666	3241
1667	2423
1668	3179
1669	1575
1670	271
1671	2567
1672	83
1673	524
1674	1552
1675	3432
1676	3075
1677	1109
1678	772
1679	2272
1680	1241
1681	3419
1682	821
1683	1658
1684	1783
1685	164
1686	2290
1687	1007
1688	228
1689	2020
1690	3296
1691	3198
1692	1738
1693	1595
1694	2879
1695	3426
1696	444
1697	2185
1698	381
1699	1049
1700	3323
1701	184
1702	2972
1703	596
1704	107
1705	1092
1706	429
1707	2611
1708	3363
1709	3034
1710	3239
1711	475
1712	1998
1713	1436
1714	229
1715	1472
1716	815
1717	864
1718	1489
1719	2125
1720	1819
1721	2268
1722	1358
1723	1313
1724	81
1725	1210
1726	666
1727	842
1728	2449
1729	1096
1730	2455
1731	3377
1732	1418
1733	1822
1734	89
1735	72
1736	279
1737	355
1738	850
1739	942
1740	2240
1741	1186
1742	1619
1743	376
1744	2387
1745	3415
1746	3199
1747	2546
1748	40
1749	1762
1750	740
1751	2321
1752	2808
1753	3201
1754	1294
1755	2894
1756	2249
1757	3161
1758	1931
1759	2669
1760	3458
1761	1218
1762	2615
1763	1412
1764	568
1765	1621
1766	113
1767	28
1768	720
1769	3084
1770	422
1771	604
1772	1304
1773	3369
1774	246
1775	618
1776	972
1777	1325
1778	1252
1779	2820
1780	175
1781	3302
1782	1444
1783	3239
1784	3220
1785	3195
1786	2931
1787	410
1788	3338
1789	1044
1790	490
1791	1216
1792	3105
1793	1540
1794	782
1795	470
1796	2242
1797	1710
1798	2790
1799	2379
1800	1509
1801	639
1802	610
1803	2590
1804	1177
1805	1988
1806	755
1807	3389
1808	3426
1809	2466
1810	2549
1811	2366
1812	2855
1813	516
1814	427
1815	3004
1816	1849
1817	3043
1818	1938
1819	948
1820	2937
1821	1408
1822	797
1823	2570
1824	769
1825	149
1826	2877
1827	1062
1828	598
1829	911
1830	358
1831	788
1832	215
1833	671
1834	3392
1835	551
1836	50
1837	3401
1838	610
1839	278
1840	1182
1841	2363
1842	2370
1843	2660
1844	2686
1845	3064
1846	2956
1847	1386
1848	1227
1849	1912
1850	2789
1851	3061
1852	1488
1853	2824
1854	1663
1855	2885
1856	1394
1857	3172
1858	1448
1859	1704
1860	3172
1861	969
1862	1165
1863	2236
1864	1864
1865	3105
1866	2428
1867	1991
1868	2696
1869	1787
1870	3074
1871	2603
1872	3387
1873	994
1874	2279
1875	1871
1876	362
1877	3390
1878	1840
1879	235
1880	2005
1881	2722
1882	214
1883	519
1884	95
1885	1745
1886	1697
1887	1859
1888	1621
1889	690
1890	2698
1891	2377
1892	709
1893	3299
1894	1065
1895	560
1896	163
1897	657
1898	467
1899	2096
1900	2402
1901	1368
1902	1401
1903	2761
1904	1303
1905	1949
1906	2394
1907	2971
1908	2416
1909	519
1910	1784
1911	362
1912	2370
1913	1115
1914	2938
1915	1104
1916	789
1917	342
1918	3361
1919	3279
1920	3233
1921	1980
1922	3169
1923	510
1924	404
1925	2378
1926	2162
1927	1445
1928	458
1929	2430
1930	3334
1931	522
1932	22
1933	2637
1934	3134
1935	1873
1936	1100
1937	184
1938	1427
1939	697
1940	3019
1941	3287
1942	3344
1943	2401
1944	896
1945	3466
1946	2309
1947	767
1948	646
1949	904
1950	2100
1951	68
1952	477
1953	620
1954	933
1955	284
1956	2999
1957	615
1958	1634
1959	2800
1960	2084
1961	2078
1962	181
1963	3433
1964	1001
1965	1945
1966	789
1967	2937
1968	2645
1969	1828
1970	1072
1971	1392
1972	463
1973	2756
1974	1244
1975	1197
1976	147
1977	873
1978	830
1979	2145
1980	2329
1981	126
1982	1239
1983	814
1984	102
1985	2216
1986	1826
1987	645
1988	2607
1989	572
1990	2874
1991	3452
1992	3407
1993	1434
1994	1602
1995	3350
1996	2995
1997	3009
1998	3349
1999	1593
2000	3208
2001	1204
2002	1000
2003	580
2004	1408
2005	993
2006	346
2007	2844
2008	2229
2009	160
2010	565
2011	2736
2012	3490
2013	1089
2014	144
2015	574
2016	2801
2017	2207
2018	1406
2019	2977
2020	167
2021	265
2022	3424
2023	2741
2024	2095
2025	1356
2026	679
2027	466
2028	346
2029	2137
2030	2190
2031	564
2032	1921
2033	1969
2034	3031
2035	618
2036	2219
2037	1466
2038	1417
2039	283
2040	139
2041	2610
2042	868
2043	1757
2044	2186
2045	3315
2046	1098
2047	2446
2048	1774
2049	2343
2050	983
2051	2814
2052	1642
2053	3301
2054	3006
2055	2978
2056	3214
2057	2087
2058	633
2059	2827
2060	2232
2061	583
2062	1430
2063	628
2064	1637
2065	1721
2066	1944
2067	2791
2068	280
2069	2533
2070	1297
2071	3335
2072	1065
2073	2198
2074	1055
2075	685
2076	2068
2077	1055
2078	2872
2079	1484
2080	2198
2081	3262
2082	1692
2083	3383
2084	2409
2085	3405
2086	1020
2087	1695
2088	3350
2089	2849
2090	2052
2091	2200
2092	1765
2093	146
2094	706
2095	2721
2096	2187
2097	2044
2098	75
2099	3045
2100	1537
2101	3450
2102	691
2103	1928
2104	924
2105	1199
2106	1277
2107	1966
2108	852
2109	2844
2110	2437
2111	1415
2112	1665
2113	622
2114	899
2115	912
2116	1739
2117	1324
2118	1348
2119	2904
2120	1296
2121	683
2122	945
2123	3353
2124	56
2125	1352
2126	2197
2127	1068
2128	571
2129	746
2130	350
2131	1992
2132	1888
2133	2783
2134	3180
2135	2068
2136	1705
2137	281
2138	2710
2139	3164
2140	1560
2141	116
2142	2717
2143	3016
2144	1297
2145	658
2146	2117
2147	260
2148	3131
2149	2527
2150	1310
2151	217
2152	3220
2153	3190
2154	630
2155	318
2156	2600
2157	2276
2158	224
2159	461
2160	3120
2161	1154
2162	3065
2163	3429
2164	478
2165	1638
2166	2366
2167	815
2168	2747
2169	2469
2170	2009
2171	1116
2172	3347
2173	843
2174	438
2175	620
2176	2304
2177	989
2178	433
2179	2698
2180	3096
2181	98
2182	1068
2183	1776
2184	1758
2185	3201
2186	813
2187	166
2188	2284
2189	2889
2190	156
2191	2334
2192	253
2193	2225
2194	2094
2195	1789
2196	1295
2197	2177
2198	3055
2199	3128
2200	500
2201	3010
2202	2390
2203	134
2204	417
2205	2120
2206	1589
2207	2885
2208	656
2209	2331
2210	1122
2211	187
2212	358
2213	1410
2214	2591
2215	2141
2216	2343
2217	3427
2218	351
2219	1559
2220	1526
2221	3231
2222	2115
2223	1640
2224	1230
2225	2566
2226	2696
2227	819
2228	2184
2229	1579
2230	810
2231	342
2232	2744
2233	1243
2234	3111
2235	360
2236	714
2237	1676
2238	2630
2239	219
2240	400
2241	1719
2242	2325
2243	708
2244	552
2245	640
2246	2349
2247	100
2248	2067
2249	538
2250	490
2251	2285
2252	2997
2253	2995
2254	1568
2255	1861
2256	783
2257	2194
2258	2556
2259	920
2260	3235
2261	1811
2262	369
2263	3098
2264	3349
2265	1668
2266	803
2267	2612
2268	2988
2269	2569
2270	935
2271	2575
2272	1214
2273	2740
2274	511
2275	1627
2276	1151
2277	3415
2278	2572
2279	1086
2280	371
2281	630
2282	818
2283	1024
2284	2727
2285	1187
2286	1913
2287	779
2288	476
2289	684
2290	2626
2291	203
2292	3299
2293	3262
2294	3148
2295	2213
2296	1713
2297	1995
2298	2552
2299	2596
2300	1194
2301	1150
2302	1735
2303	3499
2304	481
2305	2986
2306	1518
2307	667
2308	1137
2309	905
2310	2532
2311	2070
2312	762
2313	2840
2314	624
2315	297
2316	2169
2317	393
2318	3323
2319	394
2320	2557
2321	2269
2322	3279
2323	2073
2324	1908
2325	816
2326	1189
2327	2851
2328	1897
2329	1629
2330	654
2331	2681
2332	1537
2333	3300
2334	1110
2335	2461
2336	2746
2337	804
2338	3017
2339	1307
2340	2505
2341	2145
2342	1208
2343	2056
2344	2374
2345	652
2346	2655
2347	293
2348	27
2349	2510
2350	3034
2351	3243
2352	2571
2353	641
2354	2163
2355	2517
2356	970
2357	2251
2358	2337
2359	2940
2360	893
2361	2188
2362	1032
2363	3368
2364	2632
2365	673
2366	1332
2367	1907
2368	1377
2369	2067
2370	494
2371	11
2372	224
2373	1156
2374	1759
2375	851
2376	724
2377	2575
2378	1169
2379	430
2380	954
2381	1753
2382	2833
2383	2339
2384	2673
2385	2754
2386	1784
2387	2110
2388	512
2389	413
2390	394
2391	2155
2392	3336
2393	2553
2394	2217
2395	1603
2396	79
2397	2733
2398	543
2399	3198
2400	2798
2401	406
2402	991
2403	2484
2404	1360
2405	1175
2406	514
2407	3485
2408	2355
2409	110
2410	2246
2411	121
2412	503
2413	1104
2414	1113
2415	2660
2416	79
2417	1950
2418	1421
2419	1672
2420	2051
2421	628
2422	1092
2423	197
2424	3226
2425	2403
2426	1791
2427	1744
2428	3242
2429	1596
2430	3118
2431	1912
2432	85
2433	2628
2434	2223
2435	1095
2436	1350
2437	751
2438	2776
2439	751
2440	2150
2441	2663
2442	1624
2443	543
2444	2367
2445	58
2446	3432
2447	2172
2448	3447
2449	1404
2450	1507
2451	3458
2452	392
2453	1747
2454	3086
2455	281
2456	297
2457	2776
2458	686
2459	598
2460	3052
2461	1334
2462	3271
2463	345
2464	142
2465	1749
2466	3091
2467	475
2468	1378
2469	3079
2470	2983
2471	1993
2472	193
2473	2423
2474	2337
2475	1806
2476	1538
2477	1235
2478	535
2479	1758
2480	3217
2481	3006
2482	1333
2483	780
2484	1575
2485	55
2486	2500
2487	1011
2488	1514
2489	658
2490	3476
2491	2733
2492	1785
2493	2260
2494	1764
2495	1042
2496	1523
2497	659
2498	1773
2499	2215
2500	835
2501	1921
2502	1787
2503	3274
2504	3021
2505	1206
2506	143
2507	3380
2508	443
2509	2165
2510	2467
2511	998
2512	2655
2513	190
2514	3330
2515	2981
2516	774
2517	1424
2518	607
2519	1809
2520	2582
2521	2418
2522	615
2523	1006
2524	2354
2525	3423
2526	2918
2527	2391
2528	1290
2529	2473
2530	3146
2531	893
2532	1286
2533	712
2534	3283
2535	484
2536	646
2537	137
2538	2843
2539	1167
2540	261
2541	237
2542	2986
2543	535
2544	626
2545	970
2546	2170
2547	1438
2548	46
2549	1956
2550	1995
2551	1144
2552	2726
2553	1717
2554	262
2555	2280
2556	1643
2557	2639
2558	2922
2559	2349
2560	3364
2561	3307
2562	2767
2563	993
2564	723
2565	1346
2566	148
2567	2400
2568	759
2569	2748
2570	999
2571	380
2572	2833
2573	653
2574	2584
2575	1032
2576	1262
2577	395
2578	4
2579	3208
2580	614
2581	379
2582	847
2583	1903
2584	3175
2585	1021
2586	2689
2587	422
2588	747
2589	2512
2590	1102
2591	957
2592	1892
2593	2432
2594	1258
2595	3175
2596	2936
2597	1514
2598	2411
2599	2122
2600	3048
2601	2049
2602	842
2603	770
2604	3347
2605	1717
2606	2309
2607	242
2608	300
2609	3085
2610	2408
2611	27
2612	1047
2613	2561
2614	624
2615	1344
2616	516
2617	3130
2618	2549
2619	1799
2620	2466
2621	3149
2622	1135
2623	2421
2624	3436
2625	1930
2626	2706
2627	1879
2628	741
2629	376
2630	3147
2631	2695
2632	537
2633	765
2634	3212
2635	205
2636	661
2637	1151
2638	1731
2639	790
2640	863
2641	431
2642	205
2643	1906
2644	1875
2645	2186
2646	1935
2647	2562
2648	2569
2649	3210
2650	882
2651	2982
2652	2718
2653	3070
2654	1027
2655	1090
2656	1808
2657	1401
2658	614
2659	3246
2660	335
2661	3462
2662	657
2663	1268
2664	2646
2665	2341
2666	162
2667	637
2668	1510
2669	2058
2670	2156
2671	1458
2672	430
2673	2659
2674	1439
2675	3103
2676	2740
2677	2902
2678	1618
2679	935
2680	2253
2681	2259
2682	2482
2683	750
2684	1732
2685	1678
2686	3345
2687	2944
2688	1429
2689	330
2690	2808
2691	151
2692	1492
2693	1869
2694	1203
2695	2413
2696	1260
2697	1351
2698	1002
2699	1485
2700	2493
2701	403
2702	1697
2703	3476
2704	1462
2705	767
2706	251
2707	366
2708	569
2709	3418
2710	2726
2711	3378
2712	472
2713	2874
2714	1270
2715	3449
2716	326
2717	1173
2718	1888
2719	2063
2720	1203
2721	2297
2722	640
2723	168
2724	2094
2725	3446
2726	1857
2727	1756
2728	57
2729	345
2730	1412
2731	841
2732	201
2733	1648
2734	1506
2735	939
2736	252
2737	2182
2738	2542
2739	30
2740	2009
2741	2640
2742	1470
2743	1903
2744	3457
2745	3033
2746	758
2747	599
2748	3441
2749	3292
2750	159
2751	3411
2752	461
2753	1188
2754	1495
2755	1114
2756	1703
2757	86
2758	520
2759	3142
2760	2680
2761	12
2762	3037
2763	2251
2764	2409
2765	3286
2766	2019
2767	2750
2768	633
2769	414
2770	1091
2771	186
2772	1011
2773	2081
2774	1339
2775	3282
2776	1026
2777	2608
2778	2279
2779	1037
2780	3488
2781	2783
2782	389
2783	825
2784	3228
2785	397
2786	2551
2787	1503
2788	3314
2789	3409
2790	82
2791	3155
2792	2546
2793	3215
2794	3224
2795	2813
2796	3157
2797	2892
2798	1193
2799	2456
2800	2775
2801	1736
2802	2943
2803	2033
2804	3428
2805	1591
2806	1531
2807	2720
2808	1221
2809	460
2810	1259
2811	2336
2812	478
2813	3039
2814	2315
2815	3391
2816	3038
2817	512
2818	715
2819	3370
2820	371
2821	1105
2822	462
2823	2518
2824	2208
2825	602
2826	844
2827	2108
2828	937
2829	715
2830	2884
2831	3275
2832	334
2833	948
2834	2964
2835	32
2836	2013
2837	2538
2838	1411
2839	565
2840	1282
2841	2158
2842	2800
2843	3479
2844	3197
2845	88
2846	802
2847	1648
2848	172
2849	1175
2850	566
2851	467
2852	3416
2853	3254
2854	2080
2855	313
2856	2863
2857	3443
2858	3194
2859	1712
2860	1281
2861	263
2862	1838
2863	2923
2864	1084
2865	2421
2866	2022
2867	2610
2868	1295
2869	453
2870	3394
2871	2413
2872	716
2873	1816
2874	3209
2875	510
2876	1901
2877	3354
2878	2168
2879	2599
2880	2545
2881	2537
2882	513
2883	1233
2884	904
2885	1093
2886	1887
2887	420
2888	1813
2889	1799
2890	405
2891	536
2892	969
2893	1319
2894	3446
2895	972
2896	1688
2897	2373
2898	718
2899	350
2900	278
2901	487
2902	2079
2903	82
2904	173
2905	721
2906	1209
2907	3484
2908	1497
2909	1026
2910	1768
2911	2491
2912	2323
2913	744
2914	305
2915	2257
2916	3223
2917	485
2918	145
2919	2532
2920	1088
2921	595
2922	2718
2923	854
2924	1983
2925	1762
2926	1763
2927	483
2928	1397
2929	1363
2930	2240
2931	2230
2932	3165
2933	1039
2934	538
2935	2892
2936	2881
2937	2347
2938	2194
2939	3333
2940	1468
2941	805
2942	2792
2943	464
2944	307
2945	3181
2946	1028
2947	2261
2948	339
2949	3494
2950	2114
2951	925
2952	3036
2953	3216
2954	1220
2955	271
2956	1887
2957	1420
2958	587
2959	2916
2960	159
2961	1684
2962	3453
2963	130
2964	2140
2965	2615
2966	718
2967	450
2968	120
2969	147
2970	1911
2971	3496
2972	1113
2973	3104
2974	2086
2975	2977
2976	2591
2977	488
2978	1126
2979	2208
2980	3430
2981	2475
2982	382
2983	1818
2984	1694
2985	1450
2986	2359
2987	2106
2988	754
2989	2088
2990	1810
2991	1740
2992	1057
2993	1894
2994	2121
2995	1823
2996	2328
2997	612
2998	1306
2999	1893
3000	1777
3001	1516
3002	122
3003	1039
3004	553
3005	3031
3006	2216
3007	3153
3008	1519
3009	419
3010	566
3011	121
3012	570
3013	3168
3014	1842
3015	1763
3016	2488
3017	3343
3018	347
3019	636
3020	1614
3021	1256
3022	1282
3023	3294
3024	854
3025	64
3026	73
3027	1617
3028	1940
3029	2211
3030	1244
3031	1597
3032	1759
3033	1581
3034	2347
3035	3151
3036	2456
3037	3278
3038	2909
3039	2605
3040	879
3041	2007
3042	330
3043	1233
3044	877
3045	3125
3046	1132
3047	1407
3048	2745
3049	2645
3050	1684
3051	1139
3052	3241
3053	1149
3054	1671
3055	1089
3056	838
3057	274
3058	1681
3059	1159
3060	1607
3061	2607
3062	2193
3063	2799
3064	195
3065	3196
3066	1810
3067	2394
3068	3246
3069	3119
3070	891
3071	1391
3072	3164
3073	265
3074	1527
3075	1517
3076	1046
3077	3030
3078	2256
3079	1097
3080	888
3081	2915
3082	2460
3083	3011
3084	975
3085	1138
3086	918
3087	1679
3088	458
3089	2407
3090	1459
3091	3292
3092	2296
3093	2604
3094	605
3095	1291
3096	2649
3097	206
3098	2852
3099	2609
3100	372
3101	2326
3102	1206
3103	2336
3104	1046
3105	3032
3106	2127
3107	2928
3108	156
3109	3209
3110	1321
3111	1646
3112	740
3113	2471
3114	40
3115	1224
3116	642
3117	1725
3118	2439
3119	738
3120	2420
3121	600
3122	3145
3123	2328
3124	2175
3125	632
3126	2462
3127	3268
3128	1691
3129	31
3130	382
3131	1337
3132	2213
3133	933
3134	1250
3135	1613
3136	1069
3137	1902
3138	3240
3139	3326
3140	2183
3141	3182
3142	741
3143	1161
3144	1667
3145	2831
3146	2073
3147	2775
3148	2342
3149	3395
3150	1652
3151	2026
3152	939
3153	2516
3154	2626
3155	1920
3156	743
3157	1139
3158	934
3159	2270
3160	984
3161	3330
3162	1289
3163	49
3164	2095
3165	2429
3166	539
3167	314
3168	1097
3169	677
3170	822
3171	2697
3172	2878
3173	1246
3174	3072
3175	2345
3176	1755
3177	141
3178	1099
3179	1301
3180	3440
3181	196
3182	1645
3183	1385
3184	2945
3185	3270
3186	1564
3187	1363
3188	502
3189	444
3190	2168
3191	129
3192	1284
3193	1505
3194	3268
3195	3062
3196	1633
3197	2578
3198	1474
3199	3088
3200	1841
3201	1249
3202	1929
3203	1837
3204	2689
3205	3355
3206	1854
3207	595
3208	2528
3209	2811
3210	447
3211	1561
3212	2536
3213	363
3214	1625
3215	1551
3216	3001
3217	3375
3218	1807
3219	2294
3220	1564
3221	2690
3222	3362
3223	3452
3224	1493
3225	2470
3226	344
3227	660
3228	3249
3229	2437
3230	995
3231	1996
3232	2209
3233	2007
3234	1935
3235	525
3236	1821
3237	1965
3238	735
3239	2671
3240	1079
3241	2092
3242	111
3243	1620
3244	1828
3245	2582
3246	273
3247	52
3248	876
3249	2171
3250	392
3251	682
3252	943
3253	833
3254	2512
3255	2478
3256	2788
3257	2359
3258	2503
3259	1853
3260	1535
3261	168
3262	280
3263	3405
3264	2638
3265	1890
3266	1037
3267	3126
3268	336
3269	2957
3270	2059
3271	2794
3272	537
3273	481
3274	227
3275	2034
3276	1359
3277	1162
3278	2846
3279	749
3280	3191
3281	1585
3282	1805
3283	2221
3284	329
3285	3058
3286	2593
3287	1984
3288	1210
3289	1731
3290	1337
3291	3188
3292	1246
3293	1883
3294	2445
3295	923
3296	898
3297	2761
3298	2454
3299	1630
3300	1042
3301	2782
3302	1349
3303	2684
3304	1701
3305	1368
3306	388
3307	2697
3308	654
3309	638
3310	92
3311	2138
3312	3385
3313	1268
3314	49
3315	1387
3316	2611
3317	499
3318	2598
3319	2222
3320	905
3321	1333
3322	808
3323	819
3324	2509
3325	133
3326	3137
3327	2030
3328	2857
3329	2480
3330	3123
3331	2057
3332	276
3333	626
3334	301
3335	3381
3336	1045
3337	1264
3338	2722
3339	2913
3340	943
3341	1848
3342	1506
3343	2528
3344	1939
3345	3464
3346	1851
3347	3225
3348	51
3349	590
3350	2153
3351	1476
3352	2545
3353	2675
3354	155
3355	172
3356	3385
3357	2040
3358	1318
3359	505
3360	2178
3361	3033
3362	1216
3363	1117
3364	3339
3365	1982
3366	1346
3367	1875
3368	1607
3369	1685
3370	47
3371	1103
3372	998
3373	2203
3374	1773
3375	3177
3376	2447
3377	322
3378	2875
3379	3114
3380	3004
3381	1085
3382	1169
3383	1416
3384	3228
3385	1576
3386	3154
3387	3134
3388	3462
3389	918
3390	1196
3391	1657
3392	3011
3393	3143
3394	775
3395	2871
3396	2602
3397	7
3398	2526
3399	3153
3400	2749
3401	1659
3402	2015
3403	2301
3404	415
3405	1120
3406	3465
3407	2794
3408	1737
3409	1924
3410	3093
3411	2752
3412	829
3413	454
3414	2983
3415	509
3416	1677
3417	2331
3418	112
3419	3454
3420	623
3421	2396
3422	466
3423	1261
3424	3381
3425	1547
3426	3338
3427	1191
3428	1330
3429	39
3430	3413
3431	1413
3432	76
3433	1171
3434	2758
3435	2420
3436	1662
3437	2816
3438	2952
3439	1015
3440	2435
3441	2896
3442	885
3443	1217
3444	1733
3445	449
3446	1852
3447	2925
3448	1395
3449	995
3450	3425
3451	238
3452	1369
3453	44
3454	1181
3455	2792
3456	2444
3457	3391
3458	1768
3459	2810
3460	1532
3461	418
3462	1010
3463	989
3464	2395
3465	2926
3466	3234
3467	1769
3468	3181
3469	105
3470	290
3471	1539
3472	2471
3473	207
3474	532
3475	3481
3476	1743
3477	1863
3478	1598
3479	1661
3480	2742
3481	2053
3482	3039
3483	556
3484	102
3485	2382
3486	698
3487	2287
3488	743
3489	3327
3490	1900
3491	1108
3492	2432
3493	2369
3494	2623
3495	2692
3496	1683
3497	1718
3498	2034
3499	562
3500	15
3501	2860
3502	365
3503	2313
3504	2026
3505	2679
3506	1253
3507	914
3508	1188
3509	730
3510	2172
3511	2951
3512	1279
3513	1749
3514	3382
3515	2228
3516	3321
3517	2089
3518	655
3519	975
3520	2395
3521	3253
3522	2077
3523	1341
3524	2519
3525	442
3526	2058
3527	1114
3528	1819
3529	113
3530	2730
3531	1886
3532	3459
3533	783
3534	1419
3535	1110
3536	1878
3537	3037
3538	2105
3539	2914
3540	3015
3541	3333
3542	3499
3543	1200
3544	1816
3545	1414
3546	2815
3547	3073
3548	1604
3549	1711
3550	1321
3551	2847
3552	2352
3553	3355
3554	684
3555	1723
3556	320
3557	2664
3558	155
3559	1603
3560	2742
3561	1915
3562	335
3563	584
3564	2118
3565	726
3566	3186
3567	3083
3568	1739
3569	2743
3570	3087
3571	2668
3572	123
3573	1526
3574	1192
3575	508
3576	674
3577	1080
3578	584
3579	1665
3580	997
3581	2079
3582	1499
3583	913
3584	2820
3585	2298
3586	303
3587	2659
3588	3500
3589	534
3590	697
3591	2898
3592	3143
3593	836
3594	693
3595	2823
3596	1703
3597	2717
3598	1201
3599	1767
3600	1088
3601	1003
3602	875
3603	411
3604	437
3605	1145
3606	2865
3607	542
3608	1519
3609	2543
3610	1130
3611	1052
3612	2523
3613	1747
3614	2322
3615	2880
3616	959
3617	1355
3618	192
3619	876
3620	1980
3621	2530
3622	233
3623	1829
3624	1645
3625	2467
3626	3316
3627	2866
3628	3068
3629	216
3630	1395
3631	2547
3632	52
3633	3080
3634	13
3635	3057
3636	897
3637	2221
3638	2715
3639	336
3640	3295
3641	1330
3642	221
3643	3030
3644	2702
3645	1804
3646	1430
3647	2169
3648	836
3649	2788
3650	2269
3651	74
3652	701
3653	1027
3654	2756
3655	968
3656	1454
3657	492
3658	1071
3659	3494
3660	2933
3661	1451
3662	1173
3663	672
3664	3469
3665	781
3666	739
3667	1431
3668	248
3669	2003
3670	2329
3671	3083
3672	554
3673	2993
3674	170
3675	2474
3676	2112
3677	125
3678	2507
3679	2103
3680	800
3681	929
3682	69
3683	1385
3684	601
3685	2985
3686	2559
3687	367
3688	656
3689	791
3690	3387
3691	2928
3692	2480
3693	533
3694	2683
3695	3278
3696	1339
3697	2728
3698	1350
3699	2085
3700	2124
3701	1606
3702	3138
3703	2181
3704	984
3705	420
3706	1540
3707	385
3708	2551
3709	2183
3710	2223
3711	1970
3712	406
3713	1614
3714	3047
3715	583
3716	2310
3717	3102
3718	1733
3719	2037
3720	2012
3721	2104
3722	1367
3723	1452
3724	1403
3725	2825
3726	1831
3727	1422
3728	2090
3729	1096
3730	932
3731	2944
3732	1197
3733	1502
3734	1996
3735	1386
3736	3256
3737	1051
3738	1341
3739	2018
3740	2322
3741	1518
3742	282
3743	3043
3744	1469
3745	2601
3746	941
3747	1414
3748	2354
3749	1481
3750	2093
3751	1801
3752	379
3753	105
3754	1426
3755	793
3756	3294
3757	1365
3758	1818
3759	1618
3760	1467
3761	2933
3762	296
3763	2899
3764	2855
3765	940
3766	1942
3767	708
3768	2119
3769	1054
3770	50
3771	3069
3772	843
3773	3352
3774	2991
3775	2463
3776	299
3777	900
3778	703
3779	1070
3780	1529
3781	2837
3782	139
3783	2410
3784	979
3785	887
3786	2662
3787	1981
3788	2151
3789	867
3790	2111
3791	3297
3792	1471
3793	1732
3794	2894
3795	760
3796	872
3797	209
3798	679
3799	2031
3800	1336
3801	1030
3802	2209
3803	1715
3804	3046
3805	200
3806	892
3807	2154
3808	1735
3809	1256
3810	2407
3811	2363
3812	11
3813	167
3814	3442
3815	1636
3816	1948
3817	428
3818	2786
3819	76
3820	3438
3821	1535
3822	2282
3823	2091
3824	2244
3825	2179
3826	3293
3827	3120
3828	2503
3829	2882
3830	734
3831	2414
3832	1833
3833	1063
3834	2155
3835	3477
3836	3399
3837	913
3838	2899
3839	1976
3840	612
3841	2959
3842	1536
3843	2368
3844	3424
3845	2161
3846	1917
3847	2711
3848	141
3849	2130
3850	588
3851	2023
3852	3041
3853	739
3854	3038
3855	2769
3856	2939
3857	2753
3858	2851
3859	3314
3860	2399
3861	2431
3862	1955
3863	1657
3864	749
3865	1700
3866	1689
3867	2556
3868	720
3869	3117
3870	128
3871	824
3872	769
3873	2779
3874	2250
3875	1951
3876	1841
3877	2374
3878	3273
3879	3186
3880	1666
3881	3403
3882	2948
3883	1586
3884	3193
3885	3097
3886	870
3887	816
3888	2990
3889	2709
3890	3217
3891	1515
3892	80
3893	243
3894	477
3895	284
3896	2245
3897	2351
3898	1058
3899	187
3900	1415
3901	1283
3902	2193
3903	1911
3904	3473
3905	562
3906	3359
3907	1667
3908	768
3909	3151
3910	1515
3911	2975
3912	1269
3913	3374
3914	2947
3915	669
3916	1010
3917	617
3918	2644
3919	363
3920	2640
3921	2553
3922	355
3923	2352
3924	1133
3925	2848
3926	724
3927	2990
3928	286
3929	855
3930	2346
3931	1611
3932	23
3933	452
3934	2318
3935	2568
3936	690
3937	2054
3938	2383
3939	1041
3940	2460
3941	1547
3942	2107
3943	585
3944	21
3945	2360
3946	2036
3947	2568
3948	2918
3949	828
3950	1066
3951	2030
3952	3005
3953	2581
3954	3182
3955	840
3956	2567
3957	1374
3958	1366
3959	906
3960	2300
3961	2574
3962	3265
3963	888
3964	2531
3965	17
3966	2637
3967	1170
3968	1446
3969	87
3970	3445
3971	1278
3972	2968
3973	2644
3974	1211
3975	3014
3976	3346
3977	1133
3978	753
3979	1669
3980	1116
3981	807
3982	2310
3983	2379
3984	2596
3985	1792
3986	1889
3987	768
3988	636
3989	1863
3990	2633
3991	1309
3992	3297
3993	1136
3994	2448
3995	2678
3996	526
3997	1084
3998	1789
3999	3269
4000	2051
4001	1599
4002	151
4003	390
4004	2662
4005	2562
4006	938
4007	364
4008	1677
4009	1555
4010	1641
4011	158
4012	3481
4013	1034
4014	983
4015	403
4016	1352
4017	577
4018	1211
4019	437
4020	3269
4021	333
4022	3155
4023	1161
4024	2410
4025	3147
4026	1709
4027	2752
4028	18
4029	1985
4030	3021
4031	2360
4032	2012
4033	530
4034	1525
4035	1656
4036	354
4037	518
4038	866
4039	2782
4040	955
4041	2224
4042	176
4043	2882
4044	1158
4045	3012
4046	1273
4047	3427
4048	3285
4049	1129
4050	3266
4051	965
4052	3313
4053	71
4054	1566
4055	3317
4056	3480
4057	65
4058	2709
4059	2138
4060	1626
4061	1109
4062	616
4063	2789
4064	3434
4065	1740
4066	1968
4067	1449
4068	1612
4069	1777
4070	2134
4071	3301
4072	1451
4073	578
4074	651
4075	2724
4076	1709
4077	2693
4078	922
4079	2555
4080	1974
4081	1937
4082	2712
4083	1675
4084	1227
4085	2989
4086	3440
4087	1627
4088	1469
4089	3310
4090	2901
4091	914
4092	1194
4093	1878
4094	848
4095	341
4096	2848
4097	859
4098	2118
4099	1532
4100	3257
4101	2063
4102	643
4103	373
4104	287
4105	1317
4106	3444
4107	2769
4108	1803
4109	1315
4110	2790
4111	3066
4112	784
4113	2293
4114	795
4115	2233
4116	807
4117	3214
4118	2232
4119	257
4120	1960
4121	3019
4122	2344
4123	2062
4124	1166
4125	2342
4126	2563
4127	2426
4128	1234
4129	1157
4130	457
4131	1033
4132	2203
4133	915
4134	2159
4135	528
4136	2653
4137	2796
4138	1743
4139	1884
4140	2047
4141	1437
4142	198
4143	2173
4144	2136
4145	2181
4146	1947
4147	2125
4148	1581
4149	1207
4150	1398
4151	2143
4152	2736
4153	424
4154	3280
4155	1949
4156	1624
4157	148
4158	63
4159	1783
4160	1533
4161	1324
4162	1288
4163	695
4164	678
4165	3402
4166	1382
4167	1544
4168	3150
4169	974
4170	2391
4171	2963
4172	311
4173	1222
4174	2006
4175	1626
4176	452
4177	2901
4178	18
4179	1085
4180	2253
4181	3240
4182	686
4183	1829
4184	446
4185	798
4186	1059
4187	2398
4188	1933
4189	373
4190	2624
4191	1062
4192	1426
4193	2705
4194	2231
4195	1808
4196	1617
4197	2031
4198	1300
4199	65
4200	581
4201	786
4202	3368
4203	1129
4204	1300
4205	861
4206	446
4207	1659
4208	2492
4209	1990
4210	1891
4211	1240
4212	559
4213	2617
4214	291
4215	3046
4216	2291
4217	771
4218	577
4219	971
4220	3304
4221	2605
4222	3087
4223	742
4224	1016
4225	1025
4226	1925
4227	30
4228	1168
4229	1898
4230	496
4231	1381
4232	264
4233	813
4234	62
4235	2669
4236	2629
4237	3054
4238	439
4239	662
4240	2066
4241	1741
4242	2496
4243	1525
4244	2762
4245	2572
4246	619
4247	3018
4248	409
4249	1402
4250	3095
4251	581
4252	177
4253	2643
4254	3433
4255	1856
4256	2513
4257	2429
4258	837
4259	2863
4260	601
4261	3122
4262	1570
4263	1541
4264	2710
4265	1270
4266	2426
4267	1142
4268	2579
4269	1057
4270	3092
4271	507
4272	1504
4273	2473
4274	386
4275	3053
4276	3133
4277	3344
4278	1543
4279	1652
4280	1320
4281	1316
4282	323
4283	778
4284	698
4285	1843
4286	2719
4287	1413
4288	3110
4289	908
4290	663
4291	1255
4292	1699
4293	1150
4294	3445
4295	2947
4296	385
4297	951
4298	219
4299	1041
4300	1882
4301	1111
4302	1421
4303	313
4304	204
4305	2823
4306	2319
4307	2744
4308	1130
4309	2935
4310	447
4311	529
4312	1516
4313	574
4314	1047
4315	1147
4316	2321
4317	357
4318	3255
4319	1561
4320	1153
4321	840
4322	2234
4323	579
4324	384
4325	1275
4326	528
4327	2650
4328	3178
4329	2543
4330	2097
4331	1893
4332	366
4333	210
4334	3238
4335	56
4336	1219
4337	3200
4338	1539
4339	927
4340	3260
4341	1608
4342	1241
4343	3221
4344	3171
4345	3131
4346	1981
4347	2557
4348	3360
4349	384
4350	222
4351	833
4352	2719
4353	799
4354	1107
4355	692
4356	985
4357	1111
4358	1444
4359	2479
4360	2486
4361	3255
4362	3081
4363	2506
4364	1813
4365	617
4366	2474
4367	2912
4368	183
4369	3397
4370	3215
4371	773
4372	3036
4373	1362
4374	2601
4375	1384
4376	1417
4377	681
4378	3179
4379	171
4380	295
4381	1723
4382	557
4383	418
4384	1458
4385	2398
4386	2024
4387	2969
4388	3267
4389	2353
4390	2579
4391	3054
4392	2239
4393	86
4394	1530
4395	2402
4396	2766
4397	2082
4398	3252
4399	1500
4400	1776
4401	1517
4402	744
4403	491
4404	1797
4405	1178
4406	2803
4407	402
4408	647
4409	1834
4410	936
4411	3190
4412	348
4413	2648
4414	1781
4415	157
4416	3283
4417	1069
4418	1568
4419	2973
4420	3461
4421	1574
4422	1433
4423	1303
4424	991
4425	412
4426	1485
4427	1441
4428	428
4429	878
4430	220
4431	165
4432	2199
4433	2289
4434	71
4435	2411
4436	2126
4437	1588
4438	195
4439	3376
4440	1280
4441	1571
4442	407
4443	2014
4444	3303
4445	1266
4446	3410
4447	296
4448	1989
4449	2098
4450	1335
4451	1919
4452	3141
4453	1266
4454	2320
4455	1036
4456	285
4457	1105
4458	1250
4459	1404
4460	3431
4461	1447
4462	1495
4463	2666
4464	3115
4465	1934
4466	1937
4467	423
4468	2018
4469	161
4470	1916
4471	692
4472	3484
4473	3206
4474	2008
4475	3473
4476	588
4477	3017
4478	663
4479	2351
4480	1407
4481	2387
4482	1765
4483	2289
4484	2804
4485	2682
4486	3259
4487	2083
4488	3272
4489	1994
4490	1369
4491	1870
4492	3051
4493	3050
4494	882
4495	1294
4496	2589
4497	997
4498	2093
4499	1557
4500	563
4501	1577
4502	1604
4503	561
4504	2712
4505	1143
4506	2602
4507	2277
4508	317
4509	2739
4510	220
4511	1968
4512	764
4513	1442
4514	401
4515	2299
4516	2700
4517	3063
4518	1255
4519	2552
4520	315
4521	1125
4522	1635
4523	982
4524	861
4525	3442
4526	2486
4527	931
4528	3303
4529	494
4530	3471
4531	1757
4532	2703
4533	182
4534	3486
4535	2860
4536	1815
4537	2384
4538	713
4539	2665
4540	1855
4541	3187
4542	3383
4543	1952
4544	283
4545	3171
4546	3000
4547	3414
4548	915
4549	699
4550	3078
4551	778
4552	3108
4553	2016
4554	1082
4555	3419
4556	1885
4557	2057
4558	1834
4559	1479
4560	117
4561	1897
4562	3260
4563	2022
4564	2261
4565	107
4566	1215
4567	902
4568	2677
4569	3312
4570	315
4571	1674
4572	1512
4573	3286
4574	1247
4575	263
4576	2850
4577	3371
4578	1123
4579	3486
4580	1134
4581	1680
4582	3064
4583	727
4584	150
4585	2728
4586	1018
4587	2693
4588	1720
4589	1671
4590	1572
4591	254
4592	2148
4593	856
4594	59
4595	1406
4596	2846
4597	3404
4598	2362
4599	2266
4600	1276
4601	2707
4602	2547
4603	2306
4604	2028
4605	3202
4606	2514
4607	1578
4608	600
4609	931
4610	282
4611	2841
4612	3075
4613	2903
4614	2812
4615	2670
4616	3045
4617	3312
4618	1578
4619	536
4620	3498
4621	2043
4622	378
4623	999
4624	2793
4625	3259
4626	305
4627	436
4628	2705
4629	3402
4630	257
4631	3447
4632	182
4633	2969
4634	248
4635	2469
4636	2614
4637	912
4638	886
4639	1187
4640	1597
4641	791
4642	378
4643	779
4644	3489
4645	2450
4646	426
4647	1513
4648	1389
4649	1192
4650	903
4651	2877
4652	2494
4653	3200
4654	725
4655	409
4656	1278
4657	1178
4658	3124
4659	270
4660	1218
4661	964
4662	2694
4663	2560
4664	2302
4665	1891
4666	3408
4667	2427
4668	449
4669	1155
4670	115
4671	289
4672	1837
4673	2999
4674	2537
4675	1101
4676	1235
4677	1914
4678	1443
4679	2768
4680	404
4681	1490
4682	3390
4683	1215
4684	165
4685	2148
4686	1489
4687	2876
4688	2392
4689	2759
4690	2451
4691	2650
4692	1556
4693	2483
4694	124
4695	1232
4696	1370
4697	2779
4698	53
4699	3300
4700	3050
4701	2516
4702	3140
4703	19
4704	1726
4705	1877
4706	3009
4707	160
4708	808
4709	797
4710	3430
4711	2996
4712	29
4713	181
4714	2319
4715	1794
4716	3318
4717	1699
4718	3008
4719	2224
4720	1964
4721	1320
4722	1253
4723	1658
4724	1342
4725	780
4726	143
4727	2130
4728	2372
4729	1543
4730	2927
4731	77
4732	2780
4733	2483
4734	206
4735	1439
4736	2764
4737	1542
4738	976
4739	343
4740	2451
4741	163
4742	2004
4743	2729
4744	522
4745	1248
4746	2196
4747	954
4748	3148
4749	91
4750	2257
4751	2361
4752	3261
4753	1240
4754	2525
4755	1889
4756	1390
4757	2442
4758	589
4759	29
4760	1886
4761	2773
4762	2750
4763	1476
4764	3479
4765	1553
4766	2266
4767	491
4768	2510
4769	1494
4770	988
4771	3358
4772	1745
4773	980
4774	59
4775	796
4776	419
4777	1606
4778	1448
4779	2029
4780	908
4781	2047
4782	251
4783	1683
4784	1443
4785	2156
4786	3274
4787	832
4788	928
4789	865
4790	2443
4791	3048
4792	564
4793	2415
4794	210
4795	533
4796	1487
4797	441
4798	439
4799	3263
4800	154
4801	1311
4802	127
4803	793
4804	561
4805	2069
4806	2805
4807	1148
4808	2631
4809	1724
4810	553
4811	1846
4812	2096
4813	3194
4814	2663
4815	3298
4816	325
4817	696
4818	1701
4819	1496
4820	2849
4821	960
4822	3393
4823	673
4824	241
4825	2041
4826	3100
4827	2862
4828	1075
4829	470
4830	2032
4831	1598
4832	529
4833	3407
4834	2465
4835	3109
4836	549
4837	792
4838	1201
4839	1522
4840	674
4841	331
4842	2713
4843	2210
4844	576
4845	1546
4846	1633
4847	119
4848	1943
4849	1050
4850	3067
4851	2324
4852	3455
4853	1331
4854	957
4855	2239
4856	158
4857	3463
4858	337
4859	1669
4860	2046
4861	1785
4862	2958
4863	2649
4864	2318
4865	1342
4866	402
4867	787
4868	3400
4869	3063
4870	664
4871	2197
4872	1629
4873	3382
4874	890
4875	2834
4876	1019
4877	1794
4878	1698
4879	2195
4880	423
4881	1265
4882	1376
4883	2781
4884	860
4885	952
4886	1752
4887	2
4888	2404
4889	2245
4890	267
4891	1594
4892	3336
4893	1325
4894	2619
4895	2787
4896	1180
4897	1399
4898	2434
4899	1711
4900	2297
4901	279
4902	3203
4903	2484
4904	1585
4905	2509
4906	2739
4907	1707
4908	2580
4909	2819
4910	21
4911	2081
4912	1230
4913	2652
4914	131
4915	1635
4916	593
4917	1140
4918	459
4919	862
4920	1319
4921	1522
4922	3219
4923	1370
4924	2262
4925	919
4926	521
4927	3154
4928	1144
4929	525
4930	826
4931	212
4932	2334
4933	1867
4934	2316
4935	567
4936	2991
4937	1628
4938	3460
4939	1644
4940	1566
4941	1582
4942	3122
4943	3159
4944	308
4945	1236
4946	964
4947	2620
4948	1801
4949	316
4950	2090
4951	3403
4952	1885
4953	1455
4954	1094
4955	436
4956	555
4957	1066
4958	1137
4959	1067
4960	649
4961	1143
4962	2513
4963	971
4964	194
4965	2140
4966	1316
4967	1569
4968	2419
4969	2735
4970	2554
4971	92
4972	244
4973	2425
4974	1376
4975	775
4976	1943
4977	2981
4978	730
4979	2416
4980	1756
4981	3227
4982	3119
4983	1914
4984	3232
4985	448
4986	2902
4987	1793
4988	2452
4989	2191
4990	982
4991	3498
4992	2866
4993	2117
4994	575
4995	782
4996	127
4997	978
4998	910
4999	2643
5000	1155
5001	235
5002	2025
5003	122
5004	627
5005	3187
5006	3060
5007	2441
5008	1172
5009	2758
5010	185
5011	53
5012	1359
5013	644
5014	2032
5015	3492
5016	438
5017	3491
5018	2097
5019	2311
5020	949
5021	2631
5022	1313
5023	558
5024	1074
5025	3055
5026	455
5027	677
5028	1720
5029	3167
5030	916
5031	275
5032	2150
5033	1053
5034	1649
5035	2412
5036	1471
5037	992
5038	2113
5039	285
5040	2620
5041	1974
5042	2829
5043	2651
5044	1048
5045	2563
5046	1934
5047	2264
5048	1936
5049	2362
5050	1269
5051	3438
5052	153
5053	2479
5054	2939
5055	1938
5056	742
5057	260
5058	119
5059	245
5060	3373
5061	1644
5062	609
5063	2730
5064	2397
5065	2089
5066	3123
5067	1159
5068	2963
5069	2836
5070	3251
5071	3254
5072	2364
5073	1207
5074	2806
5075	2050
5076	1507
5077	611
5078	719
5079	2966
5080	2812
5081	685
5082	1237
5083	311
5084	255
5085	976
5086	932
5087	2666
5088	66
5089	602
5090	2487
5091	1189
5092	196
5093	531
5094	2857
5095	1274
5096	1583
5097	866
5098	1064
5099	1580
5100	1397
5101	3247
5102	534
5103	361
5104	2142
5105	3139
5106	38
5107	1927
5108	450
5109	1193
5110	3451
5111	2110
5112	2060
5113	298
5114	2642
5115	222
5116	965
5117	3003
5118	2998
5119	1183
5120	2935
5121	2585
5122	445
5123	267
5124	858
5125	250
5126	754
5127	2120
5128	2672
5129	3129
5130	703
5131	2670
5132	2584
5133	3396
5134	689
5135	1550
5136	1490
5137	2490
5138	1190
5139	1752
5140	2132
5141	625
5142	2152
5143	93
5144	757
5145	713
5146	3117
5147	3112
5148	1817
5149	2482
5150	408
5151	2784
5152	3236
5153	2258
5154	1018
5155	2749
5156	2121
5157	2634
5158	2381
5159	726
5160	1577
5161	2273
5162	704
5163	1936
5164	2634
5165	1724
5166	169
5167	2122
5168	3211
5169	1641
5170	3060
5171	978
5172	1953
5173	1990
5174	1608
5175	97
5176	3203
5177	2485
5178	3250
5179	926
5180	953
5181	777
5182	3089
5183	1409
5184	885
5185	1377
5186	1908
5187	2414
5188	3022
5189	213
5190	795
5191	497
5192	1613
5193	1827
5194	2146
5195	2234
5196	2592
5197	760
5198	786
5199	1465
5200	2010
5201	2174
5202	1994
5203	117
5204	291
5205	125
5206	670
5207	2870
5208	752
5209	261
5210	2708
5211	3238
5212	2299
5213	2293
5214	3414
5215	623
5216	1972
5217	1160
5218	1529
5219	180
5220	1583
5221	1345
5222	2822
5223	2442
5224	2854
5225	459
5226	3025
5227	1983
5228	136
5229	2508
5230	1544
5231	2859
5232	3235
5233	1038
5234	2641
5235	2573
5236	3140
5237	2446
5238	440
5239	426
5240	101
5241	3025
5242	2246
5243	872
5244	946
5245	2683
5246	54
5247	286
5248	1999
5249	2154
5250	2458
5251	2580
5252	3245
5253	1727
5254	2533
5255	1848
5256	956
5257	353
5258	2539
5259	1277
5260	3024
5261	1221
5262	1015
5263	2490
5264	3221
5265	1867
5266	3014
5267	2873
5268	2906
5269	3248
5270	2238
5271	1335
5272	1107
5273	1524
5274	162
5275	1673
5276	544
5277	4
5278	1125
5279	1513
5280	2716
5281	1456
5282	2614
5283	3
5284	2576
5285	14
5286	1267
5287	412
5288	1558
5289	919
5290	67
5291	1332
5292	1381
5293	1588
5294	1095
5295	699
5296	32
5297	266
5298	1982
5299	2924
5300	545
5301	1929
5302	3258
5303	3257
5304	3460
5305	2731
5306	2296
5307	108
5308	3160
5309	1106
5310	2597
5311	3451
5312	2501
5313	2053
5314	225
5315	2267
5316	3166
5317	2361
5318	2226
5319	1605
5320	1693
5321	1083
5322	3482
5323	3111
5324	2144
5325	146
5326	480
5327	1727
5328	737
5329	2619
5330	1882
5331	2586
5332	1380
5333	489
5334	191
5335	492
5336	1048
5337	1651
5338	651
5339	319
5340	1989
5341	1728
5342	2364
5343	3306
5344	3073
5345	1953
5346	777
5347	1774
5348	2464
5349	432
5350	2588
5351	202
5352	1557
5353	1477
5354	2116
5355	2700
5356	1962
5357	204
5358	1004
5359	2035
5360	2447
5361	39
5362	1718
5363	3356
5364	1769
5365	2864
5366	2651
5367	332
5368	1237
5369	1678
5370	2139
5371	1662
5372	823
5373	2173
5374	1202
5375	3384
5376	950
5377	1580
5378	665
5379	1440
5380	1868
5381	3485
5382	1844
5383	1779
5384	501
5385	2311
5386	817
5387	3472
5388	848
5389	2298
5390	3012
5391	1973
5392	486
5393	500
5394	1587
5395	1786
5396	1664
5397	1361
5398	1251
5399	2013
5400	3112
5401	2377
5402	1853
5403	2720
5404	638
5405	2075
5406	1309
5407	733
5408	387
5409	1521
5410	987
5411	1312
5412	1360
5413	2176
5414	3184
5415	2839
5416	3061
5417	1000
5418	309
5419	3029
5420	2248
5421	2264
5422	1353
5423	2574
5424	1654
5425	161
5426	2630
5427	1153
5428	3416
5429	2907
5430	2862
5431	1926
5432	2029
5433	3222
5434	1156
5435	211
5436	3002
5437	2946
5438	332
5439	3145
5440	3478
5441	1327
5442	2677
5443	2850
5444	46
5445	425
5446	2373
5447	1456
5448	2448
5449	1954
5450	3448
5451	322
5452	1315
5453	834
5454	3408
5455	776
5456	2515
5457	1954
5458	226
5459	2498
5460	2088
5461	3058
5462	3144
5463	3026
5464	3007
5465	3129
5466	2182
5467	1975
5468	3236
5469	2745
5470	96
5471	853
5472	1508
5473	1987
5474	3489
5475	3024
5476	3069
5477	3418
5478	2629
5479	2656
5480	1840
5481	126
5482	367
5483	226
5484	2306
5485	3357
5486	3026
5487	3422
5488	992
5489	2838
5490	1836
5491	112
5492	1205
5493	1204
5494	63
5495	2235
5496	635
5497	1348
5498	619
5499	763
5500	1009
5501	605
5502	289
5503	1746
5504	425
5505	3053
5506	2204
5507	2504
5508	928
5509	2759
5510	756
5511	2952
5512	2936
5513	1917
5514	2367
5515	832
5516	1601
5517	1973
5518	1792
5519	457
5520	434
5521	2996
5522	486
5523	1389
5524	863
5525	1478
5526	2082
5527	1770
5528	274
5529	1546
5530	395
5531	2160
5532	495
5533	747
5534	24
5535	1071
5536	41
5537	2950
5538	3376
5539	2653
5540	2288
5541	611
5542	1081
5543	2924
5544	1375
5545	3160
5546	2028
5547	3399
5548	3118
5549	133
5550	1534
5551	1933
5552	497
5553	2444
5554	268
5555	212
5556	16
5557	879
5558	89
5559	881
5560	729
5561	268
5562	498
5563	2077
5564	479
5565	573
5566	850
5567	2231
5568	2017
5569	1501
5570	2821
5571	264
5572	946
5573	321
5574	3263
5575	414
5576	809
5577	245
5578	722
5579	2988
5580	1257
5581	1957
5582	2389
5583	1433
5584	2949
5585	1595
5586	2339
5587	2450
5588	2838
5589	2755
5590	603
5591	736
5592	132
5593	1229
5594	1898
5595	2104
5596	60
5597	3184
5598	2858
5599	2953
5600	1675
5601	2497
5602	2206
5603	2196
5604	1858
5605	2495
5606	396
5607	2581
5608	2621
5609	234
5610	1242
5611	960
5612	956
5613	1186
5614	1449
5615	2708
5616	1344
5617	1162
5618	228
5619	178
5620	3173
5621	47
5622	3356
5623	1600
5624	587
5625	1311
5626	1673
5627	2859
5628	597
5629	1770
5630	1902
5631	214
5632	2657
5633	3076
5634	2076
5635	2313
5636	359
5637	2506
5638	2027
5639	1254
5640	1031
5641	101
5642	3165
5643	1498
5644	347
5645	1043
5646	407
5647	20
5648	1895
5649	1081
5650	645
5651	2628
5652	1584
5653	555
5654	2802
5655	3308
5656	1437
5657	1836
5658	1876
5659	2384
5660	2694
5661	1926
5662	3197
5663	128
5664	178
5665	2287
5666	1778
5667	637
5668	2086
5669	2462
5670	554
5671	1082
5672	2774
5673	3007
5674	2135
5675	792
5676	2577
5677	1512
5678	33
5679	233
5680	1291
5681	1340
5682	2802
5683	2288
5684	1400
5685	399
5686	3163
5687	871
5688	2795
5689	405
5690	2976
5691	3328
5692	824
5693	2330
5694	1987
5695	3409
5696	3478
5697	987
5698	738
5699	2487
5700	1074
5701	440
5702	180
5703	2946
5704	1930
5705	3477
5706	589
5707	1254
5708	31
5709	1264
5710	310
5711	2250
5712	737
5713	2960
5714	314
5715	941
5716	3199
5717	356
5718	99
5719	2324
5720	383
5721	221
5722	691
5723	2530
5724	1986
5725	1267
5726	2457
5727	1562
5728	1523
5729	3013
5730	1504
5731	2665
5732	2778
5733	416
5734	2691
5735	2489
5736	894
5737	889
5738	2185
5739	1331
5740	3380
5741	1915
5742	907
5743	2987
5744	421
5745	1035
5746	2691
5747	2303
5748	2457
5749	2191
5750	2515
5751	2237
5752	1812
5753	1591
5754	1508
5755	1904
5756	3176
5757	2233
5758	2300
5759	688
5760	1904
5761	2618
5762	3245
5763	1033
5764	1465
5765	2290
5766	2212
5767	1670
5768	3139
5769	2128
5770	321
5771	464
5772	717
5773	2807
5774	96
5775	3289
5776	1823
5777	3439
5778	2010
5779	629
5780	1881
5781	3067
5782	2116
5783	3211
5784	3099
5785	820
5786	43
5787	108
5788	2003
5789	2685
5790	2980
5791	1655
5792	2303
5793	1726
5794	5
5795	2674
5796	2243
5797	865
5798	1599
5799	688
5800	3453
5801	2971
5802	1304
5803	1616
5804	1382
5805	1879
5806	1702
5807	368
5808	2932
5809	1896
5810	1423
5811	2485
5812	1288
5813	1521
5814	2443
5815	1021
5816	2962
5817	3276
5818	2281
5819	3068
5820	399
5821	2674
5822	2392
5823	594
5824	3492
5825	1219
5826	1060
5827	3116
5828	1142
5829	316
5830	803
5831	2903
5832	1676
5833	2667
5834	2111
5835	1312
5836	559
5837	1479
5838	3291
5839	498
5840	881
5841	2714
5842	1820
5843	1329
5844	1223
5845	1392
5846	374
5847	2044
5848	2385
5849	1611
5850	3422
5851	2000
5852	1600
5853	2723
5854	3163
5855	3078
5856	2948
5857	1976
5858	1594
5859	1679
5860	733
5861	578
5862	2344
5863	2292
5864	937
5865	2544
5866	191
5867	2323
5868	1862
5869	2656
5870	1833
5871	2729
5872	2000
5873	3248
5874	1073
5875	593
5876	1948
5877	1293
5878	2959
5879	1567
5880	499
5881	3003
5882	2011
5883	2105
5884	1796
5885	2038
5886	124
5887	416
5888	2504
5889	1478
5890	986
5891	3324
5892	1957
5893	2092
5894	2027
5895	505
5896	3108
5897	2960
5898	678
5899	2371
5900	1750
5901	1435
5902	1154
5903	3110
5904	3250
5905	2868
5906	1064
5907	10
5908	3226
5909	51
5910	3434
5911	344
5912	1393
5913	493
5914	1487
5915	524
5916	766
5917	2146
5918	2492
5919	3188
5920	142
5921	3425
5922	3159
5923	2472
5924	2583
5925	1876
5926	1158
5927	1279
5928	320
5929	909
5930	2174
5931	3178
5932	375
5933	109
5934	3192
5935	2405
5936	1063
5937	1356
5938	2144
5939	2043
5940	2255
5941	1873
5942	1827
5943	3375
5944	683
5945	3468
5946	2295
5947	3144
5948	2542
5949	1372
5950	2760
5951	1232
5952	1366
5953	1556
5954	9
5955	1760
5956	2498
5957	1052
5958	479
5959	1393
5960	2069
5961	911
5962	871
5963	3328
5964	1909
5965	776
5966	1730
5967	8
5968	2594
5969	3136
5970	1781
5971	1166
5972	2702
5973	1730
5974	2065
5975	1533
5976	2544
5977	176
5978	474
5979	798
5980	2799
5981	132
5982	2430
5983	2177
5984	953
5985	3253
5986	981
5987	1998
5988	288
5989	592
5990	3284
5991	1004
5992	2258
5993	2419
5994	1012
5995	60
5996	2160
5997	468
5998	2597
5999	2949
6000	1354
6001	2880
6002	1450
6003	1623
6004	377
6005	3367
6006	2189
6007	608
6008	88
6009	925
6010	990
6011	33
6012	2819
6013	2038
6014	2965
6015	3470
6016	2478
6017	3379
6018	19
6019	250
6020	1164
6021	2436
6022	1993
6023	2798
6024	573
6025	480
6026	606
6027	1431
6028	895
6029	2200
6030	169
6031	1185
6032	183
6033	704
6034	1634
6035	2248
6036	104
6037	3082
6038	3277
6039	3322
6040	2965
6041	687
6042	847
6043	2886
6044	276
6045	2252
6046	822
6047	2592
6048	2807
6049	1674
6050	2895
6051	2554
6052	2127
6053	1051
6054	68
6055	934
6056	521
6057	300
6058	3320
6059	2292
6060	802
6061	2809
6062	929
6063	3322
6064	687
6065	3290
6066	1750
6067	868
6068	3331
6069	2438
6070	3167
6071	1484
6072	41
6073	1290
6074	608
6075	1327
6076	243
6077	827
6078	3189
6079	755
6080	2961
6081	936
6082	1927
6083	838
6084	2603
6085	2897
6086	2496
6087	2985
6088	1977
6089	3455
6090	26
6091	1637
6092	1022
6093	230
6094	3317
6095	3318
6096	2271
6097	1231
6098	2806
6099	2962
6100	3365
6101	1553
6102	1474
6103	1271
6104	3360
6105	1771
6106	2255
6107	1470
6108	1488
6109	732
6110	331
6111	78
6112	3367
6113	1298
6114	3106
6115	1664
6116	1115
6117	3185
6118	1977
6119	3225
6120	1380
6121	3212
6122	2376
6123	753
6124	333
6125	2978
6126	2980
6127	907
6128	886
6129	1524
6130	2695
6131	3345
6132	1815
6133	1721
6134	259
6135	1741
6136	826
6137	2763
6138	1707
6139	1460
6140	2672
6141	1036
6142	2785
6143	1896
6144	1877
6145	199
6146	1866
6147	2386
6148	2661
6149	839
6150	3305
6151	2214
6152	116
6153	2135
6154	3044
6155	3448
6156	909
6157	1844
6158	1874
6159	1152
6160	2024
6161	2380
6162	435
6163	1972
6164	2898
6165	74
6166	3056
6167	2887
6168	2869
6169	867
6170	1569
6171	3126
6172	3270
6173	1587
6174	1847
6175	2220
6176	2235
6177	2408
6178	388
6179	3057
6180	870
6181	2499
6182	1428
6183	1
6184	3421
6185	1922
6186	902
6187	1942
6188	239
6189	1807
6190	3457
6191	609
6192	2230
6193	3281
6194	2941
6195	2540
6196	2123
6197	1473
6198	1181
6199	54
6200	2755
6201	1274
6202	2979
6203	1660
6204	3101
6205	1251
6206	445
6207	1814
6208	1061
6209	396
6210	607
6211	1584
6212	1802
6213	2439
6214	1078
6215	2159
6216	1141
6217	2308
6218	3071
6219	249
6220	2804
6221	2227
6222	1170
6223	2616
6224	2879
6225	1803
6226	3331
6227	860
6228	517
6229	2202
6230	1024
6231	3166
6232	962
6233	1231
6234	1963
6235	2815
6236	2201
6237	2680
6238	2524
6239	223
6240	3393
6241	1761
6242	381
6243	152
6244	2973
6245	1790
6246	846
6247	545
6248	531
6249	208
6250	3450
6251	2189
6252	1728
6253	1962
6254	648
6255	922
6256	2641
6257	236
6258	2622
6259	3005
6260	2827
6261	1918
6262	2072
6263	2045
6264	1280
6265	2505
6266	1447
6267	1247
6268	2599
6269	3258
6270	3049
6271	2910
6272	2422
6273	1
6274	2055
6275	448
6276	2452
6277	2919
6278	2576
6279	930
6280	1550
6281	2895
6282	2341
6283	2206
6284	2906
6285	6
6286	606
6287	599
6288	1467
6289	1922
6290	1482
6291	2910
6292	3018
6293	1647
6294	465
6295	550
6296	1491
6297	1574
6298	1636
6299	2101
6300	2931
6301	343
6302	3044
6303	175
6304	1814
6305	170
6306	463
6307	2797
6308	2205
6309	3040
6310	2732
6311	417
6312	947
6313	84
6314	93
6315	1248
6316	293
6317	3074
6318	324
6319	3467
6320	234
6321	2227
6322	3141
6323	3309
6324	1317
6325	2091
6326	582
6327	3002
6328	2268
6329	1592
6330	2524
6331	2055
6332	856
6333	1615
6334	359
6335	2979
6336	2832
6337	230
6338	1496
6339	2822
6340	3324
6341	1670
6342	2381
6343	1091
6344	3115
6345	1905
6346	3335
6347	2499
6348	1014
6349	2974
6350	353
6351	1176
6352	2828
6353	1400
6354	950
6355	1019
6356	152
6357	218
6358	2594
6359	375
6360	1367
6361	1243
6362	1874
6363	1655
6364	2900
6365	2422
6366	36
6367	211
6368	2139
6369	432
6370	809
6371	255
6372	110
6373	3421
6374	719
6375	3384
6376	694
6377	981
6378	123
6379	811
6380	2286
6381	2295
6382	2440
6383	2243
6384	2307
6385	1631
6386	2828
6387	2531
6388	1226
6389	370
6390	1702
6391	1928
6392	1870
6393	2737
6394	2327
6395	650
6396	1706
6397	2406
6398	368
6399	3316
6400	1559
6401	401
6402	1554
6403	270
6404	3077
6405	3114
6406	1681
6407	3107
6408	78
6409	2085
6410	2805
6411	1453
6412	790
6413	2585
6414	150
6415	1688
6416	1423
6417	2919
6418	2912
6419	1643
6420	2623
6421	2713
6422	3185
6423	1460
6424	2900
6425	1242
6426	745
6427	2883
6428	1869
6429	2975
6430	3192
6431	1698
6432	2076
6433	582
6434	3406
6435	2621
6436	2540
6437	1463
6438	2098
6439	3404
6440	2565
6441	930
6442	1475
6443	986
6444	2921
6445	2254
6446	567
6447	2535
6448	846
6449	570
6450	1872
6451	1022
6452	1403
6453	3013
6454	2548
6455	2415
6456	3354
6457	2021
6458	2161
6459	1012
6460	2158
6461	3230
6462	2157
6463	3437
6464	1959
6465	2372
6466	2829
6467	921
6468	1061
6469	377
6470	504
6471	2157
6472	2771
6473	3072
6474	1371
6475	2131
6476	1530
6477	2647
6478	2942
6479	966
6480	1872
6481	883
6482	1198
6483	849
6484	435
6485	1472
6486	2883
6487	2777
6488	256
6489	1087
6490	1486
6491	1868
6492	2908
6493	1761
6494	1686
6495	547
6496	627
6497	2176
6498	1623
6499	188
6500	91
6501	1076
6502	820
6503	3351
6504	273
6505	2065
6506	2147
6507	468
6508	541
6509	748
6510	3474
6511	689
6512	2204
6513	1806
6514	3173
6515	1963
6516	386
6517	974
6518	1355
6519	517
6520	1881
6521	1666
6522	2371
6523	1076
6524	2106
6525	2622
6526	903
6527	2519
6528	985
6529	451
6530	1737
6531	951
6532	2853
6533	2220
6534	3417
6535	901
6536	2247
6537	2286
6538	2046
6539	1102
6540	1766
6541	22
6542	3098
6543	2406
6544	3487
6545	924
6546	1322
6547	3423
6548	2393
6549	26
6550	1357
6551	111
6552	2908
6553	748
6554	1772
6555	2477
6556	356
6557	3288
6558	899
6559	441
6560	1328
6561	1457
6562	2302
6563	810
6564	1289
6565	2535
6566	1687
6567	3351
6568	977
6569	209
6570	759
6571	1375
6572	884
6573	2987
6574	135
6575	201
6576	3056
6577	1909
6578	292
6579	1452
6580	3284
6581	2365
6582	3230
6583	2350
6584	237
6585	2389
6586	3127
6587	586
6588	1802
6589	1958
6590	14
6591	254
6592	3341
6593	504
6594	199
6595	2249
6596	1795
6597	2417
6598	2982
6599	442
6600	136
6601	3266
6602	3456
6603	1379
6604	1754
6605	702
6606	304
6607	1205
6608	648
6609	1961
6610	2316
6611	973
6612	3411
6613	1866
6614	1396
6615	383
6616	304
6617	2180
6618	3290
6619	669
6620	631
6621	901
6622	2925
6623	1121
6624	1716
6625	2075
6626	2953
6627	845
6628	668
6629	1302
6630	2317
6631	3400
6632	676
6633	365
6634	1700
6635	3081
6636	3106
6637	518
6638	249
6639	3495
6640	1560
6641	2045
6642	1820
6643	1405
6644	1060
6645	239
6646	2654
6647	818
6648	722
6649	3252
6650	1686
6651	3306
6652	3320
6653	2787
6654	2074
6655	1944
6656	3348
6657	1405
6658	1388
6659	1014
6660	1480
6661	631
6662	188
6663	2578
6664	3276
6665	2119
6666	1653
6667	1101
6668	443
6669	2330
6670	2195
6671	37
6672	3092
6673	2593
6674	9
6675	2921
6676	812
6677	1959
6678	2495
6679	2586
6680	2353
6681	1357
6682	3101
6683	2497
6684	597
6685	1435
6686	894
6687	2942
6688	3309
6689	2317
6690	3495
6691	140
6692	3176
6693	811
6694	2260
6695	2304
6696	3041
6697	649
6698	927
6699	1778
6700	2732
6701	2867
6702	2905
6703	862
6704	1191
6705	103
6706	664
6707	980
6708	880
6709	374
6710	1328
6711	2541
6712	1132
6713	1916
6714	2072
6715	2873
6716	1275
6717	1978
6718	3133
6719	2180
6720	1839
6721	2887
6722	3370
6723	310
6724	1545
6725	2333
6726	977
6727	1748
6728	469
6729	431
6730	3205
6731	34
6732	140
6733	2841
6734	2521
6735	2061
6736	1653
6737	3490
6738	135
6739	3302
6740	1347
6741	515
6742	1238
6743	3218
6744	3379
6745	2066
6746	3099
6747	80
6748	849
6749	1687
6750	3295
6751	829
6752	515
6753	1839
6754	2061
6755	1329
6756	961
6757	1708
6758	506
6759	482
6760	104
6761	3417
6762	3224
6763	2254
6764	668
6765	2932
6766	3085
6767	3205
6768	2247
6769	2723
6770	845
6771	1078
6772	1183
6773	1746
6774	232
6775	1379
6776	473
6777	1851
6778	2517
6779	482
6780	2461
6781	2074
6782	306
6783	961
6784	890
6785	1766
6786	2777
6787	895
6788	1847
6789	2283
6790	883
6791	2830
6792	3305
6793	1790
6794	3482
6795	45
6796	1425
6797	10
6798	3272
6799	1314
6800	884
6801	2241
6802	1947
6803	758
6804	979
6805	2440
6806	2278
6807	752
6808	2521
6809	37
6810	1905
6811	130
6812	732
6813	3237
6814	1202
6815	1239
6816	2618
6817	541
6818	3237
6819	1371
6820	8
6821	2037
6822	841
6823	348
6824	45
6825	469
6826	1398
6827	2502
6828	1013
6829	3040
6830	613
6831	272
6832	1497
6833	1176
6834	256
6835	1347
6836	604
6837	3219
6838	12
6839	1038
6840	3308
6841	3291
6842	996
6843	2393
6844	3218
6845	2780
6846	1229
6847	2955
6848	218
6849	2617
6850	2911
6851	252
6852	2685
6853	967
6854	507
6855	835
6856	1172
6857	2131
6858	2678
6859	2704
6860	2470
6861	1314
6862	1590
6863	2278
6864	667
6865	2346
6866	2365
6867	2955
6868	2333
6869	3146
6870	495
6871	3094
6872	2435
6873	2771
6874	55
6875	1592
6876	1463
6877	2241
6878	3435
6879	62
6880	2661
6881	3342
6882	1425
6883	2616
6884	2133
6885	2839
6886	1748
6887	676
6888	6
6889	1910
6890	711
6891	1693
6892	2635
6893	3321
6894	3435
6895	2380
6896	2508
6897	1094
6898	272
6899	3103
6900	1388
6901	2652
6902	1979
6903	3077
6904	2633
6905	3094
6906	3296
6907	2314
6908	1087
6909	2837
6910	292
6911	1428
6912	198
6913	1616
6914	2307
6915	2858
6916	1689
6917	2502
6918	1656
6919	2588
6920	1631
6921	2784
6922	1796
6923	1045
6924	1119
6925	891
6926	3277
6927	3337
6928	2704
6929	947
6930	232
6931	2793
6932	319
6933	2314
6934	2283
6935	327
6936	2940
6937	1918
6938	103
6939	2814
6940	2041
6941	3428
6942	1127
6943	2021
6944	773
6945	3348
6946	1795
6947	839
6948	3365
6949	2212
6950	734
6951	579
6952	391
6953	1910
6954	157
6955	2668
6956	586
6957	3049
6958	3497
6959	3102
6960	451
6961	1005
6962	2151
6963	825
6964	1283
6965	2654
6966	2797
6967	223
6968	391
6969	966
6970	3464
6971	711
6972	3497
6973	106
6974	613
6975	2128
6976	2205
6977	2635
6978	3396
6979	1005
6980	967
6981	231
6982	1788
6983	3313
6984	2201
6985	231
6986	3127
6987	3337
6988	308
6989	327
6990	650
6991	3456
6992	106
6993	20
6994	194
6995	2595
6996	1152
6997	501
6998	16
6999	1238
7000	1979
