Course	Room	Teacher	Time	Students
1	48	1440	84	
2	48	66	85	
3	48	998	86	
4	8	1043	18	86 
5	48	597	87	
6	48	58	88	
7	48	471	89	
8	48	267	90	
9	48	1121	91	
10	48	347	92	
11	48	115	93	
12	48	761	94	
13	48	1496	95	
14	8	337	19	69 
15	48	706	96	
16	48	453	97	
17	8	1236	20	70 
18	48	38	98	
19	8	971	21	19 
20	48	106	99	
21	8	158	22	4 
22	48	1272	100	
23	86	1031	1	
24	86	1286	2	
25	86	1432	3	
26	86	1350	4	
27	86	1112	5	
28	86	957	6	
29	86	645	7	
30	86	918	8	
31	86	1372	9	
32	86	1297	10	
33	8	351	23	54 
34	8	682	24	50 
35	86	484	11	
36	86	538	12	
37	86	408	13	
38	86	579	14	
39	86	1242	15	
40	86	1399	16	
41	86	1267	17	
42	86	132	18	
43	86	960	19	
44	8	576	25	50 
45	86	532	20	
46	8	1235	26	41 
47	86	264	21	
48	86	1232	22	
49	86	970	23	
50	86	1118	24	
51	86	691	25	
52	86	608	26	
53	86	988	27	
54	86	683	28	
55	86	932	29	
56	86	1366	30	
57	86	1254	31	
58	8	61	1	11 22 
59	86	1367	32	
60	86	1448	33	
61	86	450	34	
62	86	1060	35	
63	86	786	36	
64	86	342	37	
65	86	1318	38	
66	86	1040	39	
67	86	1067	40	
68	8	158	27	12 
69	8	1205	28	33 
70	86	1056	41	
71	8	489	29	64 
72	86	400	42	
73	86	1184	43	
74	86	942	44	
75	86	683	45	
76	86	261	46	
77	86	1201	47	
78	86	591	48	
79	86	21	49	
80	86	30	50	
81	86	956	51	
82	86	394	52	
83	86	1007	53	
84	86	1381	54	
85	86	508	55	
86	86	691	56	
87	8	958	30	48 
88	8	449	31	10 
89	86	1252	57	
90	86	740	58	
91	86	858	59	
92	86	452	60	
93	86	704	61	
94	86	1131	62	
95	86	59	63	
96	86	976	64	
97	86	542	65	
98	86	934	66	
99	86	1131	67	
100	86	1190	68	
101	86	1105	69	
102	86	704	70	
103	86	1064	71	
104	86	1333	72	
105	86	902	73	
106	8	39	32	89 
107	86	970	74	
108	86	579	75	
109	86	756	76	
110	86	160	77	
111	86	323	78	
112	86	876	79	
113	86	1289	80	
114	86	968	81	
115	86	233	82	
116	8	1265	33	78 
117	86	1208	83	
118	86	476	84	
119	86	1056	85	
120	8	912	34	73 
121	86	1427	86	
122	86	764	87	
123	86	1159	88	
124	86	398	89	
125	8	826	35	84 
126	86	178	90	
127	86	1223	91	
128	86	300	92	
129	86	732	93	
130	8	524	36	89 
131	86	641	94	
132	86	703	95	
133	86	699	96	
134	86	869	97	
135	86	1095	98	
136	86	1317	99	
137	86	890	100	
138	62	54	1	
139	62	692	2	
140	62	295	3	
141	62	157	4	
142	62	33	5	
143	62	318	6	
144	62	1388	7	
145	62	1274	8	
146	62	6	9	
147	62	637	10	
148	62	1102	11	
149	8	952	37	85 
150	62	1459	12	
151	62	319	13	
152	62	146	14	
153	62	270	15	
154	62	70	16	
155	62	1253	17	
156	62	70	18	
157	62	1311	19	
158	62	884	20	
159	62	43	21	
160	62	1008	22	
161	62	388	23	
162	62	1306	24	
163	8	972	38	57 
164	62	272	25	
165	62	349	26	
166	8	87	39	89 
167	62	96	27	
168	62	1436	28	
169	62	1140	29	
170	62	867	30	
171	62	1412	31	
172	62	461	32	
173	62	1165	33	
174	62	753	34	
175	62	1436	35	
176	62	1322	36	
177	62	681	37	
178	62	1201	38	
179	8	385	40	56 
180	62	628	39	
181	62	982	40	
182	62	393	41	
183	62	312	42	
184	62	547	43	
185	62	1035	44	
186	8	869	41	83 
187	62	131	45	
188	8	652	42	9 
189	62	751	46	
190	62	62	47	
191	62	1124	48	
192	62	459	49	
193	8	251	43	87 
194	62	394	50	
195	62	230	51	
196	62	329	52	
197	62	406	53	
198	62	464	54	
199	62	1012	55	
200	62	567	56	
201	62	1335	57	
202	62	509	58	
203	62	413	59	
204	62	1211	60	
205	62	376	61	
206	62	1191	62	
207	8	682	44	97 
208	62	744	63	
209	62	1270	64	
210	62	1022	65	
211	62	764	66	
212	62	635	67	
213	62	95	68	
214	62	1173	69	
215	62	259	70	
216	62	698	71	
217	62	1082	72	
218	62	871	73	
219	62	860	74	
220	62	1493	75	
221	8	1472	45	85 
222	62	120	76	
223	8	661	46	77 
224	62	624	77	
225	8	347	47	15 
226	62	987	78	
227	62	1184	79	
228	62	54	80	
229	62	207	81	
230	62	612	82	
231	62	1492	83	
232	62	469	84	
233	62	1127	85	
234	62	1155	86	
235	8	1229	2	7 78 
236	8	304	48	24 
237	62	730	87	
238	62	558	88	
239	62	129	89	
240	62	1158	90	
241	62	734	91	
242	62	1251	92	
243	8	53	49	40 
244	62	520	93	
245	8	1049	50	52 
246	62	225	94	
247	62	1396	95	
248	62	1356	96	
249	62	251	97	
250	62	450	98	
251	62	1410	99	
252	62	721	100	
253	2	702	1	
254	2	1386	2	
255	2	467	3	
256	2	941	4	
257	2	815	5	
258	2	723	6	
259	2	59	7	
260	8	153	51	48 
261	2	1284	8	
262	2	1491	9	
263	2	1199	10	
264	2	795	11	
265	2	400	12	
266	8	898	52	16 
267	2	886	13	
268	8	1207	53	34 
269	2	1108	14	
270	2	185	15	
271	2	1440	16	
272	8	1325	54	25 
273	2	747	17	
274	2	256	18	
275	8	994	55	5 
276	2	1424	19	
277	2	150	20	
278	2	1344	21	
279	2	509	22	
280	8	1303	56	16 
281	8	674	57	7 
282	2	544	23	
283	2	64	24	
284	2	681	25	
285	2	1368	26	
286	2	1178	27	
287	2	1491	28	
288	2	628	29	
289	2	724	30	
290	2	1470	31	
291	2	911	32	
292	2	634	33	
293	8	928	58	45 
294	2	256	34	
295	2	1204	35	
296	8	477	59	75 
297	2	1077	36	
298	2	112	37	
299	2	1391	38	
300	2	652	39	
301	8	1161	60	20 
302	2	1172	40	
303	2	1273	41	
304	2	599	42	
305	2	200	43	
306	8	820	61	21 
307	2	20	44	
308	2	1176	45	
309	8	317	62	21 
310	2	1352	46	
311	2	1047	47	
312	2	1054	48	
313	2	16	49	
314	2	1049	51	
315	2	515	50	
316	2	1310	52	
317	2	383	53	
318	8	289	63	6 
319	2	731	54	
320	2	707	55	
321	2	280	56	
322	2	659	57	
323	2	758	58	
324	2	390	59	
325	2	1272	60	
326	2	310	61	
327	2	556	62	
328	2	1069	63	
329	8	1481	64	4 
330	2	1039	64	
331	8	105	65	100 
332	8	828	66	20 
333	2	232	65	
334	2	1487	66	
335	2	1276	67	
336	2	1367	68	
337	2	988	69	
338	2	874	70	
339	2	729	71	
340	2	247	72	
341	2	663	73	
342	2	547	74	
343	2	1038	75	
344	2	145	76	
345	2	1097	77	
346	2	1356	78	
347	2	26	79	
348	2	48	80	
349	2	298	81	
350	2	1109	82	
351	2	781	83	
352	2	518	84	
353	2	380	85	
354	2	690	86	
355	2	295	87	
356	2	630	88	
357	2	1000	89	
358	2	1132	90	
359	2	949	91	
360	2	58	92	
361	8	1200	67	3 
362	2	541	93	
363	2	1399	94	
364	2	1386	95	
365	2	1121	96	
366	8	755	3	37 63 
367	2	84	97	
368	8	841	68	36 
369	2	526	98	
370	2	1137	99	
371	2	712	100	
372	93	1048	1	
373	93	1451	2	
374	93	1332	3	
375	8	745	69	49 
376	93	1437	4	
377	93	796	5	
378	93	382	6	
379	93	913	7	
380	93	1204	8	
381	8	699	70	59 
382	93	22	9	
383	93	1175	10	
384	93	660	11	
385	93	142	12	
386	93	992	13	
387	93	148	14	
388	93	608	15	
389	93	690	16	
390	93	352	17	
391	8	331	71	49 
392	93	1458	18	
393	93	1413	19	
394	8	1358	72	49 
395	93	1308	20	
396	93	1380	21	
397	93	655	22	
398	93	1244	23	
399	93	424	24	
400	93	1001	25	
401	93	422	26	
402	93	640	27	
403	93	1199	28	
404	93	494	29	
405	93	81	30	
406	93	426	31	
407	93	42	32	
408	8	1318	73	5 
409	93	1456	33	
410	93	1470	34	
411	93	1073	35	
412	93	708	36	
413	8	228	74	70 
414	8	824	75	31 
415	93	706	37	
416	93	1389	38	
417	93	1053	39	
418	93	702	40	
419	8	1209	76	62 
420	8	480	77	84 
421	93	1007	41	
422	8	1338	78	47 
423	93	213	42	
424	93	661	43	
425	93	324	44	
426	93	596	45	
427	93	327	46	
428	93	292	47	
429	93	1084	48	
430	93	1102	49	
431	93	770	50	
432	93	687	51	
433	93	1033	52	
434	93	937	53	
435	93	1174	54	
436	93	44	55	
437	93	1485	56	
438	93	436	57	
439	93	546	58	
440	93	807	59	
441	93	1368	60	
442	93	1476	61	
443	93	150	62	
444	93	1481	63	
445	93	1324	64	
446	93	1275	65	
447	93	1176	66	
448	93	1254	67	
449	93	1035	68	
450	93	1195	69	
451	93	311	70	
452	93	1453	71	
453	93	883	72	
454	8	1262	79	29 
455	93	1075	73	
456	93	480	74	
457	93	21	75	
458	93	304	76	
459	93	1301	77	
460	93	401	78	
461	93	1312	79	
462	93	911	80	
463	93	194	81	
464	93	249	82	
465	93	1301	83	
466	93	263	84	
467	93	1169	85	
468	93	1445	86	
469	93	1019	87	
470	93	40	88	
471	93	132	89	
472	93	1186	90	
473	93	327	91	
474	93	1344	92	
475	93	1235	93	
476	8	159	80	30 
477	93	878	94	
478	93	626	95	
479	93	797	96	
480	93	217	97	
481	93	1021	98	
482	93	1462	99	
483	93	208	100	
484	43	1422	1	
485	43	1114	2	
486	43	79	3	
487	43	1268	4	
488	43	1269	5	
489	43	1156	6	
490	43	1194	7	
491	43	643	8	
492	43	125	9	
493	8	606	81	70 
494	43	817	10	
495	43	609	11	
496	43	711	12	
497	8	679	82	36 
498	43	338	13	
499	43	676	14	
500	43	344	15	
501	43	906	16	
502	43	1055	17	
503	43	1147	18	
504	43	453	19	
505	43	495	20	
506	43	486	21	
507	43	1487	22	
508	43	367	23	
509	43	465	24	
510	43	632	25	
511	43	163	26	
512	43	1412	27	
513	43	194	28	
514	8	667	83	73 
515	43	1151	29	
516	43	1285	30	
517	43	873	31	
518	43	1449	32	
519	43	239	33	
520	43	1050	34	
521	43	966	35	
522	43	212	36	
523	43	1079	37	
524	43	116	38	
525	8	1331	84	31 
526	43	1265	39	
527	43	863	40	
528	43	1476	41	
529	43	1370	42	
530	43	495	43	
531	43	1051	44	
532	43	80	45	
533	43	199	46	
534	43	1210	47	
535	43	833	48	
536	43	745	49	
537	43	119	50	
538	43	64	51	
539	43	863	52	
540	43	430	53	
541	43	1339	54	
542	43	1342	55	
543	43	654	56	
544	43	1391	57	
545	8	483	85	88 
546	43	550	58	
547	43	6	59	
548	43	891	60	
549	43	1357	61	
550	43	898	62	
551	8	1420	86	86 
552	43	75	63	
553	43	494	64	
554	43	310	65	
555	43	177	66	
556	43	1340	67	
557	43	1451	68	
558	43	1037	69	
559	43	918	70	
560	43	584	71	
561	43	998	72	
562	43	1284	73	
563	8	1374	87	65 
564	43	1252	74	
565	43	91	75	
566	43	737	76	
567	43	89	77	
568	43	802	78	
569	43	1320	79	
570	43	457	80	
571	43	1352	81	
572	43	318	82	
573	43	812	83	
574	8	929	88	55 
575	43	866	84	
576	43	531	85	
577	8	415	89	47 
578	43	17	86	
579	8	645	90	1 
580	8	445	91	62 
581	43	187	87	
582	43	1023	88	
583	8	406	92	15 
584	43	1305	89	
585	43	507	90	
586	43	409	91	
587	43	1067	92	
588	43	776	93	
589	43	531	94	
590	43	1441	95	
591	43	236	96	
592	43	431	97	
593	43	726	98	
594	43	153	99	
595	43	1380	100	
596	15	86	1	
597	15	951	2	
598	15	378	3	
599	15	284	4	
600	15	81	5	
601	15	584	6	
602	15	1211	7	
603	15	795	8	
604	15	1488	9	
605	8	723	93	8 
606	15	1000	10	
607	15	349	11	
608	15	519	12	
609	15	1144	13	
610	15	1360	14	
611	8	622	94	75 
612	8	1146	95	71 
613	15	486	15	
614	8	1006	96	41 
615	15	469	16	
616	15	330	17	
617	15	3	18	
618	15	514	19	
619	15	1347	20	
620	15	1236	21	
621	15	1329	22	
622	15	65	23	
623	15	511	24	
624	8	909	97	61 
625	15	1111	25	
626	15	1295	26	
627	15	312	27	
628	15	855	28	
629	15	428	29	
630	15	323	30	
631	8	170	98	24 
632	15	1455	31	
633	15	1309	32	
634	15	170	33	
635	15	752	34	
636	15	161	35	
637	15	415	36	
638	15	1226	37	
639	15	810	38	
640	15	1319	39	
641	15	1401	40	
642	15	350	41	
643	15	1038	42	
644	15	289	43	
645	15	1090	44	
646	15	839	45	
647	15	527	46	
648	15	183	47	
649	15	787	48	
650	15	782	49	
651	15	244	50	
652	15	605	51	
653	15	329	53	
654	15	933	52	
655	8	1320	99	76 
656	8	342	100	70 
657	15	597	54	
658	15	41	55	
659	15	718	56	
660	15	526	57	
661	15	191	58	
662	15	481	59	
663	15	109	60	
664	15	396	61	
665	15	765	62	
666	15	1084	63	
667	81	270	1	66 
668	15	611	64	
669	15	659	65	
670	81	1017	2	91 
671	15	1309	66	
672	15	1126	67	
673	15	1018	68	
674	15	527	69	
675	15	74	70	
676	15	1371	71	
677	15	385	72	
678	15	1286	73	
679	15	1157	74	
680	15	1151	75	
681	15	1432	76	
682	15	739	77	
683	15	917	78	
684	15	1461	79	
685	15	1408	80	
686	15	267	81	
687	15	19	82	
688	15	142	83	
689	81	1227	3	93 
690	15	1053	84	
691	15	954	85	
692	15	1066	86	
693	15	966	87	
694	15	1206	88	
695	15	1418	89	
696	15	324	90	
697	15	161	91	
698	81	887	4	77 
699	15	837	92	
700	15	955	93	
701	15	1092	94	
702	15	1069	95	
703	81	848	5	95 
704	81	1019	6	35 
705	15	563	96	
706	15	377	97	
707	15	1270	98	
708	15	985	99	
709	15	291	100	
710	78	991	1	
711	78	1212	2	
712	78	742	3	
713	78	224	4	
714	78	147	5	
715	78	315	6	
716	78	424	7	
717	78	434	8	
718	78	203	9	
719	81	1442	7	28 
720	78	213	10	
721	78	1001	11	
722	78	465	12	
723	78	1228	13	
724	78	507	14	
725	78	202	15	
726	81	1353	8	20 
727	81	834	9	58 
728	78	8	16	
729	78	1430	17	
730	78	82	18	
731	78	421	19	
732	78	128	20	
733	78	102	21	
734	78	364	22	
735	78	1267	23	
736	81	942	10	92 
737	78	1389	24	
738	78	632	26	
739	78	229	25	
740	78	1483	27	
741	78	492	28	
742	78	1431	29	
743	78	374	30	
744	78	895	31	
745	78	589	32	
746	78	308	33	
747	78	1346	34	
748	78	695	35	
749	78	801	36	
750	78	931	37	
751	78	543	38	
752	78	145	39	
753	78	1117	40	
754	81	169	11	33 
755	78	1183	41	
756	78	262	42	
757	81	1074	12	94 
758	78	357	43	
759	78	825	44	
760	78	1469	45	
761	78	223	46	
762	78	820	47	
763	78	299	48	
764	78	1138	49	
765	78	1241	50	
766	78	1005	51	
767	78	1408	52	
768	78	1295	53	
769	78	631	54	
770	78	935	55	
771	78	609	56	
772	78	991	57	
773	78	1011	58	
774	78	1375	59	
775	78	382	60	
776	78	78	61	
777	78	1322	62	
778	78	577	63	
779	78	422	64	
780	78	1311	65	
781	78	237	66	
782	78	668	67	
783	81	302	13	49 
784	81	943	14	64 
785	78	149	68	
786	81	921	15	63 
787	78	669	69	
788	78	1472	70	
789	81	1065	16	13 
790	78	576	71	
791	78	1453	72	
792	78	1325	73	
793	78	147	74	
794	78	238	75	
795	78	364	76	
796	78	410	77	
797	78	257	78	
798	78	146	79	
799	78	255	80	
800	78	426	81	
801	78	839	82	
802	78	1233	83	
803	78	1407	84	
804	78	1203	85	
805	78	259	86	
806	78	407	87	
807	8	834	4	57 61 
808	78	199	88	
809	78	1327	89	
810	78	1448	90	
811	78	777	91	
812	81	1416	17	99 
813	78	262	92	
814	78	216	93	
815	78	328	94	
816	78	738	95	
817	78	692	96	
818	78	356	97	
819	78	359	98	
820	78	809	99	
821	78	1237	100	
822	60	1099	1	
823	60	1242	2	
824	60	734	3	
825	60	841	4	
826	60	1014	5	
827	60	300	6	
828	60	29	7	
829	60	36	8	
830	60	1127	9	
831	60	1174	10	
832	60	1370	11	
833	60	1398	12	
834	60	629	13	
835	60	719	14	
836	60	383	15	
837	60	1146	16	
838	60	907	17	
839	60	965	18	
840	60	1350	19	
841	60	74	20	
842	81	1097	18	88 
843	60	1152	21	
844	81	1289	19	72 
845	60	148	22	
846	60	1124	23	
847	60	1271	24	
848	60	1257	25	
849	60	768	26	
850	60	411	27	
851	60	35	28	
852	60	698	29	
853	60	7	30	
854	60	1402	31	
855	60	98	32	
856	60	104	33	
857	8	1135	5	79 83 
858	81	668	20	32 
859	60	726	34	
860	60	129	35	
861	60	366	36	
862	60	263	37	
863	81	931	21	48 
864	60	732	38	
865	60	1281	39	
866	60	729	40	
867	60	548	41	
868	60	238	42	
869	60	232	43	
870	60	1085	44	
871	60	505	45	
872	60	1048	46	
873	60	1243	47	
874	60	1419	48	
875	60	1345	49	
876	60	577	50	
877	60	845	51	
878	60	665	52	
879	60	316	53	
880	60	952	54	
881	60	536	55	
882	60	107	56	
883	60	40	57	
884	60	750	58	
885	60	396	59	
886	60	1379	60	
887	60	670	61	
888	60	838	62	
889	60	1374	63	
890	60	302	64	
891	60	176	65	
892	60	332	66	
893	60	1198	67	
894	60	570	68	
895	60	1108	69	
896	60	1024	70	
897	60	234	71	
898	60	1449	72	
899	60	1032	73	
900	60	1281	74	
901	60	1328	75	
902	60	719	76	
903	60	525	77	
904	60	1060	78	
905	60	605	79	
906	60	808	80	
907	60	276	81	
908	60	1083	82	
909	60	269	83	
910	60	591	84	
911	60	268	85	
912	60	331	86	
913	60	18	87	
914	60	17	88	
915	60	1285	89	
916	60	1255	90	
917	60	909	91	
918	81	874	22	79 
919	60	1442	92	
920	60	975	93	
921	60	845	94	
922	60	1105	95	
923	60	1155	96	
924	60	889	97	
925	81	414	23	77 
926	60	413	98	
927	81	655	24	43 
928	60	24	99	
929	60	37	100	
930	47	798	1	
931	47	777	2	
932	47	307	3	
933	81	37	25	2 
934	47	272	4	
935	47	285	5	
936	47	188	6	
937	47	71	7	
938	47	398	8	
939	47	1477	9	
940	47	1059	10	
941	47	555	11	
942	47	884	12	
943	47	748	13	
944	81	95	26	37 
945	47	888	14	
946	47	230	15	
947	47	773	16	
948	47	1232	17	
949	47	693	18	
950	81	697	27	19 
951	47	86	19	
952	47	743	20	
953	47	265	21	
954	47	1351	22	
955	47	27	23	
956	47	374	24	
957	47	195	25	
958	47	1153	26	
959	47	487	27	
960	47	671	28	
961	47	1339	29	
962	47	286	30	
963	47	218	31	
964	47	888	32	
965	81	1113	28	68 
966	47	831	33	
967	81	855	29	75 
968	47	1248	34	
969	47	225	35	
970	81	1379	30	42 
971	47	76	36	
972	8	1296	6	41 69 
973	47	1210	37	
974	47	1137	38	
975	47	461	39	
976	47	599	40	
977	47	950	41	
978	47	1116	42	
979	47	116	43	
980	47	1208	44	
981	47	409	45	
982	47	1264	46	
983	47	57	47	
984	47	800	48	
985	47	352	49	
986	81	60	31	99 
987	47	548	50	
988	47	716	51	
989	81	578	32	16 
990	47	800	52	
991	47	1215	53	
992	47	1217	54	
993	47	499	55	
994	81	762	33	27 
995	47	867	56	
996	47	768	57	
997	81	1405	34	72 
998	47	864	58	
999	81	1468	35	27 
1000	47	1425	59	
1001	47	876	60	
1002	47	38	61	
1003	47	284	62	
1004	47	1115	63	
1005	47	193	64	
1006	47	528	65	
1007	47	743	66	
1008	47	370	67	
1009	47	623	68	
1010	47	789	69	
1011	47	380	70	
1012	47	776	71	
1013	47	1269	72	
1014	47	791	73	
1015	47	640	74	
1016	81	260	36	8 
1017	47	985	75	
1018	47	443	76	
1019	47	1100	77	
1020	47	686	78	
1021	47	136	79	
1022	81	1005	37	21 
1023	47	1337	80	
1024	47	1087	81	
1025	47	404	82	
1026	47	950	83	
1027	47	1471	84	
1028	47	832	85	
1029	47	1130	86	
1030	81	88	38	16 
1031	47	1263	87	
1032	47	1484	88	
1033	47	1463	89	
1034	47	1040	90	
1035	47	880	91	
1036	81	239	39	86 
1037	47	1258	92	
1038	47	656	93	
1039	47	52	94	
1040	47	26	95	
1041	47	828	96	
1042	47	1138	97	
1043	47	897	98	
1044	47	320	99	
1045	47	1136	100	
1046	81	580	40	15 
1047	54	435	1	
1048	54	1113	2	
1049	54	587	3	
1050	54	1078	4	
1051	54	62	5	
1052	54	695	6	
1053	81	1100	41	19 
1054	54	1429	7	
1055	81	407	42	25 
1056	54	156	8	
1057	54	598	9	
1058	54	977	10	
1059	54	620	11	
1060	54	1261	12	
1061	81	179	43	78 
1062	54	279	13	
1063	81	955	44	18 
1064	54	61	14	
1065	54	121	15	
1066	54	573	16	
1067	54	1271	17	
1068	54	306	18	
1069	54	1283	19	
1070	81	1162	45	96 
1071	54	933	20	
1072	81	358	46	100 
1073	54	1122	21	
1074	54	822	22	
1075	54	1081	23	
1076	54	1353	24	
1077	54	562	25	
1078	54	216	26	
1079	54	381	27	
1080	54	1164	28	
1081	54	82	29	
1082	54	250	30	
1083	54	989	31	
1084	54	3	32	
1085	54	243	33	
1086	54	287	34	
1087	54	432	35	
1088	81	135	47	98 
1089	54	517	36	
1090	54	563	37	
1091	54	775	38	
1092	54	1179	39	
1093	54	427	40	
1094	54	253	41	
1095	54	564	42	
1096	54	1157	43	
1097	54	1496	44	
1098	54	94	45	
1099	54	937	46	
1100	54	123	47	
1101	54	587	48	
1102	54	1260	49	
1103	54	234	50	
1104	54	1088	51	
1105	54	1203	52	
1106	54	788	53	
1107	54	7	54	
1108	81	762	48	38 
1109	54	1073	55	
1110	54	502	56	
1111	54	227	57	
1112	54	899	58	
1113	54	243	59	
1114	54	9	60	
1115	54	883	61	
1116	54	1253	62	
1117	54	715	63	
1118	54	290	64	
1119	54	157	65	
1120	54	1363	66	
1121	54	1041	67	
1122	54	1182	68	
1123	54	205	69	
1124	54	896	70	
1125	54	1473	71	
1126	54	235	72	
1127	54	1384	73	
1128	54	1101	74	
1129	54	493	75	
1130	54	532	76	
1131	54	1013	77	
1132	54	176	78	
1133	54	686	79	
1134	54	1266	80	
1135	54	815	81	
1136	81	610	49	67 
1137	54	543	82	
1138	54	1209	83	
1139	54	344	84	
1140	54	123	85	
1141	81	761	50	92 
1142	54	467	86	
1143	54	1213	87	
1144	81	891	51	91 
1145	54	940	88	
1146	54	395	89	
1147	81	1006	52	14 
1148	54	84	90	
1149	54	1033	91	
1150	54	630	92	
1151	54	763	93	
1152	81	783	53	44 
1153	54	1490	94	
1154	54	775	95	
1155	54	186	96	
1156	54	1059	97	
1157	54	1042	98	
1158	54	897	99	
1159	54	1264	100	
1160	1	555	1	
1161	1	449	2	
1162	1	166	3	
1163	1	1094	4	
1164	81	36	54	53 
1165	1	956	5	
1166	1	1237	6	
1167	1	1435	7	
1168	1	1480	8	
1169	81	1141	55	21 
1170	1	534	9	
1171	1	544	10	
1172	1	904	11	
1173	1	727	12	
1174	1	915	13	
1175	1	1096	14	
1176	1	1437	15	
1177	1	946	16	
1178	1	525	17	
1179	1	128	18	
1180	1	1070	19	
1181	1	730	20	
1182	1	1114	21	
1183	1	589	22	
1184	1	644	23	
1185	1	725	24	
1186	1	521	25	
1187	1	786	26	
1188	1	250	27	
1189	1	1433	28	
1190	1	240	29	
1191	1	31	30	
1192	1	78	31	
1193	81	1104	56	7 
1194	1	538	32	
1195	1	452	33	
1196	81	889	57	11 
1197	1	901	34	
1198	1	296	35	
1199	1	964	36	
1200	1	1104	37	
1201	1	210	38	
1202	1	399	39	
1203	1	564	40	
1204	1	125	41	
1205	1	1188	42	
1206	1	533	43	
1207	81	1330	58	10 
1208	1	246	44	
1209	1	832	45	
1210	81	675	59	93 
1211	1	328	46	
1212	1	205	47	
1213	1	833	49	
1214	1	294	48	
1215	1	1012	50	
1216	1	1215	51	
1217	1	201	52	
1218	1	714	53	
1219	1	436	54	
1220	1	155	55	
1221	81	926	60	51 
1222	1	1222	56	
1223	1	607	57	
1224	1	778	58	
1225	1	173	59	
1226	1	42	60	
1227	1	506	61	
1228	1	9	62	
1229	1	1332	63	
1230	81	810	61	12 
1231	1	258	64	
1232	1	423	65	
1233	1	1294	66	
1234	1	825	67	
1235	1	1180	68	
1236	1	101	69	
1237	1	1416	70	
1238	1	798	71	
1239	1	1454	72	
1240	1	928	73	
1241	1	196	74	
1242	1	1433	75	
1243	1	1167	76	
1244	1	429	77	
1245	1	47	78	
1246	1	434	79	
1247	1	1206	80	
1248	1	598	81	
1249	1	427	82	
1250	1	585	83	
1251	1	769	84	
1252	1	1156	85	
1253	1	583	86	
1254	1	890	87	
1255	1	1145	88	
1256	1	1057	89	
1257	1	575	90	
1258	1	1090	91	
1259	1	1441	92	
1260	81	1473	62	66 
1261	1	1363	93	
1262	1	740	94	
1263	1	910	95	
1264	1	1226	96	
1265	1	860	97	
1266	1	663	98	
1267	1	1297	99	
1268	1	178	100	
1269	9	1346	1	
1270	9	1381	2	
1271	9	402	3	
1272	9	992	4	
1273	9	1372	5	
1274	9	229	6	
1275	9	27	7	
1276	9	744	8	
1277	81	1178	63	51 
1278	9	1439	9	
1279	9	403	10	
1280	9	957	11	
1281	9	393	12	
1282	9	297	13	
1283	9	866	14	
1284	81	626	64	12 
1285	9	454	15	
1286	9	1261	16	
1287	9	291	17	
1288	81	1107	65	58 
1289	9	337	18	
1290	9	169	19	
1291	9	1291	20	
1292	9	881	21	
1293	9	1278	22	
1294	9	963	23	
1295	9	1154	24	
1296	9	784	25	
1297	9	1443	26	
1298	9	1327	27	
1299	9	693	28	
1300	9	321	29	
1301	9	835	30	
1302	9	1168	31	
1303	9	650	32	
1304	81	52	66	2 
1305	9	340	33	
1306	9	1233	34	
1307	9	1465	35	
1308	81	97	67	51 
1309	81	1334	68	22 
1310	9	1247	36	
1311	81	670	69	50 
1312	9	11	37	
1313	9	1086	38	
1314	9	619	39	
1315	9	803	40	
1316	9	513	41	
1317	9	615	42	
1318	9	971	43	
1319	9	1366	44	
1320	9	1140	45	
1321	81	1200	70	11 
1322	9	941	46	
1323	81	293	71	99 
1324	9	1219	47	
1325	9	781	48	
1326	9	900	49	
1327	9	435	50	
1328	9	1179	51	
1329	9	875	52	
1330	9	308	53	
1331	9	112	54	
1332	9	207	55	
1333	9	91	56	
1334	81	439	72	30 
1335	9	573	57	
1336	9	534	58	
1337	9	750	59	
1338	9	22	60	
1339	9	763	61	
1340	9	56	62	
1341	9	55	63	
1342	9	438	64	
1343	9	271	65	
1344	9	1081	66	
1345	81	443	73	39 
1346	9	186	67	
1347	81	694	74	14 
1348	9	446	68	
1349	9	173	69	
1350	9	1074	70	
1351	9	1492	71	
1352	81	441	75	58 
1353	9	1228	72	
1354	9	65	73	
1355	9	1341	74	
1356	9	1027	75	
1357	81	96	76	36 
1358	9	792	76	
1359	9	864	77	
1360	9	1188	78	
1361	9	126	79	
1362	9	361	80	
1363	81	297	77	3 
1364	9	852	81	
1365	9	330	82	
1366	9	1484	83	
1367	9	499	84	
1368	9	1089	85	
1369	9	1385	86	
1370	81	843	78	18 
1371	9	887	87	
1372	9	1397	88	
1373	9	18	89	
1374	9	586	90	
1375	9	1043	91	
1376	9	1407	92	
1377	81	635	79	39 
1378	9	922	93	
1379	9	1132	94	
1380	9	416	95	
1381	81	886	80	66 
1382	9	1447	96	
1383	9	127	97	
1384	9	1394	98	
1385	9	1378	99	
1386	9	1411	100	
1387	74	496	1	
1388	74	1273	2	
1389	74	533	3	
1390	74	742	4	
1391	74	108	5	
1392	74	915	6	
1393	74	201	7	
1394	74	924	8	
1395	74	314	9	
1396	74	1027	10	
1397	74	379	11	
1398	81	57	81	85 
1399	74	575	12	
1400	74	1147	13	
1401	74	838	14	
1402	74	299	15	
1403	74	1077	16	
1404	74	607	17	
1405	74	1195	18	
1406	74	570	19	
1407	74	553	20	
1408	74	496	21	
1409	74	258	22	
1410	74	824	23	
1411	74	1335	24	
1412	74	1305	25	
1413	74	388	26	
1414	74	141	27	
1415	81	1461	82	2 
1416	74	60	28	
1417	74	757	29	
1418	81	185	83	37 
1419	74	48	30	
1420	74	1463	31	
1421	74	1493	32	
1422	74	611	33	
1423	74	616	34	
1424	74	483	35	
1425	74	151	36	
1426	74	872	37	
1427	74	338	38	
1428	74	737	39	
1429	74	827	40	
1430	74	662	41	
1431	74	650	42	
1432	74	1130	43	
1433	74	1086	44	
1434	74	757	45	
1435	74	1401	46	
1436	74	68	47	
1437	74	287	48	
1438	81	581	84	32 
1439	74	373	49	
1440	74	103	50	
1441	74	1426	51	
1442	74	851	52	
1443	74	1133	53	
1444	81	948	85	35 
1445	74	512	54	
1446	74	755	55	
1447	74	1014	56	
1448	74	714	57	
1449	74	631	58	
1450	74	277	59	
1451	74	1450	60	
1452	74	1475	61	
1453	74	701	62	
1454	81	641	86	98 
1455	74	621	63	
1456	74	468	64	
1457	74	321	65	
1458	74	649	66	
1459	74	405	67	
1460	81	910	87	13 
1461	74	1098	68	
1462	74	747	69	
1463	74	843	70	
1464	74	1280	71	
1465	81	1395	88	84 
1466	74	1395	72	
1467	74	109	73	
1468	74	432	74	
1469	74	556	75	
1470	74	1098	76	
1471	74	817	77	
1472	74	433	78	
1473	74	332	79	
1474	74	419	80	
1475	74	664	81	
1476	74	974	82	
1477	74	674	83	
1478	74	754	84	
1479	74	88	85	
1480	74	97	86	
1481	74	796	87	
1482	81	990	89	76 
1483	74	784	88	
1484	81	951	90	54 
1485	74	1420	89	
1486	74	521	90	
1487	74	893	91	
1488	74	930	92	
1489	74	882	93	
1490	74	439	94	
1491	81	868	91	35 
1492	74	23	95	
1493	74	772	96	
1494	74	166	97	
1495	74	354	98	
1496	74	993	99	
1497	74	935	100	
1498	11	688	1	
1499	11	1034	2	
1500	11	793	3	
1501	11	929	4	
1502	81	206	92	83 
1503	11	401	5	
1504	11	1373	6	
1505	11	41	7	
1506	11	1197	8	
1507	11	389	9	
1508	81	1057	93	73 
1509	11	102	10	
1510	11	1222	11	
1511	81	622	95	18 
1512	11	1418	12	
1513	81	360	94	6 
1514	11	616	13	
1515	81	1092	96	80 
1516	11	433	14	
1517	11	1336	15	
1518	11	105	16	
1519	11	842	17	
1520	11	34	18	
1521	11	377	19	
1522	11	895	20	
1523	11	458	21	
1524	11	511	22	
1525	11	793	23	
1526	11	1405	24	
1527	11	485	25	
1528	11	152	26	
1529	11	826	27	
1530	11	1024	28	
1531	11	905	29	
1532	11	479	30	
1533	11	89	31	
1534	11	139	32	
1535	11	1234	33	
1536	11	1277	34	
1537	11	420	35	
1538	11	569	36	
1539	11	1021	37	
1540	11	249	38	
1541	11	1450	39	
1542	11	1383	40	
1543	11	211	41	
1544	81	1464	97	72 
1545	11	1161	42	
1546	11	1354	43	
1547	11	223	44	
1548	11	920	45	
1549	11	119	46	
1550	11	829	47	
1551	11	1489	48	
1552	11	551	49	
1553	11	624	50	
1554	11	516	51	
1555	81	771	98	59 
1556	11	1377	52	
1557	11	1382	53	
1558	11	981	54	
1559	11	664	55	
1560	11	1394	56	
1561	81	204	99	63 
1562	11	585	57	
1563	11	1185	58	
1564	11	183	59	
1565	8	1144	7	60 87 
1566	81	1220	100	46 
1567	11	277	60	
1568	11	1125	61	
1569	11	847	62	
1570	11	1180	63	
1571	11	759	64	
1572	11	604	65	
1573	11	875	66	
1574	11	208	67	
1575	11	1126	68	
1576	11	505	69	
1577	11	823	70	
1578	11	1447	71	
1579	41	47	1	64 
1580	41	765	2	96 
1581	11	927	72	
1582	11	1480	73	
1583	11	1158	74	
1584	11	1231	75	
1585	11	1378	76	
1586	11	1160	77	
1587	11	877	78	
1588	11	1338	79	
1589	41	98	3	81 
1590	11	618	80	
1591	11	326	81	
1592	11	818	82	
1593	11	214	83	
1594	11	500	84	
1595	11	1310	85	
1596	11	367	86	
1597	11	1224	87	
1598	11	974	88	
1599	11	275	89	
1600	11	320	90	
1601	41	882	4	54 
1602	11	1216	91	
1603	11	894	93	
1604	11	122	92	
1605	11	474	94	
1606	11	221	95	
1607	41	222	5	50 
1608	11	565	96	
1609	11	878	97	
1610	11	253	98	
1611	41	772	6	40 
1612	11	803	99	
1613	11	671	100	
1614	18	1422	2	
1615	18	189	1	
1616	18	846	3	
1617	18	1400	4	
1618	18	266	5	
1619	18	802	6	
1620	18	629	7	
1621	18	569	8	
1622	18	1096	9	
1623	18	1439	10	
1624	18	733	11	
1625	18	1017	12	
1626	18	104	13	
1627	18	913	14	
1628	18	536	15	
1629	18	759	16	
1630	18	676	17	
1631	18	885	18	
1632	18	1	19	
1633	41	49	7	38 
1634	18	361	20	
1635	18	1414	21	
1636	18	752	22	
1637	18	1167	23	
1638	41	80	8	63 
1639	18	667	24	
1640	8	612	8	42 55 
1641	18	984	25	
1642	18	1046	26	
1643	18	574	27	
1644	18	1342	28	
1645	18	313	29	
1646	18	1022	30	
1647	18	945	31	
1648	18	1046	32	
1649	18	903	33	
1650	18	1438	34	
1651	18	934	35	
1652	18	1494	36	
1653	18	1087	37	
1654	18	799	38	
1655	18	586	39	
1656	18	1392	40	
1657	18	1375	41	
1658	18	69	42	
1659	18	709	43	
1660	18	428	44	
1661	18	34	45	
1662	18	990	46	
1663	18	1088	47	
1664	18	1402	48	
1665	18	1103	49	
1666	18	592	50	
1667	18	193	51	
1668	18	546	52	
1669	18	1336	53	
1670	18	56	54	
1671	18	218	55	
1672	18	192	56	
1673	18	355	57	
1674	18	118	58	
1675	18	353	59	
1676	18	554	60	
1677	41	648	9	62 
1678	18	100	61	
1679	18	778	62	
1680	41	1136	10	97 
1681	41	1112	11	1 
1682	18	733	63	
1683	18	1258	64	
1684	18	1150	65	
1685	18	1465	66	
1686	18	16	67	
1687	18	454	68	
1688	41	248	12	67 
1689	18	560	69	
1690	18	1351	70	
1691	18	711	71	
1692	18	1244	72	
1693	18	1065	73	
1694	18	76	74	
1695	18	540	75	
1696	18	195	76	
1697	18	5	77	
1698	18	893	78	
1699	18	790	79	
1700	18	33	80	
1701	18	493	81	
1702	18	378	82	
1703	18	1457	83	
1704	41	489	13	82 
1705	18	1010	84	
1706	18	519	85	
1707	18	419	86	
1708	41	1458	14	9 
1709	18	1262	87	
1710	18	1094	88	
1711	18	600	89	
1712	18	1142	90	
1713	18	8	91	
1714	18	319	92	
1715	41	672	15	28 
1716	41	1076	16	53 
1717	18	1107	93	
1718	18	363	94	
1719	18	420	95	
1720	41	264	17	91 
1721	18	68	96	
1722	18	431	98	
1723	18	73	97	
1724	18	1454	99	
1725	41	1397	18	40 
1726	18	1275	100	
1727	100	100	1	
1728	100	257	2	
1729	100	1452	3	
1730	100	926	4	
1731	100	1328	5	
1732	100	479	6	
1733	41	1026	19	90 
1734	8	1326	9	34 39 
1735	100	44	7	
1736	100	621	8	
1737	41	180	20	95 
1738	100	805	9	
1739	100	1298	10	
1740	100	980	11	
1741	100	402	12	
1742	100	821	13	
1743	100	187	14	
1744	100	32	15	
1745	100	1360	16	
1746	100	111	17	
1747	100	592	18	
1748	100	1413	20	
1749	100	71	19	
1750	100	28	21	
1751	100	908	22	
1752	100	1145	23	
1753	100	1185	24	
1754	100	818	25	
1755	41	653	21	74 
1756	100	136	26	
1757	100	14	27	
1758	100	1384	28	
1759	100	862	29	
1760	100	906	30	
1761	100	464	31	
1762	100	1314	32	
1763	100	1032	33	
1764	100	425	34	
1765	41	958	22	52 
1766	100	806	35	
1767	100	1431	36	
1768	100	1150	37	
1769	100	1287	38	
1770	100	603	39	
1771	100	1119	40	
1772	100	165	41	
1773	100	190	42	
1774	100	968	43	
1775	100	1025	44	
1776	100	574	45	
1777	100	739	46	
1778	41	246	23	38 
1779	100	502	47	
1780	100	518	48	
1781	100	43	49	
1782	100	901	50	
1783	100	172	51	
1784	100	1330	52	
1785	100	172	53	
1786	100	994	54	
1787	41	1331	24	94 
1788	100	341	55	
1789	100	1016	56	
1790	41	850	25	82 
1791	100	1010	57	
1792	100	537	58	
1793	100	482	59	
1794	100	365	60	
1795	100	397	61	
1796	100	553	62	
1797	100	524	63	
1798	41	731	26	34 
1799	100	973	64	
1800	100	375	65	
1801	100	936	66	
1802	100	927	67	
1803	41	1251	27	25 
1804	100	984	68	
1805	100	1047	69	
1806	41	996	28	12 
1807	100	110	70	
1808	100	278	71	
1809	100	1202	72	
1810	41	1494	29	92 
1811	100	899	73	
1812	100	359	74	
1813	100	175	75	
1814	100	468	76	
1815	100	143	77	
1816	100	1383	78	
1817	100	314	79	
1818	100	1223	80	
1819	100	163	81	
1820	100	340	82	
1821	100	137	83	
1822	100	675	84	
1823	100	923	85	
1824	100	1497	86	
1825	41	1417	30	45 
1826	41	473	31	30 
1827	41	210	32	68 
1828	100	1276	87	
1829	100	14	88	
1830	100	1197	89	
1831	41	190	33	32 
1832	100	1313	90	
1833	100	1013	91	
1834	100	107	92	
1835	100	1224	93	
1836	100	1392	94	
1837	100	19	95	
1838	41	697	34	47 
1839	100	156	96	
1840	100	108	97	
1841	100	1340	98	
1842	100	389	99	
1843	100	638	100	
1844	29	685	1	
1845	41	997	35	6 
1846	29	1377	2	
1847	29	665	3	
1848	29	835	4	
1849	29	1149	5	
1850	29	462	6	
1851	29	614	7	
1852	29	780	8	
1853	29	709	9	
1854	29	1016	10	
1855	29	268	11	
1856	29	644	12	
1857	29	1390	13	
1858	29	881	14	
1859	41	1239	36	56 
1860	8	552	10	17 60 
1861	29	35	15	
1862	29	539	16	
1863	41	959	37	26 
1864	29	485	17	
1865	29	372	18	
1866	29	1055	19	
1867	29	849	20	
1868	29	203	21	
1869	29	1313	22	
1870	29	701	23	
1871	29	1317	24	
1872	29	672	25	
1873	29	29	26	
1874	29	766	27	
1875	29	978	28	
1876	29	1008	29	
1877	29	917	30	
1878	29	200	31	
1879	29	358	32	
1880	29	66	33	
1881	29	1216	34	
1882	29	24	35	
1883	41	1170	38	17 
1884	29	348	36	
1885	29	369	37	
1886	29	311	38	
1887	29	552	39	
1888	29	99	40	
1889	29	679	41	
1890	29	973	42	
1891	29	477	43	
1892	29	975	44	
1893	29	539	45	
1894	29	106	46	
1895	29	1358	47	
1896	29	1268	48	
1897	29	281	49	
1898	41	472	39	52 
1899	29	566	50	
1900	29	658	51	
1901	29	920	52	
1902	41	602	40	
1903	29	1406	53	
1904	29	462	54	
1905	41	1373	41	93 
1906	41	164	42	90 
1907	29	713	55	
1908	29	1141	56	
1909	29	1354	57	
1910	41	93	43	56 
1911	41	712	44	71 
1912	29	154	58	
1913	29	779	59	
1914	29	418	60	
1915	29	1011	61	
1916	29	292	62	
1917	29	847	63	
1918	29	69	64	
1919	29	1213	65	
1920	29	1168	66	
1921	29	5	67	
1922	29	381	68	
1923	29	1279	69	
1924	29	1468	70	
1925	29	135	71	
1926	29	756	72	
1927	29	783	73	
1928	29	997	74	
1929	29	1214	75	
1930	29	445	76	
1931	29	1031	77	
1932	29	211	78	
1933	29	1243	79	
1934	41	551	45	60 
1935	29	1028	80	
1936	29	1191	81	
1937	29	1398	82	
1938	29	1430	83	
1939	29	386	84	
1940	29	601	85	
1941	29	1287	86	
1942	29	240	87	
1943	29	1424	88	
1944	41	506	46	37 
1945	29	220	89	
1946	29	478	90	
1947	29	1464	91	
1948	29	410	92	
1949	29	1129	93	
1950	29	561	94	
1951	29	501	95	
1952	29	849	96	
1953	29	1478	97	
1954	41	811	47	95 
1955	41	983	48	96 
1956	29	844	98	
1957	29	1280	99	
1958	29	438	100	
1959	80	993	1	
1960	80	677	2	
1961	80	20	3	
1962	80	133	4	
1963	80	892	5	
1964	80	25	6	
1965	80	1212	7	
1966	80	666	8	
1967	80	1376	9	
1968	80	858	10	
1969	41	633	49	41 
1970	80	442	11	
1971	41	1182	50	9 
1972	80	1303	12	
1973	80	425	13	
1974	80	397	14	
1975	80	103	15	
1976	80	943	16	
1977	80	1245	17	
1978	80	788	18	
1979	80	1241	19	
1980	80	1326	20	
1981	80	296	21	
1982	80	1003	22	
1983	80	500	23	
1984	80	414	24	
1985	80	1129	25	
1986	80	660	26	
1987	80	770	27	
1988	80	1173	28	
1989	80	1371	29	
1990	80	840	30	
1991	80	1051	31	
1992	41	1187	51	67 
1993	80	1445	32	
1994	80	725	33	
1995	80	1279	34	
1996	41	376	52	53 
1997	80	1149	35	
1998	80	530	36	
1999	80	171	37	
2000	80	1139	38	
2001	80	877	39	
2002	80	580	41	
2003	80	594	40	
2004	41	1099	53	23 
2005	41	1260	54	10 
2006	80	130	42	
2007	80	1063	43	
2008	41	1495	55	80 
2009	80	960	44	
2010	80	113	45	
2011	80	1246	46	
2012	80	334	47	
2013	80	1499	48	
2014	80	1	49	
2015	41	964	56	5 
2016	41	562	57	27 
2017	80	370	50	
2018	80	1403	51	
2019	80	141	52	
2020	80	625	53	
2021	80	1120	54	
2022	80	1217	55	
2023	41	45	58	26 
2024	80	1304	56	
2025	80	944	57	
2026	80	110	58	
2027	80	1101	59	
2028	41	343	59	83 
2029	80	811	60	
2030	80	844	61	
2031	80	559	62	
2032	80	457	63	
2033	80	1425	64	
2034	41	475	60	4 
2035	80	1194	65	
2036	80	482	66	
2037	41	1166	61	42 
2038	80	856	67	
2039	80	1042	68	
2040	80	1324	69	
2041	80	1166	70	
2042	80	805	71	
2043	80	1477	72	
2044	80	677	73	
2045	80	55	74	
2046	41	717	62	53 
2047	80	77	75	
2048	80	1109	76	
2049	80	1347	77	
2050	80	326	78	
2051	80	639	79	
2052	80	978	80	
2053	80	846	81	
2054	80	558	82	
2055	80	565	83	
2056	80	571	84	
2057	80	1002	85	
2058	80	1189	86	
2059	80	620	87	
2060	80	322	88	
2061	80	73	89	
2062	8	1250	11	23 62 
2063	41	907	63	74 
2064	80	837	90	
2065	80	947	91	
2066	80	248	92	
2067	80	1229	93	
2068	80	10	94	
2069	80	1234	95	
2070	80	1002	96	
2071	80	360	97	
2072	80	1419	98	
2073	80	636	99	
2074	80	995	100	
2075	76	1500	1	
2076	41	237	64	81 
2077	76	1274	2	
2078	76	1177	3	
2079	41	219	65	3 
2080	76	271	4	
2081	76	437	5	
2082	41	1218	66	81 
2083	76	856	6	
2084	76	421	7	
2085	76	478	8	
2086	76	93	9	
2087	76	831	10	
2088	76	1133	11	
2089	76	689	12	
2090	76	1290	13	
2091	76	79	14	
2092	76	417	15	
2093	76	390	16	
2094	76	350	17	
2095	76	1181	18	
2096	76	316	19	
2097	76	965	20	
2098	76	416	21	
2099	76	276	22	
2100	8	286	12	45 68 
2101	76	1488	23	
2102	76	827	24	
2103	76	1415	25	
2104	76	596	26	
2105	76	1410	27	
2106	76	669	28	
2107	76	202	29	
2108	76	288	30	
2109	76	1160	31	
2110	76	627	32	
2111	76	748	33	
2112	76	685	34	
2113	41	1471	67	22 
2114	76	684	35	
2115	76	996	36	
2116	76	1143	37	
2117	76	247	38	
2118	76	623	39	
2119	41	1082	68	65 
2120	76	151	40	
2121	76	160	41	
2122	76	862	42	
2123	76	224	43	
2124	76	1460	44	
2125	76	1029	45	
2126	76	140	46	
2127	76	474	47	
2128	76	1015	48	
2129	76	269	49	
2130	76	1085	50	
2131	41	529	69	23 
2132	76	290	51	
2133	76	1218	52	
2134	76	404	53	
2135	41	809	70	74 
2136	76	959	54	
2137	76	418	55	
2138	76	1247	56	
2139	76	949	57	
2140	76	298	58	
2141	76	209	59	
2142	76	266	60	
2143	76	1181	61	
2144	41	738	71	43 
2145	76	782	62	
2146	41	1341	72	59 
2147	76	437	63	
2148	76	28	64	
2149	76	588	65	
2150	76	549	66	
2151	41	343	73	52 
2152	76	571	67	
2153	76	673	68	
2154	76	982	69	
2155	76	1306	70	
2156	76	594	71	
2157	76	873	72	
2158	76	143	73	
2159	76	545	74	
2160	76	155	75	
2161	41	1459	74	25 
2162	76	1498	76	
2163	76	30	77	
2164	76	987	79	
2165	76	429	78	
2166	76	1030	80	
2167	76	175	81	
2168	76	1300	82	
2169	76	1462	83	
2170	76	851	84	
2171	41	1308	75	8 
2172	76	1220	85	
2173	76	789	86	
2174	76	554	87	
2175	76	265	88	
2176	76	560	89	
2177	76	713	90	
2178	76	2	91	
2179	76	708	92	
2180	76	260	93	
2181	76	470	94	
2182	76	351	95	
2183	76	1495	96	
2184	76	63	97	
2185	41	1479	76	60 
2186	76	1227	98	
2187	76	948	99	
2188	41	294	77	81 
2189	41	946	78	59 
2190	76	853	100	
2191	3	1186	1	
2192	3	853	2	
2193	3	637	3	
2194	41	137	79	92 
2195	3	688	4	
2196	3	261	5	
2197	3	1299	6	
2198	3	1189	7	
2199	3	710	8	
2200	3	673	9	
2201	3	1152	10	
2202	3	983	11	
2203	3	814	12	
2204	3	512	13	
2205	41	870	80	31 
2206	3	325	14	
2207	3	293	15	
2208	3	610	16	
2209	3	530	17	
2210	41	219	81	90 
2211	3	447	18	
2212	41	1403	82	86 
2213	3	399	19	
2214	3	11	20	
2215	3	771	21	
2216	41	115	83	9 
2217	3	1023	22	
2218	41	550	84	61 
2219	3	1369	23	
2220	41	758	85	80 
2221	3	1159	24	
2222	3	154	25	
2223	3	656	26	
2224	3	1106	27	
2225	3	99	28	
2226	3	1348	29	
2227	3	117	30	
2228	3	568	31	
2229	41	1089	86	64 
2230	3	801	32	
2231	3	423	33	
2232	3	583	34	
2233	3	1231	35	
2234	3	854	36	
2235	41	167	87	69 
2236	3	1288	37	
2237	3	792	38	
2238	3	386	39	
2239	3	787	40	
2240	3	209	41	
2241	3	1171	42	
2242	3	1219	43	
2243	3	285	44	
2244	3	753	45	
2245	3	939	46	
2246	41	916	88	95 
2247	3	101	47	
2248	3	476	48	
2249	3	557	49	
2250	3	1165	50	
2251	3	1187	52	
2252	3	572	51	
2253	3	498	53	
2254	41	715	89	2 
2255	3	441	54	
2256	3	872	55	
2257	41	1148	90	51 
2258	3	1175	56	
2259	3	341	57	
2260	3	516	58	
2261	3	281	59	
2262	3	366	60	
2263	41	870	91	8 
2264	3	45	61	
2265	3	842	62	
2266	3	658	63	
2267	3	514	64	
2268	8	595	13	6 61 
2269	41	894	92	74 
2270	3	446	65	
2271	41	1207	93	24 
2272	3	1202	66	
2273	3	278	67	
2274	3	989	68	
2275	3	939	69	
2276	3	581	70	
2277	3	497	71	
2278	3	819	72	
2279	3	275	73	
2280	3	639	74	
2281	3	980	75	
2282	3	1319	76	
2283	3	657	77	
2284	3	1333	78	
2285	3	92	79	
2286	3	986	80	
2287	41	1421	94	46 
2288	41	355	95	98 
2289	3	242	81	
2290	3	459	82	
2291	41	417	96	39 
2292	41	72	97	69 
2293	3	403	83	
2294	3	1153	84	
2295	3	561	85	
2296	3	220	86	
2297	3	149	87	
2298	3	618	88	
2299	3	1169	89	
2300	3	1238	90	
2301	3	1240	91	
2302	3	1486	92	
2303	3	1348	93	
2304	3	1164	94	
2305	3	804	95	
2306	41	122	98	68 
2307	3	797	97	
2308	41	1095	99	72 
2309	3	807	96	
2310	3	391	98	
2311	3	274	99	
2312	3	1483	100	
2313	91	716	1	
2314	91	687	2	
2315	91	1238	3	
2316	91	140	4	
2317	41	735	100	93 
2318	91	273	5	
2319	91	566	6	
2320	91	751	7	
2321	91	497	8	
2322	91	746	9	
2323	91	520	10	
2324	91	354	11	
2325	91	1393	12	
2326	91	1390	14	
2327	91	1443	13	
2328	91	280	15	
2329	91	871	16	
2330	91	1266	17	
2331	91	1193	18	
2332	91	63	19	
2333	91	1148	20	
2334	91	790	21	
2335	91	1474	22	
2336	91	283	23	
2337	91	604	24	
2338	48	405	1	35 
2339	91	572	25	
2340	48	1292	2	29 
2341	91	627	26	
2342	91	372	27	
2343	48	4	3	48 
2344	91	460	28	
2345	91	903	29	
2346	91	868	30	
2347	91	1034	31	
2348	91	481	32	
2349	91	1123	33	
2350	91	32	34	
2351	48	940	4	13 
2352	91	67	35	
2353	91	1076	36	
2354	48	126	5	20 
2355	91	1475	37	
2356	91	582	38	
2357	91	1499	39	
2358	91	244	40	
2359	91	120	41	
2360	91	1154	42	
2361	91	303	43	
2362	91	488	44	
2363	48	944	6	55 
2364	91	808	45	
2365	91	724	46	
2366	91	379	47	
2367	91	900	48	
2368	91	309	49	
2369	91	923	50	
2370	91	1421	51	
2371	91	279	52	
2372	91	1446	53	
2373	91	1225	54	
2374	91	728	55	
2375	91	615	56	
2376	91	1400	57	
2377	91	541	58	
2378	91	1376	59	
2379	91	736	60	
2380	91	678	61	
2381	91	1120	62	
2382	91	1044	63	
2383	91	487	64	
2384	91	1294	65	
2385	91	1143	66	
2386	91	830	67	
2387	91	760	68	
2388	91	904	69	
2389	91	1110	70	
2390	91	1135	71	
2391	91	568	72	
2392	91	636	73	
2393	91	10	74	
2394	91	600	75	
2395	91	168	76	
2396	91	766	77	
2397	91	1118	78	
2398	91	717	79	
2399	91	812	80	
2400	91	392	81	
2401	91	513	82	
2402	91	1446	83	
2403	91	1299	84	
2404	91	197	85	
2405	91	932	86	
2406	91	700	87	
2407	91	85	88	
2408	91	387	89	
2409	91	1125	90	
2410	91	1428	91	
2411	91	301	92	
2412	91	181	93	
2413	91	936	94	
2414	91	1282	95	
2415	91	503	96	
2416	91	1457	97	
2417	91	1245	98	
2418	91	912	99	
2419	91	1278	100	
2420	42	1026	1	
2421	42	455	2	
2422	42	391	3	
2423	42	1411	4	
2424	42	962	5	
2425	42	1345	6	
2426	48	819	7	73 
2427	42	1078	7	
2428	42	1334	8	
2429	42	780	9	
2430	42	1365	10	
2431	42	131	11	
2432	42	92	12	
2433	42	1283	13	
2434	42	963	14	
2435	42	233	15	
2436	42	545	16	
2437	42	769	17	
2438	42	283	18	
2439	42	221	19	
2440	42	962	20	
2441	42	139	21	
2442	48	346	8	100 
2443	42	501	22	
2444	42	619	23	
2445	42	779	24	
2446	42	357	25	
2447	42	189	26	
2448	42	791	27	
2449	42	861	28	
2450	42	836	29	
2451	42	806	30	
2452	42	121	31	
2453	42	721	32	
2454	42	242	33	
2455	48	646	9	43 
2456	42	288	34	
2457	42	1417	35	
2458	42	595	36	
2459	42	503	37	
2460	42	735	38	
2461	42	1122	39	
2462	42	51	40	
2463	42	767	41	
2464	42	1221	42	
2465	42	523	43	
2466	42	1061	44	
2467	42	134	45	
2468	48	1091	10	28 
2469	42	241	46	
2470	42	227	47	
2471	42	642	48	
2472	42	25	49	
2473	42	1205	50	
2474	42	925	51	
2475	42	602	52	
2476	42	1298	53	
2477	42	1116	54	
2478	42	222	55	
2479	42	707	56	
2480	42	1030	57	
2481	42	1111	58	
2482	42	368	59	
2483	42	442	60	
2484	42	578	61	
2485	42	617	62	
2486	42	634	63	
2487	42	31	64	
2488	48	345	11	87 
2489	42	317	65	
2490	42	799	66	
2491	42	1406	67	
2492	42	979	68	
2493	42	1323	69	
2494	42	1036	70	
2495	42	1041	71	
2496	42	1409	72	
2497	42	646	73	
2498	42	447	74	
2499	48	504	12	75 
2500	42	363	75	
2501	42	282	76	
2502	42	696	77	
2503	42	325	78	
2504	42	1004	79	
2505	42	1479	80	
2506	42	1293	81	
2507	42	356	82	
2508	42	1263	83	
2509	42	593	84	
2510	42	46	85	
2511	42	1170	86	
2512	42	1415	87	
2513	42	241	88	
2514	42	90	89	
2515	42	77	90	
2516	42	1193	91	
2517	42	1083	92	
2518	42	1075	93	
2519	42	373	94	
2520	42	689	95	
2521	42	177	96	
2522	42	114	97	
2523	42	236	98	
2524	42	180	99	
2525	42	1214	100	
2526	68	365	1	
2527	48	1455	13	4 
2528	68	1063	2	
2529	68	1106	3	
2530	68	1062	4	
2531	48	305	14	99 
2532	68	1246	5	
2533	68	654	6	
2534	68	198	7	
2535	68	307	8	
2536	48	336	15	54 
2537	48	1474	16	85 
2538	48	1498	17	14 
2539	68	491	9	
2540	68	1452	10	
2541	68	1045	11	
2542	68	353	12	
2543	48	515	18	77 
2544	68	1393	13	
2545	68	880	14	
2546	68	152	15	
2547	68	954	16	
2548	48	865	19	27 
2549	68	879	17	
2550	68	684	18	
2551	48	746	20	46 
2552	68	492	19	
2553	68	678	20	
2554	68	1282	21	
2555	68	448	22	
2556	68	334	23	
2557	68	1292	24	
2558	68	720	25	
2559	68	850	26	
2560	68	85	27	
2561	68	945	28	
2562	68	1255	29	
2563	68	368	30	
2564	48	908	21	14 
2565	68	821	31	
2566	68	861	32	
2567	48	1039	22	44 
2568	68	559	33	
2569	68	822	34	
2570	68	387	35	
2571	68	718	36	
2572	68	214	37	
2573	68	13	38	
2574	68	1003	39	
2575	68	470	40	
2576	68	767	42	
2577	68	448	41	
2578	68	1054	43	
2579	68	804	44	
2580	68	408	45	
2581	68	1259	46	
2582	68	392	47	
2583	48	274	23	71 
2584	68	1490	48	
2585	68	313	49	
2586	68	1290	50	
2587	68	1478	51	
2588	68	666	52	
2589	68	12	53	
2590	68	75	54	
2591	68	848	55	
2592	68	953	56	
2593	68	1163	57	
2594	68	192	58	
2595	68	206	59	
2596	68	1239	60	
2597	68	1072	61	
2598	48	1444	24	76 
2599	68	1025	62	
2600	68	642	63	
2601	68	606	64	
2602	68	1190	65	
2603	68	1134	66	
2604	68	1329	67	
2605	48	488	25	23 
2606	68	1349	68	
2607	68	184	69	
2608	68	1385	70	
2609	68	885	71	
2610	68	1093	72	
2611	68	181	73	
2612	68	53	74	
2613	68	999	75	
2614	48	924	26	38 
2615	48	1312	27	17 
2616	68	854	76	
2617	68	235	77	
2618	68	2	78	
2619	68	182	79	
2620	68	184	80	
2621	68	1314	81	
2622	68	174	82	
2623	68	633	83	
2624	68	309	84	
2625	68	1139	85	
2626	68	144	86	
2627	68	1162	87	
2628	68	1293	88	
2629	68	375	89	
2630	48	197	28	96 
2631	68	896	90	
2632	48	4	29	44 
2633	68	703	91	
2634	68	653	92	
2635	8	728	14	10 29 
2636	68	336	93	
2637	48	1444	30	71 
2638	68	1230	94	
2639	68	1058	95	
2640	68	1337	96	
2641	68	648	97	
2642	48	301	31	29 
2643	48	484	32	19 
2644	68	1382	98	
2645	68	1456	99	
2646	48	117	33	88 
2647	68	90	100	
2648	55	529	1	
2649	48	191	34	90 
2650	55	879	2	
2651	48	625	35	1 
2652	55	204	3	
2653	55	1429	4	
2654	55	919	5	
2655	48	662	36	80 
2656	55	1396	6	
2657	55	1302	7	
2658	55	113	8	
2659	55	1221	9	
2660	48	1183	37	5 
2661	55	969	10	
2662	55	1115	11	
2663	48	1423	38	78 
2664	55	938	12	
2665	55	472	13	
2666	55	1018	14	
2667	55	1409	15	
2668	55	305	16	
2669	55	1004	17	
2670	48	1103	39	30 
2671	55	953	18	
2672	55	508	19	
2673	55	1404	20	
2674	55	1249	21	
2675	48	1240	40	
2676	55	925	22	
2677	55	680	23	
2678	55	179	24	
2679	55	722	25	
2680	55	836	26	
2681	55	1066	27	
2682	55	523	28	
2683	55	504	29	
2684	48	947	41	44 
2685	55	1256	30	
2686	55	1307	31	
2687	55	1196	32	
2688	48	490	42	22 
2689	55	1315	33	
2690	55	1302	34	
2691	55	13	35	
2692	55	395	36	
2693	48	130	43	7 
2694	55	1469	37	
2695	55	174	38	
2696	55	252	39	
2697	55	1248	40	
2698	55	371	41	
2699	55	371	42	
2700	55	196	43	
2701	55	498	44	
2702	55	1036	45	
2703	55	603	46	
2704	55	255	47	
2705	55	1497	48	
2706	55	118	49	
2707	48	999	44	
2708	55	816	50	
2709	55	168	51	
2710	55	198	52	
2711	55	466	53	
2712	55	114	54	
2713	55	182	55	
2714	55	977	56	
2715	55	362	57	
2716	55	1307	58	
2717	55	473	59	
2718	55	1134	60	
2719	55	1257	61	
2720	55	1028	62	
2721	55	736	63	
2722	55	976	65	
2723	55	188	64	
2724	48	1091	45	55 
2725	55	651	66	
2726	55	369	67	
2727	55	1485	68	
2728	55	785	69	
2729	48	133	46	89 
2730	55	231	70	
2731	55	1250	71	
2732	48	840	47	91 
2733	48	1256	48	11 
2734	48	1196	49	57 
2735	55	411	72	
2736	55	384	73	
2737	55	1225	74	
2738	55	1009	75	
2739	55	1192	76	
2740	55	694	77	
2741	55	348	78	
2742	55	1388	79	
2743	55	111	80	
2744	55	1015	81	
2745	48	1361	50	40 
2746	55	930	82	
2747	55	1080	83	
2748	55	522	84	
2749	55	23	85	
2750	55	741	86	
2751	55	1093	87	
2752	48	914	51	42 
2753	55	1259	88	
2754	55	961	89	
2755	55	614	90	
2756	55	922	91	
2757	55	134	92	
2758	55	345	93	
2759	55	588	94	
2760	55	164	95	
2761	48	490	52	32 
2762	55	638	96	
2763	55	1362	97	
2764	55	710	98	
2765	55	159	99	
2766	55	1369	100	
2767	38	451	1	
2768	38	49	2	
2769	38	1050	3	
2770	38	696	4	
2771	38	829	5	
2772	38	1349	6	
2773	38	1414	7	
2774	38	1177	8	
2775	38	167	9	
2776	48	905	53	1 
2777	38	138	10	
2778	38	1357	11	
2779	38	83	12	
2780	38	1304	13	
2781	38	1362	14	
2782	38	540	15	
2783	38	1071	16	
2784	38	1142	17	
2785	38	823	18	
2786	38	813	19	
2787	48	1343	54	94 
2788	38	471	20	
2789	38	67	21	
2790	38	1230	22	
2791	38	171	23	
2792	38	680	24	
2793	38	1288	25	
2794	38	967	26	
2795	38	1343	27	
2796	48	282	55	65 
2797	38	510	28	
2798	38	1029	29	
2799	38	549	30	
2800	38	1321	31	
2801	38	919	32	
2802	48	1119	56	3 
2803	38	451	33	
2804	38	986	34	
2805	38	1467	35	
2806	38	857	36	
2807	38	127	37	
2808	38	1079	38	
2809	38	582	39	
2810	38	1163	40	
2811	38	1423	41	
2812	38	1192	42	
2813	48	1044	57	17 
2814	38	1020	43	
2815	38	1365	44	
2816	38	335	45	
2817	38	254	46	
2818	38	1489	47	
2819	38	1428	48	
2820	38	215	49	
2821	38	455	50	
2822	38	306	51	
2823	38	1359	52	
2824	38	165	53	
2825	38	1172	54	
2826	38	94	55	
2827	48	1355	58	88 
2828	38	813	56	
2829	48	254	59	26 
2830	48	567	60	33 
2831	38	857	57	
2832	48	430	61	97 
2833	38	1427	58	
2834	38	303	59	
2835	38	1364	60	
2836	38	921	61	
2837	38	1355	62	
2838	38	601	63	
2839	38	460	64	
2840	38	1062	65	
2841	48	458	62	82 
2842	38	1058	66	
2843	38	593	67	
2844	8	346	15	31 43 
2845	38	1249	68	
2846	38	647	69	
2847	38	1198	70	
2848	38	212	71	
2849	38	902	72	
2850	38	916	73	
2851	48	228	63	66 
2852	38	1037	74	
2853	48	727	64	33 
2854	38	412	75	
2855	38	830	76	
2856	8	590	16	34 79 
2857	38	651	77	
2858	38	39	78	
2859	38	215	79	
2860	38	537	80	
2861	38	852	82	
2862	38	643	81	
2863	38	46	83	
2864	38	362	84	
2865	38	252	85	
2866	38	741	87	
2867	38	72	86	
2868	38	1434	88	
2869	38	785	89	
2870	38	774	90	
2871	38	322	91	
2872	38	1426	92	
2873	38	1296	93	
2874	38	231	94	
2875	38	440	95	
2876	38	542	96	
2877	38	972	97	
2878	8	1316	17	13 28 
2879	38	1064	98	
2880	38	1068	99	
2881	38	720	100	
2882	12	773	1	
2883	12	466	2	
2884	48	1045	65	46 
2885	48	1072	66	45 
2886	48	226	67	47 
2887	12	1434	3	
2888	48	51	68	100 
2889	48	816	69	98 
2890	12	315	4	
2891	12	1435	5	
2892	12	722	6	
2893	12	124	7	
2894	12	892	8	
2895	48	1080	70	84 
2896	12	814	9	
2897	12	517	10	
2898	12	1020	11	
2899	12	138	12	
2900	12	961	13	
2901	48	859	71	65 
2902	12	491	14	
2903	12	1061	15	
2904	48	774	72	97 
2905	48	273	73	76 
2906	12	1460	16	
2907	12	995	17	
2908	12	794	18	
2909	48	1361	74	36 
2910	12	613	19	
2911	12	647	20	
2912	12	1359	21	
2913	12	1387	22	
2914	12	1321	23	
2915	12	535	24	
2916	12	440	25	
2917	12	1438	26	
2918	12	15	27	
2919	12	754	28	
2920	12	50	29	
2921	12	124	30	
2922	12	1128	31	
2923	12	535	32	
2924	48	1404	75	67 
2925	12	87	33	
2926	48	12	76	94 
2927	12	144	34	
2928	12	1052	35	
2929	12	384	36	
2930	12	979	37	
2931	12	749	38	
2932	12	749	39	
2933	12	617	40	
2934	12	1070	41	
2935	12	162	42	
2936	12	1110	43	
2937	12	1009	44	
2938	12	557	45	
2939	12	444	46	
2940	12	412	47	
2941	12	1068	48	
2942	12	1300	49	
2943	12	1467	50	
2944	12	969	51	
2945	12	475	52	
2946	12	522	53	
2947	12	1486	54	
2948	48	700	77	57 
2949	48	444	78	87 
2950	12	1128	55	
2951	12	938	56	
2952	12	1364	57	
2953	12	1123	58	
2954	12	339	59	
2955	12	463	60	
2956	12	1500	61	
2957	12	859	62	
2958	12	1315	63	
2959	12	50	64	
2960	12	1316	65	
2961	12	649	67	
2962	12	463	66	
2963	12	613	68	
2964	12	865	69	
2965	48	981	79	79 
2966	12	657	70	
2967	12	1387	71	
2968	12	162	72	
2969	12	83	73	
2970	12	705	74	
2971	12	1291	75	
2972	12	760	76	
2973	12	590	77	
2974	12	226	78	
2975	12	217	79	
2976	12	15	80	
2977	12	1071	81	
2978	48	705	80	24 
2979	12	339	82	
2980	12	1171	83	
2981	12	1277	84	
2982	12	528	85	
2983	12	967	86	
2984	12	914	87	
2985	12	1482	88	
2986	12	333	89	
2987	12	1482	90	
2988	48	1052	81	26 
2989	48	794	82	58 
2990	12	335	91	
2991	12	333	92	
2992	12	510	93	
2993	48	1466	83	82 
2994	12	245	94	
2995	12	456	95	
2996	12	456	96	
2997	12	1117	97	
2998	12	1466	98	
2999	12	1323	99	
3000	12	245	100	
