Course	Room	Teacher	Time	Students
1	39	517	69	
2	39	225	70	
3	39	692	71	
4	13	122	31	36 
5	39	466	72	
6	39	560	73	
7	39	423	74	
8	13	57	32	9 
9	13	929	33	59 
10	39	539	75	
11	13	878	3	40 47 
12	13	466	34	7 
13	39	356	76	
14	39	432	77	
15	39	267	78	
16	39	299	79	
17	39	819	80	
18	39	912	81	
19	39	27	82	
20	39	465	83	
21	39	411	84	
22	39	641	85	
23	39	884	86	
24	39	607	87	
25	39	800	88	
26	39	523	89	
27	13	862	35	51 
28	39	14	90	
29	39	487	91	
30	39	948	92	
31	13	496	36	21 
32	39	908	93	
33	39	452	94	
34	39	62	95	
35	39	49	96	
36	39	210	97	
37	39	435	98	
38	39	968	99	
39	39	615	100	
40	86	15	1	
41	86	995	2	
42	86	892	3	
43	86	687	4	
44	86	315	5	
45	13	611	37	15 
46	86	29	6	
47	86	929	7	
48	86	795	8	
49	86	308	9	
50	86	774	10	
51	86	836	11	
52	86	655	12	
53	86	879	13	
54	13	995	38	27 
55	86	194	14	
56	86	753	15	
57	86	506	16	
58	86	478	17	
59	86	156	18	
60	13	789	39	47 
61	13	164	40	53 
62	86	516	19	
63	86	567	20	
64	86	665	21	
65	86	291	22	
66	86	205	23	
67	13	437	4	58 85 
68	86	515	24	
69	86	891	25	
70	13	574	41	56 
71	86	34	26	
72	86	507	27	
73	86	164	28	
74	86	167	29	
75	13	673	42	88 
76	13	541	43	24 
77	86	361	30	
78	86	833	31	
79	86	415	32	
80	86	95	33	
81	86	342	34	
82	86	864	35	
83	13	430	44	63 
84	86	936	36	
85	86	231	37	
86	86	293	38	
87	13	942	45	68 
88	86	522	39	
89	86	972	40	
90	86	547	41	
91	86	377	42	
92	86	796	43	
93	86	771	44	
94	86	949	45	
95	86	521	46	
96	13	672	46	14 
97	86	780	47	
98	86	140	48	
99	86	297	49	
100	13	917	47	8 
101	86	527	50	
102	86	711	51	
103	86	646	52	
104	86	873	53	
105	86	827	54	
106	86	383	55	
107	86	326	56	
108	86	643	57	
109	86	318	58	
110	86	590	59	
111	13	367	48	9 
112	86	987	60	
113	86	446	61	
114	86	310	62	
115	86	890	63	
116	86	495	64	
117	86	262	65	
118	86	284	66	
119	86	846	67	
120	86	67	68	
121	86	758	69	
122	86	260	70	
123	86	623	71	
124	86	586	72	
125	13	650	49	68 
126	13	628	50	27 
127	86	807	73	
128	13	35	5	87 90 
129	86	375	74	
130	86	473	75	
131	86	502	76	
132	86	359	77	
133	13	59	6	79 84 
134	86	11	78	
135	86	645	79	
136	86	701	80	
137	86	40	81	
138	86	9	82	
139	86	626	83	
140	86	665	84	
141	86	37	85	
142	86	812	86	
143	86	2	87	
144	86	857	88	
145	86	997	89	
146	13	161	51	20 
147	86	312	90	
148	13	728	52	86 
149	86	59	91	
150	86	87	92	
151	86	427	93	
152	86	93	94	
153	86	790	95	
154	86	732	96	
155	86	641	97	
156	86	149	98	
157	86	236	99	
158	86	230	100	
159	54	75	1	
160	54	464	2	
161	54	102	3	
162	54	575	4	
163	54	234	5	
164	54	664	6	
165	54	429	7	
166	54	106	8	
167	54	521	9	
168	54	96	10	
169	54	920	11	
170	54	559	12	
171	54	731	13	
172	54	48	14	
173	54	985	15	
174	54	189	16	
175	54	431	17	
176	54	393	18	
177	54	54	19	
178	54	689	20	
179	54	426	21	
180	54	168	22	
181	54	336	23	
182	54	583	24	
183	54	232	25	
184	54	518	26	
185	54	546	27	
186	54	465	28	
187	54	558	29	
188	54	954	30	
189	54	69	31	
190	13	396	53	82 
191	54	953	32	
192	54	428	33	
193	54	996	34	
194	54	675	35	
195	54	985	36	
196	54	702	37	
197	13	892	54	97 
198	54	845	38	
199	13	65	55	94 
200	54	861	39	
201	54	237	40	
202	54	740	41	
203	54	379	42	
204	54	967	43	
205	13	117	56	49 
206	54	627	44	
207	13	531	57	81 
208	54	324	45	
209	54	30	46	
210	54	392	47	
211	54	596	48	
212	54	15	49	
213	54	911	50	
214	54	569	51	
215	54	233	52	
216	54	297	53	
217	13	691	58	1 
218	13	979	59	59 
219	54	601	54	
220	54	699	55	
221	54	569	56	
222	54	271	57	
223	54	630	58	
224	54	599	59	
225	54	619	60	
226	54	891	61	
227	54	160	62	
228	54	400	63	
229	54	505	64	
230	54	506	65	
231	54	782	66	
232	54	93	67	
233	54	727	68	
234	54	672	69	
235	13	547	60	1 
236	13	630	61	95 
237	13	480	62	66 
238	13	422	63	3 
239	54	861	70	
240	54	692	72	
241	54	685	71	
242	54	180	73	
243	54	662	74	
244	54	758	75	
245	54	827	76	
246	54	167	77	
247	13	896	64	56 
248	54	910	78	
249	54	682	79	
250	13	749	65	30 
251	13	306	66	5 
252	54	290	80	
253	13	89	67	76 
254	13	429	68	4 
255	54	743	81	
256	54	81	82	
257	54	161	83	
258	54	701	84	
259	54	802	85	
260	13	105	7	75 78 
261	54	513	86	
262	54	247	87	
263	54	682	88	
264	54	602	89	
265	54	679	90	
266	13	839	69	6 
267	54	57	91	
268	54	333	92	
269	54	55	93	
270	54	138	94	
271	54	155	95	
272	13	960	70	18 
273	54	258	96	
274	54	396	97	
275	54	619	98	
276	54	975	99	
277	54	434	100	
278	24	2	1	
279	24	814	2	
280	24	963	3	
281	24	712	4	
282	24	539	5	
283	13	729	71	67 
284	24	670	6	
285	24	52	7	
286	24	919	8	
287	13	626	72	64 
288	24	359	9	
289	24	922	10	
290	24	793	11	
291	24	117	12	
292	13	190	73	100 
293	24	878	13	
294	24	222	14	
295	24	768	15	
296	24	135	16	
297	24	115	17	
298	24	825	18	
299	24	290	19	
300	13	120	74	38 
301	24	755	20	
302	13	838	75	49 
303	24	137	21	
304	24	198	22	
305	24	405	23	
306	24	763	24	
307	24	225	25	
308	24	487	26	
309	24	730	27	
310	24	691	28	
311	24	237	29	
312	24	594	30	
313	24	52	31	
314	24	86	32	
315	24	427	33	
316	24	201	34	
317	24	436	35	
318	13	401	76	52 
319	24	599	36	
320	24	751	37	
321	24	953	38	
322	13	625	77	11 
323	24	153	39	
324	24	918	40	
325	24	636	41	
326	24	837	42	
327	24	259	43	
328	24	890	44	
329	13	857	78	94 
330	24	292	45	
331	24	977	46	
332	13	882	79	96 
333	24	852	47	
334	13	204	80	55 
335	24	836	48	
336	24	703	49	
337	24	921	50	
338	24	438	51	
339	24	41	52	
340	24	254	53	
341	24	440	54	
342	13	30	81	98 
343	24	421	55	
344	13	293	82	64 
345	24	421	56	
346	24	47	57	
347	24	816	58	
348	24	696	59	
349	24	668	60	
350	24	637	61	
351	24	90	62	
352	13	190	83	89 
353	24	805	63	
354	24	348	64	
355	13	153	84	46 
356	24	442	65	
357	24	150	66	
358	24	411	67	
359	24	361	68	
360	24	751	69	
361	24	776	70	
362	24	791	71	
363	13	712	85	90 
364	24	960	72	
365	24	446	73	
366	24	471	74	
367	24	340	75	
368	24	563	76	
369	24	760	77	
370	24	769	78	
371	24	622	79	
372	24	311	80	
373	24	765	81	
374	24	136	82	
375	24	583	83	
376	13	590	86	47 
377	24	941	84	
378	24	881	85	
379	24	349	86	
380	24	729	87	
381	24	930	88	
382	24	967	89	
383	24	659	90	
384	24	46	91	
385	13	51	87	92 
386	13	305	88	79 
387	13	564	89	93 
388	24	770	92	
389	13	964	90	5 
390	13	536	91	33 
391	13	154	92	1 
392	24	295	93	
393	24	706	94	
394	13	645	93	96 
395	24	96	95	
396	24	56	96	
397	24	755	97	
398	24	300	98	
399	24	478	99	
400	24	529	100	
401	40	344	1	
402	40	409	2	
403	40	471	3	
404	13	566	94	46 
405	40	925	4	
406	40	910	5	
407	40	976	6	
408	40	198	7	
409	40	582	8	
410	40	468	9	
411	40	986	10	
412	40	761	11	
413	40	809	12	
414	40	895	13	
415	40	45	14	
416	13	34	95	25 
417	40	602	15	
418	40	192	16	
419	40	426	17	
420	40	55	18	
421	40	281	19	
422	13	339	96	40 
423	13	634	97	80 
424	13	567	98	38 
425	40	497	20	
426	40	9	21	
427	40	87	22	
428	40	375	23	
429	40	811	24	
430	40	126	25	
431	13	203	99	54 
432	40	790	26	
433	40	685	27	
434	40	979	28	
435	13	441	100	42 
436	49	469	1	45 
437	40	417	29	
438	40	505	30	
439	40	584	31	
440	40	296	32	
441	40	67	33	
442	49	391	2	61 
443	40	126	34	
444	49	125	3	76 
445	40	713	35	
446	40	498	36	
447	40	717	37	
448	40	607	38	
449	40	439	39	
450	40	810	40	
451	40	621	41	
452	40	884	42	
453	40	118	43	
454	40	667	44	
455	40	647	45	
456	40	695	46	
457	49	912	4	41 
458	40	245	47	
459	40	14	48	
460	40	834	49	
461	49	86	5	99 
462	40	775	50	
463	40	881	51	
464	40	152	52	
465	40	247	53	
466	40	784	54	
467	40	791	55	
468	40	430	56	
469	40	408	57	
470	40	535	58	
471	40	617	59	
472	40	114	60	
473	40	593	61	
474	40	42	62	
475	40	598	63	
476	40	722	64	
477	40	309	65	
478	49	400	6	21 
479	40	460	66	
480	40	492	67	
481	40	764	68	
482	40	353	69	
483	40	469	70	
484	40	942	71	
485	40	210	72	
486	40	362	73	
487	40	709	74	
488	40	648	75	
489	40	443	76	
490	40	955	77	
491	40	350	78	
492	40	486	79	
493	40	674	80	
494	40	646	81	
495	49	36	7	77 
496	49	694	8	79 
497	49	238	9	21 
498	40	401	82	
499	40	608	83	
500	40	89	84	
501	49	217	10	60 
502	40	594	85	
503	40	131	86	
504	49	127	11	91 
505	40	258	87	
506	40	502	88	
507	40	112	89	
508	40	610	90	
509	40	108	91	
510	49	434	12	12 
511	40	817	92	
512	40	272	93	
513	40	136	94	
514	49	45	13	22 
515	40	837	95	
516	40	919	96	
517	40	407	97	
518	40	922	98	
519	49	816	14	74 
520	40	171	99	
521	40	128	100	
522	37	983	1	
523	37	278	2	
524	37	592	3	
525	37	981	4	
526	49	838	15	2 
527	37	720	5	
528	37	133	6	
529	37	332	7	
530	49	948	16	38 
531	37	182	8	
532	37	79	9	
533	13	8	8	44 99 
534	49	574	17	9 
535	37	855	10	
536	37	657	11	
537	49	459	18	86 
538	37	412	12	
539	37	449	13	
540	37	875	14	
541	37	501	15	
542	37	428	16	
543	37	938	17	
544	13	622	9	33 83 
545	37	510	18	
546	37	148	19	
547	37	689	21	
548	37	437	20	
549	49	947	19	24 
550	37	462	22	
551	37	138	23	
552	37	101	24	
553	37	949	25	
554	49	533	20	89 
555	37	900	26	
556	49	566	21	10 
557	37	431	27	
558	13	931	10	36 84 
559	49	512	22	48 
560	49	847	23	75 
561	37	743	28	
562	37	420	29	
563	37	185	30	
564	49	151	24	22 
565	37	220	31	
566	37	125	32	
567	37	444	33	
568	37	559	34	
569	37	766	35	
570	37	690	36	
571	37	187	37	
572	37	999	38	
573	37	337	39	
574	37	105	40	
575	37	522	41	
576	37	994	42	
577	37	433	43	
578	37	350	44	
579	49	856	25	58 
580	37	611	45	
581	49	402	26	35 
582	37	47	46	
583	37	281	47	
584	37	381	48	
585	49	476	27	20 
586	37	94	49	
587	37	852	50	
588	37	989	51	
589	37	391	52	
590	37	329	53	
591	37	669	54	
592	49	558	28	44 
593	37	455	55	
594	37	307	56	
595	37	380	57	
596	49	333	29	63 
597	37	677	58	
598	49	285	30	71 
599	37	28	59	
600	37	762	60	
601	37	6	61	
602	49	231	31	76 
603	37	893	62	
604	37	286	63	
605	37	66	64	
606	37	456	65	
607	37	748	66	
608	49	408	32	59 
609	37	597	67	
610	37	648	68	
611	37	209	69	
612	49	238	33	54 
613	37	480	70	
614	49	859	34	97 
615	37	877	71	
616	37	580	72	
617	37	863	73	
618	37	576	74	
619	49	99	35	77 
620	37	134	75	
621	37	215	76	
622	37	898	77	
623	37	604	78	
624	37	528	79	
625	37	342	80	
626	37	81	81	
627	49	771	36	37 
628	37	137	82	
629	37	412	83	
630	37	280	84	
631	37	157	85	
632	37	232	86	
633	49	373	37	26 
634	37	475	87	
635	37	384	88	
636	37	255	89	
637	37	933	90	
638	37	867	91	
639	37	339	92	
640	37	112	93	
641	49	208	38	82 
642	37	724	94	
643	37	973	95	
644	37	338	96	
645	37	555	97	
646	37	950	98	
647	37	873	99	
648	37	902	100	
649	49	745	39	89 
650	21	914	1	
651	21	802	2	
652	21	741	3	
653	49	614	40	7 
654	21	149	4	
655	49	319	41	98 
656	21	259	5	
657	49	329	42	99 
658	21	573	6	
659	49	905	43	69 
660	21	553	7	
661	21	636	8	
662	21	794	9	
663	21	932	10	
664	21	217	11	
665	21	640	12	
666	49	525	44	42 
667	21	875	13	
668	21	388	14	
669	21	722	15	
670	49	397	45	65 
671	21	348	16	
672	21	700	17	
673	21	185	18	
674	49	647	46	32 
675	21	945	19	
676	21	222	20	
677	21	768	21	
678	21	671	22	
679	21	201	23	
680	21	43	24	
681	21	8	25	
682	21	744	26	
683	21	447	27	
684	21	455	28	
685	21	479	29	
686	21	550	30	
687	21	865	31	
688	49	337	47	49 
689	21	209	32	
690	49	248	48	83 
691	13	323	11	3 27 
692	21	397	33	
693	21	268	34	
694	21	476	35	
695	21	871	36	
696	21	608	37	
697	21	393	38	
698	21	197	39	
699	21	284	40	
700	21	992	41	
701	49	380	49	52 
702	21	483	42	
703	21	695	43	
704	21	845	44	
705	21	966	45	
706	21	349	46	
707	21	749	47	
708	21	761	48	
709	49	531	50	47 
710	21	417	49	
711	49	4	51	78 
712	49	906	52	85 
713	49	274	53	70 
714	49	285	54	2 
715	21	931	50	
716	21	991	51	
717	21	199	52	
718	21	634	53	
719	21	17	54	
720	21	143	55	
721	21	553	56	
722	21	538	57	
723	21	239	58	
724	21	754	59	
725	21	728	60	
726	21	772	61	
727	21	477	62	
728	49	38	55	87 
729	21	489	63	
730	21	676	64	
731	21	828	65	
732	49	823	56	84 
733	21	621	66	
734	21	842	67	
735	13	35	1	31 39 63 
736	21	570	68	
737	21	914	69	
738	49	735	57	32 
739	49	440	58	72 
740	49	871	59	2 
741	21	653	70	
742	49	424	60	6 
743	49	730	61	44 
744	49	122	62	71 
745	21	981	71	
746	21	242	72	
747	49	213	63	96 
748	21	591	73	
749	21	60	74	
750	21	882	75	
751	21	145	76	
752	21	624	77	
753	21	286	78	
754	21	964	79	
755	21	710	80	
756	21	134	81	
757	21	307	82	
758	13	363	12	23 38 
759	21	809	83	
760	21	733	84	
761	21	344	85	
762	21	900	86	
763	21	312	87	
764	21	690	88	
765	21	115	89	
766	21	714	90	
767	21	517	91	
768	49	169	64	6 
769	49	381	65	8 
770	49	678	66	46 
771	21	897	92	
772	21	233	93	
773	21	213	94	
774	21	193	95	
775	21	341	96	
776	21	130	97	
777	21	808	98	
778	21	952	99	
779	21	223	100	
780	98	974	1	
781	98	772	2	
782	98	832	3	
783	98	759	4	
784	98	543	5	
785	98	199	6	
786	98	504	7	
787	98	162	8	
788	98	731	9	
789	98	405	10	
790	98	633	11	
791	98	302	12	
792	98	565	13	
793	98	141	14	
794	98	127	15	
795	98	662	16	
796	98	831	17	
797	98	433	18	
798	98	673	19	
799	49	958	67	43 
800	98	511	20	
801	98	808	21	
802	13	958	13	23 61 
803	98	109	22	
804	98	216	23	
805	98	842	24	
806	49	212	68	100 
807	98	825	25	
808	98	244	26	
809	98	278	27	
810	13	319	2	3 55 99 
811	98	754	28	
812	98	395	29	
813	98	823	30	
814	98	63	31	
815	98	585	32	
816	98	91	33	
817	98	548	34	
818	98	978	35	
819	98	347	36	
820	98	702	38	
821	98	18	37	
822	98	196	39	
823	49	986	69	51 
824	49	813	70	95 
825	98	236	40	
826	98	477	41	
827	98	413	42	
828	98	310	43	
829	98	708	44	
830	98	239	45	
831	98	601	46	
832	98	39	47	
833	98	540	48	
834	49	298	71	45 
835	98	282	49	
836	98	245	50	
837	98	706	51	
838	49	270	72	17 
839	98	588	52	
840	98	916	53	
841	98	181	54	
842	98	660	55	
843	98	243	56	
844	98	445	57	
845	98	895	58	
846	49	410	73	22 
847	98	73	59	
848	49	600	74	91 
849	98	833	60	
850	98	7	61	
851	98	980	62	
852	98	962	63	
853	98	328	64	
854	98	670	65	
855	98	774	66	
856	98	829	67	
857	49	378	75	8 
858	98	92	68	
859	98	746	69	
860	98	917	70	
861	98	874	71	
862	49	129	76	58 
863	98	373	72	
864	98	147	73	
865	98	849	74	
866	98	496	75	
867	98	404	76	
868	98	189	77	
869	98	561	78	
870	98	511	79	
871	49	145	77	29 
872	98	564	80	
873	98	450	81	
874	98	207	82	
875	13	579	14	29 42 
876	98	340	83	
877	13	524	15	31 70 
878	98	509	84	
879	98	62	85	
880	98	710	86	
881	98	846	87	
882	49	48	78	22 
883	98	420	88	
884	98	550	89	
885	49	353	79	40 
886	98	518	90	
887	98	879	91	
888	98	21	92	
889	98	999	93	
890	49	753	80	39 
891	98	899	94	
892	98	796	95	
893	98	68	96	
894	98	234	97	
895	98	159	98	
896	98	163	99	
897	98	782	100	
898	49	296	81	9 
899	10	556	1	
900	10	382	2	
901	49	192	82	41 
902	10	781	3	
903	49	540	83	24 
904	49	870	84	71 
905	13	565	16	14 26 
906	10	139	4	
907	10	657	5	
908	10	680	6	
909	10	92	7	
910	10	410	8	
911	10	97	9	
912	10	288	10	
913	10	155	11	
914	49	996	85	61 
915	10	555	12	
916	10	797	13	
917	49	575	86	20 
918	49	254	87	90 
919	10	523	14	
920	10	915	15	
921	10	556	16	
922	10	952	17	
923	10	19	18	
924	10	947	20	
925	10	541	19	
926	10	591	21	
927	49	978	88	93 
928	10	898	22	
929	10	885	23	
930	10	171	24	
931	49	118	89	62 
932	49	33	90	80 
933	10	983	25	
934	10	829	26	
935	10	104	27	
936	10	211	28	
937	10	108	29	
938	10	163	30	
939	10	56	31	
940	10	69	32	
941	10	460	33	
942	10	366	34	
943	10	472	35	
944	10	973	36	
945	10	378	37	
946	10	631	38	
947	10	324	39	
948	10	726	40	
949	49	679	91	16 
950	10	862	41	
951	49	331	92	50 
952	10	605	42	
953	10	200	43	
954	10	146	44	
955	10	718	45	
956	10	111	46	
957	10	20	47	
958	10	119	48	
959	10	289	49	
960	10	419	50	
961	10	20	51	
962	49	388	93	82 
963	10	130	52	
964	10	439	53	
965	10	736	54	
966	10	313	55	
967	10	453	56	
968	10	709	57	
969	10	560	58	
970	10	343	59	
971	10	745	60	
972	10	328	61	
973	10	362	62	
974	10	711	63	
975	10	781	64	
976	10	650	65	
977	10	322	66	
978	10	144	67	
979	10	196	68	
980	10	867	69	
981	49	925	94	57 
982	10	811	70	
983	10	918	71	
984	10	336	72	
985	10	764	73	
986	49	491	95	73 
987	10	610	74	
988	10	773	75	
989	10	733	76	
990	10	613	77	
991	10	218	78	
992	10	501	79	
993	49	654	96	48 
994	10	331	80	
995	10	454	81	
996	10	737	82	
997	10	516	83	
998	49	604	97	64 
999	10	39	84	
1000	10	257	85	
1001	10	356	86	
1002	10	264	87	
1003	10	777	88	
1004	49	385	98	95 
1005	10	279	89	
1006	10	956	90	
1007	10	595	91	
1008	10	765	92	
1009	10	909	93	
1010	10	205	94	
1011	10	288	95	
1012	10	367	96	
1013	10	235	97	
1014	10	571	98	
1015	10	885	99	
1016	49	905	99	13 
1017	10	263	100	
1018	2	207	1	
1019	2	191	2	
1020	2	596	3	
1021	49	268	100	53 
1022	2	579	4	
1023	45	148	1	5 
1024	2	129	5	
1025	2	292	6	
1026	2	735	7	
1027	2	309	8	
1028	2	631	9	
1029	2	483	10	
1030	45	587	2	78 
1031	2	249	11	
1032	2	325	12	
1033	2	147	13	
1034	2	382	14	
1035	45	792	3	91 
1036	2	826	15	
1037	2	72	16	
1038	2	835	17	
1039	2	824	18	
1040	45	244	4	2 
1041	2	886	19	
1042	2	616	20	
1043	2	810	21	
1044	45	120	5	81 
1045	2	368	22	
1046	2	769	23	
1047	45	25	6	34 
1048	2	63	24	
1049	2	587	25	
1050	2	128	26	
1051	2	687	27	
1052	2	783	28	
1053	2	355	29	
1054	2	888	30	
1055	2	113	31	
1056	2	289	32	
1057	2	789	33	
1058	2	18	34	
1059	45	984	7	28 
1060	2	945	35	
1061	2	450	36	
1062	2	828	37	
1063	2	585	38	
1064	2	436	39	
1065	2	299	40	
1066	45	932	8	69 
1067	2	16	41	
1068	13	304	17	19 67 
1069	45	19	9	13 
1070	2	613	42	
1071	2	935	43	
1072	13	503	18	48 50 
1073	2	194	44	
1074	45	515	10	58 
1075	2	95	45	
1076	2	935	46	
1077	2	834	47	
1078	2	364	48	
1079	2	111	49	
1080	2	345	50	
1081	2	43	51	
1082	2	109	52	
1083	2	688	53	
1084	2	977	54	
1085	2	820	55	
1086	45	708	11	66 
1087	2	64	56	
1088	2	345	57	
1089	2	551	58	
1090	2	74	59	
1091	45	868	12	73 
1092	2	880	60	
1093	2	224	61	
1094	45	780	13	15 
1095	2	801	62	
1096	2	42	63	
1097	2	806	64	
1098	2	12	65	
1099	2	402	66	
1100	45	775	14	8 
1101	2	335	67	
1102	2	468	68	
1103	2	551	69	
1104	2	272	70	
1105	2	998	71	
1106	2	839	72	
1107	2	683	73	
1108	2	519	74	
1109	45	666	15	48 
1110	2	58	75	
1111	45	193	16	69 
1112	2	415	76	
1113	2	454	77	
1114	2	869	78	
1115	2	815	79	
1116	2	536	80	
1117	2	346	81	
1118	2	5	82	
1119	45	166	17	37 
1120	2	251	83	
1121	2	85	84	
1122	45	930	18	23 
1123	45	807	19	54 
1124	2	116	85	
1125	2	817	86	
1126	2	762	87	
1127	2	548	88	
1128	2	172	89	
1129	2	38	90	
1130	2	874	91	
1131	2	169	92	
1132	45	270	20	20 
1133	2	71	93	
1134	2	218	94	
1135	45	243	21	87 
1136	45	649	22	65 
1137	2	424	95	
1138	2	605	96	
1139	2	707	97	
1140	45	784	23	57 
1141	2	165	98	
1142	2	844	99	
1143	45	854	24	44 
1144	2	490	100	
1145	8	172	1	
1146	8	10	2	
1147	8	398	3	
1148	8	974	4	
1149	8	235	5	
1150	8	399	6	
1151	8	144	7	
1152	8	527	8	
1153	8	635	9	
1154	8	734	10	
1155	45	491	25	11 
1156	45	197	26	32 
1157	8	655	11	
1158	45	794	27	60 
1159	8	927	12	
1160	8	537	13	
1161	8	212	14	
1162	8	616	15	
1163	8	157	16	
1164	8	90	17	
1165	8	748	18	
1166	8	592	19	
1167	8	473	20	
1168	8	387	21	
1169	8	176	22	
1170	8	242	23	
1171	8	889	24	
1172	13	678	19	37 87 
1173	8	950	25	
1174	8	801	26	
1175	8	732	27	
1176	8	944	28	
1177	45	776	28	66 
1178	8	11	29	
1179	45	173	29	19 
1180	8	563	30	
1181	8	840	31	
1182	45	334	30	27 
1183	8	649	32	
1184	45	352	31	67 
1185	45	577	32	1 
1186	8	470	33	
1187	8	923	34	
1188	8	959	35	
1189	8	615	36	
1190	8	824	37	
1191	45	734	33	41 
1192	45	311	34	100 
1193	8	632	38	
1194	8	901	39	
1195	8	920	40	
1196	45	915	35	28 
1197	8	584	41	
1198	8	7	42	
1199	8	927	43	
1200	8	188	44	
1201	8	448	45	
1202	8	688	46	
1203	8	642	47	
1204	8	262	48	
1205	8	998	49	
1206	8	792	50	
1207	8	321	51	
1208	45	923	36	72 
1209	8	821	52	
1210	8	955	53	
1211	45	552	37	94 
1212	8	177	54	
1213	8	654	55	
1214	45	872	38	30 
1215	8	88	56	
1216	8	355	57	
1217	8	853	58	
1218	8	966	59	
1219	45	219	39	98 
1220	8	220	60	
1221	8	215	61	
1222	8	804	62	
1223	8	850	63	
1224	8	844	64	
1225	8	627	65	
1226	45	366	40	92 
1227	8	533	66	
1228	8	100	67	
1229	45	788	41	73 
1230	8	507	68	
1231	8	26	69	
1232	8	182	70	
1233	8	176	71	
1234	8	219	72	
1235	8	156	73	
1236	8	442	74	
1237	45	246	42	13 
1238	8	703	75	
1239	8	392	76	
1240	13	277	20	3 98 
1241	45	868	43	63 
1242	8	180	77	
1243	8	510	78	
1244	8	623	79	
1245	8	12	80	
1246	8	635	81	
1247	8	291	82	
1248	8	72	83	
1249	45	595	44	28 
1250	8	211	84	
1251	8	773	85	
1252	8	675	86	
1253	8	934	87	
1254	8	513	88	
1255	8	485	89	
1256	8	335	90	
1257	8	943	91	
1258	8	346	92	
1259	13	395	21	43 56 
1260	8	581	93	
1261	8	489	94	
1262	8	444	95	
1263	8	677	96	
1264	45	267	45	91 
1265	8	907	97	
1266	8	893	98	
1267	8	528	99	
1268	45	386	46	83 
1269	8	588	100	
1270	18	485	1	
1271	18	926	2	
1272	18	726	3	
1273	18	413	4	
1274	18	750	5	
1275	18	933	6	
1276	45	357	47	57 
1277	18	581	7	
1278	18	159	8	
1279	18	341	9	
1280	18	720	10	
1281	18	106	11	
1282	18	853	12	
1283	18	28	13	
1284	45	576	48	68 
1285	18	358	14	
1286	45	739	49	12 
1287	13	705	22	43 81 
1288	18	374	15	
1289	18	851	16	
1290	18	651	17	
1291	18	16	18	
1292	18	445	19	
1293	18	908	20	
1294	13	100	23	32 35 
1295	18	453	21	
1296	18	186	22	
1297	18	58	23	
1298	18	394	24	
1299	18	351	25	
1300	18	638	26	
1301	18	84	27	
1302	18	571	28	
1303	18	343	29	
1304	18	76	30	
1305	18	545	31	
1306	18	954	32	
1307	18	767	33	
1308	18	467	34	
1309	18	542	35	
1310	18	705	36	
1311	18	46	37	
1312	18	403	38	
1313	18	713	39	
1314	18	330	40	
1315	18	495	41	
1316	18	766	42	
1317	18	399	43	
1318	18	4	44	
1319	18	618	45	
1320	18	886	46	
1321	45	76	50	55 
1322	18	656	47	
1323	18	135	48	
1324	18	664	49	
1325	45	880	51	85 
1326	18	683	50	
1327	18	512	51	
1328	18	557	52	
1329	18	804	53	
1330	18	181	55	
1331	18	756	54	
1332	18	946	56	
1333	45	659	52	35 
1334	45	940	53	30 
1335	18	911	57	
1336	18	377	58	
1337	18	897	59	
1338	45	786	54	79 
1339	18	101	60	
1340	45	717	55	72 
1341	45	462	56	68 
1342	18	968	61	
1343	18	943	62	
1344	18	358	63	
1345	18	724	64	
1346	18	77	65	
1347	18	266	66	
1348	18	240	67	
1349	18	79	68	
1350	18	351	69	
1351	18	123	70	
1352	18	812	71	
1353	18	714	72	
1354	45	779	57	92 
1355	18	114	73	
1356	18	795	74	
1357	18	386	75	
1358	18	304	76	
1359	18	686	77	
1360	18	132	78	
1361	45	151	58	82 
1362	45	143	59	16 
1363	18	187	79	
1364	45	271	60	15 
1365	45	65	61	11 
1366	18	866	80	
1367	45	499	62	26 
1368	18	934	81	
1369	18	637	82	
1370	18	265	83	
1371	18	856	84	
1372	18	280	85	
1373	18	443	86	
1374	18	561	87	
1375	18	332	88	
1376	45	554	63	29 
1377	18	103	89	
1378	18	6	90	
1379	18	840	91	
1380	13	779	24	19 64 
1381	45	166	64	17 
1382	45	760	65	28 
1383	18	963	92	
1384	18	363	93	
1385	18	721	94	
1386	18	499	95	
1387	45	274	66	75 
1388	18	451	96	
1389	45	99	67	62 
1390	18	223	97	
1391	18	441	98	
1392	18	715	99	
1393	18	186	100	
1394	32	793	1	
1395	32	313	2	
1396	32	119	3	
1397	45	406	68	
1398	32	31	4	
1399	45	924	69	93 
1400	32	907	5	
1401	45	582	70	51 
1402	32	697	6	
1403	32	23	7	
1404	32	470	8	
1405	32	371	9	
1406	32	37	10	
1407	32	371	11	
1408	32	987	12	
1409	32	909	13	
1410	32	203	14	
1411	32	970	15	
1412	32	406	16	
1413	32	535	17	
1414	32	778	18	
1415	32	770	19	
1416	32	814	20	
1417	32	200	21	
1418	32	819	22	
1419	45	32	71	55 
1420	32	241	23	
1421	45	928	72	24 
1422	45	614	73	66 
1423	32	224	24	
1424	32	876	25	
1425	32	21	26	
1426	32	988	27	
1427	32	419	28	
1428	32	813	29	
1429	45	992	74	88 
1430	45	27	75	54 
1431	45	620	76	31 
1432	45	959	77	78 
1433	32	727	30	
1434	32	175	31	
1435	32	300	32	
1436	32	179	33	
1437	32	49	34	
1438	32	398	35	
1439	32	365	36	
1440	45	438	78	57 
1441	32	830	37	
1442	32	384	38	
1443	45	737	79	43 
1444	45	629	80	92 
1445	32	835	39	
1446	45	414	81	19 
1447	32	308	40	
1448	32	240	41	
1449	32	322	42	
1450	32	314	43	
1451	13	736	25	46 72 
1452	45	707	82	74 
1453	32	988	44	
1454	32	394	45	
1455	32	5	46	
1456	32	320	47	
1457	32	586	48	
1458	45	570	83	7 
1459	45	282	84	80 
1460	32	633	49	
1461	32	666	50	
1462	32	629	51	
1463	32	876	52	
1464	32	904	53	
1465	32	704	54	
1466	32	994	55	
1467	32	461	56	
1468	32	249	57	
1469	32	850	58	
1470	45	481	85	10 
1471	32	921	59	
1472	32	68	60	
1473	32	624	61	
1474	32	461	62	
1475	32	229	63	
1476	32	747	64	
1477	32	972	65	
1478	32	82	66	
1479	32	698	67	
1480	32	514	68	
1481	32	832	69	
1482	32	787	70	
1483	32	509	71	
1484	32	131	72	
1485	32	997	73	
1486	32	75	74	
1487	32	970	75	
1488	32	704	76	
1489	32	593	77	
1490	45	860	86	69 
1491	32	894	78	
1492	45	858	87	39 
1493	45	142	88	70 
1494	45	327	89	42 
1495	32	195	79	
1496	32	644	80	
1497	32	13	81	
1498	32	41	82	
1499	45	66	90	26 
1500	45	638	91	
1501	32	573	83	
1502	45	325	92	95 
1503	32	40	84	
1504	32	661	85	
1505	32	31	86	
1506	32	532	87	
1507	32	916	88	
1508	32	251	89	
1509	32	162	90	
1510	32	980	91	
1511	32	174	92	
1512	32	756	93	
1513	32	644	94	
1514	32	139	95	
1515	32	13	96	
1516	32	32	97	
1517	32	888	98	
1518	45	938	93	4 
1519	32	721	99	
1520	32	632	100	
1521	25	525	1	
1522	25	598	2	
1523	25	855	3	
1524	25	767	4	
1525	25	763	5	
1526	25	481	6	
1527	45	698	94	67 
1528	25	534	7	
1529	25	858	8	
1530	25	742	9	
1531	13	320	26	6 70 
1532	25	370	10	
1533	25	409	11	
1534	25	248	12	
1535	25	628	13	
1536	25	640	14	
1537	25	944	15	
1538	25	98	16	
1539	25	680	17	
1540	25	318	18	
1541	45	475	95	
1542	25	389	19	
1543	45	694	96	25 
1544	13	36	27	16 40 
1545	25	500	20	
1546	25	269	21	
1547	25	534	22	
1548	25	869	23	
1549	25	887	24	
1550	25	667	25	
1551	25	913	26	
1552	25	803	27	
1553	25	597	28	
1554	25	177	29	
1555	25	788	30	
1556	25	458	31	
1557	25	514	32	
1558	25	1000	33	
1559	25	894	34	
1560	25	941	35	
1561	45	693	97	62 
1562	25	51	36	
1563	25	697	37	
1564	25	982	38	
1565	25	849	39	
1566	45	669	98	14 
1567	45	498	99	39 
1568	25	206	40	
1569	45	334	100	81 
1570	25	50	41	
1571	25	425	42	
1572	39	642	1	53 
1573	25	113	43	
1574	39	61	2	86 
1575	25	989	44	
1576	25	479	45	
1577	25	116	46	
1578	25	206	47	
1579	25	202	48	
1580	39	276	3	30 
1581	25	174	49	
1582	25	88	50	
1583	25	503	51	
1584	25	903	52	
1585	25	276	53	
1586	25	821	54	
1587	25	374	55	
1588	25	887	56	
1589	25	133	57	
1590	25	418	58	
1591	25	696	60	
1592	25	60	59	
1593	25	376	61	
1594	13	526	28	5 89 
1595	25	457	62	
1596	39	84	4	36 
1597	39	25	5	85 
1598	25	370	63	
1599	25	275	64	
1600	25	716	65	
1601	25	152	66	
1602	25	993	67	
1603	25	360	68	
1604	25	778	69	
1605	25	872	70	
1606	25	165	71	
1607	25	718	72	
1608	25	306	73	
1609	25	719	74	
1610	25	338	75	
1611	39	357	6	
1612	25	230	76	
1613	25	777	77	
1614	39	841	7	13 
1615	25	699	78	
1616	25	376	79	
1617	25	962	80	
1618	25	618	81	
1619	25	543	82	
1620	39	676	8	34 
1621	25	524	83	
1622	25	214	84	
1623	25	365	85	
1624	25	422	86	
1625	25	305	87	
1626	25	545	88	
1627	25	542	89	
1628	25	965	90	
1629	25	484	91	
1630	25	568	92	
1631	25	23	93	
1632	25	956	94	
1633	39	715	9	36 
1634	25	700	95	
1635	25	936	96	
1636	25	902	97	
1637	25	759	98	
1638	25	252	99	
1639	25	407	100	
1640	79	752	1	
1641	79	175	2	
1642	79	785	3	
1643	79	64	4	
1644	39	184	10	53 
1645	79	899	5	
1646	79	815	6	
1647	79	432	7	
1648	39	295	11	23 
1649	79	74	8	
1650	79	889	9	
1651	79	246	10	
1652	79	472	11	
1653	79	738	12	
1654	79	390	13	
1655	79	261	14	
1656	79	330	15	
1657	79	625	16	
1658	79	154	17	
1659	79	969	18	
1660	39	572	12	75 
1661	39	1	13	
1662	79	458	19	
1663	79	484	20	
1664	39	256	14	16 
1665	79	168	21	
1666	79	508	22	
1667	79	121	23	
1668	79	928	24	
1669	79	961	25	
1670	79	904	26	
1671	39	389	15	12 
1672	79	537	27	
1673	79	684	28	
1674	79	303	29	
1675	79	178	30	
1676	79	229	31	
1677	79	214	32	
1678	39	993	16	96 
1679	79	173	33	
1680	79	140	34	
1681	79	643	35	
1682	79	851	36	
1683	79	741	37	
1684	79	500	38	
1685	79	803	39	
1686	39	520	17	35 
1687	79	578	40	
1688	79	123	41	
1689	79	544	42	
1690	79	464	43	
1691	39	660	18	84 
1692	79	252	44	
1693	39	965	19	29 
1694	79	17	45	
1695	79	265	46	
1696	79	1	47	
1697	79	798	48	
1698	79	951	49	
1699	79	877	50	
1700	39	98	20	52 
1701	79	323	51	
1702	79	22	52	
1703	79	263	53	
1704	79	557	54	
1705	79	22	55	
1706	79	315	56	
1707	79	287	57	
1708	79	668	58	
1709	79	600	59	
1710	79	653	60	
1711	79	327	61	
1712	79	651	62	
1713	39	606	21	65 
1714	79	423	63	
1715	79	538	64	
1716	79	526	65	
1717	79	805	66	
1718	79	719	67	
1719	79	387	68	
1720	79	820	69	
1721	79	321	70	
1722	79	723	71	
1723	79	674	72	
1724	39	493	22	34 
1725	79	572	73	
1726	79	606	74	
1727	79	364	75	
1728	79	33	76	
1729	79	208	77	
1730	79	273	78	
1731	79	29	79	
1732	79	552	80	
1733	79	448	81	
1734	79	418	82	
1735	79	864	83	
1736	39	848	23	45 
1737	79	652	84	
1738	79	752	85	
1739	79	369	86	
1740	79	121	87	
1741	79	24	88	
1742	79	742	89	
1743	39	347	24	11 
1744	13	78	29	17 90 
1745	79	425	90	
1746	39	580	25	37 
1747	79	447	91	
1748	79	684	92	
1749	79	221	93	
1750	79	866	94	
1751	79	264	95	
1752	39	102	26	18 
1753	79	940	96	
1754	79	227	97	
1755	79	352	98	
1756	79	354	99	
1757	79	901	100	
1758	9	740	1	
1759	39	24	27	31 
1760	9	482	2	
1761	39	854	28	60 
1762	9	103	3	
1763	9	984	4	
1764	9	227	5	
1765	9	486	6	
1766	9	94	7	
1767	39	744	29	14 
1768	9	142	8	
1769	9	578	9	
1770	9	360	10	
1771	9	303	11	
1772	9	82	12	
1773	9	681	13	
1774	39	1000	30	50 
1775	13	951	30	88 97 
1776	9	693	14	
1777	9	78	15	
1778	9	831	16	
1779	9	661	17	
1780	39	369	31	62 
1781	39	70	32	97 
1782	9	368	18	
1783	9	865	19	
1784	9	50	20	
1785	9	991	21	
1786	9	798	22	
1787	9	188	23	
1788	9	275	24	
1789	9	848	25	
1790	9	104	26	
1791	9	747	27	
1792	39	85	33	10 
1793	9	806	28	
1794	9	10	29	
1795	9	785	30	
1796	9	191	31	
1797	9	971	32	
1798	9	158	33	
1799	9	256	34	
1800	9	939	36	
1801	9	170	35	
1802	9	150	37	
1803	9	937	38	
1804	9	488	39	
1805	9	253	40	
1806	9	70	41	
1807	9	279	42	
1808	9	459	43	
1809	9	617	44	
1810	9	969	45	
1811	9	549	46	
1812	39	474	34	51 
1813	9	383	47	
1814	39	939	35	94 
1815	9	287	48	
1816	9	603	49	
1817	9	3	50	
1818	39	385	36	41 
1819	39	859	37	93 
1820	9	723	51	
1821	9	671	52	
1822	9	273	53	
1823	9	183	54	
1824	9	457	55	
1825	9	529	56	
1826	39	946	38	4 
1827	9	77	57	
1828	39	204	39	80 
1829	9	746	58	
1830	9	110	59	
1831	9	658	60	
1832	9	141	61	
1833	39	124	40	77 
1834	9	379	62	
1835	9	896	63	
1836	9	250	64	
1837	9	843	65	
1838	9	609	66	
1839	9	403	67	
1840	9	926	68	
1841	9	26	70	
1842	9	302	69	
1843	9	97	71	
1844	39	354	41	83 
1845	9	799	72	
1846	9	639	73	
1847	9	158	74	
1848	9	799	75	
1849	9	841	76	
1850	9	456	77	
1851	9	449	78	
1852	9	146	79	
1853	9	257	80	
1854	9	44	81	
1855	9	53	82	
1856	9	971	83	
1857	9	797	84	
1858	9	497	85	
1859	39	124	42	18 
1860	9	883	86	
1861	39	474	43	49 
1862	9	107	87	
1863	9	568	88	
1864	39	372	44	59 
1865	9	283	89	
1866	9	73	90	
1867	9	414	91	
1868	9	493	92	
1869	9	870	93	
1870	9	843	94	
1871	9	686	95	
1872	9	195	96	
1873	9	757	97	
1874	9	906	98	
1875	9	847	99	
1876	9	261	100	
1877	36	681	1	
1878	36	107	2	
1879	36	519	3	
1880	36	589	4	
1881	36	160	5	
1882	39	663	45	18 
1883	36	317	6	
1884	36	546	7	
1885	36	451	8	
1886	36	609	9	
1887	36	488	10	
1888	39	255	46	77 
1889	36	416	11	
1890	39	221	47	56 
1891	36	612	12	
1892	39	883	48	61 
1893	39	178	49	50 
1894	36	830	13	
1895	36	532	14	
1896	36	202	15	
1897	36	725	16	
1898	36	80	17	
1899	36	91	18	
1900	36	826	19	
1901	39	110	50	17 
1902	36	226	20	
1903	36	757	21	
1904	36	390	22	
1905	36	658	23	
1906	36	603	24	
1907	36	53	25	
1908	36	241	26	
1909	39	656	51	45 
1910	36	975	27	
1911	36	589	28	
1912	36	44	29	
1913	39	738	52	76 
1914	36	863	30	
1915	36	783	31	
1916	36	725	32	
1917	36	494	33	
1918	39	924	53	74 
1919	39	577	54	12 
1920	36	54	34	
1921	36	750	35	
1922	36	739	36	
1923	36	260	37	
1924	36	228	38	
1925	36	822	39	
1926	36	298	40	
1927	36	80	41	
1928	36	184	42	
1929	36	179	43	
1930	36	228	44	
1931	36	416	45	
1932	36	314	46	
1933	36	937	47	
1934	36	435	48	
1935	39	183	55	21 
1936	36	562	49	
1937	36	253	50	
1938	36	903	51	
1939	36	283	52	
1940	36	913	53	
1941	36	520	54	
1942	36	316	55	
1943	36	269	56	
1944	36	549	57	
1945	39	132	56	10 
1946	36	957	58	
1947	36	404	59	
1948	36	990	60	
1949	39	508	57	52 
1950	39	3	58	88 
1951	36	317	61	
1952	39	639	59	60 
1953	36	961	62	
1954	36	652	63	
1955	39	316	60	73 
1956	36	612	64	
1957	36	663	65	
1958	36	226	66	
1959	36	216	67	
1960	36	452	68	
1961	36	170	69	
1962	36	266	70	
1963	36	490	71	
1964	36	990	72	
1965	36	250	73	
1966	36	822	74	
1967	39	544	61	74 
1968	39	467	62	86 
1969	36	818	75	
1970	39	982	63	65 
1971	39	800	64	71 
1972	36	494	76	
1973	36	492	77	
1974	36	294	78	
1975	36	61	79	
1976	39	294	65	7 
1977	39	277	66	25 
1978	36	554	80	
1979	36	716	81	
1980	36	818	82	
1981	39	957	67	33 
1982	36	372	83	
1983	36	562	84	
1984	36	504	85	
1985	36	482	86	
1986	36	83	87	
1987	36	976	88	
1988	36	620	89	
1989	36	786	90	
1990	36	301	91	
1991	36	71	92	
1992	36	301	93	
1993	36	860	94	
1994	36	530	95	
1995	36	326	96	
1996	36	83	97	
1997	36	463	98	
1998	36	463	99	
1999	39	530	68	
2000	36	787	100	
