Course	Room	Teacher	Time	Students
1	42	2398	12	98 
2	94	460	89	
3	94	287	90	
4	94	2263	91	
5	94	1014	92	
6	94	1073	93	
7	94	1007	94	
8	94	188	95	
9	94	2739	96	
10	94	658	97	
11	94	1523	98	
12	94	1981	99	
13	94	2526	100	
14	99	702	1	
15	99	1896	2	
16	99	47	3	
17	99	2533	4	
18	99	1835	5	
19	99	1902	6	
20	99	198	7	
21	42	1954	13	33 
22	99	1008	8	
23	99	1481	9	
24	99	2145	10	
25	99	1417	11	
26	99	2893	12	
27	99	2086	13	
28	99	1415	14	
29	99	2114	15	
30	99	2671	16	
31	99	383	17	
32	99	2628	18	
33	99	1401	19	
34	99	1377	20	
35	99	306	21	
36	99	518	22	
37	99	210	23	
38	99	683	24	
39	42	779	14	64 
40	99	2521	25	
41	99	1341	26	
42	99	2345	27	
43	99	2387	28	
44	99	2691	29	
45	99	2038	30	
46	99	553	31	
47	99	1920	32	
48	42	512	15	88 
49	99	2940	33	
50	99	450	34	
51	99	420	35	
52	99	2629	36	
53	99	214	37	
54	99	2921	38	
55	99	110	39	
56	99	468	40	
57	99	1944	41	
58	99	2148	42	
59	99	1259	43	
60	99	2056	44	
61	99	529	45	
62	99	2959	46	
63	99	542	47	
64	99	2587	48	
65	99	1150	49	
66	99	861	50	
67	42	2176	16	7 
68	99	1263	51	
69	99	1473	52	
70	42	1132	17	67 
71	99	910	53	
72	99	2968	54	
73	99	474	55	
74	99	2108	56	
75	99	2685	57	
76	99	136	58	
77	99	2069	59	
78	99	2899	60	
79	99	2261	61	
80	42	2795	18	64 
81	99	2683	62	
82	42	1223	19	53 
83	99	695	63	
84	99	19	64	
85	99	2503	65	
86	99	2809	66	
87	99	2035	67	
88	99	394	68	
89	99	473	69	
90	99	2144	70	
91	99	2708	71	
92	99	1734	72	
93	99	2616	73	
94	99	134	74	
95	99	2700	75	
96	99	63	76	
97	99	2372	77	
98	99	54	78	
99	99	912	79	
100	99	2112	80	
101	99	82	81	
102	99	1745	82	
103	99	2817	83	
104	99	1786	84	
105	99	462	85	
106	99	2213	86	
107	99	481	87	
108	99	1565	88	
109	99	110	89	
110	99	334	90	
111	99	1766	91	
112	99	2770	92	
113	99	148	93	
114	42	285	20	32 
115	99	2473	94	
116	99	460	95	
117	99	2719	96	
118	99	303	97	
119	99	1742	98	
120	99	2186	99	
121	99	2148	100	
122	73	2748	1	
123	73	142	2	
124	73	2409	3	
125	73	73	4	
126	73	2747	5	
127	73	1948	6	
128	73	1457	7	
129	42	1563	21	92 
130	73	1580	8	
131	73	1447	9	
132	42	1988	22	92 
133	73	12	10	
134	73	858	11	
135	73	2226	12	
136	73	1094	13	
137	73	257	14	
138	73	1412	15	
139	73	947	16	
140	73	1981	17	
141	73	1812	18	
142	73	873	19	
143	73	639	20	
144	42	2238	23	42 
145	73	1897	21	
146	73	650	22	
147	73	2168	23	
148	73	1798	24	
149	73	1263	25	
150	73	263	26	
151	73	1756	27	
152	73	2878	28	
153	73	837	29	
154	73	701	30	
155	73	839	31	
156	73	2496	32	
157	73	2500	33	
158	73	372	34	
159	73	2595	35	
160	73	1099	36	
161	73	2548	37	
162	73	2482	38	
163	73	274	39	
164	73	581	40	
165	73	2535	41	
166	73	943	42	
167	73	1382	43	
168	73	2694	44	
169	73	1605	45	
170	73	2704	46	
171	73	397	47	
172	73	1714	48	
173	73	178	49	
174	73	2186	50	
175	73	1392	51	
176	73	2033	52	
177	42	1173	24	6 
178	73	1130	53	
179	73	733	54	
180	73	416	55	
181	73	38	56	
182	73	1971	57	
183	73	1301	58	
184	73	1272	59	
185	73	688	60	
186	42	1040	25	91 
187	42	840	26	44 
188	73	2963	61	
189	73	1433	62	
190	73	1597	63	
191	73	2516	64	
192	73	2728	65	
193	73	2803	66	
194	73	505	67	
195	73	432	68	
196	73	1840	69	
197	73	492	70	
198	73	241	71	
199	73	44	72	
200	73	2609	73	
201	73	1851	74	
202	73	1796	75	
203	73	2524	76	
204	73	1412	77	
205	73	1306	78	
206	73	722	79	
207	73	2454	80	
208	73	1232	81	
209	73	893	82	
210	73	2333	83	
211	73	631	84	
212	73	1819	85	
213	73	884	86	
214	73	2579	87	
215	73	496	88	
216	73	411	89	
217	42	43	27	10 
218	42	972	28	58 
219	73	2112	90	
220	73	593	91	
221	73	2679	92	
222	73	2649	93	
223	73	895	94	
224	73	2816	95	
225	73	1010	96	
226	73	180	97	
227	73	1332	98	
228	73	2020	99	
229	73	758	100	
230	13	2410	1	
231	13	2756	2	
232	13	1861	3	
233	13	854	4	
234	13	2764	5	
235	13	2356	6	
236	13	2952	7	
237	13	2194	8	
238	13	1218	9	
239	13	934	10	
240	13	972	11	
241	13	1649	12	
242	13	1234	13	
243	13	2391	14	
244	13	1506	15	
245	13	2944	16	
246	13	1329	17	
247	13	576	18	
248	13	26	19	
249	13	2231	20	
250	13	1695	21	
251	13	1170	22	
252	13	2916	23	
253	13	2461	24	
254	13	2162	25	
255	13	875	26	
256	13	250	27	
257	13	363	28	
258	13	2248	29	
259	13	915	30	
260	13	2756	31	
261	13	1387	32	
262	13	685	33	
263	13	1887	34	
264	13	2527	35	
265	13	2411	36	
266	13	2429	37	
267	42	2766	29	55 
268	42	101	30	89 
269	13	1094	38	
270	13	31	39	
271	13	2378	40	
272	13	1197	41	
273	13	2817	42	
274	13	2255	43	
275	13	634	44	
276	13	30	45	
277	13	1637	46	
278	13	1479	47	
279	13	735	48	
280	13	1671	49	
281	13	1675	50	
282	13	305	51	
283	13	1878	52	
284	13	577	53	
285	13	2611	54	
286	13	873	55	
287	13	122	56	
288	13	1903	57	
289	13	2663	58	
290	13	2696	59	
291	13	2938	60	
292	13	1046	61	
293	13	961	62	
294	13	1739	63	
295	42	496	31	12 
296	13	1827	64	
297	13	2672	65	
298	13	90	66	
299	13	1974	67	
300	13	2237	68	
301	13	1599	69	
302	13	85	70	
303	42	945	32	33 
304	13	2290	71	
305	13	1411	72	
306	13	983	73	
307	13	509	74	
308	42	1294	33	66 
309	13	2412	75	
310	13	2670	76	
311	42	216	34	49 
312	13	2846	77	
313	13	1481	78	
314	13	1749	79	
315	13	1162	80	
316	13	681	81	
317	13	218	82	
318	13	374	83	
319	42	909	35	51 
320	13	358	84	
321	13	1937	85	
322	13	2166	86	
323	13	1493	87	
324	13	1902	88	
325	13	1755	89	
326	13	2615	90	
327	13	383	91	
328	13	1646	92	
329	13	1505	93	
330	13	625	94	
331	13	2421	95	
332	13	668	96	
333	13	366	97	
334	13	2875	98	
335	13	2938	99	
336	13	2381	100	
337	74	1323	1	
338	74	1704	2	
339	74	2168	3	
340	74	37	4	
341	74	573	5	
342	74	2433	6	
343	74	2927	7	
344	74	1319	8	
345	74	663	9	
346	74	782	10	
347	74	2254	11	
348	74	1784	12	
349	74	2136	13	
350	74	1040	14	
351	74	1255	15	
352	74	1234	16	
353	74	1165	17	
354	74	1380	18	
355	74	846	19	
356	74	781	20	
357	74	1676	21	
358	74	495	22	
359	74	2209	23	
360	74	501	24	
361	74	658	25	
362	74	2116	26	
363	74	756	27	
364	74	599	28	
365	74	2302	29	
366	74	1918	30	
367	74	1833	31	
368	74	1201	32	
369	74	1645	33	
370	74	2367	34	
371	74	1616	35	
372	74	2743	36	
373	74	1062	37	
374	74	915	38	
375	74	982	39	
376	74	2961	40	
377	74	1996	41	
378	74	2091	42	
379	74	185	43	
380	74	1027	44	
381	74	1379	45	
382	74	859	46	
383	74	1886	47	
384	74	2283	48	
385	74	1362	49	
386	42	2698	36	3 
387	42	389	37	62 
388	74	2540	50	
389	74	2922	51	
390	74	1099	52	
391	74	1415	53	
392	74	1182	54	
393	74	201	55	
394	42	2360	38	28 
395	74	1592	56	
396	74	379	57	
397	74	2641	58	
398	74	380	59	
399	74	188	60	
400	74	2228	61	
401	42	1796	39	2 
402	74	668	62	
403	74	983	63	
404	74	946	64	
405	74	425	65	
406	74	7	66	
407	74	2485	67	
408	74	2412	68	
409	74	2284	69	
410	74	761	70	
411	74	334	71	
412	74	2203	72	
413	74	1482	73	
414	74	1264	74	
415	74	1919	75	
416	42	1496	40	36 
417	74	422	76	
418	74	2171	77	
419	74	580	78	
420	74	1909	79	
421	74	638	80	
422	74	1009	81	
423	74	1991	82	
424	74	286	83	
425	74	1113	84	
426	74	502	85	
427	74	2816	86	
428	74	56	87	
429	74	1038	88	
430	74	1893	89	
431	74	616	90	
432	74	1714	91	
433	74	206	92	
434	74	2239	93	
435	74	2708	94	
436	74	301	95	
437	74	2276	96	
438	74	655	97	
439	42	2461	41	57 
440	74	906	98	
441	74	1330	99	
442	74	67	100	
443	69	2495	1	
444	69	2662	2	
445	69	534	3	
446	69	1865	4	
447	69	1088	5	
448	69	1187	6	
449	69	1635	7	
450	69	2647	8	
451	69	1574	9	
452	69	2484	10	
453	69	2207	11	
454	69	332	12	
455	69	1799	13	
456	69	2109	14	
457	69	435	15	
458	69	1226	16	
459	69	402	17	
460	69	484	18	
461	69	1014	19	
462	69	2216	20	
463	69	2187	21	
464	69	224	22	
465	42	124	42	54 
466	69	251	23	
467	69	2790	24	
468	42	1627	43	89 
469	69	2495	25	
470	69	1784	26	
471	69	427	27	
472	69	1168	28	
473	69	2266	29	
474	69	889	30	
475	69	579	31	
476	69	2792	32	
477	69	1712	33	
478	69	1955	34	
479	69	2257	35	
480	69	1586	36	
481	69	607	37	
482	69	2209	38	
483	69	415	39	
484	69	399	40	
485	69	943	41	
486	69	2294	42	
487	69	584	43	
488	69	1938	44	
489	69	2951	45	
490	69	2909	46	
491	69	1756	47	
492	69	687	48	
493	69	2196	49	
494	69	1629	50	
495	69	1604	51	
496	69	1463	52	
497	69	2333	53	
498	69	2281	54	
499	69	2140	55	
500	69	1775	56	
501	69	90	57	
502	69	2212	58	
503	69	1976	59	
504	69	2220	60	
505	69	344	61	
506	69	414	62	
507	69	704	63	
508	69	2645	64	
509	69	1916	65	
510	69	1604	66	
511	69	2117	67	
512	69	1790	68	
513	69	438	69	
514	69	652	70	
515	69	1658	71	
516	69	1131	72	
517	69	236	73	
518	69	2458	74	
519	42	1142	44	65 
520	69	881	75	
521	69	2990	76	
522	69	2145	77	
523	69	1600	78	
524	69	2764	79	
525	42	1921	45	64 
526	69	2243	80	
527	69	2739	81	
528	69	243	82	
529	69	2451	83	
530	69	37	84	
531	69	2550	85	
532	69	1620	86	
533	69	103	87	
534	69	624	88	
535	42	413	46	75 
536	69	1631	89	
537	69	1527	90	
538	69	778	91	
539	69	847	92	
540	69	2434	93	
541	69	933	94	
542	69	2631	95	
543	69	684	96	
544	69	744	97	
545	69	2871	98	
546	69	858	99	
547	69	1537	100	
548	80	2120	1	
549	42	1798	47	21 
550	80	1647	2	
551	80	426	3	
552	80	1511	4	
553	80	2842	5	
554	80	597	6	
555	80	1660	7	
556	80	651	8	
557	80	1163	9	
558	80	480	10	
559	80	254	11	
560	80	562	12	
561	80	141	13	
562	80	1578	14	
563	80	683	15	
564	80	2036	16	
565	80	317	17	
566	80	1773	18	
567	80	678	19	
568	80	2094	20	
569	80	2358	21	
570	80	1313	22	
571	80	105	23	
572	80	1202	24	
573	80	1811	25	
574	80	1105	26	
575	80	1004	27	
576	80	2914	28	
577	42	1797	48	73 
578	42	2612	49	66 
579	80	2413	29	
580	80	4	30	
581	80	40	31	
582	80	1976	32	
583	80	2051	33	
584	80	405	34	
585	80	2479	35	
586	80	1546	36	
587	80	939	37	
588	80	142	38	
589	80	1538	39	
590	80	694	40	
591	80	2126	41	
592	80	1060	42	
593	80	1700	43	
594	80	941	44	
595	80	2224	45	
596	80	1682	46	
597	80	2188	47	
598	42	1164	50	66 
599	80	1244	48	
600	80	1923	49	
601	80	998	50	
602	80	995	51	
603	80	1327	52	
604	80	2127	53	
605	80	2576	54	
606	80	643	55	
607	80	1358	56	
608	80	2830	57	
609	80	796	58	
610	80	1819	59	
611	80	2985	60	
612	80	1583	61	
613	80	294	62	
614	80	2667	63	
615	80	1728	64	
616	80	397	65	
617	80	2521	66	
618	80	2508	67	
619	42	593	51	32 
620	42	986	52	98 
621	80	1364	68	
622	80	1911	69	
623	42	2648	53	1 
624	80	1800	70	
625	80	1370	71	
626	80	2559	72	
627	80	1581	73	
628	80	2559	74	
629	42	2666	54	14 
630	80	848	75	
631	80	2800	76	
632	80	2638	77	
633	80	1574	78	
634	80	2078	79	
635	80	1597	80	
636	80	766	81	
637	80	1252	82	
638	80	2927	83	
639	80	1453	84	
640	80	426	85	
641	80	1210	86	
642	80	1029	87	
643	80	1982	88	
644	80	1243	89	
645	80	16	90	
646	80	2339	91	
647	80	1430	92	
648	80	535	93	
649	80	2902	94	
650	80	1396	95	
651	42	982	55	27 
652	80	2720	96	
653	80	337	97	
654	80	1580	98	
655	80	475	99	
656	80	190	100	
657	55	2006	1	
658	55	2562	2	
659	55	1733	3	
660	55	2591	4	
661	55	1032	5	
662	55	694	6	
663	55	1825	7	
664	55	2244	8	
665	55	2111	9	
666	55	1344	10	
667	55	697	11	
668	55	2219	12	
669	55	1443	13	
670	55	97	14	
671	55	1629	15	
672	55	2215	16	
673	55	2725	17	
674	55	2718	18	
675	55	2735	19	
676	55	1074	20	
677	55	1896	21	
678	55	118	22	
679	55	641	23	
680	55	1506	24	
681	55	309	25	
682	55	1712	26	
683	55	2079	27	
684	55	887	28	
685	55	27	29	
686	55	1752	30	
687	42	2819	56	74 
688	55	360	31	
689	55	1882	32	
690	55	1423	33	
691	55	1649	34	
692	55	2788	35	
693	42	5	57	82 
694	55	317	36	
695	55	888	37	
696	55	538	38	
697	55	1496	39	
698	55	1211	40	
699	55	2125	41	
700	42	2850	58	44 
701	55	1160	42	
702	55	2019	43	
703	55	1463	44	
704	55	1194	45	
705	55	447	46	
706	55	318	47	
707	55	1672	48	
708	55	2070	49	
709	55	2350	50	
710	55	2048	51	
711	55	193	52	
712	55	2790	53	
713	55	596	54	
714	55	32	55	
715	55	986	56	
716	55	1478	57	
717	55	1917	58	
718	55	1887	59	
719	55	1419	60	
720	55	2323	61	
721	55	1046	62	
722	55	1250	63	
723	55	540	64	
724	55	605	65	
725	55	428	66	
726	55	1185	67	
727	55	766	68	
728	55	2198	69	
729	55	913	70	
730	55	104	71	
731	55	2623	72	
732	55	992	73	
733	55	222	74	
734	55	1884	75	
735	55	518	76	
736	55	1820	77	
737	55	135	78	
738	55	471	79	
739	55	220	80	
740	55	663	81	
741	55	547	82	
742	55	2552	83	
743	55	2117	84	
744	55	182	85	
745	55	66	86	
746	55	2959	87	
747	55	2447	88	
748	55	521	89	
749	55	2831	90	
750	55	955	91	
751	55	363	92	
752	55	2037	93	
753	55	1905	94	
754	55	28	95	
755	55	92	96	
756	55	1372	97	
757	55	2048	98	
758	55	1289	99	
759	55	3	100	
760	93	1777	1	
761	93	627	2	
762	93	1226	3	
763	93	321	4	
764	42	1942	59	55 
765	42	1765	60	1 
766	93	2481	5	
767	93	2902	6	
768	93	441	7	
769	93	1940	8	
770	93	542	9	
771	42	1805	61	20 
772	93	1090	10	
773	93	326	11	
774	93	1447	12	
775	93	2733	13	
776	93	876	14	
777	93	2460	15	
778	93	1672	16	
779	93	1355	17	
780	93	2332	18	
781	93	2788	19	
782	93	550	20	
783	93	2459	21	
784	93	122	22	
785	93	1533	23	
786	93	721	24	
787	93	24	25	
788	93	1799	26	
789	93	784	27	
790	93	2774	28	
791	93	1154	29	
792	93	156	30	
793	93	2901	31	
794	93	1516	32	
795	93	1542	33	
796	42	1272	62	45 
797	42	2962	63	52 
798	93	2142	34	
799	93	1373	35	
800	93	2065	36	
801	93	1369	37	
802	93	591	38	
803	93	585	39	
804	93	2374	40	
805	93	2690	41	
806	93	1622	42	
807	93	2704	43	
808	93	1746	44	
809	93	1137	45	
810	93	305	46	
811	93	3000	47	
812	93	97	48	
813	93	802	49	
814	93	2343	50	
815	93	794	51	
816	93	870	52	
817	93	2191	53	
818	93	664	54	
819	93	2861	55	
820	93	1165	56	
821	93	2383	57	
822	93	231	58	
823	93	2297	59	
824	93	859	60	
825	93	376	61	
826	93	2434	62	
827	93	1677	63	
828	93	2628	64	
829	93	1707	65	
830	93	1979	66	
831	93	1284	67	
832	93	980	68	
833	93	2945	69	
834	42	961	64	18 
835	93	1804	70	
836	93	141	71	
837	93	996	72	
838	93	1196	73	
839	93	2296	74	
840	93	316	75	
841	93	1924	76	
842	93	2674	77	
843	93	2248	78	
844	42	935	65	84 
845	93	573	79	
846	93	716	80	
847	93	1748	81	
848	93	372	82	
849	93	2830	83	
850	93	1274	84	
851	93	204	85	
852	93	973	86	
853	93	2718	87	
854	93	2197	88	
855	93	548	89	
856	42	1402	66	83 
857	93	2568	90	
858	93	322	91	
859	93	1351	92	
860	93	2914	93	
861	93	1047	94	
862	93	1378	95	
863	93	2931	96	
864	93	2725	97	
865	42	1693	67	7 
866	93	2377	98	
867	93	253	99	
868	93	1685	100	
869	52	1696	1	
870	52	1075	2	
871	52	1414	3	
872	52	2784	4	
873	52	346	5	
874	52	2047	6	
875	52	2832	7	
876	52	1748	8	
877	52	2059	9	
878	52	1067	10	
879	52	470	11	
880	52	686	12	
881	52	2818	13	
882	52	267	14	
883	52	970	15	
884	52	2185	16	
885	52	2871	17	
886	52	500	18	
887	52	161	19	
888	52	1297	20	
889	52	46	21	
890	52	1620	22	
891	52	1746	23	
892	52	1995	24	
893	52	1654	25	
894	52	2639	26	
895	52	2506	27	
896	52	382	28	
897	52	792	29	
898	42	2985	2	15 24 
899	52	2877	30	
900	52	2793	31	
901	52	1326	32	
902	52	2307	33	
903	52	429	34	
904	52	912	35	
905	52	1889	36	
906	52	32	37	
907	52	140	38	
908	52	2540	39	
909	52	159	40	
910	52	1151	41	
911	52	981	42	
912	52	462	43	
913	52	2987	44	
914	52	350	45	
915	52	782	46	
916	52	980	47	
917	52	1852	48	
918	52	2047	49	
919	52	1132	50	
920	52	2319	51	
921	52	2954	52	
922	52	2042	53	
923	52	30	54	
924	52	1828	55	
925	52	767	56	
926	52	564	57	
927	52	447	58	
928	52	2643	59	
929	52	570	60	
930	52	994	61	
931	52	1555	62	
932	52	1972	63	
933	52	2603	64	
934	52	1814	65	
935	52	1963	66	
936	52	2426	67	
937	52	827	68	
938	52	3000	69	
939	52	1205	70	
940	52	1526	71	
941	52	587	72	
942	52	2064	73	
943	52	752	74	
944	52	1569	75	
945	52	2077	76	
946	52	1056	77	
947	52	2285	78	
948	52	527	79	
949	52	2867	80	
950	52	1797	81	
951	42	2292	68	11 
952	52	2012	82	
953	52	561	83	
954	52	2687	84	
955	52	2041	85	
956	52	646	86	
957	52	421	87	
958	52	2911	88	
959	52	1694	89	
960	52	2528	90	
961	42	2234	69	10 
962	52	1359	91	
963	52	1565	92	
964	52	1430	93	
965	52	1614	94	
966	52	1491	95	
967	52	1530	96	
968	52	2928	97	
969	52	2588	98	
970	52	283	99	
971	52	661	100	
972	87	786	1	
973	87	1678	2	
974	87	1241	3	
975	87	736	4	
976	87	557	5	
977	87	1485	6	
978	87	2098	7	
979	87	2565	8	
980	87	828	9	
981	87	923	10	
982	87	563	11	
983	87	2370	12	
984	87	892	13	
985	87	1775	14	
986	87	1136	15	
987	87	1640	16	
988	87	1501	17	
989	87	336	18	
990	87	1119	19	
991	87	666	20	
992	87	2322	21	
993	87	666	22	
994	42	969	70	31 
995	87	1995	23	
996	87	1403	24	
997	87	1931	25	
998	87	1329	26	
999	87	499	27	
1000	87	2889	28	
1001	87	253	29	
1002	87	785	30	
1003	87	213	31	
1004	87	6	32	
1005	87	2746	33	
1006	87	458	34	
1007	87	1422	35	
1008	87	521	36	
1009	87	1750	37	
1010	87	2324	38	
1011	87	2450	39	
1012	87	632	40	
1013	87	798	41	
1014	87	2281	42	
1015	87	2497	43	
1016	87	670	44	
1017	87	1713	45	
1018	87	709	46	
1019	42	1640	71	4 
1020	87	2196	47	
1021	87	1546	48	
1022	87	536	49	
1023	42	913	72	71 
1024	87	2955	50	
1025	87	1895	51	
1026	87	374	52	
1027	42	2972	73	76 
1028	87	1898	53	
1029	87	2463	54	
1030	87	2903	55	
1031	87	1804	56	
1032	87	1070	57	
1033	87	1186	58	
1034	87	251	59	
1035	87	476	60	
1036	87	987	61	
1037	87	500	62	
1038	87	2007	63	
1039	87	710	64	
1040	87	1052	65	
1041	87	1539	66	
1042	87	953	67	
1043	87	1965	68	
1044	87	357	69	
1045	87	2020	70	
1046	87	1168	71	
1047	87	2305	72	
1048	87	1409	73	
1049	87	1223	74	
1050	87	1695	75	
1051	87	1240	76	
1052	87	2901	77	
1053	87	2087	78	
1054	87	1783	79	
1055	42	2880	74	34 
1056	87	2264	80	
1057	87	740	81	
1058	87	1653	82	
1059	87	341	83	
1060	87	2092	84	
1061	87	215	85	
1062	87	1462	86	
1063	87	769	87	
1064	87	387	88	
1065	87	723	89	
1066	87	1460	90	
1067	87	2614	91	
1068	87	2913	92	
1069	87	1174	93	
1070	87	2888	94	
1071	87	1505	95	
1072	87	2525	96	
1073	42	280	75	36 
1074	87	1080	97	
1075	87	230	98	
1076	87	2387	99	
1077	87	2621	100	
1078	47	2846	1	
1079	47	2895	2	
1080	47	2660	3	
1081	47	2138	4	
1082	47	1283	5	
1083	47	2320	6	
1084	47	172	7	
1085	47	2314	8	
1086	47	898	9	
1087	47	1948	10	
1088	47	67	11	
1089	47	2715	12	
1090	42	531	76	92 
1091	47	2459	13	
1092	42	2006	77	60 
1093	47	2080	14	
1094	47	283	15	
1095	47	1961	16	
1096	47	1764	17	
1097	47	2138	18	
1098	42	400	3	34 83 
1099	47	1709	19	
1100	47	1236	20	
1101	47	1883	21	
1102	47	425	22	
1103	47	2308	23	
1104	47	1375	24	
1105	47	2601	25	
1106	47	78	26	
1107	47	2719	27	
1108	47	645	28	
1109	47	2310	29	
1110	47	212	30	
1111	47	117	31	
1112	47	2877	32	
1113	42	8	4	9 13 
1114	47	2156	33	
1115	47	245	34	
1116	47	388	35	
1117	47	1911	36	
1118	47	2100	37	
1119	47	1114	38	
1120	42	2548	78	31 
1121	47	2451	39	
1122	47	1389	40	
1123	47	2626	41	
1124	47	2677	42	
1125	47	616	43	
1126	47	2654	44	
1127	47	1404	45	
1128	47	1144	46	
1129	47	2622	47	
1130	47	1373	48	
1131	47	1449	49	
1132	47	2102	50	
1133	47	43	51	
1134	47	351	52	
1135	47	461	53	
1136	42	493	79	90 
1137	47	1633	54	
1138	47	1423	55	
1139	47	2291	56	
1140	47	144	57	
1141	47	1936	58	
1142	47	1933	59	
1143	47	935	60	
1144	47	161	61	
1145	47	586	62	
1146	47	2132	63	
1147	47	625	64	
1148	47	1255	65	
1149	47	703	66	
1150	47	2292	67	
1151	47	607	68	
1152	47	2415	69	
1153	47	865	70	
1154	47	2701	71	
1155	47	415	72	
1156	47	627	73	
1157	47	2630	74	
1158	47	1696	75	
1159	47	2372	76	
1160	47	470	77	
1161	47	1860	78	
1162	47	1897	79	
1163	42	1285	80	40 
1164	47	57	80	
1165	47	1260	81	
1166	47	2952	82	
1167	47	2219	83	
1168	47	2214	84	
1169	47	1409	85	
1170	47	1499	86	
1171	47	1831	87	
1172	47	1062	88	
1173	47	2401	89	
1174	47	31	90	
1175	47	198	91	
1176	47	1675	92	
1177	47	1398	93	
1178	47	754	94	
1179	47	1673	95	
1180	47	2646	96	
1181	47	2346	97	
1182	47	894	98	
1183	47	201	99	
1184	47	2593	100	
1185	49	1726	1	
1186	49	1835	2	
1187	49	246	3	
1188	49	1790	4	
1189	49	2030	5	
1190	49	649	6	
1191	49	18	7	
1192	42	2528	81	55 
1193	49	2203	8	
1194	49	2385	9	
1195	49	2013	10	
1196	49	1922	11	
1197	49	1170	12	
1198	49	697	13	
1199	49	2928	14	
1200	49	880	15	
1201	49	133	16	
1202	42	890	82	4 
1203	49	228	17	
1204	49	2768	18	
1205	49	2564	19	
1206	49	2604	20	
1207	49	1877	21	
1208	49	2107	22	
1209	49	2042	23	
1210	42	1810	83	72 
1211	49	838	24	
1212	49	2486	25	
1213	49	2998	26	
1214	49	2879	27	
1215	49	1291	28	
1216	49	1997	29	
1217	49	205	30	
1218	49	1776	31	
1219	49	2818	32	
1220	49	993	33	
1221	42	560	84	25 
1222	49	2239	34	
1223	49	581	35	
1224	49	1104	36	
1225	49	1882	37	
1226	49	439	38	
1227	49	1041	39	
1228	49	1780	40	
1229	49	1464	41	
1230	42	1903	85	3 
1231	49	1612	42	
1232	49	1785	43	
1233	49	1785	44	
1234	49	2849	45	
1235	42	2733	86	2 
1236	49	1339	46	
1237	49	1518	47	
1238	42	1868	87	16 
1239	49	1015	48	
1240	49	413	49	
1241	49	902	50	
1242	49	2122	51	
1243	49	1705	52	
1244	49	1120	53	
1245	49	807	54	
1246	49	2345	55	
1247	49	131	56	
1248	49	1547	57	
1249	49	1274	58	
1250	49	1783	59	
1251	49	2558	60	
1252	49	2941	61	
1253	49	477	62	
1254	49	1438	63	
1255	49	2535	64	
1256	49	1462	65	
1257	49	2642	66	
1258	49	2890	67	
1259	49	2385	68	
1260	49	1542	69	
1261	49	1052	70	
1262	49	619	71	
1263	49	1713	72	
1264	49	692	73	
1265	49	820	74	
1266	49	1294	75	
1267	49	2598	76	
1268	49	2423	77	
1269	49	1012	78	
1270	49	11	79	
1271	49	508	80	
1272	42	621	88	22 
1273	49	1879	81	
1274	49	109	82	
1275	49	2787	83	
1276	49	2379	84	
1277	49	927	85	
1278	49	1736	86	
1279	49	258	87	
1280	49	1778	88	
1281	49	2850	89	
1282	49	2240	90	
1283	49	653	91	
1284	49	1986	92	
1285	49	2683	93	
1286	49	2144	94	
1287	49	1421	95	
1288	49	969	96	
1289	49	1757	97	
1290	42	2872	89	33 
1291	49	1936	98	
1292	49	1023	99	
1293	49	35	100	
1294	30	2136	1	
1295	30	1482	2	
1296	30	731	3	
1297	30	1148	4	
1298	42	708	90	96 
1299	30	1969	5	
1300	30	2422	6	
1301	30	1394	7	
1302	30	1256	8	
1303	30	1599	9	
1304	30	2635	10	
1305	30	1472	11	
1306	30	1551	12	
1307	30	270	13	
1308	30	2129	14	
1309	30	1552	15	
1310	30	2415	16	
1311	42	712	91	16 
1312	30	2155	17	
1313	30	2150	18	
1314	30	1208	19	
1315	30	401	20	
1316	42	2566	92	72 
1317	30	2477	21	
1318	30	2082	22	
1319	42	2068	93	100 
1320	42	1530	94	63 
1321	30	2265	23	
1322	30	2437	24	
1323	30	2558	25	
1324	30	900	26	
1325	30	888	27	
1326	30	439	28	
1327	30	1497	29	
1328	30	1362	30	
1329	30	1792	31	
1330	30	615	32	
1331	30	1093	33	
1332	30	747	34	
1333	30	2362	35	
1334	30	433	36	
1335	30	2214	37	
1336	30	2323	38	
1337	30	1061	39	
1338	30	999	40	
1339	30	1609	41	
1340	30	2479	42	
1341	30	2106	43	
1342	30	2863	44	
1343	30	2438	45	
1344	30	149	46	
1345	30	688	47	
1346	30	2322	48	
1347	30	2090	49	
1348	30	1283	50	
1349	30	1018	51	
1350	30	2510	52	
1351	30	516	53	
1352	30	33	54	
1353	30	255	55	
1354	30	1497	56	
1355	30	6	57	
1356	30	2361	58	
1357	30	330	59	
1358	30	2341	60	
1359	30	626	61	
1360	42	140	95	41 
1361	30	2287	62	
1362	30	1867	63	
1363	30	1228	64	
1364	30	1379	65	
1365	30	1816	66	
1366	30	1586	67	
1367	30	693	68	
1368	30	2606	69	
1369	30	1983	70	
1370	30	1148	71	
1371	30	2984	72	
1372	30	971	73	
1373	30	41	74	
1374	30	1088	75	
1375	30	57	76	
1376	30	2787	77	
1377	30	522	78	
1378	30	2594	79	
1379	30	285	80	
1380	30	1872	81	
1381	30	2133	82	
1382	30	1709	83	
1383	30	646	84	
1384	30	489	85	
1385	30	368	86	
1386	30	2433	87	
1387	30	557	88	
1388	30	2946	89	
1389	30	1961	90	
1390	30	1049	91	
1391	30	2648	92	
1392	30	181	93	
1393	30	2245	94	
1394	30	932	95	
1395	30	281	96	
1396	30	2618	97	
1397	30	229	98	
1398	30	229	99	
1399	30	790	100	
1400	42	259	96	84 
1401	60	1513	1	
1402	60	1738	2	
1403	60	2195	3	
1404	60	2665	4	
1405	60	2888	5	
1406	60	227	6	
1407	60	1293	7	
1408	60	2612	8	
1409	42	2740	97	72 
1410	60	2317	9	
1411	60	962	10	
1412	60	1314	11	
1413	60	255	12	
1414	60	809	13	
1415	60	469	14	
1416	60	2735	15	
1417	60	2610	16	
1418	60	452	17	
1419	42	2763	98	70 
1420	60	745	18	
1421	60	2416	19	
1422	60	835	20	
1423	60	1662	21	
1424	60	1993	22	
1425	60	2803	23	
1426	60	473	24	
1427	60	2128	25	
1428	60	2575	26	
1429	60	2969	27	
1430	60	193	28	
1431	60	1073	29	
1432	60	2420	30	
1433	60	740	31	
1434	60	651	32	
1435	60	2264	33	
1436	60	1892	34	
1437	60	1811	35	
1438	60	453	36	
1439	60	2273	37	
1440	60	649	38	
1441	42	2108	99	87 
1442	60	1916	39	
1443	60	2123	40	
1444	42	2738	100	3 
1445	60	1962	41	
1446	60	2740	42	
1447	60	678	43	
1448	60	2482	44	
1449	60	40	45	
1450	60	1355	46	
1451	60	1299	47	
1452	60	774	48	
1453	60	2128	49	
1454	60	1068	50	
1455	60	1065	51	
1456	10	2858	1	87 
1457	60	544	52	
1458	60	2050	53	
1459	60	106	54	
1460	60	2045	55	
1461	60	2031	56	
1462	60	1352	57	
1463	60	1608	58	
1464	60	301	59	
1465	60	715	60	
1466	60	990	61	
1467	60	1150	62	
1468	60	2288	63	
1469	60	293	64	
1470	60	1340	65	
1471	60	2383	66	
1472	60	1763	67	
1473	60	271	68	
1474	60	2490	69	
1475	10	1774	2	80 
1476	60	2777	70	
1477	60	2212	71	
1478	60	2983	72	
1479	60	1966	73	
1480	60	2906	74	
1481	60	1977	75	
1482	60	910	76	
1483	10	2449	3	30 
1484	60	1622	77	
1485	60	2215	78	
1486	60	1031	79	
1487	60	2714	80	
1488	60	1349	81	
1489	60	517	82	
1490	60	781	83	
1491	60	2105	84	
1492	60	434	85	
1493	60	1545	86	
1494	60	380	87	
1495	60	2987	88	
1496	60	82	89	
1497	60	1544	90	
1498	60	1445	91	
1499	60	2478	92	
1500	60	2857	93	
1501	60	939	94	
1502	60	437	95	
1503	60	173	96	
1504	60	2879	97	
1505	60	2142	98	
1506	60	1602	99	
1507	60	146	100	
1508	67	1781	1	
1509	67	429	2	
1510	67	1681	3	
1511	67	903	4	
1512	67	827	5	
1513	10	1867	4	46 
1514	67	1196	6	
1515	67	1464	7	
1516	67	2046	8	
1517	67	1042	9	
1518	67	1812	10	
1519	67	2025	11	
1520	67	1653	12	
1521	67	210	13	
1522	67	702	14	
1523	67	2496	15	
1524	67	2666	16	
1525	67	1545	17	
1526	67	2980	18	
1527	67	620	19	
1528	67	399	20	
1529	67	582	21	
1530	67	2343	22	
1531	10	1881	5	12 
1532	10	2211	6	52 
1533	67	2525	23	
1534	67	23	24	
1535	67	589	25	
1536	67	1489	26	
1537	67	2463	27	
1538	67	257	28	
1539	67	1256	29	
1540	67	2384	30	
1541	67	2058	31	
1542	67	1780	32	
1543	67	1477	33	
1544	67	1598	34	
1545	67	1830	35	
1546	67	2614	36	
1547	67	1683	37	
1548	67	2950	38	
1549	67	234	39	
1550	67	1056	40	
1551	67	533	41	
1552	67	2804	42	
1553	67	747	43	
1554	67	2107	44	
1555	67	503	45	
1556	67	2738	46	
1557	67	1890	47	
1558	67	1155	48	
1559	67	1501	49	
1560	67	2041	50	
1561	67	1408	51	
1562	67	1878	53	
1563	67	326	52	
1564	67	246	54	
1565	67	1739	55	
1566	67	1942	56	
1567	67	1217	57	
1568	67	1136	58	
1569	67	453	59	
1570	67	1590	60	
1571	67	1682	61	
1572	67	928	62	
1573	67	1947	63	
1574	67	1818	64	
1575	67	468	65	
1576	67	2030	66	
1577	67	337	67	
1578	67	772	68	
1579	67	472	69	
1580	67	788	70	
1581	67	2958	71	
1582	67	62	72	
1583	67	2636	73	
1584	67	1494	74	
1585	67	2476	75	
1586	67	261	76	
1587	67	1735	77	
1588	67	1922	78	
1589	67	2067	79	
1590	67	1121	80	
1591	67	4	81	
1592	67	433	82	
1593	67	302	83	
1594	67	9	84	
1595	67	1488	85	
1596	67	918	86	
1597	67	587	87	
1598	67	2774	88	
1599	67	2833	89	
1600	67	1279	90	
1601	10	594	7	66 
1602	67	1441	91	
1603	67	1666	92	
1604	67	1881	93	
1605	67	734	94	
1606	67	36	95	
1607	67	701	96	
1608	67	2748	97	
1609	67	2353	98	
1610	67	1069	99	
1611	10	2651	8	60 
1612	67	1883	100	
1613	23	498	1	
1614	23	1793	2	
1615	23	727	3	
1616	23	2583	4	
1617	23	2373	5	
1618	23	1306	6	
1619	23	2432	7	
1620	23	1661	8	
1621	23	2395	9	
1622	23	2390	10	
1623	23	642	11	
1624	23	2731	12	
1625	23	586	13	
1626	23	331	14	
1627	23	291	15	
1628	23	215	16	
1629	23	1251	17	
1630	23	282	18	
1631	23	2545	19	
1632	23	2007	20	
1633	23	351	21	
1634	23	1115	22	
1635	23	594	23	
1636	23	2493	24	
1637	23	2176	25	
1638	23	950	26	
1639	23	428	27	
1640	23	584	28	
1641	23	2544	29	
1642	23	115	30	
1643	23	1360	31	
1644	23	601	32	
1645	23	2122	33	
1646	23	2111	34	
1647	23	2906	35	
1648	23	1450	36	
1649	23	1665	37	
1650	23	1457	38	
1651	23	826	39	
1652	23	1058	40	
1653	23	2016	41	
1654	23	1879	42	
1655	23	2720	43	
1656	23	2294	44	
1657	23	1590	45	
1658	23	2251	46	
1659	23	2011	47	
1660	23	1246	48	
1661	23	1654	49	
1662	23	2509	50	
1663	23	959	51	
1664	23	2033	53	
1665	23	328	52	
1666	23	1037	54	
1667	23	2052	55	
1668	23	385	56	
1669	10	1584	9	28 
1670	23	2747	57	
1671	23	1979	58	
1672	23	824	59	
1673	23	2992	60	
1674	23	1106	61	
1675	23	507	62	
1676	23	1806	63	
1677	23	839	64	
1678	23	1693	65	
1679	23	1049	66	
1680	23	2243	67	
1681	23	785	68	
1682	10	2056	10	22 
1683	23	404	69	
1684	23	1374	70	
1685	23	2457	71	
1686	23	41	72	
1687	23	2560	73	
1688	23	359	74	
1689	23	2157	75	
1690	23	1003	76	
1691	23	714	77	
1692	23	564	78	
1693	23	1387	79	
1694	23	1492	80	
1695	23	883	81	
1696	23	342	82	
1697	23	1859	83	
1698	23	2632	84	
1699	23	105	85	
1700	23	2988	86	
1701	23	2868	87	
1702	23	2102	88	
1703	23	2767	89	
1704	23	155	90	
1705	23	1232	91	
1706	23	1008	92	
1707	23	924	93	
1708	23	2920	94	
1709	23	537	95	
1710	23	2645	96	
1711	23	1484	97	
1712	23	1371	98	
1713	23	1181	99	
1714	23	692	100	
1715	10	1354	11	97 
1716	42	2655	5	43 86 
1717	68	1969	1	
1718	68	2274	2	
1719	68	2851	3	
1720	68	816	4	
1721	68	2193	5	
1722	68	1964	6	
1723	68	1704	7	
1724	68	1066	8	
1725	68	1962	9	
1726	68	1763	10	
1727	68	570	11	
1728	68	614	12	
1729	68	1185	13	
1730	10	925	12	37 
1731	10	1915	13	46 
1732	68	906	14	
1733	10	2892	14	10 
1734	68	1875	15	
1735	68	755	16	
1736	68	2839	17	
1737	68	452	18	
1738	68	2688	19	
1739	68	2192	20	
1740	68	1529	21	
1741	10	1820	15	58 
1742	68	1486	22	
1743	68	2584	23	
1744	68	1938	24	
1745	68	1515	25	
1746	68	2121	26	
1747	68	1608	27	
1748	68	2646	28	
1749	68	2983	29	
1750	68	1596	30	
1751	68	534	31	
1752	10	1376	16	88 
1753	68	1401	32	
1754	68	1295	33	
1755	68	2089	34	
1756	68	1861	35	
1757	68	302	36	
1758	68	2363	37	
1759	68	2211	38	
1760	68	957	39	
1761	68	2340	40	
1762	68	1337	41	
1763	68	1195	42	
1764	10	217	17	27 
1765	68	1772	43	
1766	68	2165	44	
1767	10	230	18	2 
1768	68	871	45	
1769	68	1395	46	
1770	68	1370	47	
1771	68	338	48	
1772	68	2715	49	
1773	10	2265	19	69 
1774	68	2316	50	
1775	68	411	51	
1776	68	2551	52	
1777	10	1815	20	20 
1778	68	619	53	
1779	68	106	55	
1780	10	853	21	61 
1781	68	119	54	
1782	68	1552	56	
1783	68	189	57	
1784	68	49	58	
1785	68	2833	59	
1786	68	1745	60	
1787	68	2167	61	
1788	68	1407	62	
1789	68	237	63	
1790	68	529	64	
1791	68	1103	65	
1792	68	1584	66	
1793	68	1588	67	
1794	68	661	68	
1795	68	2939	69	
1796	68	1633	70	
1797	68	1824	71	
1798	68	2284	72	
1799	68	2325	73	
1800	68	523	74	
1801	68	1487	75	
1802	68	1113	76	
1803	68	2814	77	
1804	10	2462	22	87 
1805	68	1287	78	
1806	68	884	79	
1807	68	2141	80	
1808	68	2045	81	
1809	68	273	82	
1810	68	1112	83	
1811	68	2526	84	
1812	68	137	85	
1813	68	331	86	
1814	68	486	87	
1815	68	177	88	
1816	68	553	89	
1817	68	366	90	
1818	68	199	91	
1819	10	250	23	85 
1820	68	1195	92	
1821	68	2626	93	
1822	68	2076	94	
1823	68	2691	95	
1824	68	2295	96	
1825	68	2580	97	
1826	68	36	98	
1827	68	1309	99	
1828	68	2613	100	
1829	57	1162	1	
1830	57	1180	2	
1831	57	2178	3	
1832	57	2134	4	
1833	10	2880	24	14 
1834	10	2427	25	34 
1835	57	98	5	
1836	57	147	6	
1837	57	2778	7	
1838	57	1231	8	
1839	57	316	9	
1840	57	2505	10	
1841	57	1343	11	
1842	57	1323	12	
1843	57	124	13	
1844	10	1647	26	100 
1845	10	111	27	70 
1846	57	445	14	
1847	57	2752	15	
1848	57	2933	16	
1849	10	1578	28	79 
1850	57	1950	17	
1851	57	962	18	
1852	57	512	19	
1853	57	620	20	
1854	57	286	21	
1855	57	526	22	
1856	57	1364	23	
1857	57	1974	24	
1858	57	1999	25	
1859	57	1509	26	
1860	57	1015	27	
1861	57	1212	28	
1862	57	1308	29	
1863	57	1871	30	
1864	57	2319	31	
1865	57	2245	32	
1866	57	46	33	
1867	57	2055	34	
1868	57	2851	35	
1869	57	1793	36	
1870	57	432	37	
1871	57	1670	38	
1872	57	184	39	
1873	57	2640	40	
1874	10	1874	29	71 
1875	57	833	41	
1876	57	456	42	
1877	10	2929	30	77 
1878	57	1678	43	
1879	57	17	44	
1880	57	1458	45	
1881	57	167	46	
1882	57	1765	47	
1883	57	275	48	
1884	57	2919	49	
1885	57	2681	50	
1886	57	2166	51	
1887	57	2504	52	
1888	57	575	53	
1889	57	1531	54	
1890	57	1616	55	
1891	57	754	56	
1892	57	2988	57	
1893	57	1217	58	
1894	57	2923	59	
1895	57	1899	60	
1896	57	2038	61	
1897	57	1346	62	
1898	57	843	63	
1899	57	1338	64	
1900	57	9	65	
1901	57	2287	66	
1902	57	107	67	
1903	57	1346	68	
1904	57	1260	69	
1905	57	1105	70	
1906	57	2933	71	
1907	57	49	72	
1908	57	355	73	
1909	57	2886	74	
1910	10	1685	31	35 
1911	57	2574	75	
1912	57	208	76	
1913	57	1487	77	
1914	10	958	32	11 
1915	57	2996	78	
1916	57	968	79	
1917	57	2087	80	
1918	57	1435	81	
1919	10	2866	33	30 
1920	57	772	82	
1921	57	2320	83	
1922	57	2861	84	
1923	57	268	85	
1924	57	648	86	
1925	10	427	34	62 
1926	57	1340	87	
1927	57	2993	88	
1928	57	2008	89	
1929	57	493	90	
1930	57	2707	91	
1931	57	1064	92	
1932	57	2553	93	
1933	57	2151	94	
1934	57	2597	95	
1935	57	308	96	
1936	57	2318	97	
1937	57	2247	98	
1938	57	2911	99	
1939	57	1198	100	
1940	41	419	1	
1941	41	1325	2	
1942	41	1395	3	
1943	41	146	4	
1944	41	2099	5	
1945	41	609	6	
1946	41	964	7	
1947	41	924	8	
1948	41	798	9	
1949	41	1343	10	
1950	41	927	11	
1951	41	2311	12	
1952	41	202	13	
1953	41	1928	14	
1954	41	1941	15	
1955	41	1152	16	
1956	41	1106	17	
1957	41	1769	18	
1958	41	830	19	
1959	41	72	20	
1960	41	1399	21	
1961	41	1202	22	
1962	41	2598	23	
1963	41	1601	24	
1964	41	2327	25	
1965	41	2549	26	
1966	41	2516	27	
1967	10	206	35	53 
1968	41	121	28	
1969	41	2443	29	
1970	41	2892	30	
1971	41	1945	31	
1972	41	1518	32	
1973	41	1183	33	
1974	41	1862	34	
1975	41	1188	35	
1976	41	248	36	
1977	41	2802	37	
1978	41	1461	38	
1979	41	932	39	
1980	41	984	40	
1981	10	1295	36	12 
1982	41	730	41	
1983	41	1421	42	
1984	41	2801	43	
1985	41	1623	44	
1986	41	2799	45	
1987	41	2992	46	
1988	41	2097	47	
1989	41	2391	48	
1990	41	1057	49	
1991	41	1559	50	
1992	41	1768	51	
1993	41	112	52	
1994	41	919	53	
1995	41	1400	54	
1996	41	231	55	
1997	41	759	56	
1998	41	2907	57	
1999	41	1628	58	
2000	41	2273	59	
2001	41	1956	60	
2002	41	881	61	
2003	41	2912	62	
2004	41	1281	63	
2005	41	76	64	
2006	41	2236	65	
2007	41	2533	66	
2008	41	673	67	
2009	41	2027	68	
2010	41	2814	69	
2011	41	2676	70	
2012	41	265	71	
2013	41	629	72	
2014	41	953	73	
2015	41	1613	74	
2016	41	1984	75	
2017	41	1609	76	
2018	41	1502	77	
2019	10	1729	37	93 
2020	41	48	78	
2021	41	853	79	
2022	41	347	80	
2023	41	1639	81	
2024	41	2572	82	
2025	41	880	83	
2026	41	733	84	
2027	41	2164	85	
2028	41	2813	86	
2029	41	1842	87	
2030	41	940	88	
2031	41	716	89	
2032	41	576	90	
2033	41	579	91	
2034	41	2534	92	
2035	41	604	93	
2036	41	2487	94	
2037	41	2541	95	
2038	41	603	96	
2039	41	133	97	
2040	41	2894	98	
2041	41	1718	99	
2042	41	583	100	
2043	20	2222	1	
2044	20	1211	2	
2045	20	1313	3	
2046	20	1589	4	
2047	20	1225	5	
2048	20	84	6	
2049	20	1339	7	
2050	20	2282	8	
2051	20	59	9	
2052	20	1278	10	
2053	20	1702	11	
2054	20	2432	12	
2055	20	2198	13	
2056	20	713	14	
2057	20	2364	15	
2058	20	34	16	
2059	20	1213	17	
2060	20	1114	18	
2061	20	2542	19	
2062	20	605	20	
2063	20	1519	21	
2064	10	1173	38	1 
2065	10	39	39	88 
2066	20	189	22	
2067	20	2105	23	
2068	10	719	40	63 
2069	20	1868	24	
2070	20	2990	25	
2071	20	1045	26	
2072	20	2368	27	
2073	20	108	28	
2074	20	2973	29	
2075	20	2869	30	
2076	20	2075	31	
2077	20	1204	32	
2078	20	1893	33	
2079	10	168	41	77 
2080	20	1116	34	
2081	20	1755	35	
2082	20	2467	36	
2083	20	1806	37	
2084	20	1451	38	
2085	20	2591	39	
2086	20	268	40	
2087	10	2838	42	17 
2088	20	2866	41	
2089	20	776	42	
2090	20	1065	43	
2091	20	2299	44	
2092	20	2838	45	
2093	20	308	46	
2094	10	136	43	
2095	10	211	44	44 
2096	20	696	47	
2097	20	1694	48	
2098	20	172	49	
2099	20	330	50	
2100	20	17	51	
2101	20	342	52	
2102	20	2237	53	
2103	10	463	45	42 
2104	20	2776	54	
2105	20	1752	55	
2106	20	936	56	
2107	20	2868	57	
2108	20	234	58	
2109	20	2634	59	
2110	20	2031	60	
2111	20	2722	61	
2112	20	79	62	
2113	20	2532	63	
2114	20	2602	64	
2115	20	1630	65	
2116	20	2423	66	
2117	20	1182	67	
2118	20	572	68	
2119	20	129	69	
2120	20	1587	70	
2121	20	1244	71	
2122	20	1321	72	
2123	20	595	73	
2124	20	1248	74	
2125	20	1424	75	
2126	20	1135	76	
2127	20	2165	77	
2128	20	2961	78	
2129	20	2931	79	
2130	20	2689	80	
2131	20	2443	81	
2132	20	454	82	
2133	20	1759	83	
2134	20	73	84	
2135	20	1207	85	
2136	20	1003	86	
2137	20	968	87	
2138	20	313	88	
2139	20	2836	89	
2140	20	1839	90	
2141	20	1525	91	
2142	10	1411	46	56 
2143	20	1913	92	
2144	20	1000	93	
2145	20	2783	94	
2146	20	669	95	
2147	20	2584	96	
2148	20	2638	97	
2149	20	352	98	
2150	20	966	99	
2151	10	1602	47	33 
2152	20	70	100	
2153	17	1612	1	
2154	10	2589	48	59 
2155	17	1144	2	
2156	17	1668	3	
2157	17	497	4	
2158	17	1371	5	
2159	17	1349	6	
2160	17	1946	7	
2161	17	1245	8	
2162	10	1126	49	14 
2163	17	47	9	
2164	17	2426	10	
2165	17	490	11	
2166	17	2324	12	
2167	17	872	13	
2168	17	2571	14	
2169	17	1595	15	
2170	17	2900	16	
2171	17	729	17	
2172	17	1089	18	
2173	17	1405	19	
2174	17	391	20	
2175	17	1186	21	
2176	17	1627	22	
2177	17	1595	23	
2178	17	2234	24	
2179	17	1090	25	
2180	17	708	26	
2181	17	455	27	
2182	17	1512	28	
2183	17	2694	29	
2184	17	355	30	
2185	17	1661	31	
2186	17	992	32	
2187	17	2594	33	
2188	10	1615	50	22 
2189	17	1527	34	
2190	17	1923	35	
2191	17	847	36	
2192	17	2143	37	
2193	17	1213	38	
2194	17	2435	39	
2195	17	2207	40	
2196	17	1443	41	
2197	17	2663	42	
2198	17	952	43	
2199	17	1825	44	
2200	17	1904	45	
2201	17	2060	46	
2202	17	1935	47	
2203	17	344	48	
2204	17	866	49	
2205	17	2679	50	
2206	17	1773	51	
2207	17	2455	52	
2208	17	1394	53	
2209	17	1918	54	
2210	17	1833	55	
2211	17	1460	56	
2212	10	790	51	23 
2213	17	1644	57	
2214	17	2157	58	
2215	17	1269	59	
2216	17	2255	60	
2217	17	338	61	
2218	17	1947	62	
2219	17	1990	63	
2220	17	1872	64	
2221	17	247	65	
2222	17	792	66	
2223	17	2430	67	
2224	17	74	68	
2225	17	104	69	
2226	17	2361	70	
2227	17	2250	71	
2228	17	2438	72	
2229	17	2615	73	
2230	17	248	74	
2231	10	2059	52	19 
2232	17	806	75	
2233	17	2422	76	
2234	10	546	53	99 
2235	17	1890	77	
2236	17	1022	78	
2237	17	2898	79	
2238	17	822	80	
2239	17	2093	81	
2240	17	602	82	
2241	17	1816	83	
2242	17	670	84	
2243	17	443	85	
2244	17	2568	86	
2245	17	1743	87	
2246	17	1993	88	
2247	17	1965	89	
2248	17	2	90	
2249	17	2092	91	
2250	17	2480	92	
2251	17	2956	93	
2252	17	1826	94	
2253	17	681	95	
2254	17	2439	96	
2255	17	911	97	
2256	10	277	54	26 
2257	17	395	98	
2258	17	634	99	
2259	17	145	100	
2260	70	1954	1	
2261	70	1689	2	
2262	70	1453	3	
2263	70	1940	4	
2264	70	1844	5	
2265	70	2008	6	
2266	70	5	7	
2267	70	1740	8	
2268	10	2632	55	42 
2269	70	2303	9	
2270	70	531	10	
2271	70	33	11	
2272	70	382	12	
2273	70	2783	13	
2274	70	2017	14	
2275	70	1096	15	
2276	70	2736	16	
2277	70	2202	17	
2278	70	2737	18	
2279	70	278	19	
2280	70	423	20	
2281	70	1449	21	
2282	70	2247	22	
2283	70	1445	23	
2284	70	2769	24	
2285	70	776	25	
2286	70	1194	26	
2287	70	551	27	
2288	70	2417	28	
2289	70	1485	29	
2290	70	783	30	
2291	70	236	31	
2292	70	2381	32	
2293	70	2338	33	
2294	70	2146	34	
2295	70	2080	35	
2296	70	11	36	
2297	10	196	56	48 
2298	70	1235	37	
2299	70	1667	38	
2300	10	1999	57	43 
2301	70	1729	39	
2302	70	332	40	
2303	70	2609	41	
2304	70	1038	42	
2305	70	2091	43	
2306	70	871	44	
2307	70	734	45	
2308	70	2094	46	
2309	70	2073	47	
2310	70	101	48	
2311	70	1187	49	
2312	70	1039	50	
2313	70	2981	51	
2314	70	770	52	
2315	70	1368	53	
2316	70	1788	54	
2317	70	1866	55	
2318	70	2543	56	
2319	70	1983	57	
2320	10	224	58	23 
2321	70	1001	58	
2322	70	1068	59	
2323	70	2132	60	
2324	70	2968	61	
2325	70	1519	62	
2326	70	2002	63	
2327	70	632	64	
2328	70	2977	65	
2329	10	107	59	60 
2330	70	1523	66	
2331	70	2672	67	
2332	70	1650	68	
2333	70	307	69	
2334	70	2608	70	
2335	70	1342	71	
2336	70	2903	72	
2337	70	2457	73	
2338	70	2336	74	
2339	10	2608	60	48 
2340	70	1989	75	
2341	70	2945	76	
2342	70	2860	77	
2343	70	764	78	
2344	70	1133	79	
2345	70	903	80	
2346	70	2732	81	
2347	70	2729	82	
2348	70	606	83	
2349	70	1779	84	
2350	70	1753	85	
2351	70	2980	86	
2352	70	720	87	
2353	70	2874	88	
2354	70	1719	89	
2355	70	1718	90	
2356	70	1526	91	
2357	70	458	92	
2358	70	1737	93	
2359	70	501	94	
2360	70	1478	95	
2361	10	918	61	81 
2362	70	2063	96	
2363	10	371	62	100 
2364	70	1189	97	
2365	70	749	98	
2366	70	1744	99	
2367	70	2724	100	
2368	90	946	1	
2369	90	824	2	
2370	90	2586	3	
2371	90	2064	4	
2372	90	2975	5	
2373	90	1290	6	
2374	90	1359	7	
2375	90	1913	8	
2376	90	2346	9	
2377	90	1984	10	
2378	90	1402	11	
2379	90	1067	12	
2380	90	2193	13	
2381	90	362	14	
2382	90	1157	15	
2383	90	1569	16	
2384	90	1767	17	
2385	90	842	18	
2386	90	937	19	
2387	90	870	20	
2388	90	2419	21	
2389	90	1477	22	
2390	90	446	23	
2391	90	2974	24	
2392	90	2329	25	
2393	90	780	26	
2394	90	1928	27	
2395	90	660	28	
2396	10	837	63	91 
2397	90	1795	29	
2398	90	703	30	
2399	90	503	31	
2400	90	459	32	
2401	90	741	33	
2402	90	2910	34	
2403	90	52	35	
2404	90	788	36	
2405	10	1316	64	88 
2406	90	1307	37	
2407	90	2395	38	
2408	90	99	39	
2409	90	970	40	
2410	90	706	41	
2411	90	2545	42	
2412	90	2852	43	
2413	90	1956	44	
2414	90	1743	45	
2415	90	2146	46	
2416	10	2431	65	1 
2417	90	340	47	
2418	90	753	48	
2419	90	340	49	
2420	90	2467	50	
2421	90	1026	51	
2422	90	1145	52	
2423	90	1051	53	
2424	90	179	54	
2425	90	1241	55	
2426	90	691	56	
2427	90	1410	57	
2428	90	1951	58	
2429	90	2282	59	
2430	90	271	60	
2431	90	700	61	
2432	90	1020	62	
2433	90	2729	63	
2434	90	1215	64	
2435	90	1193	65	
2436	90	2978	66	
2437	90	1296	67	
2438	90	1898	68	
2439	90	2392	69	
2440	90	1012	70	
2441	90	2876	71	
2442	90	195	72	
2443	90	1414	73	
2444	90	1410	74	
2445	90	2995	75	
2446	90	1674	76	
2447	90	1791	77	
2448	90	2693	78	
2449	90	1448	79	
2450	90	1606	80	
2451	90	2789	81	
2452	90	1230	82	
2453	90	2274	83	
2454	90	1367	84	
2455	90	444	85	
2456	90	813	86	
2457	90	480	87	
2458	90	2848	88	
2459	90	2857	89	
2460	90	114	90	
2461	90	800	91	
2462	90	422	92	
2463	90	54	93	
2464	90	857	94	
2465	90	99	95	
2466	90	618	96	
2467	90	958	97	
2468	90	1261	98	
2469	90	889	99	
2470	90	2189	100	
2471	45	2537	1	
2472	45	535	2	
2473	45	2605	3	
2474	10	2586	66	35 
2475	45	2285	4	
2476	45	2299	5	
2477	45	1356	6	
2478	45	208	7	
2479	45	1392	8	
2480	45	2327	9	
2481	45	2721	10	
2482	45	2620	11	
2483	45	675	12	
2484	45	1420	13	
2485	10	2414	67	62 
2486	45	438	14	
2487	45	2228	15	
2488	45	957	16	
2489	10	1167	68	81 
2490	45	1731	17	
2491	45	715	18	
2492	45	2567	19	
2493	45	1770	20	
2494	45	2773	21	
2495	45	2179	22	
2496	45	2539	23	
2497	45	48	24	
2498	45	920	25	
2499	45	2225	26	
2500	45	400	27	
2501	45	270	28	
2502	45	2015	29	
2503	45	2512	30	
2504	45	2727	31	
2505	45	264	32	
2506	45	1284	33	
2507	45	1048	34	
2508	45	1375	35	
2509	45	177	36	
2510	45	674	37	
2511	45	996	38	
2512	45	2647	39	
2513	45	367	40	
2514	45	1740	41	
2515	45	1243	42	
2516	45	396	43	
2517	45	1621	44	
2518	45	2100	45	
2519	45	2809	46	
2520	10	2335	69	77 
2521	45	2009	47	
2522	45	2551	48	
2523	45	526	49	
2524	45	424	50	
2525	45	1687	51	
2526	45	2389	52	
2527	45	1117	53	
2528	45	1327	54	
2529	45	829	55	
2530	45	2272	56	
2531	45	1631	57	
2532	45	1880	58	
2533	45	490	59	
2534	45	1805	60	
2535	45	323	61	
2536	45	2530	62	
2537	45	2547	63	
2538	45	2262	64	
2539	45	55	65	
2540	45	2813	66	
2541	45	2066	67	
2542	45	1776	68	
2543	45	1885	69	
2544	45	1473	70	
2545	10	1643	70	83 
2546	45	1336	71	
2547	45	1384	72	
2548	45	2943	73	
2549	45	2331	74	
2550	45	2641	75	
2551	45	2958	76	
2552	45	1236	77	
2553	45	2171	78	
2554	45	2384	79	
2555	45	1338	80	
2556	45	2600	81	
2557	45	1601	82	
2558	45	391	83	
2559	45	135	84	
2560	45	410	85	
2561	45	689	86	
2562	45	1467	87	
2563	45	566	88	
2564	10	2046	71	11 
2565	45	2378	89	
2566	45	1538	90	
2567	10	311	72	30 
2568	45	2760	91	
2569	45	2702	92	
2570	45	118	93	
2571	45	2315	94	
2572	45	2315	95	
2573	45	74	96	
2574	45	348	97	
2575	45	2382	98	
2576	45	1665	99	
2577	45	799	100	
2578	46	2197	1	
2579	46	921	2	
2580	46	2420	3	
2581	46	1333	4	
2582	46	71	5	
2583	46	2151	6	
2584	46	1933	7	
2585	46	1676	8	
2586	46	1862	9	
2587	46	1988	10	
2588	46	2126	11	
2589	46	2190	12	
2590	46	595	13	
2591	46	1281	14	
2592	46	442	15	
2593	46	1036	16	
2594	46	1218	17	
2595	46	994	18	
2596	46	2941	19	
2597	46	465	20	
2598	46	1632	21	
2599	46	2067	22	
2600	46	237	23	
2601	46	1400	24	
2602	46	1146	25	
2603	46	1235	26	
2604	46	1455	27	
2605	46	509	28	
2606	46	1278	29	
2607	46	1499	30	
2608	46	1007	31	
2609	46	1963	32	
2610	46	2492	33	
2611	46	787	34	
2612	46	1102	35	
2613	46	2917	36	
2614	46	2567	37	
2615	46	640	38	
2616	46	2668	39	
2617	46	1258	40	
2618	46	2231	41	
2619	46	1908	42	
2620	46	2874	43	
2621	46	1808	44	
2622	46	18	45	
2623	10	327	73	85 
2624	10	695	74	26 
2625	46	2834	46	
2626	46	628	47	
2627	46	2697	48	
2628	46	1345	49	
2629	46	698	50	
2630	46	638	51	
2631	46	2083	52	
2632	46	1935	53	
2633	46	1522	54	
2634	46	1870	55	
2635	46	546	56	
2636	46	2301	57	
2637	46	1200	58	
2638	46	2794	59	
2639	46	1846	60	
2640	46	2731	61	
2641	46	319	62	
2642	46	1919	63	
2643	46	50	64	
2644	10	2669	75	41 
2645	46	541	65	
2646	46	1617	66	
2647	46	2746	67	
2648	46	2595	68	
2649	46	1674	69	
2650	46	1662	70	
2651	46	800	71	
2652	46	2947	72	
2653	46	171	73	
2654	46	2531	74	
2655	46	770	75	
2656	46	2622	76	
2657	46	281	77	
2658	46	2616	78	
2659	46	2419	79	
2660	46	1178	80	
2661	46	1762	81	
2662	10	1814	76	47 
2663	46	1680	82	
2664	46	866	83	
2665	46	1625	84	
2666	10	2707	77	48 
2667	46	2918	85	
2668	46	1239	86	
2669	46	2029	87	
2670	46	2596	88	
2671	46	1252	89	
2672	46	1417	90	
2673	46	1504	91	
2674	46	1135	92	
2675	46	2834	93	
2676	46	1317	94	
2677	46	2550	95	
2678	46	1670	96	
2679	46	2484	97	
2680	46	2288	98	
2681	46	85	99	
2682	10	618	78	18 
2683	46	784	100	
2684	66	216	1	
2685	66	1700	2	
2686	66	2926	3	
2687	66	987	4	
2688	66	528	5	
2689	66	1660	6	
2690	66	2730	7	
2691	66	2137	8	
2692	66	1228	9	
2693	66	718	10	
2694	66	159	11	
2695	66	1396	12	
2696	66	2631	13	
2697	66	750	14	
2698	66	1143	15	
2699	10	275	79	24 
2700	10	1207	80	52 
2701	66	1388	16	
2702	66	2913	17	
2703	66	1309	18	
2704	66	19	19	
2705	66	100	20	
2706	66	947	21	
2707	66	1579	22	
2708	66	2509	23	
2709	66	1192	24	
2710	66	746	25	
2711	66	280	26	
2712	66	1116	27	
2713	66	416	28	
2714	66	1086	29	
2715	66	930	30	
2716	66	2836	31	
2717	66	554	32	
2718	66	1107	33	
2719	66	1515	34	
2720	66	565	35	
2721	10	1846	81	50 
2722	66	390	36	
2723	66	1193	37	
2724	66	2200	38	
2725	66	1353	39	
2726	10	1212	82	19 
2727	66	1176	40	
2728	66	1524	41	
2729	66	2837	42	
2730	10	2363	83	79 
2731	66	111	43	
2732	66	2587	44	
2733	66	479	45	
2734	66	2922	46	
2735	66	2095	47	
2736	66	1454	48	
2737	10	751	84	84 
2738	66	369	49	
2739	66	737	50	
2740	66	2406	51	
2741	66	2949	52	
2742	66	690	53	
2743	66	1873	54	
2744	66	2424	55	
2745	66	76	56	
2746	66	1844	57	
2747	66	459	58	
2748	66	2654	59	
2749	66	2487	60	
2750	66	410	61	
2751	66	2306	62	
2752	66	157	63	
2753	66	2119	64	
2754	66	1249	65	
2755	66	2585	66	
2756	66	2601	67	
2757	66	1854	68	
2758	66	659	69	
2759	66	2821	70	
2760	10	2564	85	14 
2761	66	14	71	
2762	66	2291	72	
2763	66	728	73	
2764	66	1958	74	
2765	66	423	75	
2766	66	1767	76	
2767	66	1066	77	
2768	66	2905	78	
2769	10	2965	86	87 
2770	66	456	79	
2771	66	1163	80	
2772	66	580	81	
2773	66	520	82	
2774	66	2483	83	
2775	66	44	84	
2776	66	1900	85	
2777	66	1174	86	
2778	66	890	87	
2779	66	2182	88	
2780	66	2226	89	
2781	66	1853	90	
2782	66	2191	91	
2783	66	1289	92	
2784	66	2481	93	
2785	10	875	87	15 
2786	66	2251	94	
2787	66	2855	95	
2788	66	1684	96	
2789	66	2005	97	
2790	66	2753	98	
2791	66	1895	99	
2792	66	1467	100	
2793	10	928	88	29 
2794	6	2955	1	
2795	6	100	2	
2796	6	1064	3	
2797	6	777	4	
2798	6	1489	5	
2799	6	2334	6	
2800	6	2844	7	
2801	6	2230	8	
2802	6	1619	9	
2803	6	2753	10	
2804	10	95	89	13 
2805	6	2773	11	
2806	6	152	12	
2807	6	1788	13	
2808	6	1761	14	
2809	6	241	15	
2810	6	1786	16	
2811	6	600	17	
2812	6	735	18	
2813	6	3	19	
2814	6	2261	20	
2815	6	2156	21	
2816	6	444	22	
2817	6	349	23	
2818	6	2221	24	
2819	6	554	25	
2820	6	887	26	
2821	6	1279	27	
2822	6	814	28	
2823	6	2342	29	
2824	6	2603	30	
2825	6	143	31	
2826	6	2797	32	
2827	6	1658	33	
2828	6	773	34	
2829	6	71	35	
2830	6	507	36	
2831	6	1282	37	
2832	6	612	38	
2833	6	2018	39	
2834	6	2665	40	
2835	6	1486	41	
2836	6	2565	42	
2837	6	598	43	
2838	6	1085	44	
2839	6	1031	45	
2840	6	2337	46	
2841	6	588	47	
2842	6	1865	48	
2843	6	1156	49	
2844	6	2279	50	
2845	6	277	51	
2846	6	1061	52	
2847	6	117	53	
2848	6	203	54	
2849	6	2342	55	
2850	6	761	56	
2851	6	899	57	
2852	6	864	58	
2853	6	329	59	
2854	6	1249	60	
2855	6	1127	61	
2856	6	2352	62	
2857	6	916	63	
2858	6	1022	64	
2859	6	1512	65	
2860	6	1998	66	
2861	6	1131	67	
2862	6	2772	68	
2863	6	2716	69	
2864	6	279	70	
2865	6	485	71	
2866	6	1941	72	
2867	6	1548	73	
2868	6	2801	74	
2869	6	2974	75	
2870	6	365	76	
2871	6	494	77	
2872	10	130	90	3 
2873	6	710	78	
2874	6	52	79	
2875	6	2811	80	
2876	6	1567	81	
2877	6	1849	82	
2878	6	1650	83	
2879	6	1630	84	
2880	6	2337	85	
2881	6	2055	86	
2882	6	1009	87	
2883	6	2960	88	
2884	6	1087	89	
2885	6	2643	90	
2886	10	39	91	78 
2887	6	1494	91	
2888	6	1350	92	
2889	6	1727	93	
2890	6	1047	95	
2891	6	693	94	
2892	6	818	96	
2893	6	1291	97	
2894	6	2884	98	
2895	6	965	99	
2896	6	2123	100	
2897	81	773	1	
2898	81	1943	2	
2899	81	1625	3	
2900	81	1483	4	
2901	81	1886	5	
2902	81	2025	6	
2903	81	245	7	
2904	81	1385	8	
2905	81	278	9	
2906	81	295	10	
2907	10	352	92	57 
2908	81	482	11	
2909	81	461	12	
2910	81	2410	13	
2911	81	2409	14	
2912	81	1624	15	
2913	81	2791	16	
2914	81	885	17	
2915	81	1271	18	
2916	81	517	19	
2917	81	1614	20	
2918	81	2580	21	
2919	81	1588	22	
2920	81	1085	23	
2921	81	1967	24	
2922	81	648	25	
2923	81	260	26	
2924	81	1850	27	
2925	81	797	28	
2926	81	1287	29	
2927	81	239	30	
2928	81	949	31	
2929	81	1333	32	
2930	81	249	33	
2931	81	2926	34	
2932	81	2478	35	
2933	81	158	36	
2934	81	2095	37	
2935	81	2881	38	
2936	81	2653	39	
2937	81	1583	40	
2938	81	61	41	
2939	81	258	42	
2940	10	164	93	24 
2941	81	2636	43	
2942	81	846	44	
2943	81	1290	45	
2944	81	2321	46	
2945	81	2899	47	
2946	81	2149	48	
2947	81	14	49	
2948	81	654	50	
2949	81	164	51	
2950	81	869	52	
2951	81	2068	53	
2952	81	1345	54	
2953	81	2650	55	
2954	81	2005	56	
2955	81	378	57	
2956	81	1570	58	
2957	81	92	59	
2958	81	2075	60	
2959	81	1246	61	
2960	81	1250	62	
2961	81	985	63	
2962	81	1108	64	
2963	81	2402	65	
2964	81	1404	66	
2965	81	1311	67	
2966	81	2450	68	
2967	81	2998	69	
2968	81	530	70	
2969	81	861	71	
2970	81	2336	72	
2971	81	2341	73	
2972	81	1760	74	
2973	81	1233	75	
2974	81	1381	76	
2975	81	1730	77	
2976	81	2513	78	
2977	81	1079	79	
2978	81	2263	80	
2979	81	966	81	
2980	81	532	82	
2981	81	1715	83	
2982	81	171	84	
2983	81	2254	85	
2984	81	87	86	
2985	81	1429	87	
2986	81	1221	88	
2987	81	134	89	
2988	81	2537	90	
2989	81	829	91	
2990	81	2500	92	
2991	81	541	93	
2992	81	572	94	
2993	81	1525	95	
2994	81	125	96	
2995	81	508	97	
2996	81	1636	98	
2997	81	696	99	
2998	81	370	100	
2999	65	1438	1	
3000	10	801	94	52 
3001	65	1058	2	
3002	65	2504	3	
3003	10	474	95	69 
3004	65	1551	4	
3005	65	671	5	
3006	65	1365	6	
3007	65	660	7	
3008	65	1576	8	
3009	65	1749	9	
3010	65	905	10	
3011	65	621	11	
3012	65	495	12	
3013	65	2800	13	
3014	65	492	14	
3015	65	528	15	
3016	65	1225	16	
3017	65	1348	17	
3018	65	1514	18	
3019	65	175	19	
3020	65	1603	20	
3021	65	809	21	
3022	65	636	22	
3023	65	497	23	
3024	65	398	24	
3025	65	1721	25	
3026	65	376	26	
3027	65	401	27	
3028	65	2637	28	
3029	65	1582	29	
3030	65	1869	30	
3031	65	147	31	
3032	65	1032	32	
3033	65	127	33	
3034	65	2854	34	
3035	65	2271	35	
3036	65	2566	36	
3037	65	544	37	
3038	65	2388	38	
3039	65	2923	39	
3040	65	1311	40	
3041	65	2799	41	
3042	65	2275	42	
3043	65	804	43	
3044	65	2760	44	
3045	65	797	45	
3046	65	904	46	
3047	65	2832	47	
3048	65	749	48	
3049	65	2651	49	
3050	65	96	50	
3051	65	1471	51	
3052	65	1104	52	
3053	65	1561	53	
3054	65	612	54	
3055	65	2611	55	
3056	65	2917	56	
3057	65	2004	57	
3058	65	1248	58	
3059	65	187	59	
3060	65	228	60	
3061	65	1268	61	
3062	65	2848	62	
3063	65	407	63	
3064	65	2944	64	
3065	65	2119	65	
3066	65	1818	66	
3067	65	974	67	
3068	65	21	68	
3069	65	2329	69	
3070	65	1585	70	
3071	65	306	71	
3072	65	2114	72	
3073	65	1102	73	
3074	65	2258	74	
3075	65	2519	75	
3076	65	2398	76	
3077	65	2661	77	
3078	65	615	78	
3079	10	2745	96	12 
3080	65	262	79	
3081	65	2894	80	
3082	65	1547	81	
3083	65	2907	82	
3084	10	384	97	97 
3085	10	1110	98	86 
3086	65	1237	83	
3087	65	2360	84	
3088	65	1921	85	
3089	65	2717	86	
3090	65	1145	87	
3091	65	720	88	
3092	65	807	89	
3093	65	1841	90	
3094	65	2507	91	
3095	65	2823	92	
3096	65	293	93	
3097	65	1843	94	
3098	65	954	95	
3099	65	2827	96	
3100	65	1147	97	
3101	65	386	98	
3102	65	2490	99	
3103	65	2976	100	
3104	51	1080	1	
3105	51	1859	2	
3106	51	1026	3	
3107	51	2489	4	
3108	51	999	5	
3109	51	2808	6	
3110	51	1617	7	
3111	51	2011	8	
3112	51	1810	9	
3113	51	806	10	
3114	51	675	11	
3115	51	1125	12	
3116	51	183	13	
3117	51	223	14	
3118	51	974	15	
3119	51	606	16	
3120	10	175	99	40 
3121	51	2963	17	
3122	51	2910	18	
3123	51	1043	19	
3124	51	2839	20	
3125	51	1403	21	
3126	51	296	22	
3127	51	1431	23	
3128	10	358	100	76 
3129	51	191	24	
3130	51	832	25	
3131	51	511	26	
3132	51	1716	27	
3133	51	2870	28	
3134	51	551	29	
3135	51	902	30	
3136	51	2306	31	
3137	51	1915	32	
3138	51	1036	33	
3139	51	2865	34	
3140	51	1060	35	
3141	51	1991	36	
3142	51	1732	37	
3143	51	2770	38	
3144	51	1239	39	
3145	51	767	40	
3146	51	2517	41	
3147	51	1151	42	
3148	51	742	43	
3149	51	1237	44	
3150	51	1372	45	
3151	51	1772	46	
3152	51	112	47	
3153	51	276	48	
3154	51	1669	49	
3155	51	476	50	
3156	51	893	51	
3157	51	1134	52	
3158	51	1747	53	
3159	51	2233	54	
3160	36	836	1	59 
3161	51	786	55	
3162	51	1258	56	
3163	51	1348	57	
3164	51	1632	58	
3165	51	1644	59	
3166	36	1561	2	93 
3167	51	558	60	
3168	51	1488	61	
3169	51	2403	62	
3170	51	2855	63	
3171	51	2588	64	
3172	51	1298	65	
3173	51	2519	66	
3174	51	1803	67	
3175	51	2860	68	
3176	51	1269	69	
3177	51	2480	70	
3178	51	242	71	
3179	51	1834	72	
3180	51	1787	73	
3181	51	1750	74	
3182	51	922	75	
3183	51	2460	76	
3184	51	878	77	
3185	51	1342	78	
3186	51	2583	79	
3187	51	2775	80	
3188	51	169	81	
3189	51	289	82	
3190	51	1164	83	
3191	51	58	84	
3192	51	431	85	
3193	51	2456	86	
3194	51	2932	87	
3195	51	926	88	
3196	51	322	89	
3197	51	2312	90	
3198	51	1874	91	
3199	51	787	92	
3200	51	532	93	
3201	36	1468	3	46 
3202	51	2573	94	
3203	51	513	95	
3204	51	964	96	
3205	51	1436	97	
3206	51	2872	98	
3207	51	2099	99	
3208	51	2365	100	
3209	84	1657	2	
3210	84	2921	1	
3211	84	1142	3	
3212	84	2882	4	
3213	84	1502	5	
3214	84	659	6	
3215	84	1177	7	
3216	84	1479	8	
3217	36	34	4	80 
3218	84	488	9	
3219	84	16	10	
3220	84	128	11	
3221	84	1334	12	
3222	84	712	13	
3223	84	1011	14	
3224	84	1762	15	
3225	84	385	16	
3226	84	1124	17	
3227	84	1019	18	
3228	36	1300	5	94 
3229	84	1157	19	
3230	84	1500	20	
3231	84	1581	21	
3232	84	2229	22	
3233	84	603	23	
3234	84	1589	24	
3235	84	319	25	
3236	84	2900	26	
3237	84	1577	27	
3238	84	2581	28	
3239	84	931	29	
3240	84	1876	30	
3241	84	1337	31	
3242	84	2664	32	
3243	84	2169	33	
3244	36	2904	6	38 
3245	36	2518	7	27 
3246	84	2225	34	
3247	84	1858	35	
3248	84	190	36	
3249	84	563	37	
3250	84	1730	38	
3251	84	1524	39	
3252	36	793	8	8 
3253	84	757	40	
3254	42	864	6	25 34 
3255	84	1711	41	
3256	84	1051	42	
3257	84	745	43	
3258	84	238	44	
3259	84	908	45	
3260	84	2843	46	
3261	84	1663	47	
3262	84	60	48	
3263	84	1770	49	
3264	84	623	50	
3265	84	700	51	
3266	84	750	52	
3267	84	1079	53	
3268	84	1054	54	
3269	84	1096	55	
3270	84	291	56	
3271	84	2837	57	
3272	84	851	58	
3273	84	2403	59	
3274	36	339	9	16 
3275	84	1444	60	
3276	84	1858	61	
3277	84	1703	62	
3278	84	1651	63	
3279	84	181	64	
3280	84	1422	65	
3281	84	126	66	
3282	84	21	67	
3283	84	2705	68	
3284	84	549	69	
3285	36	345	10	15 
3286	84	677	70	
3287	84	2043	71	
3288	84	2028	72	
3289	84	1768	73	
3290	84	424	74	
3291	84	2400	75	
3292	84	256	76	
3293	84	2847	77	
3294	84	1119	78	
3295	84	609	79	
3296	84	26	80	
3297	84	2977	81	
3298	36	2414	11	6 
3299	84	1107	82	
3300	84	2842	83	
3301	84	2529	84	
3302	84	1838	85	
3303	84	1154	86	
3304	84	2962	87	
3305	84	2775	88	
3306	84	29	89	
3307	84	2970	90	
3308	84	1456	91	
3309	84	2693	92	
3310	84	2177	93	
3311	84	1390	94	
3312	84	2964	95	
3313	84	63	96	
3314	84	2162	97	
3315	84	1474	98	
3316	84	1112	99	
3317	84	2454	100	
3318	92	1669	1	
3319	92	2508	2	
3320	92	1378	3	
3321	92	361	4	
3322	92	1537	5	
3323	36	1302	12	100 
3324	92	2520	6	
3325	92	1839	7	
3326	92	269	8	
3327	92	412	9	
3328	92	1386	10	
3329	36	2070	13	82 
3330	92	2458	11	
3331	92	959	12	
3332	92	1161	13	
3333	92	2863	14	
3334	92	1791	15	
3335	92	1563	16	
3336	92	1990	17	
3337	92	102	18	
3338	92	2713	19	
3339	92	185	20	
3340	92	1233	21	
3341	92	2706	22	
3342	36	441	14	98 
3343	92	2035	23	
3344	92	2213	24	
3345	92	1280	25	
3346	92	1358	26	
3347	92	2425	27	
3348	92	1646	28	
3349	92	64	29	
3350	92	1120	30	
3351	92	744	31	
3352	92	2439	32	
3353	92	537	33	
3354	92	1777	34	
3355	92	491	35	
3356	92	1960	36	
3357	92	2022	37	
3358	92	667	38	
3359	92	680	39	
3360	92	682	40	
3361	92	404	41	
3362	92	430	42	
3363	92	802	43	
3364	92	2518	44	
3365	92	1628	45	
3366	92	2726	46	
3367	92	2682	47	
3368	92	724	48	
3369	92	451	49	
3370	92	1994	50	
3371	92	1970	51	
3372	92	1557	52	
3373	92	1480	53	
3374	92	834	54	
3375	92	2290	55	
3376	92	876	56	
3377	92	1030	57	
3378	92	471	58	
3379	92	1354	59	
3380	92	109	60	
3381	92	2795	61	
3382	92	1242	62	
3383	92	1495	63	
3384	92	2699	64	
3385	36	1719	15	75 
3386	92	1215	65	
3387	92	1677	66	
3388	92	1931	67	
3389	92	2951	68	
3390	92	963	69	
3391	92	1057	70	
3392	92	729	71	
3393	36	1892	16	
3394	36	1072	17	74 
3395	92	801	72	
3396	92	62	73	
3397	92	1507	74	
3398	92	25	75	
3399	92	1366	76	
3400	92	916	77	
3401	92	1155	78	
3402	92	266	79	
3403	92	602	80	
3404	92	1553	81	
3405	92	1023	82	
3406	92	2692	83	
3407	92	2676	84	
3408	92	2768	85	
3409	92	353	86	
3410	92	2109	87	
3411	92	817	88	
3412	92	1996	89	
3413	92	2185	90	
3414	92	1393	91	
3415	92	2159	92	
3416	92	1572	93	
3417	92	2841	94	
3418	92	1383	95	
3419	92	223	96	
3420	36	455	18	9 
3421	92	488	97	
3422	92	585	98	
3423	92	1130	99	
3424	92	1125	100	
3425	34	2155	1	
3426	34	1320	2	
3427	34	762	3	
3428	34	1230	4	
3429	34	2373	6	
3430	34	1535	5	
3431	36	636	19	46 
3432	34	1071	7	
3433	34	2819	8	
3434	34	561	9	
3435	34	2937	10	
3436	34	55	11	
3437	34	949	12	
3438	34	2556	13	
3439	34	796	14	
3440	34	2896	15	
3441	34	1305	16	
3442	34	2016	17	
3443	34	2082	18	
3444	34	1808	19	
3445	34	623	20	
3446	34	1316	21	
3447	34	1732	22	
3448	34	1759	23	
3449	34	2280	24	
3450	34	762	25	
3451	34	1771	26	
3452	34	1932	27	
3453	34	930	28	
3454	34	1621	29	
3455	34	1416	30	
3456	34	2338	31	
3457	34	2843	32	
3458	34	2229	33	
3459	34	1725	34	
3460	34	371	35	
3461	34	1199	36	
3462	34	1707	37	
3463	34	2539	38	
3464	34	1747	39	
3465	34	1459	40	
3466	34	1925	41	
3467	34	954	42	
3468	34	2695	43	
3469	34	1405	44	
3470	34	2920	45	
3471	34	2131	46	
3472	34	1558	47	
3473	36	421	20	78 
3474	34	377	48	
3475	34	1035	49	
3476	34	200	50	
3477	34	1944	51	
3478	34	2826	52	
3479	34	2499	53	
3480	34	1128	54	
3481	34	1562	55	
3482	34	2202	56	
3483	34	1869	57	
3484	34	728	58	
3485	34	1033	59	
3486	34	2711	60	
3487	34	2049	61	
3488	34	1111	62	
3489	36	862	21	41 
3490	34	1084	63	
3491	34	1381	64	
3492	36	466	22	97 
3493	34	1598	65	
3494	34	2098	66	
3495	34	2997	67	
3496	34	2982	68	
3497	34	148	69	
3498	34	1978	70	
3499	34	194	71	
3500	34	1888	72	
3501	34	1063	73	
3502	34	66	74	
3503	34	1507	75	
3504	34	64	76	
3505	34	1010	77	
3506	34	1315	78	
3507	34	2867	79	
3508	34	1794	80	
3509	34	191	81	
3510	34	1885	82	
3511	34	2183	83	
3512	34	463	84	
3513	34	1592	85	
3514	34	2572	86	
3515	34	1320	87	
3516	34	1133	88	
3517	34	2730	89	
3518	34	1687	90	
3519	34	2221	91	
3520	34	353	92	
3521	34	56	93	
3522	34	1183	94	
3523	34	2827	95	
3524	34	1117	96	
3525	34	45	97	
3526	34	2804	98	
3527	34	808	99	
3528	34	1813	100	
3529	7	1737	1	
3530	36	1474	23	83 
3531	7	1841	2	
3532	7	2134	3	
3533	7	2769	4	
3534	7	2325	5	
3535	7	274	6	
3536	7	2218	7	
3537	7	2652	8	
3538	7	558	9	
3539	7	1875	10	
3540	7	2847	11	
3541	7	2629	12	
3542	7	991	13	
3543	7	240	14	
3544	7	2310	15	
3545	7	667	16	
3546	7	562	17	
3547	7	2062	18	
3548	7	936	19	
3549	7	995	20	
3550	36	1380	24	93 
3551	7	1229	21	
3552	7	1262	22	
3553	7	1794	23	
3554	7	409	24	
3555	7	138	25	
3556	7	2195	26	
3557	7	951	27	
3558	7	1470	28	
3559	7	2366	29	
3560	7	145	30	
3561	7	938	31	
3562	7	2585	32	
3563	7	2695	33	
3564	7	1680	34	
3565	7	1129	35	
3566	36	2805	25	70 
3567	7	799	36	
3568	7	650	37	
3569	7	2543	38	
3570	36	1731	26	76 
3571	36	1671	27	67 
3572	7	1741	39	
3573	7	2786	40	
3574	7	2135	41	
3575	7	2700	42	
3576	7	1771	43	
3577	7	2065	44	
3578	36	1315	28	76 
3579	7	1262	45	
3580	7	1251	46	
3581	7	1303	47	
3582	7	1205	48	
3583	7	266	49	
3584	7	2164	50	
3585	7	560	51	
3586	7	2529	52	
3587	7	1837	53	
3588	7	2429	54	
3589	7	1406	55	
3590	7	156	56	
3591	7	1179	57	
3592	7	1950	58	
3593	7	2386	59	
3594	7	2859	60	
3595	36	2505	29	91 
3596	36	2355	30	47 
3597	7	1957	61	
3598	7	1018	62	
3599	36	2036	31	8 
3600	7	318	63	
3601	7	2497	64	
3602	7	1606	65	
3603	7	2364	66	
3604	7	1388	67	
3605	7	1722	68	
3606	7	2357	69	
3607	7	2930	70	
3608	7	1986	71	
3609	7	641	72	
3610	7	869	73	
3611	7	2489	74	
3612	7	1091	75	
3613	7	1877	76	
3614	7	1959	77	
3615	7	2358	78	
3616	7	1138	79	
3617	7	1045	80	
3618	7	265	81	
3619	7	2428	82	
3620	7	654	83	
3621	7	2236	84	
3622	7	2057	85	
3623	7	2405	86	
3624	7	1900	87	
3625	36	2313	32	99 
3626	7	1390	88	
3627	7	1435	89	
3628	7	1520	90	
3629	7	886	91	
3630	7	1433	92	
3631	7	833	93	
3632	7	1029	94	
3633	7	2351	95	
3634	7	2318	96	
3635	7	2407	97	
3636	7	2076	98	
3637	7	823	99	
3638	7	418	100	
3639	88	2726	1	
3640	88	2037	2	
3641	88	1623	3	
3642	88	435	4	
3643	88	1550	5	
3644	88	1386	6	
3645	88	261	7	
3646	88	832	8	
3647	88	699	9	
3648	88	926	10	
3649	88	1813	11	
3650	88	202	12	
3651	36	933	33	68 
3652	88	655	13	
3653	88	232	14	
3654	36	1004	34	9 
3655	88	2710	15	
3656	88	1905	16	
3657	88	2088	17	
3658	88	1227	18	
3659	88	1702	19	
3660	88	2916	20	
3661	88	1418	21	
3662	88	1490	22	
3663	88	771	23	
3664	88	1439	24	
3665	88	2728	25	
3666	88	1673	26	
3667	88	2304	27	
3668	88	589	28	
3669	36	2986	35	55 
3670	88	2494	29	
3671	88	1643	30	
3672	88	2256	31	
3673	88	2677	32	
3674	36	1557	36	32 
3675	88	1945	33	
3676	88	1706	34	
3677	36	2849	37	29 
3678	88	2307	35	
3679	88	1513	36	
3680	88	2546	37	
3681	88	398	38	
3682	88	2965	39	
3683	88	477	40	
3684	88	1717	41	
3685	88	1852	42	
3686	88	205	43	
3687	88	1827	44	
3688	88	862	45	
3689	88	2939	46	
3690	36	952	38	97 
3691	88	1352	47	
3692	88	760	48	
3693	88	2475	49	
3694	88	2369	50	
3695	88	1484	51	
3696	88	2402	52	
3697	88	2737	53	
3698	88	2127	54	
3699	88	2835	55	
3700	88	1439	56	
3701	88	2298	57	
3702	88	1610	58	
3703	36	1536	39	73 
3704	88	1656	59	
3705	88	50	60	
3706	88	1092	61	
3707	88	2431	62	
3708	36	2884	40	50 
3709	88	2633	63	
3710	88	2043	64	
3711	88	1037	65	
3712	88	2339	66	
3713	88	204	67	
3714	88	2937	68	
3715	36	566	41	61 
3716	88	1425	69	
3717	88	479	70	
3718	88	1141	71	
3719	88	1533	72	
3720	88	2784	73	
3721	88	2206	74	
3722	88	2379	75	
3723	88	356	76	
3724	88	2828	77	
3725	88	483	78	
3726	88	1121	79	
3727	88	1257	80	
3728	88	1368	81	
3729	88	417	82	
3730	36	1408	42	92 
3731	88	1615	83	
3732	88	454	84	
3733	88	1192	85	
3734	88	1904	86	
3735	88	443	87	
3736	88	499	88	
3737	88	2150	89	
3738	88	652	90	
3739	88	1091	91	
3740	88	1189	92	
3741	88	2180	93	
3742	88	2178	94	
3743	88	1723	95	
3744	88	1792	96	
3745	88	420	97	
3746	88	2026	98	
3747	88	1504	99	
3748	88	1160	100	
3749	79	2554	1	
3750	79	600	2	
3751	79	2174	3	
3752	79	691	4	
3753	79	2321	5	
3754	79	2993	6	
3755	79	1416	7	
3756	79	1600	8	
3757	79	2386	9	
3758	79	895	10	
3759	79	2776	11	
3760	79	389	12	
3761	79	1209	13	
3762	79	2727	14	
3763	79	1397	15	
3764	79	676	16	
3765	79	664	17	
3766	36	2723	43	39 
3767	79	2930	18	
3768	79	1361	19	
3769	79	1830	20	
3770	79	523	21	
3771	79	1562	22	
3772	79	2084	23	
3773	79	219	24	
3774	79	1725	25	
3775	79	1336	26	
3776	79	373	27	
3777	79	1845	28	
3778	79	1663	29	
3779	79	2909	30	
3780	79	2468	31	
3781	79	2029	32	
3782	79	2357	33	
3783	79	384	34	
3784	79	1738	35	
3785	79	1399	36	
3786	79	2698	37	
3787	79	2034	38	
3788	79	2882	39	
3789	79	882	40	
3790	79	180	41	
3791	79	1188	42	
3792	79	1955	43	
3793	79	214	44	
3794	79	1854	45	
3795	79	731	46	
3796	79	944	47	
3797	79	1978	48	
3798	79	2841	49	
3799	79	662	50	
3800	79	835	51	
3801	79	502	52	
3802	36	2820	44	56 
3803	79	168	53	
3804	79	310	54	
3805	79	2808	55	
3806	36	2633	45	95 
3807	79	2984	56	
3808	36	2971	46	13 
3809	79	1570	57	
3810	79	217	58	
3811	79	2418	59	
3812	36	719	47	35 
3813	36	1431	48	35 
3814	79	2013	60	
3815	36	2470	49	19 
3816	79	1866	61	
3817	79	2187	62	
3818	79	1564	63	
3819	79	153	64	
3820	79	2039	65	
3821	79	2192	66	
3822	79	1908	67	
3823	79	548	68	
3824	79	2073	69	
3825	79	2485	70	
3826	79	1158	71	
3827	79	2194	72	
3828	79	815	73	
3829	79	1703	74	
3830	79	1134	75	
3831	79	2326	76	
3832	79	10	77	
3833	79	988	78	
3834	79	1100	79	
3835	79	10	80	
3836	79	95	81	
3837	79	1175	82	
3838	79	2925	83	
3839	79	680	84	
3840	79	644	85	
3841	79	2619	86	
3842	79	2159	87	
3843	79	2235	88	
3844	79	2822	89	
3845	79	1856	90	
3846	79	752	91	
3847	79	739	92	
3848	79	336	93	
3849	79	2710	94	
3850	36	2205	50	41 
3851	79	2085	95	
3852	79	2749	96	
3853	79	2690	97	
3854	79	1141	98	
3855	79	1577	99	
3856	79	2696	100	
3857	39	2706	1	
3858	39	2079	2	
3859	39	1870	3	
3860	36	598	51	26 
3861	39	93	4	
3862	39	2630	5	
3863	39	419	6	
3864	39	2464	7	
3865	39	2058	8	
3866	39	2656	9	
3867	39	1591	10	
3868	39	295	11	
3869	39	114	12	
3870	39	1039	13	
3871	39	1847	14	
3872	39	1128	15	
3873	39	522	16	
3874	39	601	17	
3875	39	2298	18	
3876	39	1384	19	
3877	39	1943	20	
3878	39	2820	21	
3879	39	392	22	
3880	36	2782	52	5 
3881	39	2515	23	
3882	39	2574	24	
3883	39	1803	25	
3884	39	1528	26	
3885	39	2260	27	
3886	39	2507	28	
3887	39	783	29	
3888	39	803	30	
3889	39	2347	31	
3890	39	2675	32	
3891	39	158	33	
3892	39	2522	34	
3893	39	2486	35	
3894	39	1363	36	
3895	39	506	37	
3896	39	1850	38	
3897	36	450	53	5 
3898	39	1774	39	
3899	39	2061	40	
3900	36	2405	54	71 
3901	39	2382	41	
3902	39	1603	42	
3903	39	599	43	
3904	39	128	44	
3905	39	2072	45	
3906	36	1238	55	68 
3907	39	1548	46	
3908	39	402	47	
3909	39	2978	48	
3910	39	2015	49	
3911	39	1063	50	
3912	39	1361	51	
3913	39	2462	52	
3914	39	2858	53	
3915	39	406	54	
3916	39	2929	55	
3917	39	743	56	
3918	39	2242	57	
3919	39	121	58	
3920	39	738	59	
3921	39	1997	60	
3922	39	718	61	
3923	39	1648	62	
3924	39	2806	63	
3925	39	549	64	
3926	39	2881	65	
3927	39	2510	66	
3928	39	1992	67	
3929	36	2200	56	95 
3930	39	1573	68	
3931	39	629	69	
3932	39	1556	70	
3933	39	1554	71	
3934	39	1087	72	
3935	39	2898	73	
3936	39	764	74	
3937	39	1176	75	
3938	39	403	76	
3939	39	2347	77	
3940	39	2627	78	
3941	39	2353	79	
3942	39	2996	80	
3943	39	2662	81	
3944	39	1668	82	
3945	39	1259	83	
3946	39	2999	84	
3947	39	1582	85	
3948	39	2995	86	
3949	39	577	87	
3950	39	653	88	
3951	39	1257	89	
3952	39	2785	90	
3953	39	269	91	
3954	36	2039	57	86 
3955	39	1420	92	
3956	39	1970	93	
3957	39	1821	94	
3958	39	387	95	
3959	39	2876	96	
3960	39	878	97	
3961	36	1363	58	59 
3962	39	377	98	
3963	39	2401	99	
3964	39	505	100	
3965	19	1692	1	
3966	19	2757	2	
3967	19	1907	3	
3968	19	91	4	
3969	19	197	5	
3970	19	1509	6	
3971	19	922	7	
3972	36	2206	59	57 
3973	19	1925	8	
3974	19	1809	9	
3975	19	2137	10	
3976	19	321	11	
3977	19	2527	12	
3978	19	2368	13	
3979	19	565	14	
3980	19	395	15	
3981	36	2604	60	94 
3982	19	608	16	
3983	19	515	17	
3984	19	2295	18	
3985	19	2308	19	
3986	19	2761	20	
3987	19	2802	21	
3988	19	2932	22	
3989	19	1593	23	
3990	19	61	24	
3991	19	2296	25	
3992	36	555	61	59 
3993	19	29	26	
3994	19	1002	27	
3995	19	2912	28	
3996	19	137	29	
3997	19	818	30	
3998	19	2555	31	
3999	19	945	33	
4000	19	1848	32	
4001	19	721	34	
4002	19	2400	35	
4003	19	1698	36	
4004	19	2309	37	
4005	19	1834	38	
4006	19	2160	39	
4007	19	1483	40	
4008	19	2090	41	
4009	19	129	42	
4010	19	1140	43	
4011	19	2208	44	
4012	19	157	45	
4013	19	990	46	
4014	19	2115	47	
4015	19	2181	48	
4016	19	1531	49	
4017	19	2506	50	
4018	19	925	51	
4019	19	2023	52	
4020	19	153	53	
4021	19	2859	54	
4022	19	83	55	
4023	19	2493	56	
4024	19	1137	57	
4025	19	1817	58	
4026	19	373	59	
4027	19	2270	60	
4028	19	1535	61	
4029	19	259	62	
4030	19	70	63	
4031	19	346	64	
4032	19	2989	65	
4033	19	2289	66	
4034	19	2905	67	
4035	19	1324	68	
4036	19	289	69	
4037	19	2562	70	
4038	19	524	71	
4039	19	879	72	
4040	19	2260	73	
4041	19	1559	74	
4042	19	96	75	
4043	19	165	76	
4044	19	2468	77	
4045	19	2238	78	
4046	19	195	79	
4047	19	343	80	
4048	19	1268	81	
4049	19	2246	82	
4050	19	1108	83	
4051	19	1382	84	
4052	19	519	85	
4053	19	2449	86	
4054	19	1951	87	
4055	19	726	88	
4056	19	150	89	
4057	19	53	90	
4058	19	2317	91	
4059	19	80	92	
4060	19	1077	93	
4061	19	77	94	
4062	19	1078	95	
4063	19	2257	96	
4064	19	2302	97	
4065	19	657	98	
4066	19	2235	99	
4067	19	1071	100	
4068	61	588	1	
4069	61	2635	2	
4070	61	1450	3	
4071	61	179	4	
4072	61	2173	5	
4073	61	115	6	
4074	61	2793	7	
4075	36	1679	62	31 
4076	61	2862	8	
4077	36	2640	63	54 
4078	61	2890	9	
4079	61	1455	10	
4080	61	1754	11	
4081	61	917	12	
4082	61	1952	13	
4083	61	1510	14	
4084	61	2772	15	
4085	61	2350	16	
4086	61	963	17	
4087	61	23	18	
4088	61	1594	19	
4089	61	2964	20	
4090	61	2311	21	
4091	61	1840	22	
4092	61	155	23	
4093	61	378	24	
4094	61	84	25	
4095	61	676	26	
4096	61	272	27	
4097	36	816	64	74 
4098	61	79	28	
4099	61	852	29	
4100	36	2960	65	67 
4101	61	2062	30	
4102	61	644	31	
4103	61	200	32	
4104	61	2140	33	
4105	61	2172	34	
4106	36	256	66	37 
4107	61	1043	35	
4108	61	388	36	
4109	61	1357	37	
4110	61	2593	38	
4111	61	578	39	
4112	61	2441	40	
4113	61	1550	41	
4114	61	2953	42	
4115	61	1579	43	
4116	61	252	44	
4117	61	1437	45	
4118	36	2780	67	15 
4119	61	2532	46	
4120	61	597	47	
4121	61	2428	48	
4122	61	1966	49	
4123	61	2970	50	
4124	61	2492	51	
4125	61	515	52	
4126	61	707	53	
4127	36	1059	68	95 
4128	61	163	54	
4129	61	1733	55	
4130	61	2780	56	
4131	61	2822	57	
4132	61	349	58	
4133	61	1934	59	
4134	61	1648	60	
4135	61	486	61	
4136	61	1465	62	
4137	61	685	63	
4138	61	2365	64	
4139	61	690	65	
4140	61	2301	66	
4141	61	449	67	
4142	61	2167	68	
4143	61	2709	69	
4144	61	2366	70	
4145	61	408	71	
4146	61	2256	72	
4147	61	2300	73	
4148	61	1302	74	
4149	61	2182	75	
4150	61	2268	76	
4151	61	2669	77	
4152	61	2393	78	
4153	61	2297	79	
4154	61	494	80	
4155	61	431	81	
4156	61	794	82	
4157	61	1229	83	
4158	61	1510	84	
4159	61	2312	85	
4160	61	2824	86	
4161	61	2889	87	
4162	61	1781	88	
4163	61	1167	89	
4164	61	2066	90	
4165	36	2149	69	23 
4166	61	2488	91	
4167	61	38	92	
4168	61	1821	93	
4169	36	1864	70	62 
4170	61	2286	94	
4171	61	243	95	
4172	61	2054	96	
4173	61	2854	97	
4174	36	1253	71	95 
4175	61	1728	98	
4176	61	2717	99	
4177	61	1566	100	
4178	78	20	1	
4179	78	2052	2	
4180	78	2224	3	
4181	78	2942	4	
4182	78	689	5	
4183	78	2684	6	
4184	78	513	7	
4185	78	1734	8	
4186	78	1520	9	
4187	78	2575	10	
4188	78	1715	11	
4189	78	1005	12	
4190	78	2875	13	
4191	78	1522	14	
4192	78	1576	15	
4193	78	1221	16	
4194	78	2356	17	
4195	78	2222	18	
4196	78	2181	19	
4197	78	1960	20	
4198	78	93	21	
4199	78	2188	22	
4200	78	2688	23	
4201	78	284	24	
4202	78	2966	25	
4203	78	934	26	
4204	78	365	27	
4205	78	2571	28	
4206	78	2158	29	
4207	78	186	30	
4208	78	709	31	
4209	78	2873	32	
4210	78	662	33	
4211	78	2786	34	
4212	78	2581	35	
4213	78	315	36	
4214	78	1156	37	
4215	78	2781	38	
4216	78	2893	39	
4217	78	2840	40	
4218	78	2141	41	
4219	78	1016	42	
4220	78	1126	43	
4221	78	1210	44	
4222	78	2491	45	
4223	78	335	46	
4224	78	504	47	
4225	78	218	48	
4226	78	1967	49	
4227	78	997	50	
4228	36	2223	72	99 
4229	78	279	51	
4230	78	841	52	
4231	78	45	53	
4232	78	1350	54	
4233	78	811	55	
4234	78	226	56	
4235	78	1495	57	
4236	78	314	58	
4237	78	914	59	
4238	78	1957	60	
4239	36	825	73	65 
4240	36	1019	74	21 
4241	78	123	61	
4242	78	1847	62	
4243	78	2012	63	
4244	78	1330	64	
4245	36	1360	75	69 
4246	78	2685	65	
4247	78	759	66	
4248	78	1690	67	
4249	78	2388	68	
4250	78	1937	69	
4251	78	656	70	
4252	78	1593	71	
4253	78	1347	72	
4254	36	911	76	45 
4255	78	174	73	
4256	78	1920	74	
4257	78	1293	75	
4258	78	758	76	
4259	78	2681	77	
4260	78	1166	78	
4261	78	2702	79	
4262	78	955	80	
4263	78	292	81	
4264	78	167	82	
4265	78	1968	83	
4266	78	1556	84	
4267	78	2664	85	
4268	78	2582	86	
4269	78	2286	87	
4270	78	2969	88	
4271	78	2392	89	
4272	78	2152	90	
4273	36	647	77	85 
4274	78	2655	91	
4275	78	1424	92	
4276	36	303	78	71 
4277	78	988	93	
4278	78	2573	95	
4279	78	333	94	
4280	78	714	96	
4281	78	2121	97	
4282	78	457	98	
4283	36	2253	79	91 
4284	78	2018	99	
4285	78	403	100	
4286	8	187	1	
4287	8	822	2	
4288	8	341	3	
4289	8	1764	4	
4290	8	1720	5	
4291	8	2511	6	
4292	8	1471	7	
4293	8	327	8	
4294	8	804	9	
4295	8	2989	10	
4296	8	72	11	
4297	8	2272	12	
4298	8	1341	13	
4299	8	2003	14	
4300	8	1172	15	
4301	8	357	16	
4302	8	2169	17	
4303	8	238	18	
4304	8	1222	19	
4305	8	1778	20	
4306	8	723	21	
4307	8	2785	22	
4308	8	81	23	
4309	8	276	24	
4310	8	1848	25	
4311	8	1070	26	
4312	8	1626	27	
4313	36	2389	80	51 
4314	8	2309	28	
4315	8	2081	29	
4316	8	1200	30	
4317	8	2113	31	
4318	36	2824	81	51 
4319	8	467	32	
4320	8	575	33	
4321	8	672	34	
4322	8	991	35	
4323	8	2896	36	
4324	8	805	37	
4325	8	2709	38	
4326	8	482	39	
4327	8	550	40	
4328	8	2569	41	
4329	8	1356	42	
4330	8	2313	43	
4331	8	2815	44	
4332	8	2791	45	
4333	8	674	46	
4334	8	2592	47	
4335	8	2975	48	
4336	8	2078	49	
4337	8	194	50	
4338	8	80	51	
4339	8	1277	52	
4340	8	2936	53	
4341	8	2794	54	
4342	8	235	55	
4343	8	1214	56	
4344	8	2240	57	
4345	8	2437	58	
4346	8	300	59	
4347	8	407	60	
4348	8	2957	61	
4349	8	1300	62	
4350	8	350	63	
4351	8	2765	64	
4352	8	1288	65	
4353	36	2627	82	89 
4354	8	1092	66	
4355	8	850	67	
4356	8	897	68	
4357	8	803	69	
4358	8	113	70	
4359	8	130	71	
4360	8	885	72	
4361	8	329	73	
4362	8	883	74	
4363	8	2277	75	
4364	8	59	76	
4365	8	1516	77	
4366	8	2634	78	
4367	8	2174	79	
4368	8	1952	80	
4369	8	2269	81	
4370	8	1708	82	
4371	8	151	83	
4372	8	823	84	
4373	8	1270	85	
4374	8	2469	86	
4375	8	1639	87	
4376	36	1224	83	82 
4377	8	1242	88	
4378	8	414	89	
4379	8	126	90	
4380	8	2483	91	
4381	8	1641	92	
4382	8	711	93	
4383	8	2552	94	
4384	8	7	95	
4385	8	2541	96	
4386	8	233	97	
4387	8	2805	98	
4388	8	2856	99	
4389	8	1367	100	
4390	24	1823	1	
4391	24	815	2	
4392	36	1721	84	56 
4393	24	763	3	
4394	24	1701	4	
4395	24	1318	5	
4396	24	631	6	
4397	24	977	7	
4398	24	2328	8	
4399	24	2003	9	
4400	24	1994	10	
4401	24	2101	11	
4402	36	2734	85	50 
4403	24	1180	12	
4404	24	2115	13	
4405	24	1912	14	
4406	24	997	15	
4407	24	1689	16	
4408	24	335	17	
4409	24	921	18	
4410	24	254	19	
4411	24	617	20	
4412	24	2722	21	
4413	24	35	22	
4414	24	834	23	
4415	24	1432	24	
4416	24	1197	25	
4417	24	239	26	
4418	24	311	27	
4419	24	2904	28	
4420	24	590	29	
4421	24	516	30	
4422	24	1701	31	
4423	24	448	32	
4424	24	2660	33	
4425	24	1618	34	
4426	24	2966	35	
4427	24	2689	36	
4428	24	2129	37	
4429	24	795	38	
4430	24	1153	39	
4431	24	821	40	
4432	24	1667	41	
4433	24	838	42	
4434	24	1138	43	
4435	24	2713	44	
4436	36	748	86	20 
4437	24	2538	45	
4438	24	1427	46	
4439	24	2650	47	
4440	24	1273	48	
4441	24	2925	49	
4442	24	1177	50	
4443	24	1224	51	
4444	24	2441	52	
4445	36	2624	87	24 
4446	24	2606	53	
4447	24	1587	54	
4448	24	942	55	
4449	24	1493	56	
4450	24	2371	57	
4451	24	1332	58	
4452	24	2755	59	
4453	24	2328	60	
4454	24	960	61	
4455	24	1832	62	
4456	24	1894	63	
4457	24	386	64	
4458	24	2010	65	
4459	24	169	66	
4460	24	2009	67	
4461	24	624	68	
4462	24	1930	69	
4463	24	2000	70	
4464	24	753	71	
4465	24	2396	72	
4466	24	2407	73	
4467	24	1842	74	
4468	24	2258	75	
4469	24	2577	76	
4470	24	1470	77	
4471	24	2765	78	
4472	24	868	79	
4473	36	978	88	37 
4474	24	2724	80	
4475	24	857	81	
4476	36	498	89	43 
4477	24	225	82	
4478	24	1418	83	
4479	24	2514	84	
4480	24	1760	85	
4481	42	1035	7	5 98 
4482	24	2502	86	
4483	24	1977	87	
4484	24	2674	88	
4485	24	793	89	
4486	24	524	90	
4487	36	1397	90	64 
4488	24	2278	91	
4489	24	1310	92	
4490	24	2060	93	
4491	24	412	94	
4492	24	2349	95	
4493	24	1716	96	
4494	24	2022	97	
4495	24	2723	98	
4496	24	1458	99	
4497	24	2131	100	
4498	100	1724	1	
4499	100	826	2	
4500	36	2652	91	38 
4501	100	2269	3	
4502	100	2736	4	
4503	100	2949	5	
4504	100	1216	6	
4505	100	2885	7	
4506	100	260	8	
4507	100	2147	9	
4508	100	2605	10	
4509	100	2716	11	
4510	42	2973	8	11 18 
4511	100	408	12	
4512	100	1959	13	
4513	36	886	92	39 
4514	100	1220	14	
4515	100	343	15	
4516	100	2436	16	
4517	100	440	17	
4518	100	2845	18	
4519	36	1407	93	7 
4520	100	1864	19	
4521	100	2135	20	
4522	100	113	21	
4523	100	1216	22	
4524	100	2761	23	
4525	100	1365	24	
4526	100	1906	25	
4527	100	2130	26	
4528	100	682	27	
4529	100	2471	28	
4530	100	13	29	
4531	100	165	30	
4532	100	1992	31	
4533	36	2469	94	61 
4534	100	713	32	
4535	100	2061	33	
4536	100	567	34	
4537	100	2404	35	
4538	100	1517	36	
4539	100	755	37	
4540	100	89	38	
4541	100	2561	39	
4542	100	116	40	
4543	100	1899	41	
4544	100	2750	42	
4545	100	298	43	
4546	100	707	44	
4547	100	1906	45	
4548	100	1456	46	
4549	100	235	47	
4550	100	1078	48	
4551	100	1824	49	
4552	100	1828	50	
4553	100	354	51	
4554	36	1075	95	68 
4555	100	2582	52	
4556	100	1683	53	
4557	100	2268	54	
4558	100	2840	55	
4559	100	1697	56	
4560	36	69	96	27 
4561	100	2742	57	
4562	100	1539	58	
4563	100	2491	59	
4564	100	2623	60	
4565	100	851	61	
4566	100	2997	62	
4567	100	2349	63	
4568	100	2406	64	
4569	100	173	65	
4570	100	704	66	
4571	100	1567	67	
4572	36	967	97	57 
4573	100	1973	68	
4574	100	2649	69	
4575	100	894	70	
4576	100	656	71	
4577	100	813	72	
4578	100	898	73	
4579	100	1161	74	
4580	100	2473	75	
4581	100	212	76	
4582	100	780	77	
4583	100	1972	78	
4584	100	732	79	
4585	100	367	80	
4586	100	2828	81	
4587	36	819	98	51 
4588	100	2160	82	
4589	100	1953	83	
4590	100	127	84	
4591	100	2823	85	
4592	100	2230	86	
4593	100	2610	87	
4594	100	2891	88	
4595	100	1427	89	
4596	100	2948	90	
4597	100	993	91	
4598	100	396	92	
4599	100	2767	93	
4600	100	929	94	
4601	100	899	95	
4602	100	160	96	
4603	36	1469	99	50 
4604	100	830	97	
4605	100	2103	98	
4606	100	1930	99	
4607	100	1532	100	
4608	36	417	100	70 
4609	22	2351	1	
4610	22	1849	2	
4611	22	1690	3	
4612	22	1659	4	
4613	22	2189	5	
4614	22	451	6	
4615	22	1541	7	
4616	22	2570	8	
4617	22	437	9	
4618	22	1184	10	
4619	22	2081	11	
4620	22	226	12	
4621	22	2590	13	
4622	22	359	14	
4623	22	757	15	
4624	22	852	16	
4625	22	1267	17	
4626	22	841	18	
4627	22	2283	19	
4628	22	1907	20	
4629	22	1968	21	
4630	22	2072	22	
4631	22	2139	23	
4632	22	643	24	
4633	22	68	25	
4634	22	2233	26	
4635	22	8	27	
4636	42	1657	1	20 48 84 
4637	22	272	28	
4638	22	1001	29	
4639	22	937	30	
4640	22	506	31	
4641	22	2083	32	
4642	94	942	1	65 
4643	22	840	33	
4644	22	166	34	
4645	22	1115	35	
4646	22	520	36	
4647	22	2344	37	
4648	22	2252	38	
4649	22	1626	39	
4650	22	1267	40	
4651	22	2721	41	
4652	22	369	42	
4653	22	2755	43	
4654	22	436	44	
4655	22	2667	45	
4656	22	742	46	
4657	22	325	47	
4658	22	726	48	
4659	22	2179	49	
4660	94	1374	2	94 
4661	22	610	50	
4662	22	2120	51	
4663	22	313	52	
4664	22	929	53	
4665	22	2172	54	
4666	22	592	55	
4667	22	199	56	
4668	22	2981	57	
4669	22	672	58	
4670	22	27	59	
4671	22	2465	60	
4672	22	1528	61	
4673	22	2332	62	
4674	22	1227	63	
4675	22	1190	64	
4676	22	2895	65	
4677	22	805	66	
4678	22	831	67	
4679	22	2578	68	
4680	22	1448	69	
4681	22	984	70	
4682	22	956	71	
4683	22	2670	72	
4684	22	592	73	
4685	22	737	74	
4686	22	1335	75	
4687	22	1425	76	
4688	22	1203	77	
4689	22	1949	78	
4690	22	1391	79	
4691	22	2852	80	
4692	22	791	81	
4693	22	151	82	
4694	22	1461	83	
4695	22	698	84	
4696	22	2678	85	
4697	22	1253	86	
4698	22	2918	87	
4699	22	409	88	
4700	22	1618	89	
4701	22	393	90	
4702	22	267	91	
4703	22	1419	92	
4704	22	2276	93	
4705	22	743	94	
4706	22	637	95	
4707	22	1044	96	
4708	22	2853	97	
4709	22	2352	98	
4710	22	978	99	
4711	94	1698	3	45 
4712	22	2891	100	
4713	43	1681	1	
4714	43	2348	2	
4715	43	1710	3	
4716	43	2935	4	
4717	43	2	5	
4718	43	166	6	
4719	43	848	7	
4720	43	2280	8	
4721	43	2456	9	
4722	43	2408	10	
4723	43	2259	11	
4724	43	123	12	
4725	43	1659	13	
4726	43	2436	14	
4727	43	2210	15	
4728	43	196	16	
4729	94	2754	4	
4730	43	1987	17	
4731	43	323	18	
4732	43	2435	19	
4733	43	896	20	
4734	43	940	21	
4735	43	1500	22	
4736	43	2447	23	
4737	43	1059	24	
4738	43	445	25	
4739	43	2934	26	
4740	43	2096	27	
4741	43	1208	28	
4742	43	583	29	
4743	43	2086	30	
4744	43	2513	31	
4745	43	1089	32	
4746	43	2619	33	
4747	43	511	34	
4748	43	464	35	
4749	43	1166	36	
4750	43	2139	37	
4751	43	1998	38	
4752	43	657	39	
4753	43	2133	40	
4754	43	77	41	
4755	43	1511	42	
4756	43	1822	43	
4757	43	310	44	
4758	43	2697	45	
4759	43	2397	46	
4760	43	981	47	
4761	43	2175	48	
4762	43	2557	49	
4763	43	1275	50	
4764	43	1684	51	
4765	43	1152	52	
4766	43	1050	53	
4767	43	2563	54	
4768	43	2642	55	
4769	43	1389	56	
4770	43	2253	57	
4771	43	791	58	
4772	43	2831	59	
4773	43	221	60	
4774	43	2267	61	
4775	94	1127	5	
4776	43	677	62	
4777	43	1383	63	
4778	43	170	64	
4779	43	2749	65	
4780	43	1651	66	
4781	43	1446	67	
4782	43	904	68	
4783	43	287	69	
4784	43	2232	70	
4785	43	465	71	
4786	43	2771	72	
4787	94	1553	6	54 
4788	43	483	73	
4789	43	900	74	
4790	43	1769	75	
4791	43	116	76	
4792	43	2624	77	
4793	43	2314	78	
4794	43	418	79	
4795	43	1084	80	
4796	43	514	81	
4797	43	2244	82	
4798	43	1261	83	
4799	94	868	7	77 
4800	43	1465	84	
4801	43	1398	85	
4802	43	1724	86	
4803	43	635	87	
4804	43	324	88	
4805	43	1129	89	
4806	43	2223	90	
4807	43	633	91	
4808	94	2201	8	38 
4809	43	1645	92	
4810	43	2692	93	
4811	94	673	9	81 
4812	43	2220	94	
4813	43	2511	95	
4814	43	294	96	
4815	43	775	97	
4816	43	2935	98	
4817	43	2417	99	
4818	43	75	100	
4819	11	1304	1	
4820	42	2886	9	10 32 
4821	94	339	10	85 
4822	11	2908	2	
4823	11	2589	3	
4824	11	2471	4	
4825	11	582	5	
4826	11	1149	6	
4827	11	1924	7	
4828	11	2393	8	
4829	11	777	9	
4830	11	1282	10	
4831	11	2173	11	
4832	11	2184	12	
4833	11	1002	13	
4834	11	150	14	
4835	11	950	15	
4836	11	1198	16	
4837	11	892	17	
4838	11	817	18	
4839	11	1191	19	
4840	11	849	20	
4841	11	144	21	
4842	11	2826	22	
4843	11	75	23	
4844	11	1219	24	
4845	11	567	25	
4846	11	1710	26	
4847	11	2278	27	
4848	11	739	28	
4849	11	328	29	
4850	11	2994	30	
4851	11	1532	31	
4852	11	610	32	
4853	11	2089	33	
4854	11	2596	34	
4855	11	2359	35	
4856	11	917	36	
4857	11	965	37	
4858	11	2208	38	
4859	11	2750	39	
4860	11	923	40	
4861	11	1298	41	
4862	11	152	42	
4863	11	170	43	
4864	11	2249	44	
4865	11	2971	45	
4866	11	2163	46	
4867	11	856	47	
4868	11	2001	48	
4869	11	2658	49	
4870	94	571	11	72 
4871	11	2522	50	
4872	11	1299	51	
4873	11	1266	52	
4874	11	183	53	
4875	11	2032	54	
4876	11	1596	55	
4877	11	1534	56	
4878	11	1025	57	
4879	11	630	58	
4880	11	315	59	
4881	11	1541	60	
4882	11	1351	61	
4883	11	1802	62	
4884	11	611	63	
4885	94	1572	12	49 
4886	11	2397	64	
4887	11	324	65	
4888	11	637	66	
4889	11	1017	67	
4890	11	2538	68	
4891	11	297	69	
4892	11	1809	70	
4893	11	176	71	
4894	11	1357	72	
4895	11	1143	73	
4896	11	2190	74	
4897	11	1664	75	
4898	11	1637	76	
4899	11	686	77	
4900	11	2711	78	
4901	11	2919	79	
4902	11	51	80	
4903	11	2934	81	
4904	11	2515	82	
4905	11	2915	83	
4906	11	1353	84	
4907	11	430	85	
4908	94	2270	13	2 
4909	11	2370	86	
4910	11	975	87	
4911	11	464	88	
4912	11	2096	89	
4913	11	1292	90	
4914	11	2757	91	
4915	11	874	92	
4916	11	722	93	
4917	11	2653	94	
4918	11	1566	95	
4919	11	2050	96	
4920	11	533	97	
4921	11	2413	98	
4922	94	973	14	78 
4923	94	1081	15	47 
4924	11	2418	99	
4925	11	2865	100	
4926	75	2103	1	
4927	75	1442	2	
4928	94	1172	16	6 
4929	75	2862	3	
4930	75	320	4	
4931	75	2175	5	
4932	75	882	6	
4933	75	1754	7	
4934	75	2303	8	
4935	75	538	9	
4936	75	2074	10	
4937	75	2051	11	
4938	75	1159	12	
4939	75	976	13	
4940	75	2732	14	
4941	75	469	15	
4942	75	1838	16	
4943	75	220	17	
4944	75	333	18	
4945	75	931	19	
4946	75	591	20	
4947	75	2517	21	
4948	75	2536	22	
4949	75	771	24	
4950	75	1103	23	
4951	75	860	25	
4952	75	89	26	
4953	75	2878	27	
4954	75	2936	28	
4955	75	1708	29	
4956	75	1517	30	
4957	75	394	31	
4958	75	2617	32	
4959	75	1219	33	
4960	75	1110	34	
4961	75	1971	35	
4962	75	640	36	
4963	75	1782	37	
4964	75	2705	38	
4965	75	2305	39	
4966	75	2040	40	
4967	75	98	41	
4968	94	2153	17	90 
4969	75	2703	42	
4970	75	2377	43	
4971	94	1006	18	40 
4972	75	1815	44	
4973	75	2577	45	
4974	75	2789	46	
4975	94	1573	19	29 
4976	75	2778	47	
4977	75	2106	48	
4978	75	877	49	
4979	75	2367	50	
4980	75	1766	51	
4981	75	2275	52	
4982	75	1442	53	
4983	75	457	54	
4984	75	2101	55	
4985	75	1973	56	
4986	75	1318	57	
4987	75	1688	58	
4988	75	2781	59	
4989	75	2563	60	
4990	75	20	61	
4991	75	1296	62	
4992	75	390	63	
4993	75	2474	64	
4994	75	2001	65	
4995	75	1635	66	
4996	75	1149	67	
4997	75	2446	68	
4998	75	1843	69	
4999	75	2289	70	
5000	75	778	71	
5001	75	1508	72	
5002	94	2546	20	6 
5003	75	1469	73	
5004	75	2534	74	
5005	75	2362	75	
5006	75	510	76	
5007	75	1191	77	
5008	75	247	78	
5009	75	760	79	
5010	75	2163	80	
5011	75	2844	81	
5012	75	2218	82	
5013	75	1514	83	
5014	75	2124	84	
5015	75	2184	85	
5016	75	1054	86	
5017	75	2908	87	
5018	94	1884	21	86 
5019	75	1222	88	
5020	75	1480	89	
5021	75	2544	90	
5022	75	69	91	
5023	75	2266	92	
5024	75	83	93	
5025	75	2267	94	
5026	75	985	95	
5027	75	1146	96	
5028	75	1964	97	
5029	75	1021	98	
5030	75	540	99	
5031	75	1184	100	
5032	26	979	1	
5033	26	687	2	
5034	26	2999	3	
5035	26	1326	4	
5036	26	1406	5	
5037	26	2242	6	
5038	26	2077	7	
5039	26	1503	8	
5040	26	174	9	
5041	26	312	10	
5042	26	2924	11	
5043	94	1741	22	67 
5044	26	1826	12	
5045	26	1271	13	
5046	26	1328	14	
5047	94	732	23	90 
5048	26	2063	15	
5049	26	1393	16	
5050	26	519	17	
5051	26	284	18	
5052	26	622	19	
5053	26	1823	20	
5054	26	897	21	
5055	26	88	22	
5056	26	1446	23	
5057	26	2249	24	
5058	26	891	25	
5059	26	1610	26	
5060	26	971	27	
5061	26	361	28	
5062	26	221	29	
5063	26	103	30	
5064	26	514	31	
5065	26	2576	32	
5066	26	1498	33	
5067	26	102	34	
5068	26	307	35	
5069	26	132	36	
5070	94	2104	24	53 
5071	26	730	37	
5072	26	831	38	
5073	26	1024	39	
5074	26	1638	40	
5075	26	2180	41	
5076	26	2154	42	
5077	26	1468	43	
5078	26	1190	44	
5079	26	642	45	
5080	26	1605	46	
5081	26	1231	47	
5082	26	944	48	
5083	26	2054	49	
5084	26	2570	50	
5085	26	2549	51	
5086	26	2531	52	
5087	26	1492	53	
5088	26	1705	54	
5089	26	1303	55	
5090	26	1744	56	
5091	26	578	57	
5092	26	2621	58	
5093	26	1118	59	
5094	26	2440	60	
5095	26	1344	61	
5096	26	1020	63	
5097	26	2465	62	
5098	94	2514	25	37 
5099	26	2074	64	
5100	26	1181	65	
5101	94	325	26	75 
5102	26	850	66	
5103	26	1204	67	
5104	26	489	68	
5105	26	2554	69	
5106	26	774	70	
5107	26	976	71	
5108	26	1429	72	
5109	26	1123	73	
5110	26	1413	74	
5111	26	2613	75	
5112	26	2494	76	
5113	26	736	77	
5114	26	2201	78	
5115	26	1123	79	
5116	26	630	80	
5117	26	2782	81	
5118	26	2210	82	
5119	26	288	83	
5120	26	2812	84	
5121	26	2806	85	
5122	26	405	86	
5123	26	2416	87	
5124	26	2442	88	
5125	94	379	27	30 
5126	26	219	89	
5127	26	504	90	
5128	26	1980	91	
5129	26	288	92	
5130	26	1440	93	
5131	26	1787	94	
5132	26	2777	95	
5133	26	2771	96	
5134	94	1308	28	
5135	26	568	97	
5136	26	186	98	
5137	26	304	99	
5138	26	320	100	
5139	53	2597	1	
5140	53	2530	2	
5141	94	2399	29	36 
5142	53	2524	3	
5143	53	2300	4	
5144	53	896	5	
5145	53	2811	6	
5146	53	738	7	
5147	53	2745	8	
5148	53	1642	9	
5149	53	545	10	
5150	53	2699	11	
5151	53	1297	12	
5152	53	1434	13	
5153	53	244	14	
5154	53	1634	15	
5155	53	2464	16	
5156	53	1753	17	
5157	53	2810	18	
5158	53	1095	19	
5159	53	2957	20	
5160	94	1726	30	73 
5161	53	225	21	
5162	53	2810	22	
5163	53	2703	23	
5164	53	684	24	
5165	53	905	25	
5166	53	596	26	
5167	53	2427	27	
5168	53	2578	28	
5169	53	810	29	
5170	53	2217	30	
5171	53	779	31	
5172	53	2424	32	
5173	53	2759	33	
5174	53	2502	34	
5175	53	2682	35	
5176	53	1053	36	
5177	53	1444	37	
5178	53	775	38	
5179	53	119	39	
5180	53	65	40	
5181	53	2147	41	
5182	53	392	42	
5183	53	977	43	
5184	53	108	44	
5185	94	1432	31	4 
5186	53	2158	45	
5187	53	304	46	
5188	53	1147	47	
5189	53	2754	48	
5190	53	552	49	
5191	53	354	50	
5192	53	919	51	
5193	53	487	52	
5194	53	2915	53	
5195	53	2940	54	
5196	53	1317	55	
5197	94	2024	32	8 
5198	53	2470	56	
5199	53	290	57	
5200	53	1987	58	
5201	53	1929	59	
5202	53	222	60	
5203	53	244	61	
5204	53	1836	62	
5205	53	2161	63	
5206	53	2972	64	
5207	53	2475	65	
5208	53	842	66	
5209	53	1069	67	
5210	53	466	68	
5211	53	2967	69	
5212	53	1697	70	
5213	53	633	71	
5214	53	487	72	
5215	94	647	33	39 
5216	53	197	73	
5217	53	2686	74	
5218	53	2277	76	
5219	53	2560	75	
5220	53	2751	77	
5221	53	2752	78	
5222	53	908	79	
5223	53	2448	80	
5224	53	1441	81	
5225	53	975	82	
5226	53	1024	83	
5227	53	233	84	
5228	53	1206	85	
5229	53	1909	86	
5230	53	1000	87	
5231	53	1347	88	
5232	53	845	89	
5233	53	2947	90	
5234	53	1376	91	
5235	53	1209	92	
5236	53	478	93	
5237	53	1025	94	
5238	53	1880	95	
5239	53	184	96	
5240	53	1857	97	
5241	53	854	98	
5242	53	2856	100	
5243	53	1891	99	
5244	97	299	1	
5245	97	2396	2	
5246	97	132	3	
5247	97	2316	4	
5248	97	25	5	
5249	97	2375	6	
5250	97	717	7	
5251	97	849	8	
5252	97	2743	9	
5253	97	1958	10	
5254	97	2026	11	
5255	97	2779	12	
5256	97	1656	13	
5257	97	1109	14	
5258	97	1034	15	
5259	97	2446	16	
5260	94	967	34	63 
5261	97	2967	17	
5262	97	836	18	
5263	97	192	19	
5264	94	1273	35	23 
5265	97	865	20	
5266	97	232	21	
5267	97	1076	22	
5268	97	192	23	
5269	94	86	36	21 
5270	97	2442	24	
5271	94	2734	37	22 
5272	97	1832	25	
5273	97	2024	26	
5274	97	348	27	
5275	97	2762	28	
5276	97	1334	29	
5277	97	1722	30	
5278	97	920	31	
5279	97	1699	32	
5280	97	2002	33	
5281	97	1325	34	
5282	97	1083	35	
5283	97	951	36	
5284	97	1638	37	
5285	97	442	38	
5286	97	2340	39	
5287	97	2232	40	
5288	97	2404	41	
5289	97	525	42	
5290	97	665	43	
5291	97	545	44	
5292	97	510	45	
5293	97	2825	46	
5294	97	2607	47	
5295	97	844	48	
5296	97	527	49	
5297	97	555	50	
5298	97	1782	51	
5299	97	300	52	
5300	97	909	53	
5301	97	297	54	
5302	97	2000	55	
5303	94	724	38	21 
5304	97	347	56	
5305	97	1098	57	
5306	97	536	58	
5307	97	446	59	
5308	97	1699	60	
5309	97	2444	61	
5310	97	2678	62	
5311	97	1855	63	
5312	97	2686	64	
5313	97	611	65	
5314	97	207	66	
5315	97	665	67	
5316	97	252	68	
5317	97	2017	69	
5318	97	948	70	
5319	97	264	71	
5320	97	725	72	
5321	97	1021	73	
5322	94	139	39	8 
5323	97	2644	74	
5324	97	160	75	
5325	97	364	76	
5326	97	1498	77	
5327	97	2883	78	
5328	97	362	79	
5329	97	154	80	
5330	97	1072	81	
5331	97	2766	82	
5332	97	1822	83	
5333	97	1917	84	
5334	94	162	40	49 
5335	94	2354	41	9 
5336	97	2293	85	
5337	97	2644	86	
5338	97	1932	87	
5339	97	989	88	
5340	97	1006	89	
5341	97	1254	90	
5342	94	2199	42	18 
5343	97	998	91	
5344	97	2658	92	
5345	97	2592	93	
5346	97	2259	94	
5347	97	825	95	
5348	97	2023	96	
5349	97	1836	97	
5350	97	863	98	
5351	97	872	99	
5352	97	763	100	
5353	94	907	43	74 
5354	82	203	1	
5355	82	2335	2	
5356	82	1779	3	
5357	82	1076	4	
5358	82	2742	5	
5359	82	820	6	
5360	82	819	7	
5361	82	543	8	
5362	82	1247	9	
5363	82	2751	10	
5364	82	1889	11	
5365	82	768	12	
5366	82	2375	13	
5367	82	13	14	
5368	82	725	15	
5369	82	1891	16	
5370	82	1377	17	
5371	82	2792	18	
5372	82	2946	19	
5373	82	1611	20	
5374	82	2010	21	
5375	82	843	22	
5376	82	2143	23	
5377	82	2991	24	
5378	94	1030	44	78 
5379	82	2779	25	
5380	82	2326	26	
5381	82	2986	27	
5382	82	2380	28	
5383	82	748	29	
5384	82	877	30	
5385	82	12	31	
5386	82	856	32	
5387	82	1452	33	
5388	82	844	34	
5389	82	2797	35	
5390	82	1086	36	
5391	82	2034	37	
5392	82	2869	38	
5393	94	149	45	68 
5394	94	1758	46	82 
5395	82	2639	39	
5396	82	828	40	
5397	82	1568	41	
5398	94	381	47	29 
5399	82	2675	42	
5400	94	227	48	75 
5401	82	1876	43	
5402	82	1366	44	
5403	82	1543	45	
5404	82	1109	46	
5405	82	1807	47	
5406	82	120	48	
5407	82	381	49	
5408	82	1220	50	
5409	82	1199	51	
5410	82	1321	52	
5411	82	1817	53	
5412	82	1851	54	
5413	82	2523	55	
5414	82	2488	56	
5415	82	2825	57	
5416	82	559	58	
5417	82	1536	59	
5418	94	58	49	58 
5419	82	1005	60	
5420	82	1077	61	
5421	82	1688	62	
5422	82	2885	63	
5423	82	1288	64	
5424	82	139	65	
5425	82	808	66	
5426	82	2110	67	
5427	82	1159	68	
5428	82	1322	69	
5429	82	2602	70	
5430	82	590	71	
5431	82	2097	72	
5432	82	1949	73	
5433	82	1853	74	
5434	82	1153	75	
5435	82	1466	76	
5436	82	1558	77	
5437	82	2815	78	
5438	82	2110	79	
5439	82	1466	80	
5440	94	525	50	96 
5441	82	1331	81	
5442	82	207	82	
5443	82	2714	83	
5444	82	290	84	
5445	82	2217	85	
5446	82	863	86	
5447	82	2625	87	
5448	82	1314	88	
5449	82	907	89	
5450	94	1529	51	28 
5451	82	368	90	
5452	82	751	91	
5453	82	2199	92	
5454	94	1560	52	90 
5455	82	795	93	
5456	82	2520	94	
5457	82	1758	95	
5458	82	814	96	
5459	82	717	97	
5460	82	530	98	
5461	94	1751	53	96 
5462	82	2943	99	
5463	82	1555	100	
5464	94	2569	54	17 
5465	35	2049	1	
5466	35	2334	2	
5467	35	1795	3	
5468	35	2421	4	
5469	35	1591	5	
5470	35	53	6	
5471	35	472	7	
5472	35	1240	8	
5473	35	1434	9	
5474	35	2390	11	
5475	35	1459	10	
5476	35	1328	12	
5477	35	1929	13	
5478	94	1831	55	25 
5479	35	1322	14	
5480	35	989	15	
5481	35	1691	16	
5482	35	2130	17	
5483	35	1619	18	
5484	35	741	19	
5485	35	547	20	
5486	35	2425	21	
5487	35	1679	22	
5488	35	2476	23	
5489	35	1027	24	
5490	35	364	25	
5491	35	960	26	
5492	94	1686	56	49 
5493	35	1122	27	
5494	35	1723	28	
5495	35	699	29	
5496	35	706	30	
5497	94	1980	57	17 
5498	35	1044	31	
5499	35	1856	32	
5500	35	1013	33	
5501	35	2152	34	
5502	35	2472	35	
5503	35	2279	36	
5504	35	2125	37	
5505	35	2659	38	
5506	35	2887	39	
5507	35	1292	40	
5508	35	1178	41	
5509	35	2982	42	
5510	35	1508	43	
5511	35	539	44	
5512	35	2829	45	
5513	35	1118	46	
5514	35	1914	47	
5515	35	2501	48	
5516	35	1098	49	
5517	35	240	50	
5518	35	1254	51	
5519	35	1571	52	
5520	35	635	53	
5521	35	309	54	
5522	35	1101	55	
5523	35	2599	56	
5524	35	2088	57	
5525	35	2821	58	
5526	35	1691	59	
5527	35	2293	60	
5528	94	941	58	31 
5529	35	1391	61	
5530	35	2701	62	
5531	35	406	63	
5532	35	2354	64	
5533	35	2807	65	
5534	35	182	66	
5535	35	81	67	
5536	35	1666	68	
5537	35	1247	69	
5538	35	449	70	
5539	35	87	71	
5540	35	434	72	
5541	35	249	73	
5542	35	2512	74	
5543	35	2523	75	
5544	35	2205	76	
5545	35	1100	77	
5546	35	1575	78	
5547	35	125	79	
5548	35	1034	80	
5549	35	1201	81	
5550	35	574	82	
5551	35	2161	83	
5552	35	1286	84	
5553	35	1837	85	
5554	35	2374	86	
5555	35	2798	87	
5556	35	2503	88	
5557	35	1706	89	
5558	35	178	90	
5559	35	812	91	
5560	35	768	92	
5561	35	2741	93	
5562	35	86	94	
5563	94	2547	59	93 
5564	35	2579	95	
5565	35	705	96	
5566	35	2887	97	
5567	35	2994	98	
5568	35	176	99	
5569	35	393	100	
5570	64	1624	1	
5571	64	78	2	
5572	64	2979	3	
5573	64	2542	4	
5574	64	1055	5	
5575	64	2359	6	
5576	64	2807	7	
5577	64	2380	8	
5578	64	765	9	
5579	64	2124	10	
5580	64	1736	11	
5581	64	2953	12	
5582	64	2763	13	
5583	64	1720	14	
5584	64	2474	15	
5585	64	2956	16	
5586	64	2536	17	
5587	64	120	18	
5588	64	711	19	
5589	64	1016	20	
5590	64	614	21	
5591	64	131	22	
5592	64	811	23	
5593	64	2394	24	
5594	64	2948	25	
5595	64	2084	26	
5596	64	2028	27	
5597	64	669	28	
5598	64	2044	29	
5599	64	2637	30	
5600	64	2673	31	
5601	64	2712	32	
5602	64	1083	33	
5603	64	1686	34	
5604	64	1013	35	
5605	64	1860	36	
5606	64	1276	37	
5607	94	1158	60	36 
5608	64	1751	38	
5609	64	2250	39	
5610	64	2376	40	
5611	64	1789	41	
5612	94	2445	61	40 
5613	64	2369	42	
5614	64	1335	43	
5615	64	1901	44	
5616	64	2661	45	
5617	64	1544	46	
5618	64	1312	47	
5619	64	1985	48	
5620	64	163	49	
5621	64	2262	50	
5622	64	209	51	
5623	64	1331	52	
5624	64	484	53	
5625	64	622	54	
5626	64	1894	55	
5627	64	263	56	
5628	64	1324	57	
5629	64	1	58	
5630	64	769	59	
5631	64	2812	60	
5632	64	1214	61	
5633	64	345	62	
5634	64	1305	63	
5635	64	1428	64	
5636	64	65	65	
5637	64	2556	66	
5638	64	1910	67	
5639	64	2599	68	
5640	64	2331	69	
5641	64	2183	70	
5642	64	2712	71	
5643	64	2153	72	
5644	64	1452	73	
5645	64	485	74	
5646	94	1124	62	26 
5647	64	1017	75	
5648	64	1575	76	
5649	64	2093	77	
5650	64	1761	78	
5651	64	1280	79	
5652	64	556	80	
5653	64	1953	81	
5654	64	810	82	
5655	64	2371	83	
5656	64	626	84	
5657	94	1454	63	73 
5658	64	569	85	
5659	64	2241	86	
5660	42	1985	10	4 39 
5661	64	213	87	
5662	64	262	88	
5663	64	1097	89	
5664	64	1607	90	
5665	94	2304	64	58 
5666	64	1286	91	
5667	64	1711	92	
5668	64	2116	93	
5669	64	2472	94	
5670	64	1490	95	
5671	64	1179	96	
5672	64	2154	97	
5673	64	2069	98	
5674	64	552	99	
5675	64	1742	100	
5676	72	1139	1	
5677	72	242	2	
5678	94	2032	65	69 
5679	72	556	3	
5680	72	765	4	
5681	72	705	5	
5682	72	1206	6	
5683	72	1801	7	
5684	72	1982	8	
5685	72	2430	9	
5686	72	2344	10	
5687	72	1873	11	
5688	72	2271	12	
5689	72	1855	13	
5690	72	2873	14	
5691	72	1266	15	
5692	72	1101	16	
5693	72	2673	17	
5694	72	1011	18	
5695	72	938	19	
5696	72	2053	20	
5697	72	94	21	
5698	72	1093	22	
5699	72	2118	23	
5700	72	138	24	
5701	72	2170	25	
5702	72	1369	26	
5703	72	1304	27	
5704	72	2954	28	
5705	72	571	29	
5706	72	2477	30	
5707	72	436	31	
5708	72	1275	32	
5709	72	467	33	
5710	72	2453	34	
5711	72	24	35	
5712	72	1122	36	
5713	72	2741	37	
5714	72	1655	38	
5715	72	154	39	
5716	72	1203	40	
5717	72	2044	41	
5718	72	2659	42	
5719	72	2408	43	
5720	72	370	44	
5721	72	1829	45	
5722	72	2027	46	
5723	94	2950	66	19 
5724	72	2453	47	
5725	72	1301	48	
5726	72	2394	49	
5727	72	639	50	
5728	72	1642	51	
5729	72	2668	52	
5730	72	2845	53	
5731	72	2687	54	
5732	72	1910	55	
5733	72	1140	56	
5734	72	1277	57	
5735	72	2348	58	
5736	72	1989	59	
5737	72	1095	60	
5738	72	2040	61	
5739	72	568	62	
5740	72	1912	63	
5741	72	1028	64	
5742	72	679	65	
5743	72	2448	66	
5744	72	1169	67	
5745	72	2177	68	
5746	72	1664	69	
5747	94	2657	67	47 
5748	72	22	70	
5749	72	1634	71	
5750	72	2620	72	
5751	72	1927	73	
5752	72	617	74	
5753	72	2680	75	
5754	72	2455	76	
5755	72	2498	77	
5756	72	1385	78	
5757	72	2104	79	
5758	72	1451	80	
5759	72	1476	81	
5760	72	162	82	
5761	72	2411	83	
5762	72	2590	84	
5763	72	51	85	
5764	94	209	68	80 
5765	72	1926	86	
5766	72	1276	87	
5767	72	60	88	
5768	72	879	89	
5769	72	1041	90	
5770	72	2796	91	
5771	72	2057	92	
5772	72	1543	93	
5773	72	273	94	
5774	72	1611	95	
5775	72	1171	96	
5776	72	2444	97	
5777	72	979	98	
5778	72	1540	99	
5779	72	1521	100	
5780	1	2625	1	
5781	1	1975	2	
5782	1	1975	3	
5783	1	15	4	
5784	1	574	5	
5785	1	299	6	
5786	94	2870	69	16 
5787	1	2561	7	
5788	1	1426	8	
5789	1	1534	9	
5790	1	948	10	
5791	1	1503	11	
5792	1	1585	12	
5793	94	356	70	79 
5794	1	2864	13	
5795	1	1735	14	
5796	1	1264	15	
5797	94	2113	71	38 
5798	1	2021	16	
5799	1	2466	17	
5800	1	2758	18	
5801	1	2004	19	
5802	1	2241	20	
5803	1	812	21	
5804	94	901	72	44 
5805	1	2991	22	
5806	1	821	23	
5807	1	68	24	
5808	1	1521	25	
5809	1	1245	26	
5810	1	789	27	
5811	1	2618	28	
5812	1	845	29	
5813	1	2499	30	
5814	1	1475	31	
5815	1	1139	32	
5816	1	1652	33	
5817	1	1476	34	
5818	1	1111	35	
5819	94	1845	73	17 
5820	1	2330	36	
5821	1	1594	37	
5822	1	1641	38	
5823	1	1568	39	
5824	1	1857	40	
5825	94	2053	74	63 
5826	1	1802	41	
5827	1	2656	42	
5828	94	1801	75	54 
5829	1	1	43	
5830	1	1437	44	
5831	1	2796	45	
5832	94	1033	76	43 
5833	1	2330	46	
5834	1	1055	47	
5835	1	1636	48	
5836	1	1048	49	
5837	42	604	11	13 53 
5838	1	1074	50	
5839	1	1939	51	
5840	1	539	52	
5841	1	1717	53	
5842	1	440	54	
5843	1	2501	55	
5844	1	613	56	
5845	1	2452	57	
5846	1	1175	58	
5847	1	1871	59	
5848	1	1028	60	
5849	1	1946	61	
5850	1	914	62	
5851	1	1926	63	
5852	1	2883	64	
5853	1	628	65	
5854	1	2071	66	
5855	94	1757	77	25 
5856	94	2553	78	96 
5857	94	855	79	28 
5858	1	481	67	
5859	1	2445	68	
5860	1	375	69	
5861	94	448	80	42 
5862	1	2071	70	
5863	1	1613	71	
5864	1	2853	72	
5865	1	143	73	
5866	1	2976	74	
5867	1	1042	75	
5868	1	2835	76	
5869	1	314	77	
5870	1	2798	78	
5871	1	645	79	
5872	1	91	80	
5873	1	789	81	
5874	1	282	82	
5875	1	855	83	
5876	1	2170	84	
5877	1	2671	85	
5878	1	679	86	
5879	1	1491	87	
5880	1	901	88	
5881	1	1655	89	
5882	1	298	90	
5883	1	2897	91	
5884	1	2204	92	
5885	1	2376	93	
5886	1	1265	94	
5887	1	2617	95	
5888	1	1560	96	
5889	94	1319	81	5 
5890	1	1927	97	
5891	1	671	98	
5892	1	1888	99	
5893	1	1413	100	
5894	71	1564	1	
5895	71	867	2	
5896	71	2246	3	
5897	71	608	4	
5898	71	28	5	
5899	71	2452	6	
5900	71	491	7	
5901	71	727	8	
5902	71	2600	9	
5903	71	211	10	
5904	71	1436	11	
5905	71	1307	12	
5906	71	1554	13	
5907	71	1426	14	
5908	94	2762	82	56 
5909	71	1097	15	
5910	94	375	83	60 
5911	71	860	16	
5912	71	874	17	
5913	94	1265	84	81 
5914	71	2014	18	
5915	71	1692	19	
5916	71	2252	20	
5917	71	1472	21	
5918	71	478	22	
5919	71	1285	23	
5920	71	1863	24	
5921	71	891	26	
5922	71	22	25	
5923	71	1310	27	
5924	71	2864	28	
5925	71	2759	29	
5926	71	1169	30	
5927	71	1053	31	
5928	71	1475	32	
5929	71	2744	33	
5930	71	2942	34	
5931	71	1807	35	
5932	71	956	36	
5933	71	2829	37	
5934	71	1312	38	
5935	71	2355	39	
5936	71	569	40	
5937	71	360	41	
5938	71	2085	42	
5939	71	1863	43	
5940	71	867	44	
5941	71	2924	45	
5942	71	2466	46	
5943	71	756	47	
5944	71	1914	48	
5945	71	1939	49	
5946	71	2021	50	
5947	71	2014	51	
5948	71	475	52	
5949	71	1050	54	
5950	71	2897	53	
5951	71	88	55	
5952	71	94	56	
5953	71	2680	57	
5954	71	1238	58	
5955	71	2019	59	
5956	71	2657	60	
5957	71	1789	61	
5958	71	1727	62	
5959	94	42	85	61 
5960	71	2684	63	
5961	71	1440	64	
5962	71	1270	65	
5963	94	2227	86	45 
5964	71	2758	66	
5965	71	312	67	
5966	71	2216	68	
5967	71	292	69	
5968	71	1800	71	
5969	71	1607	70	
5970	71	2557	72	
5971	71	2399	73	
5972	71	42	74	
5973	71	1171	75	
5974	71	746	76	
5975	71	1829	77	
5976	71	296	78	
5977	71	1428	79	
5978	71	1901	80	
5979	71	543	81	
5980	71	2607	82	
5981	71	2118	83	
5982	71	1549	84	
5983	71	1571	85	
5984	71	2555	86	
5985	71	2498	87	
5986	94	1934	87	65 
5987	71	1549	88	
5988	71	613	89	
5989	94	1082	88	99 
5990	71	1652	90	
5991	71	559	91	
5992	71	2440	92	
5993	71	2744	93	
5994	71	2227	94	
5995	71	1081	95	
5996	71	2204	96	
5997	71	1540	97	
5998	71	15	98	
5999	71	2979	99	
6000	71	1082	100	
