Course	Room	Teacher	Time	Students
1	49	1848	80	
2	49	1916	81	
3	49	309	82	
4	49	1278	83	
5	49	556	84	
6	49	1581	85	
7	49	1002	86	
8	49	1184	87	
9	49	1764	88	
10	49	1254	89	
11	49	1746	90	
12	49	234	91	
13	49	709	92	
14	49	1975	93	
15	49	38	94	
16	49	976	95	
17	49	1715	96	
18	91	307	22	91 
19	49	1603	97	
20	49	1037	98	
21	49	1830	99	
22	49	354	100	
23	74	454	1	
24	74	1757	2	
25	74	1841	3	
26	74	357	4	
27	74	1924	5	
28	74	1150	6	
29	74	342	7	
30	74	666	8	
31	74	841	9	
32	74	820	10	
33	74	873	11	
34	74	1257	12	
35	74	57	13	
36	91	157	23	87 
37	74	1241	14	
38	74	754	15	
39	91	747	24	65 
40	74	1391	16	
41	91	1937	25	7 
42	74	1141	17	
43	74	1205	18	
44	74	1714	19	
45	74	803	20	
46	74	1706	21	
47	74	1301	22	
48	74	1242	23	
49	74	1537	24	
50	74	1770	25	
51	74	1560	26	
52	74	1858	27	
53	74	800	28	
54	91	1639	26	51 
55	74	309	29	
56	74	623	30	
57	74	168	31	
58	74	143	32	
59	74	165	33	
60	74	362	34	
61	74	308	35	
62	74	852	36	
63	74	749	37	
64	74	785	38	
65	74	975	39	
66	74	228	40	
67	74	1042	41	
68	74	264	42	
69	74	1790	43	
70	74	46	44	
71	74	1962	45	
72	74	1614	46	
73	74	619	47	
74	74	1517	48	
75	74	932	49	
76	74	1223	50	
77	74	1549	51	
78	74	670	52	
79	74	489	53	
80	74	1176	54	
81	74	74	55	
82	74	1469	56	
83	74	92	57	
84	91	936	1	36 69 
85	74	887	58	
86	74	367	59	
87	74	549	60	
88	74	1345	61	
89	74	505	62	
90	74	829	63	
91	91	1955	27	45 
92	74	1486	64	
93	74	1334	65	
94	74	940	66	
95	74	395	67	
96	74	112	68	
97	74	516	69	
98	74	357	70	
99	74	212	71	
100	74	203	72	
101	74	1164	73	
102	74	1319	74	
103	74	474	75	
104	91	644	28	75 
105	74	119	76	
106	74	506	77	
107	74	876	78	
108	74	1385	79	
109	74	1101	80	
110	91	1589	29	60 
111	74	184	81	
112	74	1741	82	
113	74	1563	83	
114	74	280	84	
115	74	241	85	
116	74	52	86	
117	74	569	87	
118	91	295	30	93 
119	74	317	88	
120	74	1905	89	
121	91	1810	2	2 77 
122	74	1627	90	
123	74	1278	91	
124	74	1809	92	
125	74	147	93	
126	74	1977	94	
127	74	1791	95	
128	74	1967	96	
129	74	1905	97	
130	74	1536	98	
131	74	1003	99	
132	74	1832	100	
133	86	997	1	
134	86	1156	2	
135	86	189	3	
136	86	891	4	
137	86	705	5	
138	86	1262	6	
139	91	1603	31	84 
140	86	1037	7	
141	86	1930	8	
142	86	841	10	
143	86	1746	9	
144	86	226	11	
145	91	564	32	37 
146	86	1042	12	
147	86	700	13	
148	86	531	14	
149	86	1533	15	
150	86	43	16	
151	86	1990	17	
152	86	508	18	
153	86	404	19	
154	86	1039	20	
155	91	1039	33	67 
156	86	628	21	
157	91	289	34	29 
158	86	1737	22	
159	86	976	23	
160	86	1848	24	
161	91	1319	35	9 
162	86	1314	25	
163	86	1101	26	
164	86	1890	27	
165	86	1994	28	
166	86	270	29	
167	86	1237	30	
168	86	924	31	
169	86	1385	32	
170	86	1147	33	
171	91	1646	36	66 
172	86	940	34	
173	86	947	35	
174	86	1282	36	
175	86	1951	37	
176	86	1652	38	
177	86	1635	39	
178	86	1169	40	
179	86	1064	41	
180	86	1098	42	
181	86	1346	43	
182	86	1882	44	
183	86	1621	45	
184	86	915	46	
185	86	329	47	
186	86	471	48	
187	86	529	49	
188	86	131	50	
189	86	38	51	
190	86	1570	52	
191	91	1899	37	82 
192	86	1573	53	
193	86	1081	54	
194	86	429	55	
195	86	336	56	
196	86	117	57	
197	86	1929	58	
198	86	1964	59	
199	86	1837	60	
200	86	1106	61	
201	86	37	62	
202	86	333	63	
203	86	443	64	
204	86	671	65	
205	86	329	66	
206	86	727	67	
207	86	241	68	
208	86	656	69	
209	86	650	70	
210	86	1812	71	
211	86	932	72	
212	91	404	38	51 
213	86	44	73	
214	86	1734	74	
215	86	84	75	
216	86	636	76	
217	91	1487	39	89 
218	86	861	77	
219	86	433	78	
220	86	1839	79	
221	86	1943	80	
222	86	1794	81	
223	86	1162	82	
224	86	125	83	
225	86	365	84	
226	86	369	85	
227	86	1558	86	
228	86	387	87	
229	86	1781	88	
230	86	433	89	
231	91	1367	40	30 
232	86	761	90	
233	86	1091	91	
234	86	89	92	
235	86	425	93	
236	86	298	94	
237	86	998	95	
238	86	1967	97	
239	86	834	96	
240	86	422	98	
241	86	6	99	
242	86	919	100	
243	24	181	1	
244	24	1525	2	
245	24	1470	3	
246	24	1146	4	
247	24	577	5	
248	24	1686	6	
249	24	1393	7	
250	24	1693	8	
251	24	443	9	
252	24	1075	10	
253	24	977	11	
254	24	1192	12	
255	24	466	13	
256	24	585	14	
257	24	1186	15	
258	24	1154	16	
259	24	1502	17	
260	24	324	18	
261	24	1858	19	
262	24	226	20	
263	91	1245	41	74 
264	24	675	21	
265	24	227	22	
266	24	1168	23	
267	24	588	24	
268	24	5	25	
269	24	1622	26	
270	24	1167	27	
271	24	359	28	
272	24	139	29	
273	91	1724	42	53 
274	24	91	30	
275	91	1760	43	63 
276	24	410	31	
277	24	1089	32	
278	91	691	44	45 
279	24	1708	33	
280	24	218	34	
281	24	117	35	
282	24	1314	36	
283	24	1532	37	
284	24	263	38	
285	24	1438	39	
286	24	765	40	
287	24	114	41	
288	24	275	42	
289	24	735	43	
290	24	237	44	
291	24	1681	45	
292	24	292	46	
293	24	675	47	
294	24	1267	48	
295	24	1832	49	
296	24	1369	50	
297	24	184	51	
298	24	1210	52	
299	24	864	53	
300	24	615	54	
301	24	436	55	
302	24	229	56	
303	24	733	57	
304	24	314	58	
305	24	219	59	
306	24	271	60	
307	24	1654	61	
308	24	692	62	
309	24	1815	63	
310	24	1375	64	
311	24	1921	65	
312	24	1928	66	
313	24	1032	67	
314	24	1923	68	
315	24	1371	69	
316	24	856	70	
317	24	1944	71	
318	24	791	72	
319	24	521	73	
320	24	396	74	
321	24	1317	75	
322	24	658	76	
323	91	1715	45	85 
324	24	1171	77	
325	24	1425	78	
326	91	1788	46	34 
327	24	1096	79	
328	24	1501	80	
329	24	275	81	
330	24	434	82	
331	24	1614	83	
332	24	760	84	
333	24	400	85	
334	24	1347	86	
335	24	752	87	
336	24	1844	88	
337	24	802	89	
338	24	1904	90	
339	24	1920	91	
340	24	611	92	
341	24	41	93	
342	24	856	94	
343	24	370	95	
344	24	1141	96	
345	24	1492	97	
346	24	1815	98	
347	24	1643	99	
348	91	1366	47	27 
349	24	531	100	
350	20	320	1	
351	20	1580	2	
352	91	1133	48	74 
353	20	1823	3	
354	20	1758	4	
355	20	1243	5	
356	20	629	6	
357	20	260	7	
358	20	666	9	
359	20	141	8	
360	20	1772	10	
361	20	1897	11	
362	20	130	12	
363	20	1205	13	
364	20	1909	14	
365	20	1844	15	
366	20	1346	16	
367	20	1169	17	
368	91	1929	3	8 91 
369	20	1453	18	
370	20	87	19	
371	20	1557	20	
372	20	1491	21	
373	20	879	22	
374	20	37	23	
375	20	330	24	
376	20	72	25	
377	20	525	26	
378	20	1095	27	
379	20	299	28	
380	20	234	29	
381	91	832	49	6 
382	20	1913	30	
383	20	1526	31	
384	20	129	32	
385	20	77	33	
386	20	685	34	
387	20	1842	35	
388	20	594	36	
389	20	402	37	
390	20	1710	38	
391	20	1897	39	
392	20	1032	40	
393	20	1209	41	
394	20	1994	42	
395	20	418	43	
396	20	994	44	
397	20	1818	45	
398	20	583	46	
399	20	1004	47	
400	20	1356	48	
401	20	156	49	
402	20	1798	50	
403	20	193	51	
404	20	93	52	
405	20	70	53	
406	20	1642	54	
407	20	956	55	
408	20	870	56	
409	20	1140	57	
410	91	1351	50	52 
411	20	465	58	
412	20	1847	59	
413	20	946	60	
414	20	1957	61	
415	20	846	62	
416	20	413	63	
417	20	1588	64	
418	20	1738	65	
419	20	732	66	
420	20	1094	67	
421	20	764	68	
422	20	1213	69	
423	91	510	51	78 
424	20	306	70	
425	20	1407	71	
426	20	875	72	
427	20	1296	73	
428	20	1537	74	
429	20	909	75	
430	91	525	52	93 
431	20	181	76	
432	91	1317	53	12 
433	20	1071	77	
434	20	1468	78	
435	20	1234	79	
436	20	103	80	
437	20	964	81	
438	20	299	82	
439	20	1596	83	
440	20	806	84	
441	20	1201	85	
442	20	1014	86	
443	20	316	87	
444	20	488	88	
445	20	22	89	
446	20	1808	90	
447	20	1476	91	
448	20	1511	92	
449	20	408	93	
450	91	636	54	97 
451	20	1366	94	
452	20	1189	95	
453	20	1851	96	
454	20	1659	97	
455	20	524	98	
456	20	595	99	
457	20	935	100	
458	14	1706	1	
459	14	1900	2	
460	14	788	3	
461	14	801	4	
462	14	838	5	
463	14	307	6	
464	14	1326	7	
465	14	1481	8	
466	14	1773	9	
467	91	1222	55	58 
468	14	46	10	
469	14	661	11	
470	14	342	12	
471	14	517	13	
472	91	1940	56	26 
473	14	702	14	
474	14	749	15	
475	14	777	16	
476	14	1727	17	
477	14	1252	18	
478	14	1987	19	
479	14	1329	20	
480	14	1802	21	
481	14	904	22	
482	14	1989	23	
483	91	1308	57	21 
484	91	195	58	87 
485	14	116	24	
486	14	1149	25	
487	14	1563	26	
488	14	1000	27	
489	14	498	28	
490	14	1327	29	
491	14	949	30	
492	14	1284	31	
493	91	1453	59	27 
494	14	907	32	
495	91	369	60	40 
496	14	457	33	
497	14	1258	34	
498	14	1668	35	
499	14	1841	36	
500	14	63	37	
501	14	638	38	
502	14	1765	39	
503	14	97	40	
504	14	699	41	
505	14	1510	42	
506	14	323	43	
507	14	1316	44	
508	14	136	45	
509	14	166	46	
510	14	1139	47	
511	14	1171	48	
512	14	1408	49	
513	14	996	50	
514	91	1969	61	22 
515	14	1336	51	
516	91	929	62	76 
517	14	1433	52	
518	14	1118	53	
519	14	634	54	
520	14	1869	55	
521	14	546	56	
522	14	1323	57	
523	14	312	58	
524	14	341	59	
525	14	1358	60	
526	14	1217	61	
527	14	1264	62	
528	14	682	63	
529	14	1582	64	
530	14	736	65	
531	91	1524	63	31 
532	14	1854	66	
533	14	742	67	
534	14	646	68	
535	14	152	69	
536	14	345	70	
537	14	548	71	
538	14	1404	72	
539	14	578	73	
540	14	29	74	
541	14	79	75	
542	14	395	76	
543	91	1040	64	49 
544	14	1156	77	
545	14	128	78	
546	14	1026	79	
547	14	1907	80	
548	14	515	81	
549	14	1379	82	
550	14	988	83	
551	14	1427	84	
552	91	519	65	53 
553	14	1216	85	
554	14	629	86	
555	91	1765	66	4 
556	14	1776	87	
557	14	515	88	
558	14	205	89	
559	14	459	90	
560	14	698	91	
561	14	247	92	
562	14	1404	93	
563	14	132	94	
564	14	1414	95	
565	14	303	96	
566	14	1507	97	
567	14	762	98	
568	14	157	99	
569	14	842	100	
570	82	1838	1	
571	82	1063	2	
572	82	885	3	
573	82	333	4	
574	91	788	67	32 
575	82	1633	5	
576	82	1559	6	
577	82	1224	7	
578	82	341	8	
579	82	552	9	
580	91	939	68	99 
581	82	1510	10	
582	82	1594	11	
583	91	49	69	65 
584	82	834	12	
585	82	1161	13	
586	82	1859	14	
587	82	1188	15	
588	82	1544	16	
589	82	1447	17	
590	82	931	18	
591	82	330	19	
592	82	715	20	
593	82	1015	21	
594	82	1056	22	
595	82	74	23	
596	82	52	24	
597	82	1988	25	
598	82	950	26	
599	82	737	27	
600	82	413	28	
601	82	1633	29	
602	82	1516	30	
603	82	1368	31	
604	82	808	32	
605	82	801	33	
606	82	196	34	
607	82	900	35	
608	82	1595	36	
609	82	1170	37	
610	82	1885	38	
611	82	1971	39	
612	82	1827	40	
613	82	664	41	
614	82	1690	42	
615	82	115	43	
616	82	1809	44	
617	82	289	45	
618	82	464	46	
619	82	900	47	
620	82	1991	48	
621	82	1475	49	
622	82	479	50	
623	82	1275	51	
624	82	1740	52	
625	82	1117	53	
626	82	1337	54	
627	82	142	55	
628	82	29	56	
629	82	910	57	
630	82	659	58	
631	82	1483	59	
632	82	623	60	
633	82	1566	61	
634	82	918	62	
635	82	1063	63	
636	91	524	70	19 
637	82	1213	64	
638	82	604	65	
639	82	1251	66	
640	82	913	67	
641	82	611	68	
642	82	223	69	
643	82	1708	70	
644	91	1935	71	96 
645	82	1669	71	
646	82	1089	72	
647	82	88	73	
648	82	1564	74	
649	82	1043	75	
650	82	1718	76	
651	82	1330	77	
652	82	142	78	
653	82	797	79	
654	82	1901	80	
655	82	1068	81	
656	82	1496	82	
657	82	297	83	
658	82	815	84	
659	82	995	85	
660	82	1527	86	
661	82	1457	87	
662	82	830	88	
663	82	263	89	
664	91	1991	72	47 
665	82	1759	90	
666	82	750	91	
667	82	903	92	
668	82	1575	93	
669	82	1576	95	
670	82	825	94	
671	82	1146	96	
672	82	753	97	
673	82	1201	98	
674	82	1567	99	
675	91	1800	73	55 
676	82	1179	100	
677	73	1147	1	
678	73	1717	2	
679	73	1480	3	
680	73	1666	4	
681	91	1489	74	88 
682	73	1493	5	
683	73	1661	6	
684	73	150	7	
685	73	1454	8	
686	73	427	9	
687	73	808	10	
688	73	430	11	
689	73	1379	12	
690	73	1545	13	
691	73	1930	14	
692	91	861	75	41 
693	73	955	15	
694	73	989	16	
695	91	1621	76	13 
696	73	1031	17	
697	73	1945	18	
698	73	568	19	
699	73	1131	20	
700	73	1683	21	
701	91	1318	77	10 
702	73	602	22	
703	73	162	23	
704	91	1853	78	51 
705	73	1727	24	
706	73	1538	25	
707	73	852	26	
708	73	1567	27	
709	73	918	28	
710	91	661	79	20 
711	73	1310	29	
712	73	1657	30	
713	73	1174	31	
714	73	1487	32	
715	73	1109	33	
716	73	491	34	
717	73	804	35	
718	91	278	4	68 99 
719	73	833	36	
720	73	1619	37	
721	73	815	38	
722	73	736	39	
723	91	646	80	3 
724	73	1327	40	
725	73	967	41	
726	73	186	42	
727	73	1286	43	
728	73	57	44	
729	73	67	45	
730	73	1015	46	
731	73	1122	47	
732	73	1558	48	
733	73	1520	49	
734	73	699	50	
735	91	534	81	95 
736	73	411	51	
737	73	865	52	
738	73	1102	53	
739	73	1055	54	
740	73	1003	55	
741	73	579	56	
742	73	934	57	
743	73	1914	58	
744	73	507	59	
745	73	1035	60	
746	73	1660	61	
747	73	804	62	
748	91	962	82	73 
749	73	254	63	
750	73	15	64	
751	73	1399	65	
752	73	1498	66	
753	73	1467	67	
754	73	1761	68	
755	73	1011	69	
756	73	1204	70	
757	73	1977	71	
758	73	125	72	
759	73	267	73	
760	73	1672	74	
761	73	1798	75	
762	91	1242	83	42 
763	73	837	76	
764	73	1335	77	
765	73	1241	78	
766	73	743	79	
767	73	1940	80	
768	73	975	81	
769	73	1419	82	
770	73	645	83	
771	73	418	84	
772	73	945	85	
773	73	1490	86	
774	91	383	84	19 
775	73	1197	87	
776	73	978	88	
777	73	1175	89	
778	91	355	85	88 
779	73	1751	90	
780	91	488	86	81 
781	73	1441	91	
782	91	1542	87	81 
783	73	1877	92	
784	73	630	93	
785	73	1976	94	
786	73	1855	95	
787	73	692	96	
788	73	621	97	
789	73	268	98	
790	73	1289	99	
791	73	1955	100	
792	91	1425	88	20 
793	22	663	1	
794	22	1498	2	
795	22	1305	3	
796	22	613	4	
797	22	752	5	
798	22	14	6	
799	22	1107	7	
800	22	706	8	
801	22	452	9	
802	22	1133	10	
803	22	824	11	
804	22	300	12	
805	22	258	13	
806	22	682	14	
807	22	1078	15	
808	22	1877	16	
809	22	1394	17	
810	22	439	18	
811	22	560	19	
812	22	359	20	
813	22	1716	21	
814	22	19	22	
815	22	519	23	
816	91	1641	89	85 
817	22	1328	24	
818	22	1187	25	
819	22	490	26	
820	22	1410	27	
821	22	1608	28	
822	22	1324	29	
823	22	614	30	
824	22	390	31	
825	22	1609	32	
826	22	1620	33	
827	22	164	34	
828	22	1102	35	
829	22	1400	36	
830	22	335	37	
831	22	1160	38	
832	22	382	39	
833	22	568	40	
834	22	1682	41	
835	22	1545	42	
836	22	1665	43	
837	22	1450	44	
838	22	1806	45	
839	22	584	46	
840	22	1891	47	
841	22	385	48	
842	22	1088	49	
843	22	1357	50	
844	22	15	51	
845	22	789	52	
846	22	311	53	
847	22	1717	54	
848	22	849	55	
849	91	440	5	32 96 
850	22	1409	56	
851	22	1935	57	
852	22	1263	58	
853	22	471	59	
854	22	1679	60	
855	22	25	61	
856	91	670	90	83 
857	22	1016	62	
858	22	397	63	
859	91	304	91	57 
860	22	1916	64	
861	22	72	65	
862	22	712	66	
863	22	696	67	
864	22	1170	68	
865	22	1757	69	
866	91	123	92	10 
867	91	635	93	91 
868	22	1069	70	
869	22	1854	71	
870	22	1710	72	
871	22	272	73	
872	22	1941	74	
873	22	1532	75	
874	22	97	76	
875	91	624	94	50 
876	22	1773	77	
877	91	1734	95	30 
878	22	295	78	
879	91	1548	96	41 
880	22	614	79	
881	22	512	80	
882	22	980	81	
883	22	1119	82	
884	22	1402	83	
885	22	64	84	
886	22	1026	85	
887	22	1504	86	
888	22	446	87	
889	22	154	88	
890	22	1975	89	
891	22	571	90	
892	22	1808	91	
893	22	737	92	
894	22	1481	93	
895	22	1390	94	
896	22	393	95	
897	22	1747	96	
898	22	493	97	
899	22	1971	98	
900	22	1864	99	
901	22	1465	100	
902	8	721	1	
903	8	147	2	
904	8	1797	3	
905	8	1127	4	
906	8	1601	5	
907	8	1413	6	
908	8	1375	7	
909	91	440	6	3 98 
910	8	758	8	
911	8	581	9	
912	8	1288	10	
913	8	1389	11	
914	8	1699	12	
915	8	1555	13	
916	8	1536	14	
917	8	754	16	
918	8	1414	15	
919	8	259	17	
920	8	87	18	
921	8	1516	19	
922	8	446	20	
923	8	819	21	
924	8	434	22	
925	8	778	23	
926	8	505	24	
927	8	315	25	
928	8	498	26	
929	8	1187	27	
930	8	1835	28	
931	8	1744	29	
932	8	776	30	
933	8	1548	31	
934	8	1095	32	
935	8	455	33	
936	8	1457	34	
937	8	432	35	
938	91	1824	97	51 
939	8	137	36	
940	8	1514	37	
941	8	51	38	
942	8	607	39	
943	8	1337	40	
944	8	1062	41	
945	8	1740	42	
946	8	1668	43	
947	8	1958	44	
948	8	1479	45	
949	8	322	46	
950	8	921	47	
951	8	520	48	
952	8	1155	49	
953	8	921	50	
954	8	674	51	
955	8	708	52	
956	8	679	53	
957	91	592	98	48 
958	8	80	54	
959	8	484	55	
960	8	1756	56	
961	8	605	57	
962	8	1876	58	
963	8	1120	59	
964	8	1336	60	
965	8	1341	61	
966	8	1142	62	
967	8	1357	63	
968	8	904	64	
969	91	818	99	1 
970	8	1258	65	
971	8	1792	66	
972	8	1000	67	
973	91	1726	100	75 
974	8	897	68	
975	8	923	69	
976	8	854	70	
977	8	1382	71	
978	56	1417	1	25 
979	8	1145	72	
980	8	906	73	
981	8	1460	74	
982	8	1430	75	
983	8	725	76	
984	8	817	77	
985	8	907	78	
986	8	250	79	
987	8	634	80	
988	8	523	81	
989	8	1072	82	
990	56	552	2	14 
991	8	1497	83	
992	8	1467	84	
993	8	676	85	
994	8	1938	86	
995	8	1926	87	
996	8	1040	88	
997	8	1945	89	
998	56	1408	3	54 
999	8	1520	90	
1000	8	201	91	
1001	8	1380	92	
1002	8	1813	93	
1003	56	1189	4	11 
1004	8	1599	94	
1005	8	649	95	
1006	56	297	5	64 
1007	8	214	96	
1008	91	1782	7	29 99 
1009	8	301	97	
1010	8	1349	98	
1011	8	928	99	
1012	8	1478	100	
1013	63	1382	1	
1014	63	954	2	
1015	63	1751	3	
1016	63	1642	4	
1017	63	673	5	
1018	63	62	6	
1019	63	1767	7	
1020	63	1862	8	
1021	63	1263	9	
1022	56	845	6	28 
1023	63	1782	10	
1024	63	787	11	
1025	63	779	12	
1026	56	202	7	37 
1027	56	1343	8	95 
1028	56	696	9	11 
1029	56	366	10	38 
1030	63	293	13	
1031	63	1937	14	
1032	63	1965	15	
1033	63	1238	16	
1034	63	313	17	
1035	63	103	18	
1036	63	80	19	
1037	63	865	20	
1038	63	1595	21	
1039	56	1349	11	54 
1040	63	280	22	
1041	63	1698	23	
1042	63	380	24	
1043	63	277	25	
1044	63	1766	26	
1045	63	1664	27	
1046	63	625	28	
1047	63	655	29	
1048	63	1796	30	
1049	63	1282	31	
1050	63	667	32	
1051	63	1962	33	
1052	63	243	34	
1053	63	1480	35	
1054	63	58	36	
1055	63	1737	37	
1056	63	550	38	
1057	63	1074	39	
1058	63	822	40	
1059	63	873	41	
1060	63	62	42	
1061	63	1826	43	
1062	63	1878	44	
1063	63	1114	45	
1064	56	1009	12	5 
1065	63	1774	46	
1066	63	1573	47	
1067	63	550	48	
1068	63	1097	49	
1069	56	1509	13	40 
1070	63	884	50	
1071	63	1475	51	
1072	63	829	52	
1073	63	1256	53	
1074	63	1792	54	
1075	63	1666	55	
1076	63	1180	56	
1077	63	565	57	
1078	63	1011	58	
1079	63	1575	59	
1080	63	1020	60	
1081	63	1482	61	
1082	63	1338	62	
1083	63	1691	63	
1084	63	522	64	
1085	63	407	65	
1086	63	1641	66	
1087	63	1684	67	
1088	63	1253	68	
1089	63	1228	69	
1090	63	1359	70	
1091	63	339	71	
1092	63	1247	72	
1093	63	153	73	
1094	63	1181	74	
1095	63	1639	75	
1096	63	1557	76	
1097	63	465	77	
1098	63	1778	78	
1099	63	1252	79	
1100	63	838	80	
1101	63	903	81	
1102	63	1807	82	
1103	63	1269	83	
1104	63	5	84	
1105	63	790	85	
1106	63	704	86	
1107	63	1137	87	
1108	63	503	88	
1109	63	1524	89	
1110	63	1865	90	
1111	63	235	91	
1112	63	1500	92	
1113	63	835	93	
1114	63	1920	94	
1115	63	305	95	
1116	63	1246	96	
1117	63	1256	97	
1118	63	783	98	
1119	63	539	99	
1120	63	1948	100	
1121	56	1207	14	18 
1122	56	1760	15	70 
1123	36	1338	1	
1124	36	1508	2	
1125	56	1696	16	84 
1126	56	790	17	20 
1127	56	1720	18	10 
1128	56	1441	19	56 
1129	36	1473	3	
1130	56	1447	20	90 
1131	36	508	4	
1132	36	679	5	
1133	36	1701	6	
1134	36	1458	7	
1135	36	1857	8	
1136	36	258	9	
1137	36	1024	10	
1138	36	1312	11	
1139	36	1296	12	
1140	36	644	13	
1141	36	1771	14	
1142	36	1902	15	
1143	36	1229	16	
1144	36	1671	17	
1145	56	1547	21	41 
1146	36	1617	18	
1147	36	822	19	
1148	36	1402	20	
1149	36	1029	21	
1150	36	570	22	
1151	36	705	23	
1152	36	957	24	
1153	56	1022	22	65 
1154	36	1652	25	
1155	36	466	26	
1156	36	1137	27	
1157	36	1827	28	
1158	36	826	29	
1159	36	274	30	
1160	36	1286	31	
1161	56	1046	23	61 
1162	36	1113	32	
1163	36	1586	33	
1164	36	957	34	
1165	36	766	35	
1166	36	1806	36	
1167	36	1676	37	
1168	36	208	38	
1169	36	880	39	
1170	36	383	40	
1171	36	61	41	
1172	36	954	42	
1173	36	455	43	
1174	36	1450	45	
1175	36	902	44	
1176	36	381	46	
1177	36	439	47	
1178	36	1643	48	
1179	56	1267	24	66 
1180	36	255	49	
1181	36	1872	50	
1182	36	816	51	
1183	36	1913	52	
1184	36	1374	53	
1185	36	1421	54	
1186	36	1646	55	
1187	36	1299	56	
1188	36	1403	57	
1189	36	119	58	
1190	36	1472	59	
1191	36	657	60	
1192	36	64	61	
1193	56	720	25	35 
1194	56	1925	26	6 
1195	36	79	62	
1196	36	1769	63	
1197	36	35	64	
1198	56	252	27	13 
1199	36	1680	65	
1200	36	1943	66	
1201	56	1892	28	89 
1202	36	115	67	
1203	36	735	68	
1204	36	392	69	
1205	36	88	70	
1206	36	1200	71	
1207	56	82	29	89 
1208	36	565	72	
1209	56	783	30	92 
1210	36	452	73	
1211	36	14	74	
1212	36	468	75	
1213	36	1019	76	
1214	36	1273	77	
1215	36	65	78	
1216	36	470	79	
1217	36	1709	80	
1218	36	652	81	
1219	36	1650	82	
1220	36	1521	83	
1221	36	1006	84	
1222	36	793	85	
1223	36	1217	86	
1224	36	224	87	
1225	36	12	88	
1226	36	19	89	
1227	36	827	90	
1228	36	384	91	
1229	36	1957	92	
1230	36	1875	93	
1231	56	631	31	44 
1232	56	1898	32	13 
1233	36	332	94	
1234	36	1973	95	
1235	36	895	96	
1236	36	1648	97	
1237	36	595	98	
1238	36	34	99	
1239	56	1637	33	52 
1240	36	817	100	
1241	66	1474	1	
1242	66	1307	2	
1243	66	60	3	
1244	66	1707	4	
1245	66	1672	5	
1246	66	998	6	
1247	66	668	7	
1248	66	946	8	
1249	66	71	9	
1250	91	372	8	46 56 
1251	66	668	10	
1252	66	1166	11	
1253	66	1017	12	
1254	66	391	13	
1255	66	846	14	
1256	66	652	15	
1257	66	1878	16	
1258	56	1200	34	94 
1259	66	151	17	
1260	66	972	18	
1261	66	1377	19	
1262	66	607	20	
1263	56	1070	35	29 
1264	66	1956	21	
1265	66	259	22	
1266	66	1369	23	
1267	56	1396	36	88 
1268	56	1667	37	16 
1269	66	1259	24	
1270	66	159	25	
1271	66	1031	26	
1272	66	1431	27	
1273	66	1225	28	
1274	66	248	29	
1275	66	240	30	
1276	66	400	31	
1277	66	417	32	
1278	66	756	33	
1279	66	1789	34	
1280	66	560	35	
1281	66	1490	36	
1282	66	1602	37	
1283	66	773	38	
1284	66	1398	39	
1285	66	59	40	
1286	66	600	41	
1287	66	590	42	
1288	66	1462	43	
1289	66	1264	44	
1290	66	882	45	
1291	66	283	46	
1292	66	1350	47	
1293	66	768	48	
1294	66	1103	49	
1295	66	139	50	
1296	66	1188	51	
1297	66	145	52	
1298	56	928	38	5 
1299	66	1218	53	
1300	66	580	54	
1301	56	1374	39	63 
1302	66	1881	55	
1303	66	1726	56	
1304	66	1902	57	
1305	66	1969	58	
1306	66	1391	59	
1307	66	1907	60	
1308	66	271	61	
1309	56	98	40	76 
1310	56	1456	41	100 
1311	66	689	62	
1312	66	1429	63	
1313	66	1775	64	
1314	66	870	65	
1315	66	43	66	
1316	66	1070	67	
1317	66	1871	68	
1318	66	506	69	
1319	66	1628	70	
1320	66	1990	71	
1321	66	1401	72	
1322	66	1769	73	
1323	66	1538	74	
1324	66	187	75	
1325	66	1492	76	
1326	56	1367	42	6 
1327	66	273	77	
1328	66	1345	78	
1329	66	449	79	
1330	66	162	80	
1331	66	587	81	
1332	66	880	82	
1333	66	246	83	
1334	66	694	84	
1335	66	1406	85	
1336	66	1626	86	
1337	66	197	87	
1338	66	836	88	
1339	66	744	89	
1340	66	530	90	
1341	56	10	43	18 
1342	66	615	91	
1343	66	453	92	
1344	66	1310	93	
1345	66	1763	94	
1346	66	83	95	
1347	66	855	96	
1348	66	1504	97	
1349	66	1845	98	
1350	56	1129	44	11 
1351	66	1932	99	
1352	66	1058	100	
1353	37	677	1	
1354	56	485	45	24 
1355	37	1071	2	
1356	37	232	3	
1357	37	375	4	
1358	37	156	5	
1359	37	1228	6	
1360	37	1280	7	
1361	37	154	8	
1362	37	34	9	
1363	37	1214	10	
1364	37	273	11	
1365	37	1523	12	
1366	37	324	13	
1367	37	1582	14	
1368	37	800	15	
1369	37	9	16	
1370	37	936	17	
1371	37	1419	18	
1372	37	775	19	
1373	37	702	20	
1374	37	1660	21	
1375	37	1972	22	
1376	37	1308	23	
1377	37	818	24	
1378	37	410	25	
1379	37	12	26	
1380	37	1590	27	
1381	37	428	28	
1382	56	819	46	76 
1383	37	995	29	
1384	37	1152	30	
1385	37	1471	31	
1386	37	1612	32	
1387	37	1469	33	
1388	56	1931	47	59 
1389	37	1728	34	
1390	37	1371	35	
1391	37	807	36	
1392	37	521	37	
1393	37	56	38	
1394	37	1836	39	
1395	37	1628	40	
1396	37	1347	41	
1397	37	73	42	
1398	37	71	43	
1399	37	1448	44	
1400	56	1515	48	54 
1401	37	1028	45	
1402	37	1870	46	
1403	56	1283	49	72 
1404	37	1270	47	
1405	37	1774	48	
1406	37	1720	49	
1407	56	858	50	80 
1408	37	1273	50	
1409	37	1675	51	
1410	37	906	52	
1411	37	1239	53	
1412	37	711	54	
1413	37	766	55	
1414	37	886	56	
1415	37	137	57	
1416	37	621	58	
1417	37	770	59	
1418	56	1100	51	49 
1419	37	831	60	
1420	37	1387	61	
1421	37	710	62	
1422	56	1036	52	7 
1423	37	953	63	
1424	37	535	64	
1425	37	1562	65	
1426	56	252	53	52 
1427	37	1017	66	
1428	56	797	54	81 
1429	37	1173	67	
1430	56	1865	55	26 
1431	37	1353	68	
1432	37	693	69	
1433	91	1307	9	33 69 
1434	37	1155	70	
1435	37	379	71	
1436	37	118	72	
1437	37	860	73	
1438	56	1422	56	49 
1439	37	146	74	
1440	37	140	75	
1441	37	1215	76	
1442	37	711	77	
1443	37	33	78	
1444	37	300	79	
1445	37	1818	80	
1446	37	1477	81	
1447	37	451	82	
1448	37	95	83	
1449	37	453	84	
1450	37	1208	85	
1451	37	1960	86	
1452	37	94	87	
1453	37	547	88	
1454	37	520	89	
1455	37	1761	90	
1456	37	849	91	
1457	37	199	92	
1458	37	769	93	
1459	37	1860	94	
1460	37	1420	95	
1461	37	1552	96	
1462	37	806	97	
1463	37	853	98	
1464	56	1956	57	16 
1465	37	654	99	
1466	37	1151	100	
1467	78	1966	1	
1468	78	1853	2	
1469	78	1284	3	
1470	78	1509	4	
1471	78	693	5	
1472	56	1277	58	49 
1473	56	387	59	57 
1474	56	770	60	82 
1475	78	1243	6	
1476	78	596	7	
1477	78	1412	8	
1478	78	798	9	
1479	78	449	10	
1480	78	709	11	
1481	78	1630	12	
1482	78	1522	13	
1483	78	1019	14	
1484	56	1784	61	61 
1485	78	929	15	
1486	78	962	16	
1487	78	713	17	
1488	78	753	18	
1489	78	1418	19	
1490	78	1699	20	
1491	78	1979	21	
1492	78	1788	22	
1493	78	625	23	
1494	78	1551	24	
1495	78	32	25	
1496	78	1795	26	
1497	78	1291	27	
1498	78	803	28	
1499	78	1041	29	
1500	78	1281	30	
1501	78	721	31	
1502	78	688	32	
1503	78	320	33	
1504	78	1607	34	
1505	78	539	35	
1506	78	796	36	
1507	78	1493	37	
1508	78	1850	38	
1509	78	221	39	
1510	78	909	40	
1511	78	1705	41	
1512	78	1702	42	
1513	78	1322	43	
1514	78	678	44	
1515	78	1500	45	
1516	78	590	46	
1517	78	35	47	
1518	78	4	48	
1519	78	1707	49	
1520	78	925	50	
1521	78	584	51	
1522	78	1257	52	
1523	78	1449	53	
1524	78	1396	54	
1525	78	54	55	
1526	78	1005	56	
1527	78	1370	57	
1528	78	231	58	
1529	78	210	59	
1530	78	1775	60	
1531	78	92	61	
1532	78	794	62	
1533	78	1780	63	
1534	78	1097	64	
1535	78	886	65	
1536	78	1002	66	
1537	78	1132	67	
1538	78	399	68	
1539	78	1121	69	
1540	78	306	71	
1541	78	312	70	
1542	78	290	72	
1543	78	328	73	
1544	78	398	74	
1545	78	1951	75	
1546	78	128	76	
1547	78	102	77	
1548	78	1293	78	
1549	56	419	62	73 
1550	78	1684	79	
1551	78	1354	80	
1552	78	1427	81	
1553	78	1182	82	
1554	78	1636	83	
1555	78	378	84	
1556	78	1197	85	
1557	78	1392	86	
1558	78	2	87	
1559	78	1299	88	
1560	78	1918	89	
1561	78	1910	90	
1562	78	1664	91	
1563	78	1139	92	
1564	78	1117	93	
1565	78	1405	94	
1566	78	1559	95	
1567	78	1921	96	
1568	56	1198	63	82 
1569	78	1009	97	
1570	78	1212	98	
1571	78	126	99	
1572	78	334	100	
1573	35	1459	1	
1574	35	1521	2	
1575	35	144	3	
1576	35	714	4	
1577	35	1583	5	
1578	35	61	6	
1579	35	659	7	
1580	35	290	8	
1581	56	1005	64	67 
1582	35	937	9	
1583	35	1944	10	
1584	35	1867	11	
1585	35	1995	12	
1586	35	708	13	
1587	35	1914	14	
1588	35	1086	15	
1589	35	912	16	
1590	35	658	17	
1591	35	381	18	
1592	35	431	19	
1593	35	530	20	
1594	35	1986	21	
1595	56	233	65	23 
1596	35	1556	22	
1597	35	1903	23	
1598	35	1018	24	
1599	35	1834	25	
1600	35	1238	26	
1601	35	889	27	
1602	35	384	28	
1603	35	748	29	
1604	35	847	30	
1605	35	464	31	
1606	35	1803	32	
1607	35	1594	33	
1608	56	1372	66	40 
1609	35	764	34	
1610	35	1372	35	
1611	35	767	36	
1612	35	286	37	
1613	35	1631	38	
1614	35	1	39	
1615	35	1759	40	
1616	35	1152	41	
1617	35	414	42	
1618	35	1400	43	
1619	35	627	44	
1620	35	1464	45	
1621	35	1411	46	
1622	35	878	47	
1623	35	1353	48	
1624	56	1758	67	68 
1625	35	1891	49	
1626	35	1831	50	
1627	35	1164	51	
1628	35	124	52	
1629	35	200	53	
1630	35	179	54	
1631	56	416	68	64 
1632	35	1084	55	
1633	35	1004	56	
1634	35	376	57	
1635	35	884	58	
1636	35	179	59	
1637	35	899	60	
1638	35	638	61	
1639	35	1251	62	
1640	35	247	63	
1641	35	992	64	
1642	35	1496	65	
1643	35	1588	66	
1644	35	402	67	
1645	35	953	68	
1646	35	1543	69	
1647	35	1177	70	
1648	35	504	71	
1649	35	1889	72	
1650	35	901	73	
1651	35	170	74	
1652	35	286	75	
1653	35	1678	76	
1654	35	354	77	
1655	35	489	78	
1656	35	1221	79	
1657	56	1342	69	48 
1658	35	1309	80	
1659	35	942	81	
1660	56	140	70	72 
1661	35	1412	82	
1662	35	554	83	
1663	35	238	84	
1664	35	7	85	
1665	35	1418	86	
1666	35	136	87	
1667	35	1917	88	
1668	35	657	89	
1669	35	859	90	
1670	35	1167	91	
1671	35	765	92	
1672	56	1116	71	38 
1673	35	1462	93	
1674	35	206	94	
1675	35	1942	95	
1676	35	1104	96	
1677	35	386	97	
1678	35	1626	98	
1679	35	534	99	
1680	56	253	72	77 
1681	35	937	100	
1682	18	1654	1	
1683	18	1522	2	
1684	18	1185	3	
1685	18	132	4	
1686	18	24	5	
1687	18	1718	6	
1688	18	190	7	
1689	18	219	8	
1690	18	665	9	
1691	56	624	73	92 
1692	18	1963	10	
1693	18	267	11	
1694	56	997	74	72 
1695	91	1749	10	4 57 
1696	18	256	12	
1697	18	627	13	
1698	18	935	14	
1699	18	1577	15	
1700	18	437	16	
1701	18	533	17	
1702	18	1295	18	
1703	18	1052	19	
1704	18	343	20	
1705	18	393	21	
1706	18	965	22	
1707	18	127	23	
1708	18	1360	24	
1709	18	371	25	
1710	18	1797	26	
1711	18	1546	27	
1712	18	1784	28	
1713	18	793	29	
1714	18	1954	30	
1715	56	1610	75	
1716	18	1384	31	
1717	18	771	32	
1718	18	1591	33	
1719	56	1454	76	5 
1720	56	1617	77	56 
1721	18	2000	34	
1722	18	151	35	
1723	18	799	36	
1724	18	1670	37	
1725	18	1714	38	
1726	18	1114	39	
1727	18	1328	40	
1728	18	16	41	
1729	18	1703	42	
1730	18	1106	43	
1731	18	1483	44	
1732	18	1677	45	
1733	18	1915	46	
1734	18	188	47	
1735	18	98	48	
1736	18	1859	49	
1737	18	1771	50	
1738	56	779	78	86 
1739	18	1513	51	
1740	18	1546	52	
1741	56	1540	79	32 
1742	18	1468	53	
1743	18	1028	54	
1744	18	1871	55	
1745	18	356	56	
1746	18	1828	57	
1747	18	1623	58	
1748	18	601	59	
1749	18	69	60	
1750	18	1554	61	
1751	56	1329	80	14 
1752	18	1192	62	
1753	56	517	81	35 
1754	18	1816	63	
1755	18	1253	64	
1756	18	650	65	
1757	56	1383	82	3 
1758	18	44	66	
1759	56	239	83	82 
1760	18	1048	67	
1761	18	500	68	
1762	56	1565	84	22 
1763	18	1592	69	
1764	18	494	70	
1765	18	961	71	
1766	18	1995	72	
1767	18	1825	73	
1768	56	891	85	55 
1769	18	1389	74	
1770	18	1776	75	
1771	18	1961	76	
1772	18	1287	77	
1773	18	301	78	
1774	18	832	79	
1775	18	617	80	
1776	18	1104	81	
1777	18	902	82	
1778	18	1791	83	
1779	18	1742	84	
1780	56	193	86	71 
1781	18	161	85	
1782	18	215	86	
1783	18	688	87	
1784	18	660	88	
1785	18	987	89	
1786	56	745	87	38 
1787	18	1736	90	
1788	18	585	91	
1789	18	1270	92	
1790	18	1394	93	
1791	18	407	94	
1792	18	1060	95	
1793	18	898	96	
1794	18	836	97	
1795	18	628	98	
1796	18	1838	99	
1797	18	917	100	
1798	15	1724	1	
1799	15	145	2	
1800	15	1823	4	
1801	15	631	3	
1802	15	991	5	
1803	15	567	6	
1804	15	1362	7	
1805	15	1966	8	
1806	15	1790	9	
1807	15	674	10	
1808	15	1020	11	
1809	15	1006	12	
1810	15	1745	13	
1811	15	892	14	
1812	15	684	15	
1813	15	1952	16	
1814	15	1080	17	
1815	15	348	18	
1816	15	375	19	
1817	15	805	20	
1818	15	553	21	
1819	15	554	22	
1820	15	372	23	
1821	15	114	24	
1822	15	105	25	
1823	15	649	26	
1824	15	730	27	
1825	15	317	28	
1826	15	1899	29	
1827	15	396	30	
1828	15	481	31	
1829	15	960	32	
1830	15	182	33	
1831	15	514	34	
1832	15	927	35	
1833	15	1909	36	
1834	15	1363	37	
1835	15	1840	38	
1836	15	102	39	
1837	15	594	40	
1838	15	538	41	
1839	15	1237	42	
1840	15	1742	43	
1841	15	67	44	
1842	15	1804	45	
1843	15	583	47	
1844	15	1312	46	
1845	15	768	49	
1846	15	618	48	
1847	15	135	50	
1848	15	232	51	
1849	15	1233	52	
1850	15	1046	53	
1851	15	823	54	
1852	15	555	55	
1853	15	1074	56	
1854	15	1821	57	
1855	15	83	58	
1856	15	1198	59	
1857	15	1274	60	
1858	15	1689	61	
1859	15	1512	62	
1860	15	643	63	
1861	56	447	88	43 
1862	15	497	64	
1863	15	105	65	
1864	15	492	66	
1865	15	1472	67	
1866	15	1860	68	
1867	15	214	69	
1868	15	196	70	
1869	56	1964	89	1 
1870	56	1829	90	89 
1871	15	548	72	
1872	15	195	71	
1873	15	1611	73	
1874	15	950	74	
1875	15	203	75	
1876	15	513	76	
1877	56	830	91	9 
1878	56	1315	92	84 
1879	15	1658	77	
1880	15	883	78	
1881	15	173	79	
1882	15	967	80	
1883	15	1903	81	
1884	15	1661	82	
1885	15	959	83	
1886	15	1856	84	
1887	15	1025	85	
1888	15	336	86	
1889	15	1128	87	
1890	15	1922	88	
1891	15	1954	89	
1892	15	1494	90	
1893	15	641	91	
1894	15	293	92	
1895	15	1549	93	
1896	15	303	94	
1897	15	48	95	
1898	15	152	96	
1899	15	1325	97	
1900	15	1392	98	
1901	15	70	99	
1902	15	864	100	
1903	99	1857	1	
1904	99	1064	2	
1905	99	1159	3	
1906	56	527	93	47 
1907	99	389	4	
1908	99	1874	5	
1909	99	1012	6	
1910	99	1554	7	
1911	99	1805	8	
1912	99	1634	9	
1913	99	1624	10	
1914	99	1961	11	
1915	99	987	12	
1916	99	1863	13	
1917	99	1768	14	
1918	99	123	15	
1919	99	593	16	
1920	91	1729	11	8 69 
1921	99	605	17	
1922	99	743	18	
1923	99	1092	19	
1924	99	1523	20	
1925	99	1933	21	
1926	99	1583	22	
1927	99	1060	23	
1928	99	149	24	
1929	99	153	25	
1930	99	428	26	
1931	99	245	27	
1932	99	348	28	
1933	99	999	29	
1934	99	686	30	
1935	99	1894	31	
1936	99	1302	32	
1937	99	1676	33	
1938	99	442	34	
1939	99	1129	35	
1940	99	1125	36	
1941	99	1305	37	
1942	99	959	38	
1943	99	504	39	
1944	99	1150	40	
1945	99	1662	41	
1946	99	1703	43	
1947	99	704	42	
1948	56	1269	94	33 
1949	99	773	44	
1950	99	1777	45	
1951	99	1884	46	
1952	99	965	47	
1953	99	1629	48	
1954	99	1440	49	
1955	99	1177	50	
1956	99	1212	51	
1957	99	1452	52	
1958	99	456	53	
1959	99	16	54	
1960	99	1705	55	
1961	99	1377	56	
1962	99	732	57	
1963	99	890	58	
1964	99	1234	59	
1965	56	1697	95	15 
1966	99	1814	60	
1967	99	598	61	
1968	99	287	62	
1969	99	82	63	
1970	99	949	64	
1971	99	805	65	
1972	99	1313	66	
1973	99	1671	67	
1974	99	1647	68	
1975	99	41	69	
1976	99	1561	70	
1977	99	1925	71	
1978	99	1068	72	
1979	56	1669	96	71 
1980	99	460	73	
1981	99	23	74	
1982	99	715	75	
1983	99	785	76	
1984	99	1749	77	
1985	99	1285	78	
1986	56	1144	97	97 
1987	99	1094	79	
1988	99	956	80	
1989	99	1593	81	
1990	99	1513	82	
1991	99	1176	83	
1992	99	106	84	
1993	99	1610	85	
1994	99	1983	86	
1995	99	266	87	
1996	99	857	88	
1997	99	484	89	
1998	56	1783	98	67 
1999	99	66	90	
2000	99	1387	91	
2001	91	1132	12	9 61 
2002	99	540	92	
2003	99	714	93	
2004	99	706	94	
2005	99	1351	95	
2006	99	1987	96	
2007	99	1259	97	
2008	56	1518	99	16 
2009	99	279	98	
2010	99	126	100	
2011	56	210	100	50 
2012	99	1486	99	
2013	85	4	1	
2014	85	1926	2	
2015	85	1810	3	
2016	85	1051	4	
2017	85	1845	5	
2018	85	771	6	
2019	85	700	7	
2020	85	1866	8	
2021	85	262	9	
2022	85	340	10	
2023	85	338	11	
2024	85	1355	12	
2025	85	447	13	
2026	85	1339	14	
2027	85	218	15	
2028	85	442	16	
2029	85	1618	17	
2030	85	207	18	
2031	85	1274	19	
2032	85	1204	20	
2033	85	992	21	
2034	85	740	22	
2035	85	1473	23	
2036	85	1190	24	
2037	85	1426	25	
2038	85	436	26	
2039	9	197	1	62 
2040	85	966	27	
2041	85	609	28	
2042	85	454	29	
2043	85	408	30	
2044	85	689	31	
2045	85	244	32	
2046	9	1398	2	30 
2047	85	1029	33	
2048	85	1168	34	
2049	85	472	35	
2050	85	1736	36	
2051	85	266	37	
2052	85	1924	38	
2053	85	1279	39	
2054	9	795	3	23 
2055	85	448	40	
2056	85	898	41	
2057	85	1055	42	
2058	85	660	43	
2059	85	1679	44	
2060	85	1018	45	
2061	85	1452	46	
2062	9	977	4	56 
2063	85	620	47	
2064	9	1059	5	31 
2065	85	22	48	
2066	85	1423	49	
2067	85	1354	50	
2068	85	129	51	
2069	85	1227	52	
2070	85	1687	53	
2071	85	960	54	
2072	85	332	55	
2073	85	796	56	
2074	85	1856	57	
2075	85	310	58	
2076	85	502	59	
2077	85	1616	60	
2078	9	201	6	42 
2079	85	223	61	
2080	85	1142	63	
2081	85	1942	62	
2082	85	1301	64	
2083	85	680	65	
2084	85	419	66	
2085	85	943	67	
2086	85	1122	68	
2087	85	760	69	
2088	85	1833	70	
2089	85	948	71	
2090	85	215	72	
2091	85	1209	73	
2092	85	713	74	
2093	85	17	75	
2094	85	878	76	
2095	85	1105	77	
2096	85	1356	78	
2097	85	1677	79	
2098	85	160	80	
2099	85	1076	81	
2100	9	1331	7	93 
2101	85	1881	82	
2102	85	973	83	
2103	85	313	84	
2104	85	620	85	
2105	85	1770	86	
2106	85	1230	87	
2107	85	1023	88	
2108	85	200	89	
2109	85	1778	90	
2110	85	1552	91	
2111	85	571	92	
2112	85	769	94	
2113	85	1010	93	
2114	85	93	95	
2115	85	1007	96	
2116	85	1249	97	
2117	85	1207	98	
2118	9	1783	8	17 
2119	85	456	99	
2120	9	734	9	43 
2121	85	256	100	
2122	75	613	1	
2123	75	130	2	
2124	75	206	3	
2125	75	476	4	
2126	75	854	5	
2127	75	763	6	
2128	75	1900	7	
2129	75	781	8	
2130	75	944	9	
2131	75	191	10	
2132	75	853	11	
2133	75	782	12	
2134	75	969	13	
2135	75	47	14	
2136	75	827	15	
2137	75	448	16	
2138	75	1670	17	
2139	75	1230	18	
2140	75	1081	19	
2141	75	450	20	
2142	75	1438	21	
2143	75	789	22	
2144	75	143	23	
2145	75	1811	24	
2146	75	1786	25	
2147	75	1298	26	
2148	75	1825	27	
2149	75	1571	28	
2150	9	1471	10	76 
2151	75	1124	29	
2152	75	710	30	
2153	75	463	31	
2154	75	89	32	
2155	75	1985	33	
2156	75	358	34	
2157	75	681	35	
2158	75	1231	36	
2159	75	211	37	
2160	75	1298	38	
2161	9	885	11	20 
2162	75	835	39	
2163	75	1602	40	
2164	75	562	41	
2165	75	1992	42	
2166	75	1627	43	
2167	75	405	44	
2168	75	1184	45	
2169	75	1534	46	
2170	75	1882	47	
2171	75	1359	48	
2172	75	191	49	
2173	75	1635	50	
2174	75	21	51	
2175	75	53	52	
2176	9	1226	12	8 
2177	75	1407	53	
2178	75	365	54	
2179	75	1728	55	
2180	75	6	56	
2181	75	1409	57	
2182	75	1088	58	
2183	75	238	59	
2184	75	1436	60	
2185	75	1896	61	
2186	75	1451	62	
2187	75	486	63	
2188	75	1571	64	
2189	75	887	65	
2190	75	635	66	
2191	75	1834	67	
2192	75	467	68	
2193	75	133	69	
2194	75	1855	70	
2195	75	187	71	
2196	75	1864	72	
2197	75	1079	73	
2198	75	1030	74	
2199	75	751	75	
2200	75	1244	76	
2201	9	527	13	87 
2202	75	1393	77	
2203	75	28	78	
2204	75	124	79	
2205	75	1008	80	
2206	9	397	14	58 
2207	75	1733	81	
2208	75	2000	82	
2209	75	1456	83	
2210	75	308	84	
2211	9	222	15	48 
2212	75	379	85	
2213	75	180	86	
2214	75	1574	87	
2215	75	510	88	
2216	75	1812	89	
2217	75	633	90	
2218	75	1985	91	
2219	75	923	92	
2220	75	390	93	
2221	9	305	16	7 
2222	75	563	94	
2223	9	1612	17	79 
2224	75	723	95	
2225	75	1606	96	
2226	75	626	97	
2227	9	277	18	86 
2228	75	1362	98	
2229	75	731	99	
2230	75	1687	100	
2231	45	254	1	
2232	45	742	2	
2233	45	575	3	
2234	45	901	4	
2235	45	350	5	
2236	45	1847	6	
2237	45	843	7	
2238	45	1655	8	
2239	45	1695	9	
2240	45	1803	10	
2241	45	748	11	
2242	45	1072	12	
2243	45	1604	13	
2244	45	698	14	
2245	9	559	19	78 
2246	45	1364	15	
2247	45	876	16	
2248	9	231	20	
2249	45	1817	17	
2250	45	651	18	
2251	45	725	19	
2252	45	1981	20	
2253	45	1247	21	
2254	45	535	22	
2255	45	1265	23	
2256	45	572	24	
2257	45	141	25	
2258	45	507	26	
2259	45	1083	27	
2260	45	424	28	
2261	9	1025	21	57 
2262	45	1479	29	
2263	45	175	30	
2264	9	462	22	66 
2265	45	551	31	
2266	45	1732	32	
2267	45	807	33	
2268	9	1304	23	73 
2269	45	1804	34	
2270	45	13	35	
2271	45	1012	36	
2272	45	1519	37	
2273	9	867	24	29 
2274	45	1410	38	
2275	45	1027	39	
2276	45	76	40	
2277	45	656	41	
2278	45	272	42	
2279	45	1597	43	
2280	45	758	44	
2281	45	1320	45	
2282	45	1586	46	
2283	9	1091	25	31 
2284	45	1323	47	
2285	45	1236	48	
2286	45	1136	49	
2287	45	49	50	
2288	45	310	51	
2289	45	1157	52	
2290	45	255	53	
2291	45	209	54	
2292	45	1145	55	
2293	45	933	56	
2294	45	1584	57	
2295	45	528	58	
2296	45	503	59	
2297	45	468	60	
2298	45	380	61	
2299	45	1829	62	
2300	45	144	63	
2301	45	281	64	
2302	45	1224	65	
2303	45	1978	66	
2304	45	1501	67	
2305	45	845	68	
2306	45	1229	69	
2307	45	1038	70	
2308	45	328	71	
2309	45	701	72	
2310	45	364	73	
2311	45	1335	74	
2312	45	1963	75	
2313	91	1105	13	53 79 
2314	45	1463	76	
2315	45	227	77	
2316	45	48	78	
2317	45	373	79	
2318	45	1435	80	
2319	91	1811	14	26 98 
2320	45	1442	81	
2321	45	999	82	
2322	45	242	83	
2323	45	1779	84	
2324	45	641	85	
2325	45	540	86	
2326	45	549	87	
2327	45	209	88	
2328	45	1119	89	
2329	45	1260	90	
2330	9	1275	26	95 
2331	45	593	91	
2332	45	750	92	
2333	45	1730	93	
2334	45	1287	94	
2335	45	1989	95	
2336	45	1181	96	
2337	45	858	97	
2338	45	311	98	
2339	45	1306	99	
2340	45	566	100	
2341	13	1819	1	
2342	13	1624	2	
2343	13	1439	3	
2344	13	1121	4	
2345	13	73	5	
2346	13	1090	6	
2347	13	1464	7	
2348	13	1502	8	
2349	13	1645	9	
2350	13	1607	10	
2351	13	1085	11	
2352	13	1843	12	
2353	13	1203	13	
2354	9	1027	27	44 
2355	13	1556	14	
2356	13	639	15	
2357	13	1293	16	
2358	13	222	17	
2359	13	316	18	
2360	13	220	19	
2361	13	1826	20	
2362	13	734	21	
2363	13	533	22	
2364	13	1108	23	
2365	13	1381	24	
2366	13	683	25	
2367	13	1883	26	
2368	13	1013	27	
2369	13	1436	28	
2370	13	1928	29	
2371	13	194	30	
2372	13	532	31	
2373	13	183	32	
2374	13	358	33	
2375	13	1118	34	
2376	13	278	35	
2377	13	7	36	
2378	13	1134	37	
2379	13	1311	38	
2380	13	1986	39	
2381	13	1125	40	
2382	13	1873	41	
2383	13	746	42	
2384	13	1634	43	
2385	13	1657	44	
2386	13	1820	45	
2387	13	1477	46	
2388	13	911	47	
2389	13	1711	48	
2390	9	1321	28	27 
2391	13	1380	49	
2392	13	1683	50	
2393	13	374	51	
2394	9	1553	29	70 
2395	13	421	52	
2396	13	934	53	
2397	13	269	54	
2398	13	604	55	
2399	9	1099	30	39 
2400	13	1835	56	
2401	13	262	57	
2402	13	974	58	
2403	13	78	59	
2404	13	189	60	
2405	13	1313	61	
2406	13	1050	62	
2407	13	165	63	
2408	13	1735	64	
2409	13	53	65	
2410	13	1166	66	
2411	13	867	67	
2412	13	1868	68	
2413	13	1577	69	
2414	13	651	70	
2415	13	993	71	
2416	13	1748	72	
2417	13	430	73	
2418	13	1365	74	
2419	13	1226	75	
2420	13	1080	76	
2421	13	1211	77	
2422	9	1863	31	64 
2423	13	1172	78	
2424	13	826	79	
2425	13	1341	80	
2426	13	1332	81	
2427	13	738	82	
2428	13	1517	83	
2429	13	77	84	
2430	13	759	85	
2431	13	394	86	
2432	13	1543	87	
2433	9	1043	32	69 
2434	13	188	88	
2435	13	1741	89	
2436	13	78	90	
2437	13	798	91	
2438	13	1695	92	
2439	13	640	93	
2440	13	1973	94	
2441	13	694	95	
2442	13	952	96	
2443	13	1712	97	
2444	13	344	98	
2445	13	1515	99	
2446	13	831	100	
2447	95	287	1	
2448	95	567	2	
2449	95	1702	3	
2450	95	1685	4	
2451	9	1432	33	34 
2452	95	1157	5	
2453	95	292	6	
2454	95	24	7	
2455	95	444	8	
2456	95	486	9	
2457	95	763	10	
2458	95	1514	11	
2459	95	1010	12	
2460	95	1227	13	
2461	95	1405	14	
2462	95	1161	15	
2463	95	467	16	
2464	95	1090	17	
2465	95	1445	18	
2466	95	610	19	
2467	95	1763	20	
2468	95	352	21	
2469	95	1140	22	
2470	95	495	23	
2471	95	1802	24	
2472	95	481	25	
2473	95	1730	26	
2474	95	202	27	
2475	95	1075	28	
2476	95	183	29	
2477	95	690	30	
2478	95	122	31	
2479	95	1365	32	
2480	95	1384	33	
2481	95	190	34	
2482	95	1658	35	
2483	95	669	36	
2484	9	177	34	14 
2485	95	1888	37	
2486	95	1254	38	
2487	95	1508	39	
2488	95	1862	40	
2489	95	1110	41	
2490	95	1694	42	
2491	95	746	43	
2492	95	787	44	
2493	95	251	45	
2494	95	1568	46	
2495	95	612	47	
2496	95	1007	48	
2497	95	356	49	
2498	95	213	50	
2499	95	1059	51	
2500	95	722	52	
2501	95	1933	53	
2502	95	1099	54	
2503	95	1084	56	
2504	95	1111	55	
2505	95	325	57	
2506	95	36	58	
2507	95	1873	59	
2508	95	850	60	
2509	95	1126	61	
2510	95	1482	62	
2511	95	1245	63	
2512	95	647	64	
2513	95	1138	65	
2514	95	1611	66	
2515	95	1191	67	
2516	95	1581	68	
2517	95	608	69	
2518	9	1795	35	42 
2519	95	245	70	
2520	95	360	71	
2521	95	391	72	
2522	95	334	73	
2523	95	1439	74	
2524	95	1597	75	
2525	95	276	76	
2526	95	291	77	
2527	95	81	78	
2528	95	208	79	
2529	95	1024	80	
2530	95	319	81	
2531	95	1566	82	
2532	95	1615	83	
2533	95	925	84	
2534	95	1750	85	
2535	95	653	86	
2536	95	1165	87	
2537	95	1852	88	
2538	95	371	89	
2539	95	1110	90	
2540	95	432	91	
2541	95	257	92	
2542	95	1093	93	
2543	95	1231	94	
2544	95	890	95	
2545	95	969	96	
2546	91	1051	15	3 83 
2547	95	1779	97	
2548	95	745	98	
2549	95	586	99	
2550	95	1620	100	
2551	29	1054	1	
2552	29	1363	2	
2553	29	1979	3	
2554	29	1	4	
2555	29	1103	5	
2556	9	1673	36	45 
2557	29	1260	6	
2558	9	1143	37	83 
2559	29	91	7	
2560	9	1499	38	58 
2561	29	1599	8	
2562	29	1069	9	
2563	29	180	10	
2564	29	1021	11	
2565	29	1445	12	
2566	29	1214	13	
2567	29	645	14	
2568	29	68	15	
2569	29	1021	16	
2570	29	637	17	
2571	29	1764	18	
2572	29	580	19	
2573	9	1960	39	96 
2574	29	1079	20	
2575	29	1709	21	
2576	29	767	22	
2577	29	883	23	
2578	29	279	24	
2579	29	249	25	
2580	29	563	26	
2581	29	1917	27	
2582	29	1285	28	
2583	29	572	29	
2584	29	586	30	
2585	29	389	31	
2586	29	1233	32	
2587	9	121	40	14 
2588	29	914	33	
2589	29	1350	34	
2590	29	1208	35	
2591	29	640	36	
2592	29	1816	37	
2593	29	556	38	
2594	29	431	39	
2595	29	1390	40	
2596	29	326	41	
2597	29	1339	42	
2598	29	559	43	
2599	29	1535	44	
2600	29	1422	45	
2601	29	1785	46	
2602	29	1066	47	
2603	29	637	48	
2604	9	920	41	88 
2605	29	1220	49	
2606	29	363	50	
2607	29	1370	51	
2608	29	917	52	
2609	29	242	53	
2610	29	1465	54	
2611	29	1058	55	
2612	29	169	56	
2613	29	1875	57	
2614	29	927	58	
2615	29	1936	59	
2616	29	460	60	
2617	29	1466	61	
2618	29	368	62	
2619	9	1399	42	87 
2620	29	1886	63	
2621	29	1794	64	
2622	29	573	65	
2623	29	821	66	
2624	29	1437	67	
2625	29	355	68	
2626	9	751	43	62 
2627	29	1413	69	
2628	29	479	70	
2629	29	186	71	
2630	29	536	72	
2631	29	1495	73	
2632	29	820	74	
2633	29	1386	75	
2634	29	1830	76	
2635	29	1065	77	
2636	29	581	78	
2637	29	1587	79	
2638	29	596	80	
2639	29	1120	81	
2640	29	1448	82	
2641	29	1262	83	
2642	29	1065	84	
2643	29	1836	85	
2644	29	1127	86	
2645	29	55	87	
2646	29	606	88	
2647	29	1112	89	
2648	29	352	90	
2649	29	1331	91	
2650	29	1952	92	
2651	29	562	93	
2652	29	415	94	
2653	29	868	95	
2654	29	1529	96	
2655	29	1598	97	
2656	29	970	98	
2657	29	244	99	
2658	9	1288	44	53 
2659	29	204	100	
2660	9	1906	45	68 
2661	23	792	1	
2662	23	374	2	
2663	9	17	46	50 
2664	23	2	3	
2665	23	617	4	
2666	23	961	5	
2667	23	1246	6	
2668	23	673	7	
2669	23	276	8	
2670	23	1108	9	
2671	23	243	10	
2672	23	1866	11	
2673	9	1112	47	13 
2674	23	1824	12	
2675	23	1732	13	
2676	23	1828	14	
2677	23	1195	15	
2678	23	945	16	
2679	9	502	48	67 
2680	23	608	17	
2681	23	1182	18	
2682	9	1555	49	78 
2683	23	958	19	
2684	23	1265	20	
2685	23	1528	21	
2686	23	690	22	
2687	23	350	23	
2688	23	1416	24	
2689	23	1437	25	
2690	9	1470	50	38 
2691	23	339	26	
2692	23	814	27	
2693	23	630	28	
2694	23	1049	29	
2695	23	712	30	
2696	23	528	31	
2697	23	345	32	
2698	23	1839	33	
2699	23	1315	34	
2700	23	791	35	
2701	23	1721	36	
2702	23	1255	37	
2703	23	1533	38	
2704	23	1725	39	
2705	23	175	40	
2706	23	719	41	
2707	9	1316	51	12 
2708	23	1067	42	
2709	23	816	43	
2710	23	1361	44	
2711	23	1220	45	
2712	23	424	46	
2713	23	912	47	
2714	23	457	48	
2715	23	1735	49	
2716	23	1754	50	
2717	23	1178	51	
2718	23	1883	52	
2719	23	837	53	
2720	23	11	54	
2721	23	1014	55	
2722	23	1596	56	
2723	23	879	57	
2724	23	1953	58	
2725	23	248	59	
2726	23	487	60	
2727	23	171	61	
2728	23	1420	62	
2729	23	537	63	
2730	23	1235	64	
2731	23	164	65	
2732	23	973	66	
2733	23	1656	67	
2734	23	1149	68	
2735	23	1326	69	
2736	23	260	70	
2737	23	513	71	
2738	23	1211	72	
2739	23	36	73	
2740	23	253	74	
2741	23	216	75	
2742	23	1291	76	
2743	23	882	77	
2744	23	761	78	
2745	23	1056	79	
2746	23	1358	80	
2747	9	1541	52	85 
2748	23	1495	81	
2749	23	943	82	
2750	23	429	83	
2751	9	351	53	35 
2752	23	1680	84	
2753	23	724	85	
2754	23	871	86	
2755	23	494	87	
2756	23	895	88	
2757	23	1923	89	
2758	23	582	90	
2759	23	1932	91	
2760	23	1551	92	
2761	23	26	93	
2762	9	1219	54	60 
2763	23	741	94	
2764	23	1879	95	
2765	23	728	96	
2766	23	3	97	
2767	23	499	98	
2768	23	1442	99	
2769	23	314	100	
2770	70	1662	1	
2771	70	964	2	
2772	70	40	3	
2773	70	984	4	
2774	70	839	5	
2775	70	1426	6	
2776	70	1277	7	
2777	70	1953	8	
2778	70	1035	9	
2779	70	1098	10	
2780	70	338	12	
2781	9	349	55	83 
2782	70	1992	11	
2783	70	578	13	
2784	70	984	14	
2785	70	178	15	
2786	70	1608	16	
2787	70	671	17	
2788	70	90	18	
2789	70	720	19	
2790	70	1622	20	
2791	70	1948	21	
2792	70	795	22	
2793	9	514	56	30 
2794	9	722	57	28 
2795	70	1700	23	
2796	70	398	24	
2797	9	1179	58	93 
2798	91	1906	16	22 47 
2799	70	1087	25	
2800	70	897	26	
2801	70	1872	27	
2802	70	1478	28	
2803	70	972	29	
2804	70	794	30	
2805	9	42	59	52 
2806	9	90	60	21 
2807	70	171	31	
2808	70	1194	32	
2809	70	1444	33	
2810	70	1092	34	
2811	70	1109	35	
2812	70	868	36	
2813	70	1123	37	
2814	70	862	38	
2815	70	1851	39	
2816	70	1210	40	
2817	70	194	41	
2818	70	1638	42	
2819	70	881	43	
2820	70	1817	44	
2821	70	1645	45	
2822	70	491	46	
2823	70	370	47	
2824	70	840	48	
2825	70	647	49	
2826	70	224	50	
2827	70	1650	51	
2828	70	728	52	
2829	70	1130	53	
2830	70	677	54	
2831	70	1443	55	
2832	70	1295	56	
2833	70	417	57	
2834	70	1793	58	
2835	70	474	59	
2836	9	1216	61	64 
2837	70	733	60	
2838	70	220	61	
2839	9	1130	62	100 
2840	70	1762	62	
2841	70	1579	63	
2842	70	597	64	
2843	70	529	65	
2844	70	1561	66	
2845	70	862	67	
2846	70	582	68	
2847	70	485	69	
2848	70	99	70	
2849	70	261	71	
2850	70	1148	72	
2851	70	1625	73	
2852	70	331	74	
2853	70	366	75	
2854	70	1527	76	
2855	70	1053	77	
2856	70	133	78	
2857	70	1918	79	
2858	70	786	80	
2859	70	938	81	
2860	70	544	82	
2861	70	294	83	
2862	70	376	84	
2863	70	597	85	
2864	70	1526	86	
2865	70	1547	87	
2866	9	600	63	21 
2867	70	199	88	
2868	70	1693	89	
2869	70	1625	90	
2870	70	131	91	
2871	70	1199	92	
2872	9	1568	64	72 
2873	70	1057	93	
2874	70	723	94	
2875	70	842	95	
2876	70	598	96	
2877	70	1697	97	
2878	70	26	98	
2879	70	792	99	
2880	70	1460	100	
2881	7	497	1	
2882	7	1553	2	
2883	7	281	3	
2884	7	28	4	
2885	7	762	5	
2886	7	1569	6	
2887	7	1494	7	
2888	7	11	8	
2889	7	860	9	
2890	7	1302	10	
2891	7	1333	11	
2892	7	1981	12	
2893	7	892	13	
2894	7	1143	14	
2895	7	1648	15	
2896	7	741	16	
2897	7	1665	17	
2898	7	1974	18	
2899	7	1585	19	
2900	7	335	20	
2901	7	642	21	
2902	7	1383	22	
2903	9	1762	65	39 
2904	7	1052	23	
2905	7	518	24	
2906	7	459	25	
2907	7	784	26	
2908	7	680	27	
2909	7	1430	28	
2910	7	1435	29	
2911	7	1054	30	
2912	7	1386	31	
2913	7	1700	32	
2914	7	1016	33	
2915	7	1694	34	
2916	7	545	35	
2917	7	1574	36	
2918	7	1030	37	
2919	7	13	38	
2920	7	648	39	
2921	7	1886	40	
2922	7	1158	41	
2923	7	84	42	
2924	7	1754	43	
2925	7	1250	44	
2926	7	1972	45	
2927	7	1489	46	
2928	7	727	47	
2929	7	872	48	
2930	7	423	49	
2931	7	302	50	
2932	7	1605	51	
2933	7	1604	52	
2934	9	1686	66	79 
2935	7	134	53	
2936	7	1631	54	
2937	7	32	55	
2938	7	1540	56	
2939	7	1076	57	
2940	7	944	58	
2941	7	1892	59	
2942	7	1151	60	
2943	9	1518	67	90 
2944	7	368	61	
2945	7	872	62	
2946	7	1587	63	
2947	7	1057	64	
2948	7	1711	65	
2949	7	159	66	
2950	7	304	67	
2951	7	401	68	
2952	7	532	69	
2953	7	1750	70	
2954	7	1894	71	
2955	7	1381	72	
2956	7	1682	73	
2957	7	775	74	
2958	7	547	75	
2959	7	676	76	
2960	7	1786	77	
2961	9	122	68	18 
2962	7	603	78	
2963	7	1355	79	
2964	7	840	80	
2965	7	1202	81	
2966	7	784	82	
2967	7	542	83	
2968	7	574	84	
2969	7	1352	85	
2970	7	463	86	
2971	7	1721	87	
2972	7	881	88	
2973	7	99	89	
2974	7	974	90	
2975	7	163	91	
2976	7	703	92	
2977	7	994	93	
2978	7	1781	94	
2979	7	315	95	
2980	7	1158	96	
2981	7	655	97	
2982	7	1215	98	
2983	7	1785	99	
2984	7	229	100	
2985	9	1131	69	60 
2986	9	755	70	46 
2987	98	213	1	
2988	98	919	2	
2989	9	1078	71	25 
2990	98	250	3	
2991	98	989	4	
2992	98	1153	5	
2993	98	1938	6	
2994	98	1433	7	
2995	98	1653	8	
2996	98	1321	9	
2997	98	1976	10	
2998	98	1191	11	
2999	98	100	12	
3000	98	1022	13	
3001	98	1429	14	
3002	98	1613	15	
3003	98	1733	16	
3004	98	462	17	
3005	98	496	18	
3006	98	113	19	
3007	9	415	72	36 
3008	98	1807	20	
3009	98	1800	21	
3010	98	1342	22	
3011	98	337	23	
3012	98	609	24	
3013	9	1144	73	18 
3014	98	1343	25	
3015	98	1681	26	
3016	98	893	27	
3017	9	1221	74	74 
3018	98	500	28	
3019	9	1491	75	80 
3020	98	251	29	
3021	98	437	30	
3022	9	626	76	77 
3023	98	1045	31	
3024	98	9	32	
3025	98	1629	33	
3026	98	1123	34	
3027	9	663	77	98 
3028	9	933	78	85 
3029	98	1463	35	
3030	98	1292	36	
3031	98	1033	37	
3032	98	425	38	
3033	98	283	39	
3034	9	828	79	27 
3035	98	729	40	
3036	98	1053	41	
3037	98	499	42	
3038	98	1266	43	
3039	98	160	44	
3040	98	1107	45	
3041	98	1640	46	
3042	98	1334	47	
3043	98	1879	48	
3044	98	1159	49	
3045	9	347	80	4 
3046	9	561	81	39 
3047	98	726	50	
3048	98	1304	51	
3049	98	476	52	
3050	98	1458	53	
3051	98	1904	54	
3052	98	1077	55	
3053	98	1503	56	
3054	98	1183	57	
3055	98	1831	58	
3056	98	633	59	
3057	9	1637	82	60 
3058	98	150	60	
3059	98	1931	61	
3060	98	1096	62	
3061	98	1601	63	
3062	98	988	64	
3063	98	58	65	
3064	98	685	66	
3065	9	107	83	100 
3066	98	1984	67	
3067	98	1332	68	
3068	98	225	69	
3069	98	1719	70	
3070	98	1993	71	
3071	98	1898	72	
3072	98	899	73	
3073	98	776	74	
3074	9	1485	84	24 
3075	98	1984	75	
3076	98	774	76	
3077	98	344	77	
3078	9	731	85	80 
3079	98	421	78	
3080	98	755	79	
3081	98	1041	80	
3082	98	1813	81	
3083	9	1134	86	94 
3084	98	148	82	
3085	98	1965	83	
3086	9	1696	87	68 
3087	98	703	84	
3088	98	487	85	
3089	98	1047	86	
3090	98	18	87	
3091	98	1083	88	
3092	98	192	89	
3093	98	1619	90	
3094	98	426	91	
3095	98	1034	92	
3096	98	1605	93	
3097	98	1067	94	
3098	98	177	95	
3099	98	1743	96	
3100	98	10	97	
3101	98	639	98	
3102	98	1723	99	
3103	98	686	100	
3104	93	31	1	
3105	9	59	88	92 
3106	93	1484	2	
3107	93	172	3	
3108	93	107	4	
3109	93	905	5	
3110	93	848	6	
3111	9	1589	89	12 
3112	93	979	7	
3113	93	1525	8	
3114	93	1173	9	
3115	93	1896	10	
3116	93	1044	11	
3117	93	592	12	
3118	93	495	13	
3119	93	1248	14	
3120	93	1395	15	
3121	93	1281	16	
3122	93	1649	17	
3123	93	1743	18	
3124	93	95	19	
3125	93	1768	20	
3126	93	695	21	
3127	93	1890	22	
3128	93	1980	23	
3129	93	45	24	
3130	93	1922	25	
3131	93	45	26	
3132	93	1093	27	
3133	93	575	28	
3134	93	877	29	
3135	93	786	30	
3136	93	1885	31	
3137	93	1889	32	
3138	93	958	33	
3139	93	86	34	
3140	93	1352	35	
3141	93	1411	36	
3142	93	850	37	
3143	93	1434	38	
3144	93	65	39	
3145	9	1126	90	15 
3146	93	490	40	
3147	93	695	41	
3148	93	1082	42	
3149	93	1615	43	
3150	93	1077	44	
3151	93	268	45	
3152	93	1440	46	
3153	93	113	47	
3154	93	1225	48	
3155	93	772	49	
3156	93	416	50	
3157	9	1723	91	46 
3158	93	1290	51	
3159	93	669	52	
3160	93	1223	53	
3161	93	1138	54	
3162	93	480	55	
3163	93	991	56	
3164	93	724	57	
3165	9	1236	92	43 
3166	93	1290	58	
3167	93	362	59	
3168	9	1512	93	
3169	93	833	60	
3170	91	526	17	5 62 
3171	93	55	61	
3172	93	1306	62	
3173	9	1576	94	32 
3174	93	445	63	
3175	93	1572	64	
3176	93	1988	65	
3177	9	158	95	37 
3178	93	1580	66	
3179	93	492	67	
3180	93	1178	68	
3181	93	1279	69	
3182	93	54	70	
3183	93	482	71	
3184	93	844	72	
3185	93	1239	73	
3186	93	1713	74	
3187	93	1185	75	
3188	93	50	76	
3189	93	100	77	
3190	9	1663	96	90 
3191	9	385	97	44 
3192	93	1376	78	
3193	93	85	79	
3194	93	282	80	
3195	93	968	81	
3196	9	50	98	16 
3197	93	337	82	
3198	93	1983	83	
3199	93	916	84	
3200	93	1235	85	
3201	93	483	86	
3202	93	441	87	
3203	93	1507	88	
3204	93	1623	89	
3205	93	1261	90	
3206	93	1748	91	
3207	93	759	92	
3208	93	1008	93	
3209	93	1934	94	
3210	93	212	95	
3211	93	216	96	
3212	93	1266	97	
3213	93	1980	98	
3214	93	346	99	
3215	93	1401	100	
3216	50	983	1	
3217	50	1542	2	
3218	50	221	3	
3219	50	1340	4	
3220	50	588	5	
3221	9	730	99	28 
3222	50	1261	6	
3223	50	518	7	
3224	50	1324	8	
3225	50	31	9	
3226	50	684	10	
3227	50	409	11	
3228	50	1248	12	
3229	50	1691	13	
3230	50	274	14	
3231	50	948	15	
3232	50	942	16	
3233	50	1999	17	
3234	9	871	100	70 
3235	50	622	18	
3236	49	331	1	2 
3237	49	1232	2	66 
3238	50	1240	19	
3239	49	606	3	55 
3240	50	1739	20	
3241	50	545	21	
3242	50	1368	22	
3243	49	1082	4	95 
3244	50	681	23	
3245	50	970	24	
3246	50	1423	25	
3247	50	1869	26	
3248	50	859	27	
3249	49	1373	5	22 
3250	50	414	28	
3251	50	94	29	
3252	50	757	30	
3253	50	1218	31	
3254	50	1488	32	
3255	50	1915	33	
3256	50	869	34	
3257	50	240	35	
3258	50	648	36	
3259	50	1417	37	
3260	50	1047	38	
3261	50	869	39	
3262	50	1395	40	
3263	50	1255	41	
3264	50	1203	42	
3265	50	1484	43	
3266	50	496	44	
3267	50	1190	45	
3268	50	848	46	
3269	50	557	47	
3270	50	612	48	
3271	50	601	49	
3272	49	1570	6	63 
3273	50	1333	50	
3274	50	738	51	
3275	50	340	52	
3276	50	1584	53	
3277	50	1675	54	
3278	50	866	55	
3279	50	3	56	
3280	50	1388	57	
3281	50	401	58	
3282	50	30	59	
3283	49	1656	7	28 
3284	50	1415	60	
3285	50	1616	61	
3286	50	985	62	
3287	50	40	63	
3288	50	1049	64	
3289	49	56	8	31 
3290	50	1840	65	
3291	50	1180	66	
3292	50	1946	67	
3293	50	1698	68	
3294	50	1789	69	
3295	49	1135	9	71 
3296	50	104	70	
3297	50	392	71	
3298	50	591	72	
3299	50	718	73	
3300	50	1415	74	
3301	50	1739	75	
3302	50	536	76	
3303	50	269	77	
3304	50	174	78	
3305	50	493	79	
3306	50	1023	80	
3307	50	406	81	
3308	50	264	82	
3309	50	1731	83	
3310	50	236	84	
3311	50	85	85	
3312	50	1506	86	
3313	49	364	10	94 
3314	50	1744	87	
3315	50	1893	88	
3316	50	470	89	
3317	50	233	90	
3318	50	405	91	
3319	50	501	92	
3320	50	1062	93	
3321	50	939	94	
3322	50	1632	95	
3323	50	198	96	
3324	50	1747	97	
3325	50	1153	98	
3326	50	1135	99	
3327	50	294	100	
3328	32	1174	1	
3329	32	1630	2	
3330	32	1111	3	
3331	32	192	4	
3332	32	1777	5	
3333	32	855	6	
3334	32	1376	7	
3335	32	127	8	
3336	32	1175	9	
3337	32	319	10	
3338	32	1738	11	
3339	32	926	12	
3340	32	1268	13	
3341	32	1673	14	
3342	32	877	15	
3343	32	538	16	
3344	32	1644	17	
3345	32	1895	18	
3346	32	910	19	
3347	32	913	20	
3348	32	941	21	
3349	49	1294	11	7 
3350	32	1348	22	
3351	32	952	23	
3352	32	1424	24	
3353	32	564	25	
3354	49	101	12	
3355	49	951	13	24 
3356	32	1476	26	
3357	32	894	27	
3358	32	1564	28	
3359	32	1348	29	
3360	32	394	30	
3361	32	1884	31	
3362	32	1997	32	
3363	32	109	33	
3364	32	420	34	
3365	49	1796	14	75 
3366	32	1162	35	
3367	32	409	36	
3368	49	1416	15	62 
3369	32	1565	37	
3370	32	1842	38	
3371	32	1160	39	
3372	32	450	40	
3373	32	555	41	
3374	32	1996	42	
3375	32	236	43	
3376	32	406	44	
3377	32	20	45	
3378	32	1033	46	
3379	32	551	47	
3380	32	1461	48	
3381	32	1613	49	
3382	32	1745	50	
3383	32	893	51	
3384	32	1593	52	
3385	32	1528	53	
3386	32	654	54	
3387	32	343	55	
3388	32	875	56	
3389	32	716	57	
3390	32	172	58	
3391	32	553	59	
3392	32	717	60	
3393	49	1833	16	59 
3394	32	161	61	
3395	32	158	62	
3396	32	1640	63	
3397	32	576	64	
3398	32	1199	65	
3399	32	69	66	
3400	32	1292	67	
3401	32	1978	68	
3402	32	1716	69	
3403	32	782	70	
3404	32	1799	71	
3405	32	483	72	
3406	32	716	73	
3407	32	323	74	
3408	32	174	75	
3409	49	941	17	86 
3410	32	888	76	
3411	32	422	77	
3412	32	1647	78	
3413	32	996	79	
3414	32	1725	80	
3415	32	1821	81	
3416	32	1013	82	
3417	32	1036	83	
3418	32	207	84	
3419	32	1578	85	
3420	49	373	18	73 
3421	32	1820	86	
3422	32	908	87	
3423	32	1870	88	
3424	32	828	89	
3425	32	178	90	
3426	32	982	91	
3427	32	501	93	
3428	32	1934	92	
3429	32	1531	94	
3430	32	1172	95	
3431	32	1124	96	
3432	32	665	97	
3433	32	979	98	
3434	32	1579	99	
3435	32	1887	100	
3436	49	237	19	46 
3437	30	653	1	
3438	30	1397	2	
3439	30	1428	3	
3440	30	642	4	
3441	30	138	5	
3442	30	570	6	
3443	30	544	7	
3444	30	986	8	
3445	30	1183	9	
3446	30	170	10	
3447	30	1562	11	
3448	30	1085	12	
3449	30	1424	13	
3450	30	844	14	
3451	49	205	20	50 
3452	30	851	15	
3453	30	701	16	
3454	49	1590	21	100 
3455	30	1330	17	
3456	30	1861	18	
3457	30	346	19	
3458	30	851	20	
3459	30	42	21	
3460	30	451	22	
3461	30	1970	23	
3462	49	1193	22	80 
3463	30	1766	24	
3464	30	1271	25	
3465	30	1360	26	
3466	30	66	27	
3467	30	138	28	
3468	30	1939	29	
3469	30	361	30	
3470	30	1128	31	
3471	30	619	32	
3472	30	1663	33	
3473	30	327	34	
3474	30	30	35	
3475	30	579	36	
3476	30	541	37	
3477	30	1044	38	
3478	49	1843	23	26 
3479	30	990	39	
3480	30	777	40	
3481	30	1193	41	
3482	30	217	42	
3483	30	146	43	
3484	30	1822	44	
3485	30	1087	45	
3486	30	86	46	
3487	30	740	47	
3488	30	589	48	
3489	30	1428	49	
3490	49	51	24	24 
3491	30	285	50	
3492	30	1887	51	
3493	30	176	52	
3494	30	475	53	
3495	30	915	54	
3496	30	591	55	
3497	30	726	56	
3498	30	1311	57	
3499	30	1289	58	
3500	30	747	59	
3501	30	1276	60	
3502	30	1578	61	
3503	30	511	62	
3504	30	1970	63	
3505	30	288	64	
3506	30	811	65	
3507	30	1444	66	
3508	30	270	67	
3509	30	1910	68	
3510	30	863	69	
3511	30	473	70	
3512	30	1432	71	
3513	30	322	72	
3514	30	778	73	
3515	30	511	74	
3516	30	1999	75	
3517	49	1519	25	54 
3518	30	1868	76	
3519	30	1194	77	
3520	49	1154	26	23 
3521	30	930	78	
3522	30	1974	79	
3523	30	25	80	
3524	30	109	81	
3525	49	291	27	19 
3526	30	1530	82	
3527	30	739	83	
3528	49	920	28	84 
3529	30	963	84	
3530	30	1927	85	
3531	49	667	29	48 
3532	30	1163	86	
3533	30	386	87	
3534	30	1939	88	
3535	30	104	89	
3536	30	576	90	
3537	30	282	91	
3538	91	1219	18	19 23 
3539	30	678	92	
3540	30	1325	93	
3541	49	951	30	21 
3542	49	284	31	78 
3543	30	1850	94	
3544	49	1232	32	2 
3545	30	1997	95	
3546	30	1195	96	
3547	30	1701	97	
3548	30	1196	98	
3549	30	821	99	
3550	30	198	100	
3551	57	1373	1	
3552	57	1950	2	
3553	57	1618	3	
3554	57	1690	4	
3555	57	926	5	
3556	57	1936	6	
3557	57	1113	7	
3558	57	1731	8	
3559	57	1461	9	
3560	57	1550	10	
3561	57	39	11	
3562	49	403	33	91 
3563	49	435	34	58 
3564	57	166	12	
3565	57	599	13	
3566	57	353	14	
3567	57	76	15	
3568	57	1196	16	
3569	49	1294	35	99 
3570	57	257	17	
3571	57	1344	18	
3572	57	1867	19	
3573	57	1186	20	
3574	57	458	21	
3575	57	469	22	
3576	57	911	23	
3577	49	23	36	43 
3578	57	1488	24	
3579	57	423	25	
3580	57	327	26	
3581	57	1946	27	
3582	57	1772	28	
3583	57	780	29	
3584	57	1655	30	
3585	57	163	31	
3586	49	908	37	36 
3587	57	1136	32	
3588	49	1950	38	8 
3589	57	569	33	
3590	57	135	34	
3591	57	772	35	
3592	57	1753	36	
3593	57	239	37	
3594	57	1678	38	
3595	57	1050	39	
3596	57	1297	40	
3597	57	1066	41	
3598	57	1322	42	
3599	57	1787	43	
3600	57	298	44	
3601	57	211	45	
3602	57	33	46	
3603	57	118	47	
3604	49	120	39	39 
3605	57	288	48	
3606	57	1876	49	
3607	57	1451	50	
3608	49	101	40	97 
3609	57	296	51	
3610	57	589	52	
3611	57	874	53	
3612	57	20	54	
3613	57	403	55	
3614	49	922	41	86 
3615	57	616	56	
3616	49	1249	42	96 
3617	57	228	57	
3618	57	1449	58	
3619	57	426	59	
3620	57	889	60	
3621	57	1585	61	
3622	57	1822	62	
3623	57	990	63	
3624	49	557	43	75 
3625	57	1919	64	
3626	57	978	65	
3627	57	905	66	
3628	57	230	67	
3629	57	1908	68	
3630	57	302	69	
3631	57	27	70	
3632	57	75	71	
3633	57	981	72	
3634	57	1947	73	
3635	57	717	74	
3636	57	683	75	
3637	57	1919	76	
3638	49	1767	44	33 
3639	49	1993	45	94 
3640	57	774	77	
3641	57	1086	78	
3642	57	813	79	
3643	57	847	80	
3644	57	1572	81	
3645	57	1713	82	
3646	57	616	83	
3647	57	1722	84	
3648	57	757	85	
3649	57	377	86	
3650	57	1406	87	
3651	57	823	88	
3652	57	1949	89	
3653	57	863	90	
3654	57	522	91	
3655	57	1403	92	
3656	57	445	93	
3657	57	8	94	
3658	57	1148	95	
3659	49	149	46	17 
3660	57	1600	96	
3661	57	1722	97	
3662	57	983	98	
3663	57	1115	99	
3664	57	1535	100	
3665	84	1651	1	
3666	84	75	2	
3667	84	1755	3	
3668	84	809	4	
3669	84	155	5	
3670	84	1034	6	
3671	84	1001	7	
3672	84	1073	8	
3673	84	1888	9	
3674	84	1300	10	
3675	84	577	11	
3676	84	1116	12	
3677	84	1638	13	
3678	49	108	47	81 
3679	84	1202	14	
3680	49	1344	48	15 
3681	84	27	15	
3682	84	1560	16	
3683	84	1268	17	
3684	84	1780	18	
3685	84	1240	20	
3686	84	811	19	
3687	84	1361	21	
3688	84	1644	22	
3689	84	968	23	
3690	84	321	24	
3691	84	1941	25	
3692	84	39	26	
3693	91	261	19	59 65 
3694	49	541	49	44 
3695	84	955	27	
3696	84	60	28	
3697	84	1592	29	
3698	84	780	30	
3699	84	739	31	
3700	84	185	32	
3701	84	1276	33	
3702	84	618	34	
3703	84	1459	35	
3704	84	182	36	
3705	84	971	37	
3706	84	1814	38	
3707	84	1787	39	
3708	84	1874	40	
3709	84	1996	41	
3710	84	1600	42	
3711	84	662	43	
3712	49	1704	50	10 
3713	84	516	44	
3714	84	108	45	
3715	84	1927	46	
3716	84	63	47	
3717	84	110	48	
3718	84	599	49	
3719	84	1819	50	
3720	84	1001	51	
3721	84	1659	52	
3722	84	664	53	
3723	84	894	54	
3724	84	1165	55	
3725	84	1837	56	
3726	84	1799	57	
3727	49	360	51	25 
3728	84	249	58	
3729	84	1499	59	
3730	84	602	60	
3731	84	347	61	
3732	84	1474	62	
3733	84	1651	63	
3734	84	318	64	
3735	84	542	65	
3736	84	106	66	
3737	84	1692	67	
3738	84	1805	68	
3739	84	1530	69	
3740	84	1309	70	
3741	84	435	71	
3742	84	1674	72	
3743	84	971	73	
3744	84	363	74	
3745	84	96	75	
3746	84	444	76	
3747	84	1674	77	
3748	84	691	78	
3749	84	399	79	
3750	84	217	80	
3751	84	707	81	
3752	84	1303	82	
3753	84	643	83	
3754	84	121	84	
3755	84	1852	85	
3756	84	825	86	
3757	84	1704	87	
3758	84	1271	88	
3759	84	8	89	
3760	84	662	90	
3761	84	1048	91	
3762	84	1505	92	
3763	84	938	93	
3764	84	947	94	
3765	84	1908	95	
3766	84	1544	96	
3767	84	980	97	
3768	84	622	98	
3769	84	896	99	
3770	84	1163	100	
3771	65	1320	1	
3772	65	427	2	
3773	65	382	3	
3774	65	169	4	
3775	65	1283	5	
3776	65	378	6	
3777	65	110	7	
3778	65	1378	8	
3779	65	512	9	
3780	65	1045	10	
3781	65	632	11	
3782	65	1756	12	
3783	65	719	13	
3784	65	1712	14	
3785	65	1729	15	
3786	49	1893	52	45 
3787	65	1719	16	
3788	65	1421	17	
3789	65	1455	18	
3790	65	982	19	
3791	65	866	20	
3792	65	1038	21	
3793	65	1968	22	
3794	65	1692	23	
3795	65	1649	24	
3796	65	993	25	
3797	65	173	26	
3798	49	672	53	61 
3799	65	377	27	
3800	49	756	54	36 
3801	65	1653	28	
3802	65	718	29	
3803	65	1912	30	
3804	65	134	31	
3805	65	480	32	
3806	65	185	33	
3807	65	1503	34	
3808	65	155	35	
3809	49	812	55	98 
3810	65	1949	36	
3811	49	1272	56	15 
3812	65	1534	37	
3813	65	1100	38	
3814	65	573	39	
3815	65	1443	40	
3816	65	922	42	
3817	65	230	41	
3818	65	167	43	
3819	65	420	44	
3820	65	914	45	
3821	65	1968	46	
3822	65	461	47	
3823	65	296	48	
3824	65	1685	49	
3825	65	1531	50	
3826	65	1895	51	
3827	49	574	57	63 
3828	65	1958	52	
3829	65	1511	53	
3830	65	1340	54	
3831	65	438	55	
3832	65	116	56	
3833	65	1755	57	
3834	65	963	58	
3835	65	543	59	
3836	65	1434	60	
3837	91	587	20	34 74 
3838	65	809	61	
3839	65	1689	62	
3840	65	1485	63	
3841	65	986	64	
3842	65	537	65	
3843	65	1912	66	
3844	65	888	67	
3845	49	561	58	17 
3846	65	112	69	
3847	65	353	68	
3848	65	1667	70	
3849	65	813	71	
3850	65	687	72	
3851	65	475	73	
3852	65	1446	74	
3853	49	176	59	37 
3854	65	916	75	
3855	49	411	60	6 
3856	65	458	76	
3857	65	1073	77	
3858	65	482	78	
3859	65	1911	79	
3860	65	1318	80	
3861	65	802	81	
3862	65	438	82	
3863	65	235	83	
3864	65	543	84	
3865	65	509	85	
3866	65	325	86	
3867	65	469	87	
3868	65	1569	88	
3869	49	1455	61	1 
3870	65	1959	89	
3871	65	931	90	
3872	65	1861	91	
3873	49	148	62	70 
3874	49	1497	63	79 
3875	65	874	92	
3876	65	1550	93	
3877	65	1272	94	
3878	65	1636	95	
3879	65	1388	96	
3880	65	388	97	
3881	65	1998	98	
3882	49	1609	64	97 
3883	49	1397	65	42 
3884	65	1849	99	
3885	65	478	100	
3886	10	321	1	
3887	10	672	2	
3888	10	1506	3	
3889	10	1849	4	
3890	10	361	5	
3891	10	477	6	
3892	10	204	7	
3893	10	1061	8	
3894	10	120	9	
3895	10	326	10	
3896	10	1364	11	
3897	10	68	12	
3898	10	1280	13	
3899	10	1880	14	
3900	10	349	15	
3901	10	966	16	
3902	10	810	17	
3903	49	167	66	25 
3904	10	632	18	
3905	10	367	19	
3906	10	18	20	
3907	10	412	21	
3908	10	225	22	
3909	10	610	23	
3910	10	1541	24	
3911	10	1598	25	
3912	10	461	26	
3913	10	523	27	
3914	10	1982	28	
3915	10	1505	29	
3916	10	111	30	
3917	49	472	67	2 
3918	10	1115	31	
3919	10	1297	32	
3920	10	246	33	
3921	49	981	68	90 
3922	10	1753	34	
3923	10	1901	35	
3924	10	1947	36	
3925	49	1446	69	71 
3926	10	47	37	
3927	49	814	70	77 
3928	10	1206	38	
3929	49	1206	71	59 
3930	10	526	39	
3931	10	1303	40	
3932	49	1529	72	33 
3933	49	1300	73	4 
3934	10	1752	41	
3935	10	1982	42	
3936	10	810	43	
3937	10	924	44	
3938	10	285	45	
3939	91	1606	21	1 40 
3940	10	168	46	
3941	10	839	47	
3942	10	799	48	
3943	10	96	49	
3944	10	603	50	
3945	10	441	51	
3946	10	812	52	
3947	10	1466	53	
3948	49	1378	74	17 
3949	10	388	54	
3950	10	558	55	
3951	10	1688	56	
3952	10	1591	57	
3953	10	857	58	
3954	10	566	59	
3955	10	1688	60	
3956	10	1801	61	
3957	10	1911	62	
3958	10	81	63	
3959	10	1752	64	
3960	10	265	65	
3961	10	284	66	
3962	10	729	67	
3963	10	1998	68	
3964	10	1244	69	
3965	10	843	70	
3966	10	781	71	
3967	10	478	72	
3968	10	1793	73	
3969	10	1880	74	
3970	10	111	75	
3971	10	687	76	
3972	10	351	77	
3973	10	1250	78	
3974	10	265	79	
3975	49	509	75	92 
3976	10	558	80	
3977	10	1431	81	
3978	10	824	82	
3979	10	1061	83	
3980	10	546	84	
3981	10	473	85	
3982	10	1959	86	
3983	10	1632	87	
3984	10	1539	88	
3985	10	1801	89	
3986	10	1222	90	
3987	10	697	91	
3988	10	318	92	
3989	10	896	93	
3990	10	697	94	
3991	10	930	95	
3992	10	1846	96	
3993	10	744	97	
3994	49	477	76	12 
3995	10	707	98	
3996	10	21	99	
3997	49	1539	77	35 
3998	49	985	78	55 
3999	49	412	79	11 
4000	10	1846	100	
