Course	Room	Teacher	Time	Students
1	BYC127	1	1	1 976 1049 1166 
2	PK338	2	2	2 80 123 146 191 284 318 437 456 488 496 513 539 561 588 595 608 612 617 650 659 669 697 701 710 729 734 756 767 770 775 777 789 810 811 815 817 819 824 837 846 852 875 881 888 889 895 905 907 912 915 928 936 942 943 944 945 950 951 967 994 998 1007 1009 1010 1030 1041 1052 1054 1058 1064 1070 1078 1081 1084 1087 1094 1095 1106 1113 1115 1121 1122 1124 1133 1134 1146 1150 1152 
3	GOB	3	1	3 40 97 117 215 218 233 234 280 302 377 442 443 519 564 
4	PK338	4	9	4 36 208 267 269 513 539 548 549 569 596 633 635 646 650 669 692 693 697 734 759 863 898 921 929 942 954 956 961 977 1007 1011 1014 1018 1024 1025 1031 1032 1036 1038 1042 1055 1071 1084 1108 1111 1122 1124 1127 1128 1135 1153 1156 1165 
5	PK338	5	14	5 8 14 21 29 35 52 63 77 82 83 120 133 136 142 151 157 163 164 171 180 189 193 197 222 237 239 240 259 273 274 279 287 296 315 327 353 366 
6	DAL300	6	4	6 48 57 64 65 68 319 359 395 396 413 417 423 457 475 572 601 627 645 660 706 713 735 781 798 806 807 856 899 922 987 1034 
7	GOB	7	12	6 13 179 187 224 255 266 299 302 320 330 340 341 352 519 
8	PK338	8	7	7 10 19 40 242 401 428 473 476 521 523 527 542 556 610 619 674 678 680 695 697 702 704 711 714 718 722 723 732 734 736 737 745 751 765 784 806 808 809 822 830 859 860 867 880 889 894 947 954 988 998 1024 1035 1046 1057 1067 1070 1084 1087 
9	PK338	9	5	7 167 254 334 460 513 547 551 620 622 642 671 672 680 694 748 777 782 783 791 822 824 838 839 843 866 869 875 881 908 928 934 937 943 950 973 989 998 1004 1006 1007 1010 1018 1022 1030 1038 1041 1064 1069 1074 1077 1081 1094 1097 1099 1105 1116 1120 1121 1132 1150 1154 1158 1160 
10	PK338	10	15	7 10 19 41 66 110 115 131 195 203 277 318 389 390 405 416 431 449 477 495 498 500 501 503 533 567 588 688 705 709 714 731 779 804 841 876 1132 
11	PK243	11	15	8 39 59 82 111 158 543 652 
12	PK349	12	2	9 32 239 332 
13	BYC127	13	10	9 221 491 935 
14	PK338	14	10	10 19 175 255 360 410 416 419 454 456 504 511 520 523 556 562 573 592 598 670 674 701 705 709 711 718 723 731 732 751 779 784 804 806 808 809 826 830 841 853 860 861 868 876 880 886 917 972 1026 1054 1073 1136 1146 1157 
15	DAL25	15	11	11 
16	PK338	16	8	11 18 64 257 369 410 416 457 556 625 630 670 671 679 705 707 709 716 736 745 747 751 760 766 779 784 787 809 814 826 833 841 842 843 848 857 860 863 868 876 880 887 891 901 906 917 918 925 957 970 974 1016 1040 1042 1057 1100 1105 1111 1132 
17	PK349	17	4	12 140 610 771 783 895 
18	PK349	18	5	14 54 493 599 1048 
19	GOB	19	2	14 133 139 142 151 163 171 180 189 258 273 274 296 328 441 485 
20	DAL300	20	14	15 36 106 130 132 160 170 182 206 267 268 271 282 312 324 349 371 383 397 458 477 505 516 520 546 568 
21	EHLEC	21	1	15 36 129 138 145 160 176 206 267 268 297 349 
22	BYC127	21	11	15 254 297 546 
23	GOB	22	17	15 24 36 57 160 331 527 540 605 677 720 721 735 859 
24	PK243	23	17	16 178 217 228 293 294 310 339 
25	TH110	24	8	17 54 175 195 275 374 389 425 495 500 505 554 
26	DAL119	25	1	17 30 102 124 158 424 615 765 
27	DAL119	25	2	17 177 196 389 450 730 922 
28	PK180	26	7	18 249 256 314 347 367 369 372 377 453 481 525 534 629 744 833 848 901 920 
29	DAL300	27	7	20 27 88 127 215 238 285 413 439 538 583 618 627 644 651 673 724 743 755 760 773 795 798 813 827 912 993 1165 
30	EHLEC	28	17	20 27 280 301 392 435 439 576 583 623 
31	GOB	27	3	20 27 32 61 139 141 144 165 174 186 242 284 301 319 351 376 
32	PK180	20	10	20 36 43 132 134 142 170 268 442 461 568 668 681 733 740 743 748 859 
33	PK229	29	10	21 193 237 242 259 364 366 376 399 426 472 509 617 665 768 771 772 896 978 1164 
34	PK229	5	15	21 166 316 366 379 485 583 598 662 693 727 762 858 879 914 991 1002 1068 1164 
35	PK229	7	11	22 26 104 153 166 179 224 255 276 292 302 320 325 459 464 528 535 607 621 720 823 
36	DAL119	30	3	22 194 261 266 292 325 528 
37	GOB	31	6	22 76 108 122 143 148 194 196 289 387 428 505 553 571 573 
38	PK338	32	4	23 93 213 295 348 371 408 415 436 502 547 557 590 593 631 661 669 675 692 704 711 715 719 722 745 764 811 821 839 846 853 865 867 888 896 914 936 956 958 973 981 982 1009 1015 1029 1036 1039 1051 1055 1057 1058 1060 1066 1082 1083 1098 1100 1102 1111 1113 1118 1128 1130 1139 1145 1147 1151 1158 1161 
39	TH110	33	7	23 51 74 157 160 309 368 709 717 799 
40	PK229	34	16	24 64 107 531 561 611 625 648 660 676 739 750 761 763 771 783 844 849 905 
41	PK338	35	16	25 125 150 202 208 227 250 276 295 354 406 700 702 733 768 797 802 818 871 877 886 890 929 930 939 948 961 976 991 1001 1025 1026 1086 1093 1101 1158 1161 
42	TH110	36	9	25 181 244 407 465 683 790 885 1144 1149 
43	EHLEC	37	3	25 358 403 411 421 576 643 677 703 711 864 
44	TAYF	1	12	25 80 125 
45	PK229	38	12	26 103 104 157 321 536 550 596 611 635 691 706 929 940 1019 1027 1054 1065 1107 
46	PK229	15	4	26 62 129 166 226 265 266 278 393 398 492 553 648 678 698 738 850 863 872 1021 1092 1096 
47	BYC127	39	15	27 139 345 391 
48	TH110	40	10	28 271 303 403 407 434 440 493 613 757 834 919 
49	PK349	41	6	28 46 98 146 172 341 796 
50	CARP21	42	8	28 46 52 113 178 336 
51	DAL300	43	2	29 108 109 158 270 289 354 399 417 457 463 471 479 490 503 507 529 565 572 591 592 601 620 635 678 706 707 708 716 765 807 980 1037 1132 1136 
52	EHLEC	6	7	29 119 122 153 261 283 332 526 588 589 
53	PK180	44	8	30 68 245 270 277 354 422 423 428 430 473 503 507 591 599 624 687 706 
54	DAL300	45	17	31 43 220 278 402 514 611 634 638 649 684 724 741 795 816 904 932 984 987 1043 1065 1117 1119 
55	BYC127	46	3	318 455 
56	TH110	47	12	31 63 123 126 184 185 212 221 225 272 293 342 378 
57	PK338	48	3	31 103 190 215 307 374 390 430 443 501 551 557 565 572 581 594 629 642 651 684 694 700 719 720 729 736 751 757 774 775 784 786 787 792 795 797 809 811 816 821 824 829 839 841 842 851 860 861 874 875 889 901 917 920 922 926 927 928 933 934 943 947 948 959 962 968 991 1002 1004 1005 1006 1016 1017 1037 1047 1059 1074 1079 1080 1087 1097 1106 1109 1116 1119 1125 1146 1159 1162 
58	EHLEC	49	5	32 311 411 468 499 623 628 803 845 933 
59	PK243	40	2	33 59 84 130 132 167 170 231 345 
60	DAL300	50	9	33 144 161 216 251 288 363 384 402 420 425 478 496 510 568 634 667 696 834 840 873 889 953 972 983 993 1056 1162 
61	GOB	51	15	33 84 103 152 271 303 397 447 562 639 645 646 663 761 902 
62	TH110	52	1	33 59 130 132 170 231 312 356 412 421 434 613 639 663 
63	DAL119	53	4	34 72 175 188 201 203 210 512 
64	DAL119	54	5	34 56 78 328 378 913 987 
65	PK338	55	12	35 319 349 402 403 433 446 524 615 624 652 661 679 702 708 752 753 776 790 806 852 872 878 882 893 914 919 951 958 978 985 986 988 1033 1044 1064 1076 1102 1105 1113 1117 1140 1147 1150 1160 
66	PK338	56	11	35 52 111 126 167 184 185 204 211 240 281 293 342 343 362 373 402 437 441 451 462 465 469 481 482 489 501 506 579 609 638 650 652 676 752 758 759 763 772 776 791 815 902 903 905 1140 1142 
67	PK229	57	3	35 238 253 257 544 547 570 717 721 742 812 831 836 882 1012 1039 1045 1099 1108 1126 1127 
68	DAL300	58	5	37 76 108 143 270 394 422 430 487 503 565 571 573 615 624 629 636 641 716 722 739 757 785 786 800 807 808 815 842 849 896 
69	PK229	59	8	37 263 585 602 632 692 699 879 893 899 921 939 977 1005 1097 1115 1125 1139 1148 
70	PK338	60	1	38 263 295 513 550 551 596 599 612 669 682 686 689 690 691 692 693 694 695 696 697 698 699 700 701 702 734 767 770 775 777 787 789 797 801 805 816 819 821 824 831 834 835 836 844 845 846 847 852 853 862 866 871 873 875 878 881 882 884 887 888 889 890 893 907 908 926 927 928 929 931 932 934 935 936 937 938 939 940 941 942 943 944 945 946 947 948 949 950 
71	DAL300	61	3	38 399 412 585 657 767 853 862 902 904 923 938 941 965 974 989 1013 1015 1028 1029 1063 1068 1081 1083 1092 1093 1094 1103 1107 1112 1123 1137 1141 1148 
72	PK229	55	13	39 404 449 552 575 645 664 686 695 730 766 794 799 856 890 916 930 939 1030 1045 1096 
73	PK349	62	8	39 363 365 844 1114 
74	BYC127	63	4	39 92 308 482 
75	DAL25	64	7	41 348 
76	BYC127	65	2	42 56 223 681 818 
77	GOB	66	5	42 44 85 89 134 155 181 182 211 218 246 252 265 285 290 582 
78	PK349	67	7	42 73 213 232 250 762 828 
79	BYC127	49	6	42 127 445 463 474 
80	PK229	68	17	49 90 118 168 324 362 419 436 467 511 519 598 608 620 672 737 838 1163 
81	PK229	46	14	43 149 248 350 432 460 514 527 581 588 610 616 622 680 707 782 823 838 864 
82	PK180	69	1	44 89 181 191 361 392 440 515 541 668 681 738 755 810 850 872 1023 1050 1052 
83	TH110	70	11	44 147 155 181 218 246 265 285 393 537 544 850 
84	BYC127	71	5	70 191 192 335 
85	PK229	72	5	45 104 159 197 263 537 603 625 637 651 701 750 761 825 855 927 947 985 997 1000 1023 
86	GOB	51	16	47 106 118 168 236 271 318 457 460 461 492 586 664 679 782 
87	EHLEC	73	8	47 105 180 384 673 898 900 910 1090 
88	PK229	74	2	49 72 90 115 148 210 255 286 313 360 374 375 410 419 467 495 498 500 511 555 714 
89	BYC127	68	9	49 236 278 286 313 
90	BYC127	63	12	50 177 259 474 
91	EHLEC	75	9	51 55 73 121 152 253 264 282 300 381 521 
92	PK243	42	1	52 133 178 386 407 411 435 506 591 
93	PK243	54	6	53 62 154 213 304 322 378 490 741 
94	PK338	76	13	53 58 60 79 89 98 116 137 140 219 223 226 228 230 244 260 262 291 315 367 382 396 429 433 454 491 494 523 525 534 557 578 584 593 604 666 683 685 874 883 924 
95	DAL300	76	10	54 66 71 74 140 161 172 202 228 230 232 260 262 317 323 325 330 333 335 347 429 476 486 584 593 666 683 
96	TH110	9	3	55 112 187 306 382 405 429 431 449 469 518 522 575 616 
97	PK180	77	2	55 73 112 201 232 306 382 405 429 431 449 469 486 518 521 522 575 578 616 
98	DAL300	63	8	56 323 358 381 418 550 555 581 601 712 796 801 871 916 935 940 966 979 1003 1049 1066 1069 1108 1120 1133 1143 1151 1152 1165 
99	TH110	78	16	56 65 75 213 306 448 502 521 530 577 
100	TH110	79	2	57 78 111 376 413 421 538 559 626 658 663 726 866 1039 
101	PK338	80	17	58 66 74 100 135 151 159 202 205 219 223 226 262 276 291 315 317 323 325 333 347 360 367 383 427 454 470 476 486 491 521 525 534 574 578 593 924 
102	PK243	81	8	60 254 318 355 436 539 553 577 608 
103	PK349	46	10	60 254 412 421 553 618 663 
104	PK243	82	3	344 497 537 668 810 897 1052 
105	PK243	83	4	61 156 269 272 290 322 329 462 580 632 
106	TH110	27	17	62 128 171 273 274 446 472 536 636 662 766 1109 
107	GOB	84	7	62 141 235 301 320 351 409 464 466 516 648 739 778 849 892 
108	CARP21	64	6	63 161 346 353 509 
109	PK349	85	11	63 83 128 171 536 545 
110	PK349	86	9	64 258 657 665 952 1138 
111	EHLEC	87	2	65 220 448 494 502 530 577 597 609 802 874 
112	PK180	88	11	67 85 125 190 333 422 659 723 789 836 894 936 1001 1027 1061 1086 1099 1121 
113	PK180	60	14	68 173 392 492 647 674 710 721 760 778 780 832 882 904 1008 1101 1109 
114	PK349	13	12	68 71 76 137 199 339 
115	BYC127	50	16	69 634 667 1155 
116	BYC127	33	17	69 790 870 
117	TAYF	38	5	452 458 753 
118	PK243	89	9	74 357 579 647 700 775 944 996 1065 
119	PK349	90	13	75 171 357 400 672 
120	EHLEC	91	10	77 120 240 327 441 508 524 545 559 570 648 
121	TAYF	92	16	77 287 364 
122	PK180	93	3	78 105 133 157 250 316 355 398 461 478 510 823 857 884 905 971 1072 1078 
123	BYC127	94	13	78 363 516 724 763 
124	PK180	95	12	81 86 87 92 169 200 217 229 241 243 247 248 298 308 338 350 444 532 
125	PK229	3	9	81 86 92 93 94 117 127 169 200 215 217 229 234 235 241 243 247 248 281 298 308 350 
126	PK243	96	10	81 218 234 248 299 370 450 532 605 
127	TH110	47	15	204 240 281 342 419 489 769 788 813 960 
128	CARP21	97	9	85 361 395 438 440 497 
129	TAYF	98	14	87 168 200 
130	CARP21	39	11	88 165 295 516 642 868 
131	CARP21	86	12	88 186 439 600 628 
132	BYC127	99	7	354 796 1159 
133	PK180	100	13	90 132 149 156 203 298 361 371 397 458 459 477 520 522 554 562 721 865 
134	TAYC	26	16	91 154 
135	PK180	98	15	94 97 129 156 202 298 314 338 368 369 377 433 535 548 580 756 918 
136	DAL25	101	17	94 
137	TAYF	102	2	95 331 444 792 
138	TAYF	103	1	96 110 359 959 
139	CARP21	104	10	96 245 637 770 923 968 
140	TAYF	35	15	96 359 959 
141	TH110	26	13	206 300 358 369 398 481 837 849 872 911 
142	GOB	96	13	97 126 141 279 308 411 455 463 487 564 602 656 729 851 891 
143	DAL300	67	13	99 133 139 154 214 237 327 346 366 379 509 538 543 628 638 657 688 728 845 847 858 909 914 999 1063 1086 1107 
144	PK349	80	14	100 114 116 135 205 305 323 
145	TAYF	105	17	101 986 1088 
146	TAYC	67	2	101 125 385 
147	DAL119	38	6	101 303 676 742 754 791 961 1095 
148	DAL25	102	10	102 
149	CARP21	46	2	103 145 312 416 505 520 
150	GOB	84	8	106 166 177 179 238 330 459 464 508 519 535 621 633 753 823 827 
151	CARP21	83	14	107 426 478 587 682 1072 
152	TAYC	106	3	109 220 1142 
153	TAYF	107	3	110 359 
154	EHLEC	108	13	111 362 373 437 451 462 465 489 501 517 813 
155	PK180	109	16	112 201 210 232 382 405 429 431 449 469 486 490 518 522 575 578 616 
156	TAYC	110	14	112 148 
157	BYC127	88	8	114 380 547 714 
158	PK349	110	15	334 360 471 592 594 
159	DAL119	111	7	115 371 447 568 708 911 
160	TAYC	18	4	116 216 667 
161	DAL119	112	9	324 582 673 685 884 895 1167 
162	DAL25	15	8	118 
163	PK243	113	11	122 196 245 307 387 388 558 563 589 
164	TH110	114	14	122 235 443 509 537 679 725 803 927 1085 1124 
165	DAL119	115	8	123 212 225 272 342 362 472 813 
166	CARP21	116	17	124 656 828 923 
167	PK180	7	4	124 164 340 392 401 529 541 548 569 621 636 654 739 746 792 832 898 949 1106 1112 
168	EHLEC	117	11	127 222 239 287 337 408 540 856 949 
169	PK349	89	16	128 223 452 470 524 579 910 
170	PK243	118	12	130 167 231 303 345 356 465 749 
171	DAL25	28	13	134 
172	TAYC	55	5	440 580 
173	TH110	119	4	136 197 207 237 328 409 468 483 570 772 803 955 960 
174	DAL119	79	10	138 165 340 341 518 574 594 
175	DAL119	11	11	138 442 446 555 687 730 925 
176	PK229	120	6	140 188 260 351 361 372 376 442 528 544 689 691 733 743 760 768 785 805 846 866 892 949 
177	TAYC	121	6	874 
178	BYC127	122	14	144 165 351 642 971 
179	PK349	123	17	145 241 488 906 1118 
180	TAYC	42	7	150 564 742 
181	PK243	25	13	159 762 820 931 938 1022 1056 1155 
182	GOB	124	14	159 603 606 636 685 767 781 850 890 923 933 1033 1122 1128 1129 
183	PK338	100	6	160 286 316 400 447 454 461 477 514 527 538 546 551 556 572 574 586 591 596 599 619 646 655 658 672 677 695 735 736 757 801 817 818 835 842 867 878 898 915 946 966 968 969 992 1002 1011 1013 1017 1018 1024 1027 1035 1036 1037 1067 1071 1073 1104 1153 1154 1163 
184	TH110	125	5	162 174 220 418 840 871 945 1003 1020 1043 1089 1091 1126 
185	TH110	79	6	164 294 484 621 737 763 1025 1059 1083 1116 1131 1147 
186	TAYF	15	6	168 236 313 
187	GOB	105	4	169 366 419 451 566 646 649 788 822 823 852 996 
188	DAL25	116	3	177 311 
189	TAYF	126	4	178 293 294 310 
190	TAYF	82	7	182 184 274 489 
191	TAYC	69	10	183 776 
192	GOB	61	9	186 426 447 458 467 470 473 493 562 605 632 643 737 745 793 837 
193	PK243	37	5	188 930 931 964 994 1012 1044 1062 1139 1157 
194	TH224	127	6	
195	TAYC	110	12	195 425 594 
196	PK229	95	7	198 328 426 448 530 552 590 611 643 647 661 687 712 756 764 774 788 896 909 934 1098 1145 
197	DAL119	87	12	205 494 597 614 826 854 970 974 
198	DAL300	128	11	207 227 252 394 420 552 569 586 587 653 691 703 797 829 840 909 963 964 976 982 1031 1049 1063 1090 1096 
199	EHLEC	54	12	209 414 637 685 699 815 855 953 967 990 992 
200	PK243	129	14	211 337 387 437 506 557 761 
201	TAYF	64	9	212 279 304 769 
202	PK180	130	5	219 233 410 436 670 766 861 862 868 886 903 917 924 1016 1040 1042 1148 
203	PK243	131	16	219 517 559 604 606 619 899 909 997 
204	DAL25	54	1	225 790 
205	TAYC	102	9	227 504 561 
206	CARP21	120	13	339 913 
207	EHLEC	23	14	230 247 339 476 517 543 561 666 895 984 
208	TAYF	29	8	236 346 370 
209	PK180	132	17	246 249 377 433 453 500 533 629 747 756 803 833 848 901 918 920 
210	DAL300	41	15	257 479 542 550 633 649 653 665 675 698 747 759 887 900 915 975 979 1023 1050 1078 1088 1090 1091 1138 
211	DAL25	23	9	
212	DAL119	133	15	260 370 386 585 643 730 825 973 
213	PK243	23	7	263 317 496 545 632 807 903 1129 
214	TAYC	54	15	268 
215	DAL119	116	16	270 437 474 864 955 1020 1098 1130 
216	EHLEC	19	4	273 288 379 463 480 560 595 727 768 879 
217	TH224	116	4	281 
218	DAL25	55	14	290 
219	CARP21	127	1	291 299 346 781 1012 1059 
220	DAL300	134	12	294 497 582 586 618 668 693 725 799 836 862 863 897 903 925 941 946 963 981 982 1029 1045 1050 1075 1134 1165 
221	PK349	135	1	1014 1073 1093 1100 1113 
222	DAL25	64	16	304 
223	DAL119	136	13	309 717 718 719 764 804 830 897 
224	PK180	40	6	312 415 434 609 613 690 696 965 1044 1066 1089 1091 1162 
225	TH224	92	8	315 
226	EHLEC	137	15	357 725 832 957 1051 1060 1067 1070 1110 
227	TAYF	11	10	322 566 828 1053 
228	TAYC	138	17	326 365 
229	CARP21	99	15	330 335 396 494 604 746 
230	DAL300	43	1	336 379 470 560 666 745 747 748 774 788 800 865 869 879 894 900 920 967 977 997 1009 1015 1056 1072 1075 1110 1127 1134 1135 1159 
231	DAL300	122	16	345 414 415 420 435 439 600 605 628 673 684 724 755 773 814 827 887 912 937 954 990 995 1109 1144 1156 
232	DAL25	139	12	
233	CARP21	140	16	349 428 685 
234	TAYF	141	11	349 646 908 1040 
235	TAYC	33	13	368 518 
236	TH224	142	1	374 
237	PK349	110	3	375 432 456 467 498 511 707 
238	TAYC	138	8	690 1048 
239	DAL25	62	15	398 
240	DAL119	143	14	400 413 618 762 770 1133 
241	CARP21	134	3	404 743 825 955 1038 1135 
242	CARP21	144	4	404 542 567 665 932 969 988 
243	TAYF	106	13	412 421 749 885 
244	CARP21	96	5	415 435 576 590 600 752 794 
245	GOB	132	10	418 480 481 487 533 534 595 713 810 857 870 891 906 911 1102 
246	TAYC	18	1	418 840 995 999 
247	PK25	62	4	440 
248	EHLEC	72	16	459 526 607 640 644 725 738 753 798 
249	DAL300	34	6	460 682 727 819 828 881 907 908 932 935 940 944 952 960 971 980 995 996 1000 1010 1019 1040 1046 1053 1058 1069 1082 
250	PK180	145	9	472 492 531 590 610 641 664 686 719 771 782 818 822 930 1021 1076 1101 
251	EHLEC	77	6	507 787 812 888 1028 1042 1043 1055 1061 1141 
252	TAYC	99	11	507 812 832 
253	DAL25	38	2	510 793 
254	TH224	67	3	512 
255	CARP21	115	7	532 777 786 907 1051 1119 1151 
256	TH224	45	2	
257	TH224	142	5	581 
258	PK25	102	3	600 
259	GOB	96	11	603 657 735 867 877 883 899 956 962 1005 1080 1082 1103 1110 1123 1149 
260	DAL119	18	17	614 654 746 749 835 876 994 1075 
261	DAL25	122	4	664 671 902 
262	PK229	146	1	972 975 1003 1004 1006 1013 1026 1028 1055 1060 1061 1062 1074 1077 1104 1129 1137 1141 1145 
263	DAL25	147	5	728 918 
264	TH224	15	9	783 
265	TH224	148	7	
266	TH224	111	10	855 
267	TH224	62	11	983 
268	DAL25	149	6	1034 1112 
269	TH224	65	12	1095 
