Course	Room	Teacher	Time	Students
1	EHII	1	5	1 22 26 64 81 102 139 153 173 203 256 302 309 325 335 362 369 516 
2	PK25	2	2	1 22 26 36 41 45 50 54 57 64 66 73 77 81 102 139 145 153 156 173 193 196 202 203 256 260 266 282 302 309 335 341 356 364 369 373 
3	EHLEC	2	14	1 156 196 260 338 356 373 403 525 533 549 
4	EHII	3	16	1 22 36 250 271 313 321 370 413 760 792 827 860 886 1076 
5	CARP21	4	2	2 258 336 347 445 544 
6	TAYE	5	5	3 132 219 365 524 
7	EHII	6	4	4 210 379 409 484 649 690 708 751 800 869 1005 1040 1084 1091 1110 1113 
8	TAYG	7	9	4 572 785 
9	PK336	8	5	5 7 48 62 63 71 78 92 95 109 111 118 141 147 157 172 176 179 218 247 295 372 565 
10	EHLEC	9	15	5 30 125 168 184 195 249 340 388 407 620 
11	PK25	10	15	6 11 99 151 208 280 294 380 463 464 473 752 
12	PK336	11	15	7 48 92 104 109 118 154 193 218 253 293 414 423 509 521 564 565 671 
13	EHLEC	12	16	8 205 372 399 427 443 494 751 779 866 1071 
14	CARP21	13	3	8 46 65 157 237 292 
15	PK336	14	10	9 44 55 67 172 242 255 310 346 350 423 509 531 565 626 634 640 702 761 857 
16	TH110	15	15	9 44 75 234 235 247 308 366 427 453 472 546 578 
17	PK243	16	14	9 423 
18	TH110	17	16	10 172 198 304 305 456 485 506 520 537 671 797 
19	GOB	18	2	10 19 91 182 243 262 
20	CARP21	19	4	10 43 58 257 301 769 
21	PK336	20	12	10 16 43 51 58 115 137 148 158 181 185 239 257 267 273 275 288 301 361 994 
22	PK336	21	9	11 32 38 49 72 83 99 114 124 160 180 192 199 208 209 294 298 300 306 312 347 
23	PK336	22	6	12 47 61 68 151 165 194 200 202 240 264 303 304 316 342 375 402 406 416 448 479 513 543 
24	PK338	23	13	13 21 28 30 34 40 53 56 73 80 85 89 105 108 110 112 113 119 122 133 164 166 169 171 186 190 204 211 213 236 238 250 253 268 271 273 296 297 299 323 354 478 566 
25	TAYG	24	10	13 51 395 
26	BYC106	25	17	13 28 85 89 110 236 237 354 424 
27	PK338	26	4	14 141 146 154 332 334 345 394 410 471 481 494 500 517 532 539 569 578 583 585 594 624 632 635 638 657 661 674 695 703 715 737 742 755 764 765 771 779 788 823 825 827 830 848 853 859 862 867 874 880 882 893 902 903 905 953 956 963 964 1012 1018 1026 1030 1037 1074 1076 1093 1102 1116 
28	TAYG	27	11	15 94 515 806 
29	TH110	28	7	15 31 40 73 164 171 186 268 299 343 420 478 493 
30	PK180	29	7	16 69 239 267 292 359 464 567 
31	PK338	30	14	17 31 192 418 446 477 497 623 647 677 685 776 811 822 914 919 923 935 936 947 950 954 965 967 969 977 979 981 991 1025 1028 1041 1067 1073 1077 1082 1085 1087 1089 1090 1095 1101 1109 
32	CARP21	31	5	18 251 326 344 358 370 
33	PK338	32	15	18 38 83 114 135 160 180 209 212 220 226 248 258 272 298 329 348 358 360 386 390 391 412 436 439 452 461 469 471 481 486 499 501 505 523 524 538 547 570 738 744 830 
34	TAYE	33	6	18 121 152 214 346 
35	PK25	21	17	18 49 72 83 114 135 208 209 220 272 294 300 306 312 347 360 390 391 436 452 461 471 481 538 
36	PK25	34	3	19 232 427 527 528 582 600 601 626 665 675 688 692 711 746 760 774 778 791 807 812 813 839 899 937 948 957 960 980 1005 1043 1070 
37	TAYG	35	12	19 182 473 535 
38	PK180	36	8	19 91 422 506 511 529 535 662 
39	CARP21	37	6	20 81 84 216 526 546 
40	PK338	32	3	20 126 412 458 472 500 504 509 514 522 532 548 559 562 564 585 590 592 593 594 602 606 607 608 616 625 631 632 633 635 647 648 652 655 657 667 669 670 678 686 689 696 697 699 700 706 710 719 724 726 728 739 743 745 749 755 775 783 801 802 808 823 833 837 838 841 843 879 893 897 913 919 921 924 928 970 993 1023 1031 1035 1040 1051 1088 
41	EHII	38	9	21 24 34 80 112 133 169 271 299 301 317 363 400 411 653 675 994 
42	TH110	39	17	23 24 76 160 428 819 862 934 938 1017 1066 
43	EHLEC	40	7	24 76 94 211 230 247 367 376 525 786 
44	BYC106	41	16	25 142 159 163 263 278 352 
45	CARP21	42	7	26 429 453 516 545 915 
46	PK336	38	1	27 53 61 134 141 190 213 223 230 245 249 254 398 422 575 579 620 624 658 695 828 1074 
47	PK243	43	16	27 134 475 
48	PK336	44	13	27 70 84 93 104 153 184 233 286 308 334 408 424 588 720 866 997 1105 
49	PK336	25	16	28 53 72 77 122 146 169 230 231 296 354 388 398 440 444 468 646 991 
50	EHII	24	6	29 52 56 119 139 178 273 277 297 320 563 818 836 1029 
51	PK336	45	17	30 75 100 130 255 324 333 338 349 456 496 508 584 760 958 972 
52	EHLEC	46	8	30 98 127 282 303 403 674 682 790 849 860 989 
53	EHLEC	47	1	31 548 626 713 734 1033 
54	TAYG	48	13	31 411 647 854 
55	PK336	9	2	33 96 177 244 330 410 429 485 554 555 575 639 678 691 803 859 908 935 1043 1101 1104 
56	PK180	49	9	33 178 423 432 670 773 812 
57	EHLEC	50	17	33 92 94 325 353 372 673 724 795 1004 
58	TAYE	51	7	33 178 290 556 816 
59	PK180	52	10	34 222 223 658 687 750 812 1014 
60	CARP25	6	16	
61	PK243	53	17	35 140 651 
62	PK338	54	16	35 92 97 103 155 190 248 281 373 419 442 486 551 558 560 580 637 656 658 672 704 713 796 825 841 845 907 920 930 937 963 1017 1018 1058 1061 1062 1077 1082 1100 1122 
63	GOB	55	3	36 41 64 77 200 309 525 
64	TAYG	56	14	37 191 265 351 
65	PK336	57	7	38 90 127 254 283 512 604 623 651 677 757 784 792 794 814 819 864 877 1015 1050 1094 
66	GOB	58	4	38 203 256 373 403 430 457 
67	PK338	59	5	39 148 163 244 245 333 406 436 457 465 470 479 483 485 486 491 504 548 554 638 643 657 688 696 697 698 706 730 733 742 743 757 767 768 771 774 792 799 811 820 841 867 900 907 946 952 954 957 964 988 1004 1008 1024 1030 1052 1064 1065 1067 1072 1096 1098 1100 1106 1107 
68	CARP21	60	8	39 142 159 163 177 280 
69	GOB	49	5	41 66 123 376 482 519 574 
70	TAYG	61	15	43 181 315 701 
71	TAYG	62	16	43 115 133 148 
72	GOB	53	6	44 71 191 345 521 550 
73	TAYE	15	8	45 118 130 192 
74	PK336	63	11	45 55 90 126 162 217 242 431 437 448 453 481 500 523 538 558 563 682 696 747 758 
75	EHII	64	10	45 202 203 252 330 377 396 451 513 595 667 715 738 926 980 
76	EHLEC	65	9	45 123 140 235 282 460 583 611 612 623 917 941 
77	TH110	34	4	46 66 69 80 86 120 129 137 215 259 266 279 316 353 542 
78	CARP21	66	9	46 61 204 289 291 557 
79	EHII	67	11	47 67 107 121 143 144 167 171 225 241 264 323 342 375 387 416 561 
80	CARP25	68	1	48 78 161 
81	TAYB	46	1	519 
82	TAYE	69	9	266 686 787 837 
83	TAYE	70	10	49 117 542 
84	PK180	71	11	51 183 318 460 585 676 707 
85	PK180	39	12	61 65 285 297 433 
86	PK336	72	3	52 223 231 276 287 311 317 328 343 363 401 417 428 444 474 493 502 563 579 659 660 666 861 
87	PK25	67	1	52 82 85 87 136 158 167 194 226 308 314 321 370 378 384 397 406 415 447 454 495 503 527 537 540 569 633 659 688 711 728 774 785 840 847 863 1096 
88	TAYG	6	17	52 120 322 449 
89	TH110	73	8	53 238 254 401 528 601 624 793 850 937 1021 1034 
90	GOB	74	7	55 81 224 308 332 448 
91	EHII	75	1	56 155 343 381 420 541 589 691 866 969 1002 1059 1060 1097 
92	GOB	39	8	56 60 211 275 288 457 464 
93	PK336	1	4	56 251 419 460 498 507 513 566 576 582 587 636 697 723 725 731 736 738 766 804 815 858 
94	PK180	76	13	57 142 288 393 546 597 1060 
95	EHLEC	29	2	58 128 708 776 794 850 882 888 891 933 1005 1014 1016 
96	EHII	77	17	58 63 264 279 327 410 435 458 477 528 653 722 776 778 994 
97	PK180	62	1	58 148 166 279 507 678 680 693 947 
98	TAYB	78	11	59 
99	CARP21	78	10	59 106 131 705 713 721 
100	TAYB	76	2	59 437 
101	GOB	5	9	59 514 524 562 645 669 710 
102	CARP25	16	2	60 292 400 
103	CARP25	79	3	60 246 321 
104	PK180	12	2	62 78 154 317 331 745 762 
105	PK243	80	1	62 453 640 787 
106	EHLEC	81	10	62 520 577 602 604 611 781 832 911 918 936 985 
107	PK25	82	12	63 69 101 382 483 547 556 600 614 615 618 637 645 660 673 743 754 756 770 777 786 800 840 843 861 1056 1091 
108	PK338	83	17	64 286 398 441 455 488 500 504 526 560 573 607 608 616 617 621 648 657 697 706 719 725 733 743 749 757 758 764 771 783 801 802 833 841 893 993 999 1035 1089 
109	TAYB	84	13	65 
110	GOB	85	10	65 79 286 575 621 732 
111	PK180	86	14	66 77 193 210 252 327 364 456 
112	BYC106	11	8	67 135 136 168 172 195 253 346 521 564 
113	TAYE	84	11	69 80 215 234 259 
114	PK243	87	2	70 199 
115	EHII	88	7	71 89 109 154 238 264 293 300 303 304 320 470 632 635 687 822 
116	CARP21	89	11	71 330 750 803 853 
117	BYC106	17	9	71 95 104 111 122 147 295 456 509 535 
118	TH110	31	3	72 221 425 497 547 566 583 663 731 741 806 863 
119	PK25	90	6	74 118 252 283 394 400 520 595 611 612 629 637 652 663 683 687 754 772 798 804 823 846 859 861 864 874 990 1001 1053 1073 1075 1113 
120	CARP21	91	12	74 97 161 445 465 
121	PK338	92	2	74 94 122 161 168 175 189 414 425 434 443 482 503 528 530 541 545 556 598 600 611 613 620 622 644 660 675 681 693 705 716 740 746 768 769 777 778 779 789 800 805 806 809 810 846 851 856 867 872 884 889 890 898 900 902 909 910 911 914 916 923 932 939 942 948 950 951 959 964 967 968 969 971 972 973 980 985 992 997 998 1002 1003 1004 1009 1010 1013 1019 1024 1025 1026 1027 1029 1041 1045 1046 1049 1053 1055 1056 1060 1064 1065 1067 1072 1080 1083 1084 1092 1098 1102 1106 1107 1108 1110 1111 1114 1117 1118 1119 
122	PK25	59	14	75 86 130 224 234 261 281 299 324 332 337 366 398 441 448 459 472 488 510 526 617 644 670 672 689 1022 
123	EHII	93	12	75 217 317 392 467 543 686 739 834 842 889 895 899 928 986 1039 1111 
124	TAYB	48	3	76 119 
125	BYC106	94	10	76 125 184 188 191 340 557 709 764 
126	EHII	79	2	79 82 140 201 270 290 318 460 531 581 651 677 694 707 717 741 748 759 820 
127	TH110	70	1	79 229 259 305 312 348 404 438 469 477 497 568 686 738 808 837 
128	BYC106	95	11	82 212 344 719 928 950 1054 1079 1095 1115 
129	TH110	56	5	82 432 608 722 793 842 879 881 889 890 894 908 989 1055 1105 
130	PK25	96	8	84 86 234 530 573 590 593 616 681 716 745 749 751 801 802 873 893 913 945 961 982 1000 1010 1046 1051 1088 1090 1093 1114 
131	TAYB	53	4	87 527 
132	EHLEC	97	3	87 197 207 256 261 322 339 413 551 578 698 848 
133	EHLEC	98	11	88 128 140 150 201 270 277 307 313 315 361 701 
134	PK180	99	15	90 97 101 161 182 216 228 
135	BYC106	100	12	91 100 179 250 385 469 698 749 826 
136	TAYE	79	12	93 338 709 
137	PK180	55	16	93 272 327 478 507 576 839 858 
138	CARP25	55	4	93 480 
139	CARP21	101	13	95 148 167 512 559 857 
140	TAYE	102	13	724 
141	PK25	103	5	96 241 291 303 304 349 375 387 397 407 409 447 449 454 488 503 537 550 603 618 641 653 740 756 777 826 847 856 1042 
142	TH110	50	9	96 290 515 629 814 821 872 1006 1063 1064 1108 1110 
143	BYC106	104	1	96 174 176 198 217 220 268 331 372 480 
144	TAYB	105	5	97 
145	GOB	106	11	98 378 420 487 571 680 
146	TAYE	2	15	98 420 695 
147	BYC106	18	13	99 128 511 529 580 628 662 665 853 1087 
148	EHLEC	107	4	99 218 355 502 529 572 619 622 644 663 679 920 960 
149	PK338	108	9	100 134 149 153 232 240 288 356 394 412 434 446 517 534 654 655 672 683 752 765 767 857 896 906 912 931 938 943 945 954 973 978 987 990 992 1007 1010 1021 1028 1033 1076 1078 1081 1096 1101 1104 1107 1120 
150	PK243	80	3	101 242 289 310 
151	PK338	33	10	103 111 165 225 241 249 316 357 376 462 498 518 523 559 618 625 633 652 655 695 699 700 722 733 766 775 785 855 868 875 883 886 919 922 933 988 1007 1023 1026 1030 1037 1038 1040 1070 1086 1108 1114 1121 
152	GOB	89	12	104 111 163 188 313 470 764 
153	TH110	109	6	105 225 349 383 399 409 454 457 492 540 828 878 
154	TAYE	110	14	106 131 232 705 713 
155	TAYB	78	6	106 131 
156	TAYB	29	14	107 
157	EHII	111	8	107 149 194 240 406 589 620 643 796 828 831 871 1095 1096 
158	BYC106	112	2	108 232 712 870 907 940 943 983 1112 
159	PK180	16	3	114 137 281 395 447 496 506 561 
160	EHII	113	13	115 473 605 619 671 710 785 829 864 881 910 934 947 961 975 1042 1113 
161	PK243	78	4	116 155 209 319 
162	CARP25	113	5	117 396 701 
163	CARP21	47	14	120 124 144 206 314 
164	TH110	69	10	121 173 180 227 298 302 305 306 360 434 458 461 497 568 
165	CARP25	114	6	123 496 
166	TH110	115	2	126 263 269 367 374 380 430 439 442 487 489 499 524 558 696 1023 
167	EHII	115	14	126 263 269 278 367 374 380 430 439 442 466 487 489 499 558 1023 
168	CARP21	3	15	127 197 207 339 835 
169	PK25	116	16	128 622 634 642 674 677 684 707 715 724 741 748 759 786 788 791 794 820 844 960 1009 1027 1049 1123 
170	PK25	73	7	129 134 141 276 295 301 328 400 417 424 436 479 502 510 541 566 588 593 615 629 654 660 665 668 734 753 782 796 813 994 1045 1090 
171	BYC106	117	3	129 389 437 483 580 630 684 766 1052 1069 
172	PK25	8	4	130 384 405 418 426 441 459 466 490 554 586 639 640 662 677 699 761 818 831 832 839 857 897 913 921 930 946 977 987 996 1013 1051 1052 1070 1112 
173	BYC106	66	4	133 230 435 535 718 789 892 918 1062 
174	PK243	118	5	137 152 316 353 
175	TAYB	79	15	138 
176	TAYE	48	16	139 178 297 342 363 
177	PK336	119	8	143 202 261 328 383 393 399 472 491 526 539 550 561 638 685 776 777 840 970 1068 1071 1082 
178	PK25	64	11	145 229 327 350 438 514 565 582 729 737 805 873 885 904 924 939 940 942 949 961 974 1039 1047 1048 1058 1073 1078 1118 
179	PK338	120	8	146 244 334 384 405 443 446 467 522 532 536 571 577 584 594 621 627 631 634 659 673 690 702 703 708 712 715 723 727 728 731 735 741 742 755 756 759 780 782 783 791 800 803 844 847 848 852 858 859 
180	PK180	121	4	147 577 647 753 807 822 834 878 979 
181	BYC106	114	14	147 429 540 638 759 852 863 892 1115 
182	TAYE	105	17	162 243 536 865 
183	TAYB	91	16	162 
184	TAYG	20	1	257 395 654 
185	BYC106	94	5	170 538 584 655 666 704 895 953 1028 1044 
186	CARP25	48	7	173 381 506 
187	PK25	122	9	174 296 498 501 567 603 607 613 769 789 810 871 895 900 932 959 997 1016 1020 1038 1046 1059 1061 1083 1097 1099 1125 
188	PK180	123	5	174 183 237 531 587 707 714 794 
189	CARP25	16	8	175 816 1039 
190	CARP25	49	10	175 480 816 
191	PK180	124	6	177 219 393 415 487 489 584 645 710 
192	CARP25	108	11	178 394 496 
193	PK336	45	14	183 231 315 376 424 556 571 579 665 666 680 692 703 795 827 845 850 940 1122 
194	CARP21	79	16	183 341 361 476 531 
195	TAYB	79	7	185 456 
196	CARP21	99	17	186 215 310 418 505 661 
197	PK243	51	6	186 403 430 549 
198	GOB	57	13	187 329 336 347 445 544 591 
199	TAYE	125	1	187 329 336 347 445 544 
200	GOB	126	14	188 330 396 451 574 709 807 
201	TAYG	114	2	191 557 573 628 1071 
202	PK25	127	10	196 358 405 492 664 673 679 680 772 795 797 808 809 869 901 917 946 971 976 978 986 1008 1021 1068 1084 1106 1119 1120 1122 
203	PK243	3	7	197 495 835 
204	PK180	112	17	198 553 681 705 826 870 898 931 
205	PK338	119	12	205 221 240 311 363 560 569 577 597 636 668 721 726 781 793 803 819 836 849 863 869 870 903 905 909 914 923 925 929 941 951 955 956 974 981 991 995 1041 1043 1055 1074 1085 1103 1119 1123 
206	TAYG	128	3	205 235 319 588 614 
207	TAYG	102	4	207 374 613 802 1098 
208	PK338	123	7	210 490 521 530 670 682 704 706 716 729 767 768 790 824 831 868 873 884 885 887 891 904 906 909 924 939 949 951 952 958 982 984 990 995 996 1000 1017 1022 1027 1029 1034 1036 1044 1058 1062 1065 1072 1075 1079 1100 1111 1118 1123 
209	EHII	129	15	211 252 354 438 451 468 507 517 519 587 703 714 725 731 755 804 860 
210	TH110	30	11	222 284 382 385 395 428 576 672 689 725 769 851 
211	CARP25	110	9	224 662 866 
212	EHLEC	81	12	224 381 422 504 598 599 727 866 917 
213	CARP25	70	12	228 283 552 
214	EHLEC	62	13	435 502 567 650 679 874 948 1099 
215	TH110	60	12	248 278 367 374 380 430 439 459 466 487 499 558 570 1023 
216	BYC106	69	6	251 298 306 326 348 362 371 469 542 552 
217	PK243	130	8	552 851 976 
218	TAYB	131	17	258 
219	GOB	44	15	265 344 385 421 458 537 1003 
220	TAYB	132	8	269 489 
221	EHII	123	3	269 508 609 612 664 730 750 753 922 926 966 998 1057 1066 1117 
222	PK338	133	6	274 333 421 470 485 494 508 555 559 594 602 609 627 644 682 689 699 722 730 737 751 760 774 779 817 824 832 871 876 882 883 884 890 911 912 915 918 927 959 966 970 982 983 984 986 996 998 1003 1006 1012 1013 1020 1022 1025 1034 1036 1038 1047 1080 1095 1099 1102 
223	PK338	134	1	274 426 440 490 518 530 596 597 598 599 600 601 602 603 604 605 606 607 608 609 610 613 642 700 704 716 729 746 750 765 767 768 772 778 781 789 790 793 798 805 807 809 810 811 815 817 818 819 821 824 825 829 830 831 832 833 836 842 854 855 862 864 865 867 868 869 870 871 872 873 874 875 876 877 878 879 880 881 882 883 884 885 886 887 888 889 890 891 892 894 895 896 897 898 899 900 901 902 903 904 905 906 907 908 909 910 911 912 913 914 915 916 918 919 920 921 922 923 924 
224	TH110	97	13	274 413 551 674 797 821 827 838 849 860 891 1045 1091 
225	TAYF	46	2	277 
226	TAYE	135	2	280 411 1079 
227	GOB	76	16	280 360 439 452 505 522 544 
228	TAYG	44	5	286 744 763 850 
229	TAYF	123	1	292 
230	CARP25	112	13	295 721 798 
231	GOB	130	1	307 402 552 557 932 1079 
232	TAYG	61	6	315 581 585 694 773 
233	CARP25	107	14	318 630 853 
234	TAYF	113	3	324 
235	PK243	55	9	343 383 493 910 
236	TAYG	114	7	351 474 
237	TAYE	82	3	353 615 708 844 903 1056 
238	CARP25	63	15	365 450 476 
239	GOB	75	17	368 721 806 834 929 1081 1094 
240	TAYF	55	5	377 
241	BYC106	136	15	378 418 422 511 580 628 679 727 936 1031 
242	PK243	39	10	381 666 965 1124 
243	PK25	118	13	387 549 555 596 622 649 681 700 748 784 875 892 904 921 930 944 958 968 985 1001 1011 1014 1015 1024 1035 1049 1103 
244	PK243	84	12	409 651 676 684 
245	EHLEC	137	5	426 547 626 630 727 865 877 965 977 981 1048 1050 1112 
246	CARP21	49	1	462 583 744 963 1085 
247	TAYF	12	4	505 
248	TAYB	88	9	512 
249	TAYG	104	8	515 726 820 973 
250	PK338	138	11	518 573 596 603 604 609 748 787 817 821 824 829 854 855 868 881 883 887 888 894 896 901 908 912 922 926 944 945 952 962 983 984 989 999 1000 1006 1008 1011 1020 1037 1087 1089 1093 1105 1109 1116 
251	BYC106	139	7	526 818 855 901 989 1004 1011 1032 1040 1114 
252	PK243	140	11	591 653 717 
253	PK243	85	13	575 595 858 
254	TAYB	76	10	591 792 
255	PK243	126	15	597 636 639 661 
256	TH110	133	14	606 610 700 732 809 830 879 881 894 946 1011 1032 1086 1116 
257	EHLEC	141	6	617 628 636 639 669 888 974 999 1007 1031 1069 
258	TAYE	43	4	621 627 899 942 949 
259	TAYF	113	6	650 
260	TAYF	89	7	764 
261	TAYF	125	8	
262	TAYB	27	12	968 
263	CARP25	116	17	988 1044 1083 
264	TAYF	18	9	1001 
265	TAYF	142	10	1016 
